Day	Susceptible-LB	Susceptible-UB	Exposed-LB	Exposed-UB	Current Detected Mild Infections-LB	Current Detected Mild Infections-UB	Current Undetected Mild Infections-LB	Current Undetected Mild Infections-UB	Current Hospitalizations-LB	Current Hospitalizations-UB	Current ICU patients-LB	Current ICU patients-UB	ventilators-LB	ventilators-UB	Recovered-LB	Recovered-UB	Deaths-LB	Deaths-UB	new infections today-LB	new infections today-UB	total number of infections-LB	total number of infections-UB	Confirmed total number of infections-LB	Confirmed total number of infections-UB	
0	8.39872e+006	8.39872e+006	16	16	0	0	0	0	0	0	0	0	0	0	0	0	0	0	0	0	16	16	0	0	
1	8.39856e+006	8.39856e+006	176	176	0	0	0	0	0	0	0	0	0	0	0	0	0	0	160	160	176	176	0	0	
2	8.3984e+006	8.3984e+006	336	336	0	0	0	0	0	0	0	0	0	0	0	0	0	0	160	160	336	336	0	0	
3	8.39822e+006	8.39822e+006	512	512	0	0	0	0	0	0	0	0	0	0	0	0	0	0	176	176	512	512	0	0	
4	8.3979e+006	8.39792e+006	798	825	16	16	0	0	0	0	0	0	0	0	0	0	0	0	302	329	814	841	16	16	
5	8.39744e+006	8.39749e+006	1074	1123	131	140	36	45	0	0	0	0	0	0	0	0	0	0	428	466	1250	1299	131	140	
6	8.39684e+006	8.39691e+006	1486	1565	251	262	74	85	0	0	0	0	0	0	0	0	0	0	564	611	1822	1901	251	262	
7	8.39596e+006	8.39608e+006	2143	2264	381	396	116	131	0	0	0	0	0	0	0	0	0	0	821	887	2655	2776	381	396	
8	8.3947e+006	8.39489e+006	3029	3197	609	642	192	212	0	0	0	0	0	0	0	0	0	0	1180	1270	3849	4032	612	639	
9	8.39311e+006	8.39336e+006	4117	4337	936	991	299	323	0	0	0	0	0	0	0	0	0	0	1513	1609	5374	5629	942	985	
10	8.39109e+006	8.39143e+006	5473	5753	1346	1432	440	473	0	0	0	0	0	0	16	16	0	0	1915	2031	7304	7645	1374	1437	
11	8.38854e+006	8.38902e+006	7053	7427	1854	1983	599	644	27	35	0	0	0	0	141	149	0	0	2401	2563	9716	10196	2014	2108	
12	8.38562e+006	8.38624e+006	8636	9092	2617	2811	858	922	56	67	0	0	0	0	269	280	0	0	2767	2930	12494	13114	2909	3047	
13	8.38237e+006	8.38313e+006	10220	10747	3625	3892	1193	1270	88	101	0	0	0	0	411	424	0	0	3093	3269	15605	16366	4061	4256	
14	8.37898e+006	8.37991e+006	11518	12119	4839	5181	1586	1688	144	163	0	0	0	0	660	688	0	0	3212	3403	18829	19756	5532	5793	
15	8.37579e+006	8.37688e+006	12133	12759	6291	6758	2091	2223	233	255	0	0	0	0	1007	1053	0	0	3017	3201	21858	22946	7353	7716	
16	8.37312e+006	8.37433e+006	11904	12517	7925	8505	2648	2807	343	371	0	0	0	0	1471	1538	0	0	2537	2688	24411	25619	9455	9927	
17	8.36997e+006	8.37134e+006	11778	12406	9592	10271	3247	3429	478	512	15	19	14	17	2152	2255	0	0	2972	3153	27392	28762	11811	12396	
18	8.36643e+006	8.36797e+006	11925	12565	11096	11887	3759	3963	675	722	25	30	19	22	3135	3293	0	0	3363	3559	30766	32310	14292	15003	
19	8.36268e+006	8.3644e+006	12469	13126	12196	13082	4143	4380	944	1005	33	40	23	27	4384	4597	0	0	3564	3758	34341	36058	16636	17459	
20	8.35878e+006	8.3607e+006	13615	14346	12641	13557	4319	4564	1268	1340	50	59	31	37	5970	6261	0	0	3684	3908	38037	39954	18619	19532	
21	8.35464e+006	8.35676e+006	14576	15347	13064	14007	4465	4707	1647	1740	74	85	43	50	7978	8387	0	0	3928	4158	41978	44098	20952	21999	
22	8.35032e+006	8.35266e+006	15300	16122	13504	14484	4618	4862	2069	2186	107	121	58	68	10298	10827	0	0	4091	4331	46079	48419	23595	24788	
23	8.34586e+006	8.3484e+006	15981	16838	13848	14861	4731	4988	2522	2662	152	169	77	89	12913	13553	0	0	4242	4477	50336	52881	26407	27740	
24	8.34127e+006	8.34404e+006	16643	17530	14198	15249	4844	5114	2922	3089	219	241	109	123	15667	16446	0	0	4348	4598	54695	57469	29340	30831	
25	8.33644e+006	8.33945e+006	17291	18212	14883	15981	5067	5341	3215	3398	308	335	148	166	18313	19234	0	0	4577	4839	59284	62296	32444	34095	
26	8.33147e+006	8.33472e+006	17922	18864	16070	17264	5417	5718	3332	3529	417	447	195	217	20642	21663	0	0	4721	4983	64019	67265	35669	37488	
27	8.32613e+006	8.32962e+006	18767	19745	17017	18256	5740	6050	3438	3640	539	576	243	269	23384	24549	13	16	5086	5359	69118	72611	38991	40978	
28	8.32053e+006	8.3243e+006	19730	20753	17737	19044	5988	6319	3557	3771	687	734	312	343	26485	27806	17	20	5310	5608	74439	78208	42415	44581	
29	8.31471e+006	8.31877e+006	20670	21746	18522	19897	6210	6554	3632	3855	849	905	384	419	29819	31297	19	22	5515	5835	79971	84026	46040	48396	
30	8.30866e+006	8.31301e+006	21690	22824	19292	20703	6474	6825	3709	3941	1020	1086	464	504	33265	34922	21	26	5744	6058	85725	90073	49762	52306	
31	8.30236e+006	8.30699e+006	22618	23779	20161	21614	6761	7115	3893	4138	1161	1240	529	574	36875	38711	26	32	6012	6316	91749	96377	53791	56538	
32	8.29576e+006	8.30071e+006	23577	24779	21035	22544	7106	7464	4209	4466	1276	1361	584	630	40538	42573	34	42	6270	6607	98031	102972	57970	60941	
33	8.28885e+006	8.29412e+006	24637	25877	21976	23569	7425	7809	4483	4740	1397	1494	646	697	44390	46617	44	53	6574	6933	104620	109891	62318	65509	
34	8.28169e+006	8.2873e+006	25697	26992	23047	24707	7743	8138	4674	4936	1511	1619	702	760	48426	50866	61	72	6804	7173	111438	117049	66874	70295	
35	8.27421e+006	8.28017e+006	26804	28160	24114	25813	8107	8513	4867	5131	1624	1737	756	816	52684	55358	83	95	7113	7491	118567	124523	71616	75259	
36	8.26634e+006	8.27268e+006	28005	29436	25251	27032	8503	8933	5080	5357	1718	1837	804	866	57085	59977	108	122	7471	7883	126053	132392	76554	80436	
37	8.25812e+006	8.26484e+006	29257	30746	26350	28217	8880	9335	5312	5589	1811	1935	853	917	61823	64954	144	161	7825	8244	133895	140618	81748	85886	
38	8.2495e+006	8.25665e+006	30625	32206	27451	29394	9257	9738	5537	5828	1875	2004	881	947	66814	70202	183	204	8174	8631	142082	149236	87106	91509	
39	8.24053e+006	8.24811e+006	32042	33703	28662	30659	9637	10136	5771	6079	1941	2072	913	980	72006	75655	225	247	8533	8985	150629	158207	92731	97403	
40	8.23585e+006	8.24366e+006	29004	30507	29917	32013	10094	10623	6049	6369	1989	2126	931	1001	77387	81312	271	295	4430	4690	155072	162884	98616	103582	
41	8.231e+006	8.23905e+006	25777	27138	31253	33460	10554	11120	6327	6658	2074	2209	969	1042	83011	87199	311	338	4604	4870	159690	167739	104786	110048	
42	8.22591e+006	8.23419e+006	22446	23609	33106	35428	10608	11173	6647	6999	2188	2330	1019	1096	88822	93294	347	375	4843	5101	164544	172828	111637	117269	
43	8.22095e+006	8.22947e+006	18619	19593	35006	37425	10662	11232	6915	7285	2306	2455	1067	1145	94982	99759	389	421	4707	4968	169265	177782	118802	124787	
44	8.21621e+006	8.22497e+006	18675	19663	33492	35797	9825	10354	7203	7584	2428	2579	1120	1195	101351	106447	429	466	4487	4759	173767	182527	122684	128876	
45	8.2116e+006	8.22057e+006	18456	19420	31865	34058	8963	9453	7517	7899	2531	2688	1173	1253	108008	113441	482	523	4384	4628	178167	187138	126735	133127	
46	8.20724e+006	8.21642e+006	17753	18686	30163	32191	8071	8502	7834	8232	2660	2826	1234	1317	114992	120783	536	582	4137	4371	182318	191494	130955	137555	
47	8.20313e+006	8.21249e+006	16963	17843	28083	29962	7055	7434	8182	8603	2758	2928	1272	1357	122328	128475	595	644	3915	4126	186245	195608	135090	141901	
48	8.19932e+006	8.20886e+006	16096	16902	25156	26845	6317	6658	8529	8973	2897	3071	1333	1418	129969	136519	653	707	3622	3817	189879	199412	139008	146039	
49	8.19589e+006	8.20557e+006	14977	15730	21872	23342	5477	5778	8931	9405	3030	3210	1395	1484	137921	144857	711	769	3265	3455	193162	202850	142886	150108	
50	8.19284e+006	8.20266e+006	13734	14424	21639	23082	5420	5716	8459	8922	3167	3352	1465	1557	142642	149816	769	830	2895	3063	196072	205898	146374	153774	
51	8.18985e+006	8.19981e+006	12656	13302	21081	22469	5296	5578	7963	8421	3333	3517	1545	1639	147529	154939	830	896	2839	3003	198923	208888	149690	157246	
52	8.18697e+006	8.19707e+006	11763	12373	20104	21428	5057	5329	7479	7914	3478	3664	1603	1700	152657	160317	896	968	2730	2886	201665	211762	152773	160472	
53	8.18426e+006	8.19449e+006	11066	11649	18972	20217	4760	5016	6877	7278	3620	3809	1672	1770	157768	165690	964	1040	2570	2730	204249	214478	155591	163430	
54	8.18169e+006	8.19205e+006	10597	11164	17715	18851	4438	4672	6161	6519	3782	3982	1747	1850	162750	170946	1038	1116	2427	2577	206688	217043	158096	166056	
55	8.17927e+006	8.18973e+006	10065	10593	16476	17536	4137	4358	5337	5649	3967	4178	1824	1934	167715	176151	1112	1196	2307	2432	209006	219462	160554	168631	
56	8.17702e+006	8.18758e+006	9470	9977	15348	16343	3855	4070	5300	5592	3883	4091	1782	1890	171901	180564	1197	1285	2136	2269	211155	221720	162906	171090	
57	8.1749e+006	8.18556e+006	8902	9378	14294	15236	3574	3770	5157	5426	3813	4017	1748	1853	175968	184842	1270	1361	2003	2130	213172	223835	165137	173435	
58	8.17294e+006	8.18369e+006	8341	8776	13357	14250	3322	3509	4912	5168	3723	3925	1715	1817	179849	188901	1359	1453	1863	1977	215050	225797	167234	175633	
59	8.17106e+006	8.18189e+006	7817	8233	12587	13424	3132	3314	4636	4883	3608	3810	1663	1762	183428	192641	1454	1553	1780	1892	216843	227676	169218	177703	
60	8.16933e+006	8.18024e+006	7315	7710	11978	12784	2985	3158	4321	4547	3487	3684	1602	1695	186687	196061	1539	1644	1637	1743	218492	229407	171059	179637	
61	8.16771e+006	8.1787e+006	6844	7209	11300	12066	2831	2999	4007	4217	3310	3504	1507	1603	189919	199447	1651	1757	1533	1629	220038	231023	172768	181428	
62	8.16614e+006	8.17721e+006	6462	6813	10622	11341	2650	2806	3711	3915	3149	3334	1433	1524	193021	202695	1745	1856	1481	1579	221529	232592	174383	183119	
63	8.16467e+006	8.17581e+006	6070	6404	9983	10656	2501	2652	3476	3677	2940	3112	1341	1425	195945	205755	1852	1971	1389	1482	222929	234064	175926	184735	
64	8.16329e+006	8.17449e+006	5733	6054	9364	9993	2336	2476	3237	3433	2674	2831	1215	1294	198776	208728	1964	2088	1300	1393	224242	235443	177343	186221	
65	8.16201e+006	8.17328e+006	5405	5721	8742	9338	2191	2321	3050	3239	2368	2503	1073	1147	201471	211547	2079	2213	1206	1294	225460	236726	178659	187603	
66	8.1608e+006	8.17212e+006	5070	5359	8221	8786	2054	2186	2894	3072	2277	2410	1031	1106	203809	214003	2136	2273	1142	1222	226616	237933	179933	188937	
67	8.15965e+006	8.17102e+006	4767	5040	7884	8415	1785	1902	2757	2924	2169	2296	980	1051	206011	216315	2198	2337	1086	1165	227717	239083	181275	190349	
68	8.15858e+006	8.16999e+006	4479	4732	7560	8069	1552	1658	2593	2756	2047	2169	926	995	208112	218508	2260	2402	1011	1085	228742	240155	182520	191658	
69	8.15758e+006	8.16904e+006	4217	4455	7229	7713	1317	1409	2430	2572	1941	2055	871	939	210115	220617	2321	2468	945	1017	229700	241159	183688	192882	
70	8.15662e+006	8.16813e+006	3968	4208	6950	7401	1110	1190	2279	2414	1829	1940	822	890	211965	222563	2379	2530	895	972	230606	242119	184789	194033	
71	8.15573e+006	8.16727e+006	3727	3944	6711	7144	904	981	2136	2263	1726	1830	776	836	213701	224381	2435	2590	844	901	231463	243008	185843	195131	
72	8.15489e+006	8.16647e+006	3505	3711	6441	6844	715	775	2024	2143	1591	1691	721	778	215387	226147	2490	2648	792	850	232267	243846	186822	196156	
73	8.15408e+006	8.16571e+006	3311	3514	6047	6426	668	726	1882	2000	1486	1585	664	721	216977	227811	2545	2707	752	820	233031	244653	187715	197092	
74	8.15332e+006	8.16497e+006	3136	3317	5686	6054	622	678	1782	1899	1398	1489	626	678	218429	229336	2594	2759	719	775	233762	245416	188562	197988	
75	8.15261e+006	8.16429e+006	2965	3138	5365	5703	583	634	1669	1784	1318	1402	585	633	219798	230771	2638	2806	675	721	234449	246125	189361	198817	
76	8.15194e+006	8.16364e+006	2805	2972	5048	5367	550	598	1564	1673	1246	1326	550	597	221091	232124	2678	2847	635	682	235094	246796	190105	199594	
77	8.15132e+006	8.16304e+006	2641	2791	4748	5057	518	561	1476	1581	1183	1259	524	568	222306	233393	2716	2887	588	639	235697	247420	190812	200342	
78	8.15071e+006	8.16246e+006	2493	2630	4476	4776	494	535	1393	1492	1113	1187	491	532	223446	234585	2753	2927	570	615	236277	248024	191484	201045	
79	8.15016e+006	8.16193e+006	2335	2471	4232	4507	468	507	1320	1413	1039	1113	461	502	224514	235707	2789	2964	518	560	236808	248572	192122	201704	
80	8.14963e+006	8.16141e+006	2207	2339	4001	4245	441	477	1225	1317	975	1045	429	468	225544	236800	2821	2998	505	550	237326	249109	192721	202327	
81	8.14913e+006	8.16093e+006	2086	2214	3764	4003	420	459	1159	1243	909	976	404	443	226503	237802	2849	3029	469	512	237809	249608	193277	202902	
82	8.14864e+006	8.16046e+006	1972	2100	3562	3791	400	436	1102	1182	859	922	383	421	227392	238730	2872	3053	457	499	238278	250096	193814	203460	
83	8.1482e+006	8.16003e+006	1868	1994	3351	3559	375	410	1032	1103	807	866	362	396	228254	239640	2901	3082	415	453	238703	250539	194304	203968	
84	8.14777e+006	8.15962e+006	1767	1889	3164	3360	350	383	974	1044	754	813	339	372	229068	240487	2928	3110	405	446	239121	250971	194785	204466	
85	8.14737e+006	8.15924e+006	1668	1781	2974	3167	335	367	913	979	703	761	317	351	229839	241287	2954	3138	372	402	239501	251365	195229	204922	
86	8.14699e+006	8.15886e+006	1571	1679	2815	3004	315	349	869	930	668	725	303	335	230543	242022	2974	3159	362	395	239874	251750	195667	205376	
87	8.14662e+006	8.15851e+006	1499	1599	2654	2840	298	333	812	871	636	689	288	320	231218	242714	2995	3183	341	375	240226	252113	196057	205783	
88	8.14629e+006	8.15818e+006	1408	1503	2508	2693	278	311	766	822	600	651	270	302	231858	243381	3017	3207	315	348	240552	252450	196444	206184	
89	8.14552e+006	8.15744e+006	1762	1884	2375	2548	266	297	716	775	565	612	254	286	232453	243998	3035	3226	722	788	241293	253220	196792	206545	
90	8.14478e+006	8.15673e+006	2092	2247	2249	2413	248	279	668	724	529	576	239	272	233038	244605	3051	3243	691	760	242003	253960	197141	206905	
91	8.14406e+006	8.15605e+006	2422	2597	2139	2294	231	259	635	691	502	548	226	257	233564	245148	3069	3261	668	729	242688	254672	197469	207245	
92	8.14328e+006	8.15529e+006	2847	3047	2006	2156	220	247	600	652	476	519	215	244	234081	245688	3082	3275	738	800	243443	255454	197769	207555	
93	8.14247e+006	8.15451e+006	2881	3095	2288	2458	247	278	572	621	441	483	199	228	234554	246183	3097	3290	759	832	244224	256265	198446	208258	
94	8.14156e+006	8.15363e+006	3056	3271	2550	2743	273	305	542	589	415	456	190	217	235011	246659	3113	3307	865	938	245111	257179	199098	208937	
95	8.14062e+006	8.15271e+006	3280	3503	2826	3043	295	330	515	563	389	429	179	205	235431	247093	3126	3321	891	962	246023	258120	199727	209592	
96	8.1396e+006	8.15173e+006	3502	3745	3166	3410	331	367	485	530	365	403	169	192	235846	247524	3138	3333	958	1043	247008	259136	200418	210309	
97	8.13845e+006	8.15062e+006	3827	4088	3538	3820	376	414	452	493	341	377	159	183	236243	247936	3151	3348	1086	1173	248118	260285	201125	211044	
98	8.1372e+006	8.14941e+006	4145	4434	4036	4347	432	473	421	463	324	359	152	173	236605	248311	3162	3358	1185	1282	249330	261540	201932	211873	
99	8.13581e+006	8.14807e+006	4568	4880	4187	4507	446	490	486	529	310	345	146	167	237287	249020	3170	3367	1312	1410	250668	262923	202770	212736	
100	8.13434e+006	8.14664e+006	5012	5341	4423	4758	477	523	539	587	291	322	135	156	237956	249712	3180	3376	1401	1504	252098	264400	203668	213662	
101	8.1328e+006	8.14516e+006	5375	5742	4788	5155	526	575	599	651	271	301	126	145	238589	250369	3192	3389	1448	1574	253581	265939	204676	214706	
102	8.13105e+006	8.14347e+006	5844	6245	5188	5588	573	623	673	731	258	286	121	138	239274	251078	3200	3397	1655	1784	255270	267690	205783	215853	
103	8.12922e+006	8.14171e+006	6250	6699	5681	6104	630	688	749	815	251	277	118	133	239978	251807	3206	3405	1722	1860	257026	269515	206996	217108	
104	8.1272e+006	8.13976e+006	6765	7254	6165	6621	680	740	861	937	232	258	106	120	240761	252615	3214	3413	1913	2062	258981	271536	208303	218457	
105	8.12502e+006	8.13766e+006	7371	7897	6667	7178	735	796	887	966	252	279	112	129	241619	253502	3220	3419	2054	2216	261072	273715	209657	219866	
106	8.12265e+006	8.13538e+006	7954	8530	7293	7852	799	870	935	1017	264	290	116	133	242535	254450	3228	3427	2238	2418	263358	276085	211198	221462	
107	8.12011e+006	8.13293e+006	8630	9262	7875	8483	850	930	1017	1101	272	300	118	137	243543	255500	3235	3434	2398	2592	265811	278623	212810	223137	
108	8.11739e+006	8.13032e+006	9277	9968	8525	9182	927	1012	1095	1189	285	313	123	143	244657	256649	3242	3441	2559	2769	268417	281344	214589	224977	
109	8.11444e+006	8.12747e+006	10021	10757	9192	9923	995	1087	1218	1313	295	326	128	149	245855	257888	3249	3449	2799	3005	271268	284298	216497	226966	
110	8.11121e+006	8.12437e+006	10827	11622	9945	10753	1074	1175	1323	1421	325	358	142	164	247140	259220	3255	3455	3045	3282	274368	287524	218590	229135	
111	8.10776e+006	8.12105e+006	11689	12540	10799	11671	1166	1278	1439	1545	350	386	154	178	248475	260605	3260	3461	3260	3510	277685	290977	220834	231457	
112	8.10404e+006	8.1175e+006	12623	13543	11606	12557	1263	1376	1577	1691	384	424	169	194	249984	262168	3265	3466	3492	3773	281234	294693	223208	233939	
113	8.09997e+006	8.11361e+006	13656	14670	12553	13572	1390	1509	1701	1826	429	472	189	215	251566	263809	3269	3469	3832	4132	285129	298762	225794	236621	
114	8.09561e+006	8.1094e+006	14749	15817	13555	14666	1512	1643	1857	1992	478	525	216	244	253309	265612	3271	3472	4134	4433	289333	303125	228615	239555	
115	8.09098e+006	8.10496e+006	15861	17014	14644	15843	1623	1764	1997	2145	510	560	232	262	255212	267595	3283	3485	4374	4705	293775	307761	231649	242719	
116	8.08588e+006	8.10007e+006	17183	18419	15747	17046	1771	1920	2156	2313	546	598	250	280	257293	269750	3293	3495	4814	5178	298667	312861	234869	246094	
117	8.08038e+006	8.09483e+006	18515	19862	17041	18448	1904	2065	2339	2513	588	642	269	302	259508	272038	3301	3503	5165	5574	303910	318358	238437	249818	
118	8.07445e+006	8.08919e+006	19943	21432	18450	19941	2068	2238	2497	2688	636	694	293	328	261892	274529	3311	3514	5563	6003	309550	324284	242258	253786	
119	8.06803e+006	8.08305e+006	21620	23235	19871	21489	2214	2398	2716	2919	699	760	321	358	264451	277174	3322	3525	6050	6507	315689	330703	246316	258021	
120	8.06114e+006	8.07647e+006	23305	25033	21477	23215	2378	2567	2927	3149	760	826	350	388	267259	280099	3334	3538	6500	6975	322271	337595	250785	262685	
121	8.05373e+006	8.0694e+006	25119	26965	23188	25090	2560	2768	3172	3410	829	900	383	425	270250	283207	3345	3549	6979	7506	329341	345011	255581	267715	
122	8.04565e+006	8.06171e+006	27152	29125	25056	27118	2756	2977	3436	3701	899	977	417	460	273448	286544	3359	3563	7597	8161	337025	353085	260726	273124	
123	8.03701e+006	8.0535e+006	29229	31342	27023	29243	3002	3232	3712	3996	968	1050	450	494	276977	290233	3375	3579	8127	8726	345232	361730	266314	278978	
124	8.02767e+006	8.04463e+006	31516	33791	29129	31530	3249	3500	4032	4327	1040	1130	484	531	280768	294165	3395	3600	8788	9423	354110	371064	272303	285254	
125	8.01762e+006	8.03509e+006	33977	36431	31468	34066	3507	3774	4325	4645	1127	1226	526	578	284806	298374	3413	3619	9438	10148	363645	381115	278743	292021	
126	8.00679e+006	8.02482e+006	36557	39190	33947	36747	3803	4085	4684	5026	1223	1332	570	625	289219	302972	3432	3639	10177	10921	373912	391945	285732	299385	
127	7.9952e+006	8.01383e+006	39329	42152	36589	39580	4112	4414	5045	5432	1331	1446	621	675	293964	307942	3450	3658	10897	11689	384908	403535	293215	307276	
128	7.98264e+006	8.00193e+006	42336	45391	39486	42678	4429	4747	5429	5835	1443	1564	668	729	299083	313327	3472	3680	11794	12664	396807	416093	301313	315803	
129	7.96924e+006	7.98924e+006	45492	48744	42541	45982	4747	5097	5848	6291	1556	1682	713	775	304659	319151	3497	3707	12595	13500	409500	429495	310020	324991	
130	7.95474e+006	7.97553e+006	48929	52414	45847	49561	5103	5480	6325	6800	1678	1808	773	836	310612	325374	3528	3740	13614	14591	423203	443997	319387	334878	
131	7.93916e+006	7.96079e+006	52682	56402	49346	53321	5508	5915	6845	7352	1805	1948	831	902	317002	332073	3557	3770	14651	15676	437948	459580	329396	345448	
132	7.92241e+006	7.94492e+006	56668	60577	53107	57387	5926	6371	7355	7909	1954	2108	899	979	323999	339399	3586	3801	15780	16840	453816	476330	340243	356907	
133	7.90452e+006	7.92804e+006	60852	65063	57104	61690	6384	6855	7918	8503	2108	2277	975	1062	331458	347250	3616	3832	16778	17986	470698	494213	351805	369140	
134	7.88517e+006	7.90979e+006	65396	69915	61421	66350	6873	7383	8532	9156	2278	2451	1050	1141	339515	355721	3651	3869	18157	19443	488948	513563	364292	382373	
135	7.86449e+006	7.89029e+006	70168	75000	66088	71335	7403	7941	9178	9841	2447	2635	1130	1227	348197	364860	3692	3911	19419	20765	508451	534244	377733	396593	
136	7.84236e+006	7.8694e+006	75182	80379	71136	76699	7940	8515	9871	10595	2645	2844	1225	1328	357530	374687	3731	3953	20790	22221	529333	556374	392214	411885	
137	7.8186e+006	7.84697e+006	80755	86236	76439	82418	8497	9114	10622	11388	2856	3071	1321	1433	367526	385211	3773	3995	22353	23843	551771	580132	407632	428235	
138	7.7932e+006	7.82297e+006	86515	92281	82161	88555	9121	9772	11444	12265	3070	3306	1417	1536	378338	396616	3818	4044	23911	25492	575769	605537	424280	445912	
139	7.7659e+006	7.79725e+006	92730	98897	88292	95128	9781	10499	12292	13157	3307	3569	1536	1669	389897	408808	3867	4096	25639	27376	601486	632835	442082	464795	
140	7.73677e+006	7.76977e+006	99344	105883	94737	102025	10491	11252	13259	14208	3549	3834	1640	1785	402334	421931	3927	4159	27404	29208	628962	661971	461144	485014	
141	7.70574e+006	7.74045e+006	106226	113156	101641	109391	11266	12077	14312	15325	3814	4124	1755	1910	415705	436044	3985	4218	29237	31114	658285	693000	481614	506704	
142	7.67249e+006	7.70904e+006	113652	120988	108925	117191	12091	12952	15415	16473	4119	4450	1897	2056	430096	451253	4052	4289	31337	33323	689700	726245	503520	529908	
143	7.63707e+006	7.67557e+006	121401	129113	116875	125673	12979	13884	16588	17723	4426	4776	2028	2195	445424	467482	4125	4366	33389	35502	723167	761668	527018	554870	
144	7.59941e+006	7.64001e+006	129478	137645	125181	134495	13893	14854	17832	19045	4787	5159	2190	2363	462000	485045	4199	4443	35480	37740	758729	799327	552095	581485	
145	7.5594e+006	7.60215e+006	138021	146615	133965	143822	14896	15907	19181	20498	5142	5531	2345	2533	479721	503816	4279	4527	37778	40086	796582	839339	578853	609806	
146	7.51692e+006	7.56197e+006	146797	155845	143404	153822	15973	17039	20556	21952	5532	5951	2527	2729	498747	523977	4370	4621	40116	42551	836769	881818	607524	640163	
147	7.47176e+006	7.5192e+006	156094	165576	153334	164376	17047	18176	22083	23563	5960	6407	2728	2943	519140	545565	4464	4721	42684	45234	879532	926973	638124	672558	
148	7.4237e+006	7.47356e+006	166185	175980	163691	175414	18225	19420	23674	25266	6422	6880	2941	3162	540988	568691	4562	4824	45571	48145	925180	975041	670578	706934	
149	7.37297e+006	7.42542e+006	176470	186690	174577	186877	19440	20705	25376	27072	6935	7418	3159	3390	564383	593526	4672	4940	48062	50797	973316	1.02576e+006	705159	743495	
150	7.31919e+006	7.37428e+006	187426	197992	185977	198917	20704	22056	27205	28988	7463	7980	3405	3655	589401	620064	4779	5053	51071	53854	1.02446e+006	1.07955e+006	741870	782285	
151	7.26262e+006	7.32047e+006	198484	209390	198013	211624	22074	23509	29123	30991	8036	8582	3666	3930	616109	648354	4904	5185	53737	56637	1.07826e+006	1.13612e+006	780879	823474	
152	7.20274e+006	7.26348e+006	209845	221189	210803	225003	23493	24976	31143	33127	8646	9234	3931	4222	644745	678650	5056	5344	56934	59941	1.13526e+006	1.19599e+006	822557	867395	
153	7.13961e+006	7.20322e+006	221969	233588	223926	238750	25007	26562	33270	35369	9311	9942	4240	4552	675276	710968	5201	5497	60182	63200	1.19551e+006	1.25912e+006	866501	913702	
154	7.07363e+006	7.14018e+006	233870	245789	237983	253327	26522	28116	35491	37732	9991	10670	4557	4893	707777	745370	5360	5664	62971	66057	1.25855e+006	1.32511e+006	913253	962884	
155	7.00429e+006	7.07388e+006	246364	258565	252346	268280	28093	29739	37809	40176	10734	11459	4907	5261	742406	781973	5525	5839	66235	69409	1.32486e+006	1.39445e+006	962451	1.01463e+006	
156	6.93189e+006	7.00447e+006	258762	271097	267446	283953	29785	31483	40261	42756	11517	12286	5271	5644	779170	820855	5708	6035	69322	72483	1.39427e+006	1.46685e+006	1.01454e+006	1.06936e+006	
157	6.85597e+006	6.9316e+006	271388	283878	283174	300140	31550	33267	42838	45478	12319	13127	5642	6030	818355	862239	5905	6244	72809	75980	1.46714e+006	1.54276e+006	1.06953e+006	1.127e+006	
158	6.77707e+006	6.85563e+006	284304	296805	298833	316312	33263	35035	45616	48372	13195	14063	6048	6463	860139	906261	6114	6461	75888	78983	1.5431e+006	1.62167e+006	1.12715e+006	1.18733e+006	
159	6.69483e+006	6.77646e+006	297168	309703	315252	333165	35005	36806	48482	51345	14103	15027	6468	6911	904259	952783	6362	6719	79096	82310	1.62228e+006	1.7039e+006	1.18781e+006	1.25079e+006	
160	6.60936e+006	6.69398e+006	310236	322780	331624	349902	36861	38721	51545	54516	15077	16058	6926	7388	951123	1.00209e+006	6615	6985	82385	85565	1.70475e+006	1.78938e+006	1.25124e+006	1.31695e+006	
161	6.52104e+006	6.6085e+006	322827	335202	348773	367334	38762	40655	54747	57823	16084	17123	7401	7893	1.00046e+006	1.05401e+006	6873	7261	85397	88406	1.79024e+006	1.87769e+006	1.31791e+006	1.38644e+006	
162	6.42979e+006	6.51992e+006	335445	347549	365855	384493	40634	42538	58042	61241	17136	18231	7890	8415	1.05282e+006	1.10905e+006	7163	7571	88508	91328	1.87882e+006	1.96895e+006	1.38741e+006	1.45865e+006	
163	6.33577e+006	6.42852e+006	347650	359354	382946	401774	42445	44379	61395	64683	18232	19387	8406	8950	1.10832e+006	1.16726e+006	7472	7895	91300	94116	1.97022e+006	2.06296e+006	1.45989e+006	1.53394e+006	
164	6.23915e+006	6.33433e+006	359336	370530	400441	419358	44347	46319	64832	68199	19428	20645	8955	9533	1.1664e+006	1.22813e+006	7796	8237	94077	96734	2.0644e+006	2.15959e+006	1.5354e+006	1.6122e+006	
165	6.14002e+006	6.23751e+006	370662	381349	417647	436390	46319	48267	68336	71839	20687	21974	9551	10161	1.2276e+006	1.29214e+006	8135	8600	96709	99239	2.16123e+006	2.25871e+006	1.61362e+006	1.69305e+006	
166	6.03891e+006	6.13847e+006	381062	391264	435012	453411	48171	50060	71886	75456	22010	23354	10153	10788	1.29177e+006	1.35915e+006	8502	8986	98900	101251	2.26026e+006	2.35983e+006	1.69476e+006	1.7767e+006	
167	5.9361e+006	6.03758e+006	390526	400084	451635	469661	50066	51920	75476	79101	23437	24860	10795	11459	1.35922e+006	1.4295e+006	8900	9411	100749	102951	2.36116e+006	2.46263e+006	1.77843e+006	1.86278e+006	
168	5.8317e+006	5.93477e+006	399116	407885	467959	485538	51959	53764	79108	82742	24898	26378	11450	12135	1.42967e+006	1.50279e+006	9330	9861	102652	104549	2.46396e+006	2.56703e+006	1.86461e+006	1.95121e+006	
169	5.72598e+006	5.83036e+006	406626	414564	483811	500690	53762	55500	82912	86597	26366	27885	12131	12839	1.50311e+006	1.57918e+006	9791	10348	104201	105936	2.56837e+006	2.67276e+006	1.95328e+006	2.04201e+006	
170	5.61901e+006	5.7245e+006	413381	420493	498723	514749	55433	57060	86666	90390	27902	29459	12831	13565	1.57981e+006	1.65878e+006	10268	10855	105636	107200	2.67424e+006	2.77973e+006	2.04404e+006	2.13472e+006	
171	5.51163e+006	5.61785e+006	418998	425202	512659	527827	56916	58460	90366	94056	29535	31159	13574	14333	1.65945e+006	1.7412e+006	10775	11389	106339	107687	2.78089e+006	2.8871e+006	2.13656e+006	2.22903e+006	
172	5.4038e+006	5.51039e+006	423491	428800	525367	539582	58398	59880	94071	97692	31157	32824	14317	15081	1.74215e+006	1.82658e+006	11330	11971	107106	108188	2.88835e+006	2.99494e+006	2.23079e+006	2.32474e+006	
173	5.29627e+006	5.40292e+006	426311	430837	537098	550154	59660	61037	97702	101289	32850	34540	15109	15888	1.82766e+006	1.91468e+006	11895	12569	106956	108038	2.99582e+006	3.10246e+006	2.32655e+006	2.42176e+006	
174	5.1891e+006	5.29548e+006	427425	431501	547636	559515	60796	62027	101370	104881	34561	36280	15927	16723	1.91584e+006	2.00533e+006	12514	13222	106715	107898	3.10326e+006	3.20964e+006	2.42366e+006	2.51993e+006	
175	5.08258e+006	5.18839e+006	427264	431242	556358	566945	61823	62924	104746	108127	36309	38048	16717	17529	2.00688e+006	2.09877e+006	13160	13907	106182	107424	3.21035e+006	3.31615e+006	2.52148e+006	2.61845e+006	
176	4.97708e+006	5.08202e+006	425345	429744	563815	572966	62725	63687	108008	111216	38047	39808	17507	18326	2.10021e+006	2.19432e+006	13851	14632	105219	106658	3.31672e+006	3.42166e+006	2.62007e+006	2.71745e+006	
177	4.87304e+006	4.97684e+006	422132	427178	569473	577273	63438	64302	110992	114034	39751	41512	18291	19123	2.19567e+006	2.29183e+006	14591	15414	103790	105424	3.4219e+006	3.52569e+006	2.71868e+006	2.81619e+006	
178	4.77062e+006	4.87289e+006	417655	423421	573330	580160	63807	64601	113756	116626	41474	43218	19084	19919	2.29318e+006	2.39112e+006	15376	16245	102261	104118	3.52585e+006	3.62812e+006	2.81744e+006	2.91473e+006	
179	4.67013e+006	4.77064e+006	411770	418428	575220	581348	64023	64777	116324	118930	43229	44975	19889	20722	2.39244e+006	2.49197e+006	16178	17081	100331	102398	3.6281e+006	3.7286e+006	2.91587e+006	3.01265e+006	
180	4.57198e+006	4.67042e+006	404523	412182	574783	580781	64049	64797	118494	120859	44946	46679	20659	21479	2.49356e+006	2.59444e+006	17023	17966	98004	100378	3.72832e+006	3.82676e+006	3.0136e+006	3.10963e+006	
181	4.47652e+006	4.57258e+006	396037	404739	572457	578952	63707	64480	120362	122466	46652	48347	21440	22241	2.5957e+006	2.69763e+006	17924	18914	95335	97951	3.82615e+006	3.92221e+006	3.11037e+006	3.20539e+006	
182	4.38382e+006	4.47728e+006	386350	396054	568031	575483	63166	64003	121935	123766	48344	49983	22213	22995	2.69894e+006	2.8016e+006	18844	19876	92591	95415	3.92145e+006	4.01492e+006	3.20609e+006	3.29973e+006	
183	4.29387e+006	4.38457e+006	375869	386464	561977	570626	62444	63370	123200	124769	49933	51541	22932	23699	2.80249e+006	2.90559e+006	19840	20910	89850	92808	4.01416e+006	4.10487e+006	3.30025e+006	3.39232e+006	
184	4.2068e+006	4.29456e+006	364827	376204	554036	564047	61515	62588	123917	125274	51364	52901	23552	24286	2.90666e+006	3.00991e+006	20875	21993	86982	90098	4.10418e+006	4.19193e+006	3.39261e+006	3.48282e+006	
185	4.12323e+006	4.20789e+006	352981	365010	544102	555618	60444	61703	124282	125516	52758	54191	24155	24839	3.01079e+006	3.11389e+006	21958	23115	83498	86749	4.19085e+006	4.27551e+006	3.48271e+006	3.57079e+006	
186	4.04287e+006	4.12435e+006	340672	353205	532681	545703	59104	60509	124211	125467	54050	55369	24780	25403	3.11463e+006	3.21732e+006	23064	24260	80286	83606	4.27439e+006	4.35586e+006	3.57056e+006	3.65632e+006	
187	3.96591e+006	4.04411e+006	327709	340713	519926	534367	57795	59353	123779	125141	55255	56457	25348	25917	3.21764e+006	3.31966e+006	24209	25452	76891	80313	4.35463e+006	4.43282e+006	3.65599e+006	3.73923e+006	
188	3.89215e+006	3.967e+006	314434	327774	506073	521818	56298	57952	122835	124355	56300	57446	25839	26373	3.32e+006	3.42093e+006	25415	26692	73707	77158	4.43173e+006	4.50659e+006	3.73904e+006	3.81959e+006	
189	3.82211e+006	3.89354e+006	300922	314541	490851	507817	54608	56382	121470	123237	57214	58228	26257	26751	3.42118e+006	3.52083e+006	26611	27928	69986	73515	4.5052e+006	4.57662e+006	3.81907e+006	3.89682e+006	
190	3.75541e+006	3.82342e+006	287279	301121	474806	492757	52879	54727	119862	121911	57926	58851	26617	27077	3.52067e+006	3.61875e+006	27881	29227	66650	70179	4.57532e+006	4.64333e+006	3.89623e+006	3.97107e+006	
191	3.69204e+006	3.75664e+006	273701	287641	458156	476933	51040	52958	117822	120149	58449	59283	26872	27285	3.61836e+006	3.71452e+006	29199	30578	63316	66830	4.6421e+006	4.70669e+006	3.97032e+006	4.04217e+006	
192	3.63227e+006	3.69347e+006	259720	273695	441108	460534	49177	51128	115247	117903	58749	59479	27019	27379	3.71422e+006	3.8083e+006	30538	31943	59725	63213	4.70527e+006	4.76647e+006	4.04154e+006	4.11033e+006	
193	3.57567e+006	3.63355e+006	246287	260149	423251	443264	47129	49144	112490	115361	58865	59551	27075	27419	3.80791e+006	3.89963e+006	31896	33331	56557	59966	4.76519e+006	4.82307e+006	4.10944e+006	4.17511e+006	
194	3.52199e+006	3.57659e+006	233262	246983	404903	425344	45108	47183	109548	112658	58933	59614	27117	27458	3.8991e+006	3.98827e+006	33264	34729	53626	57011	4.82215e+006	4.87675e+006	4.17424e+006	4.2368e+006	
195	3.47183e+006	3.52323e+006	220057	233567	386719	407430	43091	45198	106294	109620	58679	59406	27035	27399	3.98754e+006	4.07399e+006	34677	36153	50116	53410	4.87551e+006	4.92691e+006	4.23601e+006	4.29545e+006	
196	3.42469e+006	3.47293e+006	207427	220696	368133	389024	41098	43229	102843	106354	58259	59043	26813	27198	4.07319e+006	4.15684e+006	36113	37606	47095	50342	4.92581e+006	4.97405e+006	4.29439e+006	4.35073e+006	
197	3.38043e+006	3.4257e+006	195090	207998	349821	370714	39070	41199	99190	102883	57603	58465	26487	26908	4.156e+006	4.23671e+006	37551	39053	44222	47267	4.97304e+006	5.01831e+006	4.34983e+006	4.40314e+006	
198	3.33891e+006	3.3814e+006	182932	195343	331713	352541	37089	39232	95550	99323	56734	57728	26121	26592	4.23591e+006	4.31356e+006	38998	40517	41469	44355	5.01734e+006	5.05983e+006	4.40249e+006	4.45281e+006	
199	3.30013e+006	3.33988e+006	171537	183504	313824	334431	35105	37239	91618	95548	55793	56894	25695	26218	4.3125e+006	4.38704e+006	40454	41971	38722	41569	5.05885e+006	5.09861e+006	4.45189e+006	4.49926e+006	
200	3.26387e+006	3.30099e+006	160647	172104	296211	316542	33173	35281	87552	91556	54683	55902	25174	25746	4.38611e+006	4.45747e+006	41928	43446	36205	38942	5.09774e+006	5.13486e+006	4.49845e+006	4.54294e+006	
201	3.23015e+006	3.2648e+006	150093	161086	279073	298936	31246	33295	83651	87705	53412	54747	24586	25208	4.45644e+006	4.52458e+006	43373	44890	33668	36248	5.13394e+006	5.16858e+006	4.54227e+006	4.58403e+006	
202	3.1986e+006	3.23096e+006	140121	150629	262699	281961	29401	31375	79587	83650	52030	53471	23969	24653	4.52349e+006	4.58837e+006	44813	46322	31499	33896	5.16778e+006	5.20014e+006	4.58336e+006	4.62257e+006	
203	3.16933e+006	3.1994e+006	130613	140671	246701	265399	27598	29506	75671	79712	50562	52121	23280	24005	4.5873e+006	4.64898e+006	46206	47708	29215	31610	5.19934e+006	5.22941e+006	4.6219e+006	4.65859e+006	
204	3.14203e+006	3.17002e+006	121647	131172	231107	249157	25811	27639	71884	75918	48883	50533	22503	23271	4.64822e+006	4.70673e+006	47614	49107	27239	29443	5.22872e+006	5.2567e+006	4.65801e+006	4.69227e+006	
205	3.11684e+006	3.1429e+006	113115	122100	216395	233731	24114	25865	68090	72026	47167	48924	21695	22512	4.7057e+006	4.76106e+006	48996	50459	25138	27174	5.25584e+006	5.2819e+006	4.69162e+006	4.72362e+006	
206	3.09348e+006	3.11769e+006	104919	113471	202451	218936	22509	24168	64392	68328	45402	47217	20887	21742	4.76004e+006	4.81234e+006	50350	51789	23305	25267	5.28105e+006	5.30526e+006	4.72305e+006	4.75295e+006	
207	3.0718e+006	3.09433e+006	97311	105289	188939	204768	21053	22639	60665	64510	43631	45491	20091	20973	4.81148e+006	4.86083e+006	51666	53072	21608	23427	5.30441e+006	5.32694e+006	4.75235e+006	4.78016e+006	
208	3.05159e+006	3.07254e+006	90222	97698	176193	191341	19602	21121	57128	60859	41816	43695	19233	20125	4.85993e+006	4.90643e+006	52970	54341	20149	21853	5.3262e+006	5.34715e+006	4.77968e+006	4.80557e+006	
209	3.03296e+006	3.05245e+006	83650	90678	164062	178404	18185	19627	53660	57274	39961	41865	18369	19270	4.9056e+006	4.9493e+006	54230	55569	18567	20154	5.34629e+006	5.36578e+006	4.80494e+006	4.82906e+006	
210	3.01567e+006	3.03381e+006	77547	84136	152498	166060	16903	18241	50160	53653	38120	40031	17517	18427	4.94875e+006	4.98975e+006	55421	56731	17203	18723	5.36493e+006	5.38307e+006	4.82837e+006	4.85078e+006	
211	2.99964e+006	3.01652e+006	71889	78079	141686	154481	15701	16953	46944	50342	36256	38168	16657	17566	4.98895e+006	5.02741e+006	56594	57863	15950	17370	5.38221e+006	5.3991e+006	4.85012e+006	4.87098e+006	
212	2.98493e+006	3.00066e+006	66369	72173	131476	143580	14591	15780	43824	47031	34461	36383	15797	16704	5.02676e+006	5.06279e+006	57723	58951	14629	15947	5.39808e+006	5.41381e+006	4.87033e+006	4.88977e+006	
213	2.97127e+006	2.98596e+006	61364	66807	121913	133208	13549	14653	40908	43997	32652	34541	14986	15882	5.06209e+006	5.09574e+006	58821	60000	13561	14788	5.41277e+006	5.42746e+006	4.889e+006	4.9071e+006	
214	2.95869e+006	2.97244e+006	56647	61702	112909	123518	12550	13590	38229	41205	30843	32710	14159	15041	5.09507e+006	5.12651e+006	59858	61002	12487	13618	5.42629e+006	5.44005e+006	4.90634e+006	4.92321e+006	
215	2.94704e+006	2.95995e+006	52249	56925	104640	114630	11663	12642	35599	38419	29140	30933	13373	14228	5.12579e+006	5.15511e+006	60823	61929	11551	12593	5.43879e+006	5.4517e+006	4.92241e+006	4.93815e+006	
216	2.93623e+006	2.94837e+006	48318	52665	96890	106235	10755	11699	33143	35792	27465	29226	12603	13433	5.15439e+006	5.18169e+006	61764	62835	10698	11687	5.45036e+006	5.46251e+006	4.93718e+006	4.95188e+006	
217	2.92633e+006	2.9378e+006	44542	48561	89675	98430	9950	10838	30808	33289	25819	27543	11849	12658	5.18105e+006	5.20648e+006	62660	63693	9786	10683	5.46094e+006	5.4724e+006	4.95085e+006	4.96462e+006	
218	2.91718e+006	2.92806e+006	41088	44807	82847	91026	9148	9974	28625	30973	24228	25914	11126	11908	5.20594e+006	5.22967e+006	63504	64498	9031	9865	5.47068e+006	5.48156e+006	4.96343e+006	4.97638e+006	
219	2.90878e+006	2.91912e+006	37820	41275	76605	84231	8407	9177	26578	28747	22666	24283	10395	11143	5.22907e+006	5.25112e+006	64323	65278	8283	9061	5.47962e+006	5.48996e+006	4.97508e+006	4.98727e+006	
220	2.901e+006	2.91084e+006	34790	37971	70760	77852	7775	8491	24622	26637	21210	22778	9719	10443	5.25058e+006	5.2711e+006	65070	65990	7670	8382	5.48789e+006	5.49774e+006	4.98583e+006	4.99735e+006	
221	2.89384e+006	2.90326e+006	32021	35008	65236	71805	7165	7822	22789	24690	19830	21332	9088	9775	5.27056e+006	5.28966e+006	65789	66670	7016	7721	5.49547e+006	5.5049e+006	4.99568e+006	5.0066e+006	
222	2.8872e+006	2.89628e+006	29489	32260	60186	66268	6641	7253	21095	22890	18494	19906	8491	9138	5.28897e+006	5.30672e+006	66487	67329	6501	7115	5.50245e+006	5.51153e+006	5.00472e+006	5.01514e+006	
223	2.88112e+006	2.88987e+006	27168	29731	55418	61048	6156	6721	19518	21194	17229	18563	7902	8514	5.30608e+006	5.32261e+006	67117	67928	5960	6534	5.50886e+006	5.51762e+006	5.01301e+006	5.02297e+006	
224	2.87552e+006	2.88401e+006	24975	27337	51097	56306	5686	6202	18034	19592	16076	17340	7374	7952	5.32186e+006	5.33727e+006	67696	68478	5475	5989	5.51473e+006	5.52321e+006	5.0207e+006	5.03025e+006	
225	2.87035e+006	2.87863e+006	23000	25124	47006	51880	5257	5742	16674	18140	14951	16148	6862	7408	5.33645e+006	5.35087e+006	68252	69006	5041	5508	5.52011e+006	5.52838e+006	5.02773e+006	5.03693e+006	
226	2.86557e+006	2.87367e+006	21136	23110	43243	47738	4843	5290	15397	16753	13888	15001	6382	6892	5.35005e+006	5.36352e+006	68765	69490	4641	5097	5.52507e+006	5.53316e+006	5.03422e+006	5.04312e+006	
227	2.86122e+006	2.86915e+006	19404	21221	39818	43983	4462	4876	14200	15471	12903	13947	5924	6403	5.36248e+006	5.37513e+006	69261	69955	4228	4645	5.52959e+006	5.53752e+006	5.04018e+006	5.04882e+006	
228	2.85719e+006	2.86499e+006	17830	19511	36647	40495	4094	4471	13071	14251	11983	12949	5498	5945	5.37399e+006	5.38589e+006	69716	70381	3900	4281	5.53374e+006	5.54154e+006	5.04564e+006	5.05405e+006	
229	2.85341e+006	2.86111e+006	16441	18015	33753	37287	3767	4107	12061	13160	11101	12009	5106	5527	5.38454e+006	5.39578e+006	70142	70786	3651	4012	5.53762e+006	5.54533e+006	5.05062e+006	5.05886e+006	
230	2.84998e+006	2.85761e+006	15102	16547	31044	34322	3463	3772	11120	12139	10259	11107	4721	5111	5.39435e+006	5.40497e+006	70530	71154	3300	3631	5.54112e+006	5.54876e+006	5.05524e+006	5.06334e+006	
231	2.84685e+006	2.85443e+006	13882	15208	28546	31536	3183	3470	10234	11189	9468	10253	4363	4719	5.40337e+006	5.41345e+006	70903	71505	3006	3309	5.54431e+006	5.55188e+006	5.05944e+006	5.06741e+006	
232	2.84395e+006	2.85145e+006	12784	14004	26220	28977	2919	3183	9413	10309	8743	9482	4036	4375	5.41167e+006	5.4213e+006	71241	71827	2803	3076	5.54728e+006	5.55479e+006	5.0633e+006	5.07117e+006	
233	2.84127e+006	2.84873e+006	11709	12823	24134	26677	2704	2955	8675	9478	8076	8775	3718	4044	5.41928e+006	5.42848e+006	71568	72140	2576	2831	5.55001e+006	5.55747e+006	5.06689e+006	5.0747e+006	
234	2.83881e+006	2.84623e+006	10770	11784	22188	24544	2485	2719	7985	8713	7452	8105	3423	3728	5.4263e+006	5.43513e+006	71852	72415	2364	2590	5.5525e+006	5.55993e+006	5.07013e+006	5.07791e+006	
235	2.83655e+006	2.84394e+006	9922	10872	20386	22574	2259	2482	7354	8032	6880	7500	3155	3439	5.4327e+006	5.44124e+006	72116	72668	2160	2394	5.5548e+006	5.56219e+006	5.07311e+006	5.08084e+006	
236	2.83443e+006	2.84181e+006	9137	10017	18721	20724	2090	2308	6776	7405	6331	6903	2901	3160	5.43864e+006	5.44692e+006	72361	72900	2017	2223	5.55693e+006	5.5643e+006	5.07586e+006	5.08354e+006	
237	2.83252e+006	2.83988e+006	8393	9201	17239	19076	1930	2131	6208	6782	5834	6358	2665	2909	5.44408e+006	5.45212e+006	72596	73122	1830	2015	5.55886e+006	5.56622e+006	5.07839e+006	5.08604e+006	
238	2.83078e+006	2.83813e+006	7693	8440	15869	17554	1767	1959	5681	6215	5376	5874	2456	2686	5.44907e+006	5.45693e+006	72809	73324	1664	1828	5.56061e+006	5.56796e+006	5.08071e+006	5.08833e+006	
239	2.82915e+006	2.83648e+006	7095	7762	14545	16106	1606	1782	5229	5736	4961	5429	2255	2474	5.45368e+006	5.4614e+006	73005	73511	1561	1718	5.56226e+006	5.56959e+006	5.08285e+006	5.09046e+006	
240	2.82766e+006	2.83499e+006	6489	7111	13385	14818	1491	1655	4831	5303	4555	4981	2067	2270	5.45787e+006	5.46547e+006	73189	73685	1412	1572	5.56375e+006	5.57108e+006	5.08483e+006	5.09243e+006	
241	2.82629e+006	2.83361e+006	5961	6535	12317	13636	1386	1540	4453	4888	4193	4589	1899	2096	5.46169e+006	5.46919e+006	73348	73840	1303	1440	5.56512e+006	5.57245e+006	5.08661e+006	5.09421e+006	
242	2.82504e+006	2.83235e+006	5494	6028	11298	12509	1272	1415	4089	4492	3857	4228	1740	1926	5.46526e+006	5.47267e+006	73499	73984	1196	1323	5.56639e+006	5.5737e+006	5.08825e+006	5.09584e+006	
243	2.82386e+006	2.83116e+006	5057	5552	10389	11499	1174	1304	3766	4132	3538	3881	1592	1762	5.46853e+006	5.47588e+006	73638	74119	1125	1241	5.56757e+006	5.57488e+006	5.08977e+006	5.09735e+006	
244	2.82279e+006	2.83011e+006	4652	5091	9543	10584	1074	1194	3474	3807	3252	3577	1463	1625	5.4715e+006	5.47881e+006	73768	74244	1009	1107	5.56863e+006	5.57594e+006	5.09117e+006	5.09875e+006	
245	2.8218e+006	2.82912e+006	4288	4691	8775	9715	992	1100	3192	3499	2981	3281	1344	1500	5.47426e+006	5.48152e+006	73894	74368	937	1041	5.56962e+006	5.57693e+006	5.09245e+006	5.10004e+006	
246	2.82089e+006	2.82821e+006	3956	4332	8051	8914	900	996	2924	3214	2757	3038	1241	1389	5.4768e+006	5.48403e+006	73999	74469	864	964	5.57053e+006	5.57785e+006	5.09363e+006	5.10121e+006	
247	2.82005e+006	2.82737e+006	3632	3966	7427	8223	822	909	2665	2930	2537	2798	1144	1279	5.47913e+006	5.48634e+006	74101	74568	800	876	5.57137e+006	5.57869e+006	5.09474e+006	5.10231e+006	
248	2.81928e+006	2.82659e+006	3356	3675	6845	7576	752	832	2454	2693	2330	2566	1043	1169	5.48124e+006	5.48843e+006	74191	74654	735	816	5.57215e+006	5.57946e+006	5.09572e+006	5.10331e+006	
249	2.81857e+006	2.82588e+006	3084	3384	6302	6975	675	753	2253	2480	2131	2349	967	1082	5.48322e+006	5.4904e+006	74278	74738	666	748	5.57285e+006	5.58016e+006	5.09665e+006	5.10424e+006	
250	2.81792e+006	2.82523e+006	2838	3109	5807	6422	623	697	2080	2295	1967	2172	891	994	5.485e+006	5.49215e+006	74353	74812	617	690	5.57351e+006	5.58082e+006	5.0975e+006	5.10509e+006	
251	2.81734e+006	2.82464e+006	2591	2856	5360	5915	569	637	1908	2100	1816	2004	820	912	5.48664e+006	5.49379e+006	74428	74883	554	622	5.5741e+006	5.5814e+006	5.09829e+006	5.10588e+006	
252	2.81679e+006	2.82409e+006	2375	2619	4943	5454	526	591	1759	1939	1664	1834	748	828	5.48815e+006	5.4953e+006	74497	74949	516	580	5.57465e+006	5.58195e+006	5.09901e+006	5.1066e+006	
253	2.81628e+006	2.82359e+006	2184	2399	4533	5010	478	540	1626	1798	1533	1688	688	762	5.48956e+006	5.4967e+006	74549	75000	475	529	5.57515e+006	5.58245e+006	5.09967e+006	5.10725e+006	
254	2.8158e+006	2.82311e+006	2019	2215	4180	4630	444	499	1498	1655	1419	1559	636	703	5.49082e+006	5.49796e+006	74605	75056	452	505	5.57562e+006	5.58293e+006	5.10028e+006	5.10786e+006	
255	2.81537e+006	2.82268e+006	1869	2051	3828	4245	413	465	1382	1528	1306	1436	584	646	5.492e+006	5.49914e+006	74652	75101	405	458	5.57605e+006	5.58337e+006	5.10083e+006	5.1084e+006	
256	2.81497e+006	2.82228e+006	1732	1899	3512	3892	383	431	1268	1399	1204	1324	539	600	5.49309e+006	5.50024e+006	74703	75151	379	427	5.57646e+006	5.58377e+006	5.10133e+006	5.10892e+006	
257	2.8146e+006	2.82192e+006	1596	1762	3215	3569	359	404	1157	1279	1096	1212	492	552	5.49411e+006	5.50126e+006	74745	75193	343	388	5.57682e+006	5.58414e+006	5.1018e+006	5.10938e+006	
258	2.81427e+006	2.82159e+006	1456	1606	2966	3293	327	369	1054	1168	1016	1124	460	513	5.49504e+006	5.50218e+006	74788	75234	310	350	5.57715e+006	5.58447e+006	5.10224e+006	5.10984e+006	
259	2.81395e+006	2.82127e+006	1345	1488	2734	3031	301	338	962	1064	935	1040	420	472	5.49589e+006	5.50303e+006	74825	75268	296	339	5.57746e+006	5.58479e+006	5.10265e+006	5.11024e+006	
260	2.81366e+006	2.82099e+006	1235	1363	2518	2793	278	314	884	980	855	955	389	439	5.49667e+006	5.50382e+006	74859	75301	268	302	5.57775e+006	5.58508e+006	5.10302e+006	5.11062e+006	
261	2.81341e+006	2.82073e+006	1126	1245	2327	2581	257	293	817	904	777	874	356	404	5.49738e+006	5.50452e+006	74894	75335	236	268	5.578e+006	5.58533e+006	5.10336e+006	5.11096e+006	
262	2.81315e+006	2.82048e+006	1055	1170	2141	2374	236	271	746	826	723	815	334	380	5.49803e+006	5.50518e+006	74921	75362	240	275	5.57826e+006	5.58559e+006	5.10366e+006	5.11127e+006	
263	2.81292e+006	2.82025e+006	970	1077	1979	2208	216	252	684	755	673	756	314	356	5.49863e+006	5.50578e+006	74944	75385	211	246	5.57848e+006	5.58582e+006	5.10396e+006	5.11156e+006	
264	2.81271e+006	2.82005e+006	891	998	1809	2017	204	237	634	702	616	693	287	327	5.49919e+006	5.50635e+006	74966	75407	190	223	5.57869e+006	5.58602e+006	5.10422e+006	5.11183e+006	
265	2.81251e+006	2.81984e+006	847	947	1653	1845	190	220	587	654	568	639	268	305	5.4997e+006	5.50685e+006	74991	75431	191	218	5.5789e+006	5.58623e+006	5.10446e+006	5.11206e+006	
266	2.81232e+006	2.81965e+006	786	879	1532	1710	173	202	537	601	513	580	244	278	5.50019e+006	5.50734e+006	75014	75452	179	206	5.57909e+006	5.58642e+006	5.1047e+006	5.1123e+006	
267	2.81215e+006	2.81947e+006	732	819	1415	1585	157	185	495	555	470	532	219	251	5.50062e+006	5.50778e+006	75033	75472	158	186	5.57926e+006	5.58659e+006	5.10491e+006	5.11252e+006	
268	2.812e+006	2.81932e+006	682	761	1304	1469	148	175	455	511	425	482	199	230	5.50102e+006	5.50818e+006	75053	75491	141	164	5.57942e+006	5.58674e+006	5.1051e+006	5.11271e+006	
269	2.81185e+006	2.81917e+006	623	700	1211	1360	137	162	425	482	391	440	183	210	5.50139e+006	5.50855e+006	75069	75505	131	158	5.57956e+006	5.58688e+006	5.10529e+006	5.1129e+006	
270	2.81172e+006	2.81903e+006	570	643	1130	1273	130	151	387	441	360	406	167	195	5.50173e+006	5.5089e+006	75084	75519	125	149	5.5797e+006	5.58702e+006	5.10547e+006	5.11307e+006	
271	2.81159e+006	2.81891e+006	526	592	1064	1201	119	139	354	402	332	376	155	180	5.50203e+006	5.50921e+006	75095	75530	115	134	5.57983e+006	5.58714e+006	5.10563e+006	5.11323e+006	
272	2.81148e+006	2.81879e+006	492	555	976	1104	108	126	331	376	303	344	141	166	5.50233e+006	5.50951e+006	75108	75542	106	128	5.57994e+006	5.58726e+006	5.10578e+006	5.11338e+006	
273	2.81137e+006	2.81868e+006	459	521	903	1022	101	119	302	343	276	313	129	151	5.50261e+006	5.50979e+006	75120	75554	99	123	5.58006e+006	5.58737e+006	5.10591e+006	5.11351e+006	
274	2.81126e+006	2.81857e+006	433	488	852	964	87	105	277	318	256	292	118	141	5.50285e+006	5.51003e+006	75129	75563	99	116	5.58017e+006	5.58748e+006	5.10605e+006	5.11364e+006	
275	2.81116e+006	2.81847e+006	409	462	784	889	79	95	256	295	238	272	108	128	5.50309e+006	5.51027e+006	75137	75572	92	108	5.58027e+006	5.58757e+006	5.10616e+006	5.11376e+006	
276	2.81107e+006	2.81838e+006	386	439	723	821	69	83	245	284	220	251	100	119	5.50331e+006	5.51048e+006	75144	75579	84	103	5.58036e+006	5.58767e+006	5.10627e+006	5.11387e+006	
277	2.81098e+006	2.81828e+006	365	415	668	762	65	79	228	265	201	230	91	109	5.50351e+006	5.51068e+006	75152	75586	80	98	5.58045e+006	5.58776e+006	5.10638e+006	5.11397e+006	
278	2.8109e+006	2.8182e+006	339	389	628	715	64	77	208	244	188	216	82	99	5.50369e+006	5.51086e+006	75158	75591	74	90	5.58053e+006	5.58784e+006	5.10648e+006	5.11406e+006	
279	2.81082e+006	2.81813e+006	315	364	593	674	58	71	194	229	176	204	75	92	5.50386e+006	5.51103e+006	75164	75597	68	82	5.58061e+006	5.58791e+006	5.10657e+006	5.11416e+006	
280	2.81075e+006	2.81806e+006	297	339	552	629	56	71	185	218	162	190	68	85	5.50401e+006	5.51118e+006	75169	75603	65	80	5.58068e+006	5.58799e+006	5.10666e+006	5.11424e+006	
281	2.81068e+006	2.81799e+006	279	320	517	595	55	69	167	195	149	174	62	78	5.50416e+006	5.51134e+006	75176	75609	62	79	5.58075e+006	5.58806e+006	5.10674e+006	5.11432e+006	
282	2.81062e+006	2.81792e+006	262	301	485	561	52	67	151	175	138	163	58	73	5.50431e+006	5.51148e+006	75181	75614	57	71	5.58082e+006	5.58812e+006	5.10681e+006	5.1144e+006	
283	2.81056e+006	2.81786e+006	251	290	457	525	49	63	143	165	126	151	51	66	5.50444e+006	5.5116e+006	75185	75618	56	71	5.58088e+006	5.58818e+006	5.10688e+006	5.11447e+006	
284	2.8105e+006	2.8178e+006	237	276	426	491	46	61	137	160	117	140	47	60	5.50456e+006	5.51172e+006	75188	75621	51	66	5.58094e+006	5.58824e+006	5.10695e+006	5.11453e+006	
285	2.81043e+006	2.81774e+006	229	266	397	464	44	59	130	152	106	129	43	55	5.50467e+006	5.51183e+006	75192	75625	53	70	5.581e+006	5.5883e+006	5.10702e+006	5.1146e+006	
286	2.81038e+006	2.81768e+006	220	254	374	435	41	55	119	140	100	122	40	51	5.50479e+006	5.51194e+006	75194	75627	47	59	5.58105e+006	5.58836e+006	5.10708e+006	5.11466e+006	
287	2.81033e+006	2.81764e+006	204	239	354	410	39	51	113	133	94	116	39	50	5.50488e+006	5.51204e+006	75197	75630	42	54	5.5811e+006	5.5884e+006	5.10714e+006	5.11471e+006	
288	2.81028e+006	2.81758e+006	197	231	333	386	38	50	105	126	87	108	35	46	5.50498e+006	5.51213e+006	75202	75634	45	58	5.58115e+006	5.58845e+006	5.10719e+006	5.11477e+006	
289	2.81024e+006	2.81754e+006	181	209	320	375	37	49	97	115	79	99	33	44	5.50507e+006	5.51222e+006	75205	75637	37	47	5.58119e+006	5.5885e+006	5.10724e+006	5.11482e+006	
290	2.8102e+006	2.8175e+006	167	195	304	357	35	46	90	106	74	93	31	42	5.50515e+006	5.51231e+006	75208	75640	33	45	5.58123e+006	5.58854e+006	5.10729e+006	5.11487e+006	
291	2.81016e+006	2.81746e+006	161	190	287	335	33	43	79	95	69	85	29	38	5.50523e+006	5.51239e+006	75210	75642	37	47	5.58128e+006	5.58858e+006	5.10734e+006	5.11492e+006	
292	2.81012e+006	2.81742e+006	152	177	275	323	32	42	75	91	62	77	24	33	5.50531e+006	5.51247e+006	75212	75644	35	46	5.58132e+006	5.58862e+006	5.10739e+006	5.11496e+006	
293	2.81008e+006	2.81738e+006	152	178	258	305	28	38	71	86	58	73	24	33	5.50538e+006	5.51253e+006	75214	75645	37	48	5.58136e+006	5.58866e+006	5.10743e+006	5.115e+006	
294	2.81004e+006	2.81734e+006	152	177	246	289	24	33	64	79	54	68	22	31	5.50545e+006	5.5126e+006	75216	75648	33	45	5.5814e+006	5.5887e+006	5.10746e+006	5.11504e+006	
295	2.81001e+006	2.81731e+006	141	165	231	271	21	30	64	78	51	65	21	30	5.50551e+006	5.51267e+006	75218	75649	26	35	5.58143e+006	5.58873e+006	5.1075e+006	5.11508e+006	
296	2.80997e+006	2.81727e+006	135	159	218	257	22	30	60	74	46	59	20	29	5.50557e+006	5.51273e+006	75221	75652	30	39	5.58146e+006	5.58877e+006	5.10754e+006	5.11512e+006	
297	2.80994e+006	2.81724e+006	130	152	213	253	21	30	56	71	42	54	17	25	5.50563e+006	5.51278e+006	75223	75654	32	41	5.5815e+006	5.5888e+006	5.10758e+006	5.11516e+006	
298	2.8099e+006	2.8172e+006	125	146	205	239	20	28	55	70	39	50	17	24	5.50568e+006	5.51283e+006	75224	75656	29	38	5.58153e+006	5.58884e+006	5.10762e+006	5.11519e+006	
299	2.80987e+006	2.81717e+006	128	147	195	229	19	26	54	69	36	47	15	22	5.50572e+006	5.51288e+006	75225	75656	28	37	5.58157e+006	5.58887e+006	5.10765e+006	5.11522e+006	
300	2.80984e+006	2.81714e+006	125	147	190	225	18	27	52	66	34	43	14	20	5.50577e+006	5.51292e+006	75226	75658	28	38	5.5816e+006	5.5889e+006	5.10768e+006	5.11525e+006	
301	2.80981e+006	2.81711e+006	117	139	184	217	19	28	47	60	31	39	13	19	5.50582e+006	5.51297e+006	75228	75660	24	33	5.58163e+006	5.58893e+006	5.10771e+006	5.11529e+006	
302	2.80978e+006	2.81708e+006	112	134	180	210	19	26	47	60	30	39	12	18	5.50586e+006	5.51301e+006	75229	75661	24	33	5.58166e+006	5.58896e+006	5.10774e+006	5.11532e+006	
303	2.80975e+006	2.81705e+006	113	134	171	201	18	25	46	59	28	37	11	17	5.5059e+006	5.51305e+006	75230	75662	29	37	5.58169e+006	5.58899e+006	5.10777e+006	5.11535e+006	
304	2.80972e+006	2.81702e+006	111	130	165	195	18	25	43	53	27	35	11	17	5.50595e+006	5.5131e+006	75231	75663	26	34	5.58172e+006	5.58902e+006	5.1078e+006	5.11538e+006	
305	2.80969e+006	2.81699e+006	112	129	163	192	18	26	39	50	26	35	11	17	5.50598e+006	5.51313e+006	75232	75664	25	33	5.58175e+006	5.58905e+006	5.10783e+006	5.1154e+006	
306	2.80966e+006	2.81696e+006	109	127	158	188	17	24	38	50	24	33	10	16	5.50602e+006	5.51317e+006	75233	75665	22	31	5.58178e+006	5.58908e+006	5.10785e+006	5.11543e+006	
307	2.80963e+006	2.81693e+006	106	124	155	185	15	23	38	49	24	33	10	16	5.50605e+006	5.51321e+006	75234	75665	25	34	5.58181e+006	5.58911e+006	5.10788e+006	5.11546e+006	
308	2.8096e+006	2.8169e+006	104	123	153	181	15	23	33	43	23	32	10	16	5.50609e+006	5.51324e+006	75234	75666	24	33	5.58183e+006	5.58914e+006	5.10791e+006	5.11549e+006	
309	2.80957e+006	2.81687e+006	104	124	150	176	15	23	33	42	23	31	10	15	5.50613e+006	5.51328e+006	75235	75666	25	34	5.58186e+006	5.58916e+006	5.10794e+006	5.11551e+006	
310	2.80955e+006	2.81685e+006	105	125	145	171	14	21	32	42	22	30	10	15	5.50616e+006	5.51331e+006	75236	75667	23	31	5.58189e+006	5.58919e+006	5.10796e+006	5.11554e+006	
311	2.80952e+006	2.81682e+006	103	122	145	172	14	21	32	43	21	29	10	16	5.50619e+006	5.51334e+006	75236	75668	23	31	5.58192e+006	5.58922e+006	5.10799e+006	5.11557e+006	
312	2.80949e+006	2.81679e+006	101	120	145	170	16	23	31	42	21	28	10	16	5.50622e+006	5.51337e+006	75236	75668	23	31	5.58195e+006	5.58925e+006	5.10802e+006	5.11559e+006	
313	2.80946e+006	2.81676e+006	101	121	142	168	15	21	32	42	20	27	9	15	5.50625e+006	5.5134e+006	75237	75669	26	35	5.58198e+006	5.58928e+006	5.10804e+006	5.11562e+006	
314	2.80944e+006	2.81674e+006	100	119	140	167	13	20	33	45	19	26	8	14	5.50628e+006	5.51343e+006	75238	75670	22	29	5.582e+006	5.5893e+006	5.10807e+006	5.11564e+006	
315	2.80941e+006	2.81671e+006	101	119	140	166	12	18	33	44	17	24	7	13	5.50631e+006	5.51346e+006	75239	75671	24	31	5.58203e+006	5.58933e+006	5.10809e+006	5.11567e+006	
316	2.80938e+006	2.81668e+006	101	119	139	167	13	19	34	44	16	23	7	13	5.50634e+006	5.51349e+006	75240	75671	23	31	5.58205e+006	5.58936e+006	5.10812e+006	5.1157e+006	
317	2.80935e+006	2.81665e+006	100	118	140	168	12	19	34	43	16	23	7	13	5.50637e+006	5.51352e+006	75240	75672	25	34	5.58208e+006	5.58938e+006	5.10815e+006	5.11572e+006	
318	2.80932e+006	2.81662e+006	107	125	137	164	13	19	35	44	15	21	6	11	5.5064e+006	5.51355e+006	75241	75672	29	37	5.58212e+006	5.58942e+006	5.10817e+006	5.11575e+006	
319	2.8093e+006	2.8166e+006	100	120	135	161	13	20	34	44	15	21	6	11	5.50642e+006	5.51358e+006	75242	75673	18	25	5.58214e+006	5.58944e+006	5.10819e+006	5.11577e+006	
320	2.80927e+006	2.81657e+006	101	120	135	160	13	20	32	42	14	21	6	11	5.50645e+006	5.5136e+006	75242	75673	24	31	5.58217e+006	5.58947e+006	5.10822e+006	5.1158e+006	
321	2.80924e+006	2.81655e+006	98	116	137	163	13	20	30	39	14	21	6	10	5.50648e+006	5.51363e+006	75242	75673	22	30	5.58219e+006	5.58949e+006	5.10825e+006	5.11582e+006	
322	2.80922e+006	2.81652e+006	91	108	141	167	15	21	31	40	13	20	6	10	5.50651e+006	5.51366e+006	75243	75674	21	29	5.58222e+006	5.58952e+006	5.10828e+006	5.11585e+006	
323	2.8092e+006	2.8165e+006	93	111	133	159	14	20	30	40	14	20	6	11	5.50654e+006	5.51369e+006	75243	75675	20	28	5.58224e+006	5.58954e+006	5.1083e+006	5.11587e+006	
324	2.80917e+006	2.81647e+006	90	107	136	161	13	19	29	39	14	20	6	10	5.50656e+006	5.51372e+006	75244	75675	19	27	5.58226e+006	5.58956e+006	5.10832e+006	5.1159e+006	
325	2.80915e+006	2.81645e+006	91	109	134	161	13	19	27	37	15	22	6	10	5.50659e+006	5.51374e+006	75244	75675	24	32	5.58229e+006	5.58959e+006	5.10834e+006	5.11592e+006	
326	2.80912e+006	2.81642e+006	93	111	132	159	12	19	28	38	15	21	6	10	5.50662e+006	5.51377e+006	75244	75676	22	31	5.58232e+006	5.58962e+006	5.10837e+006	5.11595e+006	
327	2.80909e+006	2.81639e+006	93	111	129	153	12	18	30	40	14	20	5	9	5.50665e+006	5.5138e+006	75245	75676	20	29	5.58234e+006	5.58964e+006	5.10839e+006	5.11597e+006	
328	2.80907e+006	2.81637e+006	95	114	122	145	11	16	29	38	15	21	6	10	5.50668e+006	5.51383e+006	75245	75676	22	30	5.58237e+006	5.58967e+006	5.10841e+006	5.11599e+006	
329	2.80904e+006	2.81634e+006	93	112	127	151	11	17	27	37	13	19	5	9	5.5067e+006	5.51385e+006	75245	75677	22	30	5.58239e+006	5.58969e+006	5.10844e+006	5.11602e+006	
330	2.80902e+006	2.81632e+006	93	109	124	150	12	18	26	35	13	19	5	9	5.50673e+006	5.51388e+006	75246	75678	21	28	5.58242e+006	5.58972e+006	5.10846e+006	5.11604e+006	
331	2.80899e+006	2.81629e+006	93	110	124	150	11	17	25	33	13	19	5	9	5.50676e+006	5.51391e+006	75247	75679	21	30	5.58245e+006	5.58974e+006	5.10849e+006	5.11606e+006	
332	2.80897e+006	2.81627e+006	91	107	126	150	11	17	24	34	13	19	4	7	5.50678e+006	5.51393e+006	75248	75680	19	27	5.58247e+006	5.58977e+006	5.10851e+006	5.11609e+006	
333	2.80894e+006	2.81624e+006	91	107	127	153	11	17	24	33	13	18	4	7	5.50681e+006	5.51396e+006	75248	75680	22	30	5.5825e+006	5.58979e+006	5.10853e+006	5.11611e+006	
334	2.80892e+006	2.81622e+006	89	105	128	153	12	17	23	32	12	18	4	7	5.50683e+006	5.51398e+006	75249	75680	19	25	5.58252e+006	5.58981e+006	5.10856e+006	5.11613e+006	
335	2.8089e+006	2.8162e+006	88	103	124	148	14	20	22	31	10	16	3	7	5.50686e+006	5.51401e+006	75250	75681	20	28	5.58254e+006	5.58984e+006	5.10858e+006	5.11615e+006	
336	2.80887e+006	2.81617e+006	90	105	122	146	13	19	24	34	10	16	3	7	5.50688e+006	5.51404e+006	75250	75682	21	30	5.58257e+006	5.58986e+006	5.1086e+006	5.11617e+006	
337	2.80885e+006	2.81615e+006	88	104	123	145	14	20	27	37	11	17	4	7	5.5069e+006	5.51406e+006	75250	75682	20	28	5.58259e+006	5.58989e+006	5.10862e+006	5.1162e+006	
338	2.80882e+006	2.81612e+006	89	107	121	142	13	19	27	37	10	16	3	7	5.50693e+006	5.51408e+006	75251	75682	21	28	5.58262e+006	5.58991e+006	5.10864e+006	5.11622e+006	
339	2.8088e+006	2.81609e+006	93	110	119	140	12	19	26	35	12	17	3	7	5.50696e+006	5.51411e+006	75251	75683	24	32	5.58264e+006	5.58994e+006	5.10867e+006	5.11624e+006	
340	2.80877e+006	2.81607e+006	91	108	121	143	12	18	26	36	11	17	3	6	5.50698e+006	5.51413e+006	75251	75683	20	27	5.58267e+006	5.58996e+006	5.10869e+006	5.11627e+006	
341	2.80875e+006	2.81604e+006	94	110	122	143	9	15	27	37	11	17	3	6	5.50701e+006	5.51416e+006	75251	75683	23	31	5.58269e+006	5.58999e+006	5.10871e+006	5.11629e+006	
342	2.80872e+006	2.81602e+006	95	111	123	144	10	15	27	36	11	16	4	7	5.50703e+006	5.51418e+006	75252	75683	21	29	5.58272e+006	5.59001e+006	5.10874e+006	5.11631e+006	
343	2.8087e+006	2.816e+006	90	104	124	146	10	15	27	35	11	17	3	6	5.50706e+006	5.5142e+006	75252	75684	19	26	5.58274e+006	5.59004e+006	5.10876e+006	5.11634e+006	
344	2.80868e+006	2.81597e+006	91	109	124	147	11	17	24	32	11	18	3	6	5.50708e+006	5.51423e+006	75252	75684	22	30	5.58277e+006	5.59006e+006	5.10878e+006	5.11636e+006	
345	2.80865e+006	2.81594e+006	91	109	125	149	12	18	27	35	11	17	3	6	5.5071e+006	5.51425e+006	75253	75684	22	31	5.5828e+006	5.59009e+006	5.10881e+006	5.11638e+006	
346	2.80862e+006	2.81592e+006	91	110	124	147	12	19	27	36	11	17	3	6	5.50713e+006	5.51427e+006	75253	75684	22	30	5.58282e+006	5.59011e+006	5.10883e+006	5.1164e+006	
347	2.8086e+006	2.81589e+006	92	110	123	145	12	19	27	37	11	17	3	6	5.50715e+006	5.5143e+006	75253	75685	19	26	5.58284e+006	5.59014e+006	5.10885e+006	5.11642e+006	
348	2.80857e+006	2.81587e+006	93	110	126	147	11	18	27	36	11	17	3	6	5.50718e+006	5.51432e+006	75254	75685	22	30	5.58287e+006	5.59016e+006	5.10888e+006	5.11645e+006	
349	2.80855e+006	2.81584e+006	92	111	123	146	12	19	26	36	11	17	4	8	5.5072e+006	5.51435e+006	75254	75686	23	31	5.5829e+006	5.59019e+006	5.1089e+006	5.11647e+006	
350	2.80852e+006	2.81582e+006	91	109	123	149	12	20	28	38	10	16	4	8	5.50723e+006	5.51437e+006	75254	75686	21	28	5.58292e+006	5.59021e+006	5.10892e+006	5.11649e+006	
351	2.8085e+006	2.81579e+006	91	111	121	146	12	18	26	35	11	17	4	8	5.50725e+006	5.5144e+006	75255	75686	20	28	5.58295e+006	5.59024e+006	5.10894e+006	5.11652e+006	
352	2.80848e+006	2.81577e+006	90	109	122	147	12	18	25	34	12	18	4	8	5.50728e+006	5.51442e+006	75255	75687	20	28	5.58297e+006	5.59026e+006	5.10897e+006	5.11654e+006	
353	2.80845e+006	2.81574e+006	86	102	125	152	13	19	25	33	11	17	4	8	5.5073e+006	5.51445e+006	75255	75687	18	26	5.58299e+006	5.59028e+006	5.10899e+006	5.11656e+006	
354	2.80843e+006	2.81572e+006	87	103	122	149	14	21	25	33	11	17	4	7	5.50733e+006	5.51447e+006	75255	75687	22	29	5.58302e+006	5.59031e+006	5.10901e+006	5.11658e+006	
355	2.8084e+006	2.81569e+006	92	109	120	147	12	20	25	32	12	19	5	9	5.50735e+006	5.5145e+006	75256	75687	25	33	5.58305e+006	5.59034e+006	5.10904e+006	5.11661e+006	
356	2.80838e+006	2.81567e+006	91	107	119	146	12	20	24	32	13	20	5	9	5.50738e+006	5.51452e+006	75256	75688	19	26	5.58307e+006	5.59036e+006	5.10906e+006	5.11663e+006	
357	2.80835e+006	2.81564e+006	96	114	119	145	12	20	24	32	12	19	5	8	5.5074e+006	5.51455e+006	75256	75688	24	32	5.5831e+006	5.59039e+006	5.10908e+006	5.11665e+006	
358	2.80833e+006	2.81561e+006	96	115	119	143	12	19	26	34	13	19	5	9	5.50743e+006	5.51457e+006	75256	75688	22	30	5.58313e+006	5.59041e+006	5.1091e+006	5.11667e+006	
359	2.8083e+006	2.81559e+006	91	108	122	145	12	18	24	32	11	17	4	7	5.50746e+006	5.5146e+006	75257	75689	20	26	5.58315e+006	5.59043e+006	5.10913e+006	5.1167e+006	
360	2.80828e+006	2.81556e+006	92	111	122	144	11	16	23	32	12	18	4	7	5.50748e+006	5.51463e+006	75257	75689	21	28	5.58317e+006	5.59046e+006	5.10915e+006	5.11672e+006	
361	2.80826e+006	2.81554e+006	89	105	124	148	12	18	23	31	11	18	3	7	5.5075e+006	5.51465e+006	75258	75690	20	27	5.5832e+006	5.59048e+006	5.10918e+006	5.11674e+006	
362	2.80823e+006	2.81552e+006	85	101	126	149	12	19	22	30	10	15	3	6	5.50753e+006	5.51467e+006	75259	75691	19	26	5.58322e+006	5.5905e+006	5.1092e+006	5.11677e+006	
363	2.80821e+006	2.81549e+006	90	106	126	150	12	19	22	30	10	16	3	6	5.50755e+006	5.51469e+006	75259	75691	24	31	5.58325e+006	5.59053e+006	5.10922e+006	5.11679e+006	
364	2.80818e+006	2.81547e+006	90	105	126	150	12	19	20	28	11	17	4	8	5.50758e+006	5.51472e+006	75259	75691	21	28	5.58327e+006	5.59056e+006	5.10925e+006	5.11681e+006	
