Day	Susceptible-LB	Susceptible-UB	Exposed-LB	Exposed-UB	Current Detected Mild Infections-LB	Current Detected Mild Infections-UB	Current Undetected Mild Infections-LB	Current Undetected Mild Infections-UB	Current Hospitalizations-LB	Current Hospitalizations-UB	Current ICU patients-LB	Current ICU patients-UB	ventilators-LB	ventilators-UB	Recovered-LB	Recovered-UB	Deaths-LB	Deaths-UB	new infections today-LB	new infections today-UB	total number of infections-LB	total number of infections-UB	Confirmed total number of infections-LB	Confirmed total number of infections-UB	
0	8.39872e+006	8.39872e+006	16	16	0	0	0	0	0	0	0	0	0	0	0	0	0	0	0	0	16	16	0	0	
1	8.39856e+006	8.39856e+006	176	176	0	0	0	0	0	0	0	0	0	0	0	0	0	0	160	160	176	176	0	0	
2	8.3984e+006	8.3984e+006	336	336	0	0	0	0	0	0	0	0	0	0	0	0	0	0	160	160	336	336	0	0	
3	8.39822e+006	8.39822e+006	512	512	0	0	0	0	0	0	0	0	0	0	0	0	0	0	176	176	512	512	0	0	
4	8.39804e+006	8.39805e+006	674	681	16	16	0	0	0	0	0	0	0	0	0	0	0	0	178	185	690	697	16	16	
5	8.39783e+006	8.39784e+006	716	731	131	140	36	45	0	0	0	0	0	0	0	0	0	0	199	211	892	907	131	140	
6	8.3976e+006	8.39762e+006	781	799	251	262	74	85	0	0	0	0	0	0	0	0	0	0	220	233	1117	1135	251	262	
7	8.39735e+006	8.39737e+006	852	875	381	396	116	131	0	0	0	0	0	0	0	0	0	0	242	258	1364	1387	381	396	
8	8.39707e+006	8.3971e+006	940	972	515	533	162	178	0	0	0	0	0	0	0	0	0	0	264	284	1632	1667	515	533	
9	8.39677e+006	8.39682e+006	1024	1062	668	691	210	229	0	0	0	0	0	0	0	0	0	0	283	303	1920	1964	668	691	
10	8.39643e+006	8.39649e+006	1126	1173	822	849	264	285	0	0	0	0	0	0	16	16	0	0	322	344	2247	2303	839	864	
11	8.39607e+006	8.39613e+006	1238	1288	890	921	284	304	27	35	0	0	0	0	141	149	0	0	352	374	2607	2670	1033	1062	
12	8.39568e+006	8.39575e+006	1345	1400	972	1014	309	332	56	67	0	0	0	0	269	280	0	0	371	397	2984	3060	1239	1275	
13	8.39527e+006	8.39535e+006	1456	1513	1056	1107	336	362	88	101	0	0	0	0	411	424	0	0	392	417	3383	3471	1460	1503	
14	8.39483e+006	8.39493e+006	1546	1608	1172	1233	364	393	121	136	0	0	0	0	557	574	0	0	408	442	3802	3902	1720	1772	
15	8.39436e+006	8.39448e+006	1646	1712	1288	1353	403	434	161	179	0	0	0	0	718	740	0	0	451	479	4261	4373	2004	2059	
16	8.39387e+006	8.394e+006	1742	1811	1400	1475	443	476	203	223	0	0	0	0	901	924	0	0	465	498	4734	4863	2293	2360	
17	8.39338e+006	8.39352e+006	1820	1897	1508	1590	484	520	223	244	15	19	14	17	1111	1139	0	0	470	505	5213	5359	2603	2678	
18	8.39285e+006	8.39301e+006	1914	1994	1614	1703	525	563	245	265	25	30	19	22	1349	1385	0	0	504	536	5727	5885	2926	3009	
19	8.39229e+006	8.39247e+006	2000	2086	1740	1833	568	609	269	290	33	40	23	27	1606	1646	0	0	536	572	6271	6449	3285	3376	
20	8.39182e+006	8.39203e+006	1968	2060	1838	1938	615	656	302	327	42	50	26	31	1887	1942	0	0	432	473	6711	6914	3649	3753	
21	8.39132e+006	8.39154e+006	1976	2067	1928	2036	645	686	330	357	55	64	33	39	2204	2267	0	0	478	512	7199	7416	4037	4151	
22	8.39081e+006	8.39105e+006	1950	2052	2035	2144	674	715	362	392	65	76	38	46	2538	2612	0	0	479	520	7688	7926	4455	4578	
23	8.39028e+006	8.39054e+006	1914	2021	2141	2263	707	755	388	421	80	92	45	53	2894	2979	0	0	501	540	8198	8457	4883	5023	
24	8.38976e+006	8.39004e+006	1973	2078	2163	2296	706	755	417	449	95	108	51	59	3270	3366	0	0	491	530	8698	8978	5234	5395	
25	8.38921e+006	8.38952e+006	2004	2121	2184	2320	714	762	448	482	111	126	58	69	3679	3789	0	0	510	555	9217	9523	5623	5797	
26	8.38868e+006	8.389e+006	2037	2147	2207	2347	707	756	469	505	130	147	67	79	4111	4235	0	0	509	548	9736	10061	6025	6212	
27	8.3881e+006	8.38846e+006	2064	2189	2219	2367	723	775	497	534	131	149	60	73	4548	4682	13	16	531	579	10275	10633	6424	6627	
28	8.38754e+006	8.38792e+006	2101	2235	2202	2360	727	776	521	557	142	161	65	79	5025	5169	17	20	527	577	10813	11198	6819	7041	
29	8.38697e+006	8.38738e+006	2125	2259	2179	2342	725	774	552	589	158	178	73	87	5520	5682	19	22	535	578	11358	11766	7224	7468	
30	8.38641e+006	8.38684e+006	2144	2277	2228	2390	753	802	560	602	170	191	80	93	5939	6119	20	24	524	570	11893	12325	7627	7886	
31	8.38583e+006	8.38629e+006	2159	2293	2259	2440	772	823	563	607	181	203	83	97	6407	6603	23	28	546	594	12449	12910	8043	8327	
32	8.38527e+006	8.38575e+006	2161	2284	2290	2476	788	843	566	609	201	222	90	104	6873	7089	25	30	526	571	12986	13470	8474	8777	
33	8.38467e+006	8.38519e+006	2181	2315	2315	2507	794	854	566	607	214	235	95	110	7365	7602	29	36	556	608	13551	14070	8898	9219	
34	8.38407e+006	8.38462e+006	2212	2349	2337	2531	808	866	570	610	228	250	101	117	7844	8100	34	41	557	601	14116	14663	9320	9661	
35	8.38348e+006	8.38406e+006	2216	2354	2368	2568	811	872	557	602	240	263	106	122	8359	8636	38	46	551	598	14676	15253	9760	10123	
36	8.38286e+006	8.38347e+006	2268	2417	2384	2584	815	875	566	610	243	267	107	125	8862	9159	40	49	579	633	15264	15876	10183	10564	
37	8.38224e+006	8.38289e+006	2289	2438	2403	2610	819	881	580	627	250	275	110	129	9374	9701	45	55	578	629	15849	16497	10626	11033	
38	8.38163e+006	8.3823e+006	2304	2458	2427	2626	825	889	589	634	257	281	112	131	9896	10245	50	60	572	621	16432	17108	11073	11501	
39	8.38101e+006	8.38171e+006	2331	2486	2437	2640	833	895	597	643	259	283	113	130	10425	10795	56	66	578	627	17022	17724	11508	11960	
40	8.38038e+006	8.38111e+006	2345	2496	2472	2690	846	914	604	650	267	292	116	133	10939	11332	62	72	592	643	17623	18358	11972	12453	
41	8.37974e+006	8.3805e+006	2369	2514	2499	2725	847	916	614	662	270	297	116	134	11476	11897	67	77	597	651	18232	18998	12446	12956	
42	8.37911e+006	8.37991e+006	2381	2534	2567	2794	829	895	618	667	267	295	116	133	12002	12447	74	85	586	639	18828	19627	12938	13472	
43	8.37847e+006	8.3793e+006	2396	2554	2620	2844	797	864	613	663	272	299	120	137	12560	13039	81	92	594	647	19433	20262	13439	13992	
44	8.37783e+006	8.37869e+006	2405	2569	2674	2904	780	845	630	681	276	304	122	140	13098	13601	89	101	603	656	20044	20911	13946	14530	
45	8.37718e+006	8.37808e+006	2406	2575	2752	2981	752	816	639	692	279	307	126	144	13642	14169	94	107	599	656	20654	21557	14463	15073	
46	8.37653e+006	8.37748e+006	2417	2594	2797	3023	718	777	651	707	287	315	129	146	14206	14763	99	112	598	658	21261	22205	14974	15612	
47	8.37588e+006	8.37685e+006	2436	2611	2835	3061	698	756	660	716	289	319	130	148	14775	15365	105	118	613	664	21882	22861	15488	16150	
48	8.37519e+006	8.37621e+006	2467	2645	2853	3091	706	765	670	728	290	319	132	150	15339	15956	112	125	632	692	22524	23543	15996	16689	
49	8.37452e+006	8.37557e+006	2498	2676	2860	3106	718	781	681	740	294	323	134	152	15905	16552	118	132	630	687	23165	24219	16502	17225	
50	8.37385e+006	8.37494e+006	2522	2701	2862	3118	720	785	684	742	297	326	135	153	16493	17173	126	140	623	681	23800	24889	17010	17768	
51	8.37315e+006	8.37428e+006	2559	2742	2866	3123	730	796	688	744	302	331	138	156	17085	17800	133	147	650	706	24459	25585	17524	18309	
52	8.37246e+006	8.37363e+006	2561	2747	2898	3163	743	808	679	734	309	338	141	160	17677	18426	138	153	635	695	25104	26272	18059	18879	
53	8.37178e+006	8.373e+006	2559	2751	2920	3186	758	824	682	738	308	339	142	162	18271	19050	146	162	628	691	25741	26953	18587	19436	
54	8.37109e+006	8.37235e+006	2575	2778	2940	3208	760	826	679	738	308	340	142	163	18876	19691	154	171	640	707	26391	27650	19119	19997	
55	8.37039e+006	8.37168e+006	2574	2781	2980	3251	767	836	686	744	309	343	142	164	19469	20317	162	180	651	708	27053	28347	19667	20577	
56	8.36966e+006	8.371e+006	2618	2827	3005	3280	778	847	691	749	310	346	142	164	20062	20952	170	187	679	741	27741	29080	20204	21149	
57	8.36894e+006	8.37032e+006	2655	2864	3028	3313	772	839	701	758	316	352	145	167	20663	21585	176	194	666	726	28414	29799	20746	21728	
58	8.36823e+006	8.36966e+006	2674	2874	3028	3323	777	846	714	774	322	358	146	168	21278	22237	183	201	655	721	29081	30507	21286	22307	
59	8.3675e+006	8.36898e+006	2689	2904	3048	3347	777	844	727	784	322	359	147	170	21899	22895	189	208	666	738	29758	31234	21844	22891	
60	8.36679e+006	8.3683e+006	2675	2887	3089	3393	790	860	747	803	322	358	148	169	22505	23537	199	218	666	724	30432	31950	22417	23500	
61	8.36604e+006	8.36761e+006	2698	2913	3102	3414	792	860	745	806	322	356	148	170	23158	24225	207	227	690	752	31130	32694	22978	24099	
62	8.3653e+006	8.36692e+006	2723	2944	3123	3434	792	864	748	809	323	357	150	171	23790	24896	216	236	681	750	31820	33436	23534	24688	
63	8.36457e+006	8.36624e+006	2722	2942	3145	3468	805	880	745	808	324	359	148	170	24423	25569	222	243	665	737	32494	34163	24098	25294	
64	8.3638e+006	8.36552e+006	2765	2998	3170	3482	809	880	745	808	327	360	148	171	25065	26258	228	250	708	781	33213	34932	24661	25894	
65	8.36306e+006	8.36482e+006	2770	3003	3202	3521	815	887	739	805	331	367	149	173	25719	26945	235	258	694	758	33917	35680	25243	26517	
66	8.36228e+006	8.36409e+006	2803	3037	3199	3525	818	893	743	811	332	370	151	176	26393	27658	245	268	715	783	34642	36453	25818	27133	
67	8.36154e+006	8.36339e+006	2831	3054	3269	3604	750	821	754	824	337	374	154	179	27043	28351	254	277	693	753	35344	37198	26450	27815	
68	8.36075e+006	8.36266e+006	2845	3070	3387	3730	687	752	755	824	338	376	155	179	27702	29052	260	284	722	797	36077	37983	27121	28533	
69	8.35998e+006	8.36194e+006	2860	3096	3482	3813	627	684	772	841	342	379	159	181	28350	29749	268	291	712	781	36799	38754	27781	29233	
70	8.35919e+006	8.3612e+006	2874	3108	3597	3939	561	616	778	847	347	385	163	185	29006	30443	276	300	728	796	37535	39542	28458	29958	
71	8.35841e+006	8.36046e+006	2915	3149	3671	4010	493	543	791	861	349	391	164	187	29679	31161	284	308	731	798	38279	40327	29115	30658	
72	8.35762e+006	8.35972e+006	2917	3147	3784	4127	425	469	789	857	352	394	167	190	30362	31894	291	316	725	794	39013	41112	29800	31392	
73	8.35685e+006	8.359e+006	2923	3154	3821	4163	434	479	789	861	357	399	166	190	31022	32606	298	323	717	788	39741	41888	30457	32095	
74	8.35604e+006	8.35822e+006	2954	3179	3840	4180	432	480	802	878	358	399	169	192	31719	33348	308	333	758	823	40512	42698	31136	32820	
75	8.35524e+006	8.35748e+006	2955	3193	3880	4223	428	478	804	877	358	402	170	195	32413	34083	317	343	734	809	41257	43496	31825	33549	
76	8.35445e+006	8.35674e+006	2964	3200	3890	4232	429	479	818	894	364	408	172	198	33108	34825	326	352	732	803	42000	44289	32500	34270	
77	8.35363e+006	8.35596e+006	3005	3248	3913	4262	433	480	814	892	367	412	176	201	33800	35557	336	363	761	833	42772	45110	33166	34981	
78	8.3528e+006	8.35518e+006	3018	3265	3945	4285	435	484	823	905	367	411	174	199	34516	36322	344	371	771	840	43556	45937	33874	35725	
79	8.35199e+006	8.35443e+006	3023	3276	3976	4320	429	475	830	913	370	414	174	198	35219	37075	352	379	741	819	44308	46744	34565	36465	
80	8.35117e+006	8.35365e+006	3055	3305	3979	4325	431	477	842	925	371	416	175	199	35934	37837	362	391	762	835	45082	47567	35250	37196	
81	8.35033e+006	8.35286e+006	3073	3321	4000	4356	436	485	851	931	377	422	177	203	36656	38601	369	398	778	850	45874	48403	35960	37953	
82	8.34952e+006	8.35211e+006	3046	3307	4041	4396	441	489	848	930	381	424	177	202	37381	39376	377	408	744	825	46630	49216	36681	38714	
83	8.34867e+006	8.35131e+006	3095	3347	4064	4434	438	487	855	938	381	426	179	205	38093	40132	386	417	788	860	47431	50063	37378	39462	
84	8.34783e+006	8.35051e+006	3109	3368	4065	4439	444	492	872	955	387	434	181	206	38830	40910	395	428	780	852	48222	50904	38085	40214	
85	8.34699e+006	8.34972e+006	3116	3374	4100	4471	452	500	880	963	390	433	182	206	39553	41690	406	438	783	858	49017	51750	38811	40983	
86	8.34615e+006	8.34894e+006	3140	3396	4109	4486	457	504	875	952	386	432	180	206	40295	42483	416	450	769	845	49798	52583	39503	41728	
87	8.34528e+006	8.34812e+006	3156	3423	4138	4513	457	504	876	950	384	431	175	203	41058	43296	427	460	805	888	50614	53460	40240	42508	
88	8.34443e+006	8.34734e+006	3150	3431	4147	4530	454	503	884	955	390	439	182	210	41820	44101	435	469	774	860	51400	54307	40975	43287	
89	8.34359e+006	8.34654e+006	3150	3427	4178	4557	464	516	882	956	394	446	185	215	42557	44892	445	479	781	856	52194	55150	41702	44059	
90	8.34273e+006	8.34573e+006	3176	3451	4190	4575	458	509	875	948	399	450	187	216	43321	45709	456	491	795	868	53002	56006	42422	44828	
91	8.34187e+006	8.34493e+006	3167	3431	4214	4610	461	512	875	954	399	447	186	212	44104	46537	463	499	796	869	53807	56865	43171	45634	
92	8.341e+006	8.34411e+006	3197	3456	4238	4640	466	517	880	958	402	451	188	215	44844	47329	472	510	804	884	54622	57738	43888	46408	
93	8.34011e+006	8.34328e+006	3239	3498	4229	4631	469	521	891	972	407	453	190	216	45620	48150	481	520	823	898	55456	58625	44617	47183	
94	8.33926e+006	8.34248e+006	3234	3494	4239	4641	476	526	896	978	409	454	192	217	46395	48973	490	530	791	865	56257	59479	45359	47971	
95	8.3384e+006	8.34167e+006	3232	3497	4250	4652	477	526	901	978	407	454	190	217	47174	49806	504	544	791	874	57063	60338	46093	48754	
96	8.33748e+006	8.34081e+006	3273	3551	4282	4686	479	532	903	983	408	453	192	217	47942	50623	514	556	847	937	57926	61259	46846	49559	
97	8.33659e+006	8.33998e+006	3267	3549	4303	4697	479	528	911	991	413	457	197	222	48731	51477	525	568	815	897	58754	62142	47617	50380	
98	8.33571e+006	8.33915e+006	3293	3580	4320	4705	476	528	920	1004	415	459	196	221	49494	52299	537	580	818	895	59584	63025	48354	51165	
99	8.33481e+006	8.33831e+006	3335	3619	4325	4714	482	535	912	997	422	462	197	220	50280	53135	547	591	833	912	60429	63926	49089	51949	
100	8.33393e+006	8.33748e+006	3299	3575	4371	4779	487	540	914	1000	422	462	196	220	51075	53979	555	600	812	892	61256	64802	49878	52796	
101	8.33304e+006	8.33664e+006	3310	3581	4395	4806	487	536	923	1014	425	466	195	222	51858	54808	567	612	826	903	62093	65694	50639	53610	
102	8.33213e+006	8.33579e+006	3331	3612	4408	4819	486	536	932	1020	422	466	194	221	52657	55663	577	623	840	925	62943	66609	51407	54426	
103	8.33121e+006	8.33493e+006	3349	3631	4417	4832	487	538	935	1025	423	468	192	219	53476	56531	589	635	852	931	63807	67528	52189	55260	
104	8.33031e+006	8.33409e+006	3364	3653	4447	4868	479	528	934	1021	422	467	189	215	54269	57376	601	647	828	912	64649	68426	52958	56076	
105	8.32939e+006	8.33322e+006	3393	3692	4482	4902	475	526	945	1030	422	468	188	213	55053	58213	611	659	854	944	65521	69351	53726	56898	
106	8.32849e+006	8.33237e+006	3384	3673	4469	4886	480	533	954	1043	427	476	187	213	55892	59103	620	668	830	907	66363	70246	54504	57735	
107	8.32758e+006	8.33152e+006	3375	3662	4503	4918	481	537	947	1034	423	474	186	214	56721	59985	632	680	843	921	67218	71154	55298	58580	
108	8.32666e+006	8.33065e+006	3399	3683	4512	4934	483	536	944	1033	431	480	190	219	57536	60851	643	692	850	934	68082	72075	56073	59410	
109	8.32572e+006	8.32977e+006	3417	3692	4529	4960	487	540	953	1043	427	479	187	218	58360	61731	655	705	873	951	68966	73014	56878	60264	
110	8.32479e+006	8.3289e+006	3449	3731	4538	4967	496	550	956	1052	430	481	189	218	59172	62589	664	715	862	946	69841	73948	57653	61088	
111	8.32385e+006	8.32801e+006	3476	3767	4555	4986	495	549	957	1052	435	487	193	222	59991	63460	677	728	869	957	70726	74889	58440	61925	
112	8.32292e+006	8.32713e+006	3491	3773	4574	5001	489	540	952	1045	438	489	195	224	60833	64368	688	739	864	940	71602	75818	59234	62778	
113	8.32197e+006	8.32624e+006	3497	3787	4593	5016	494	543	967	1058	441	489	199	227	61670	65263	698	750	879	966	72494	76771	60048	63643	
114	8.32102e+006	8.32535e+006	3511	3800	4621	5045	498	550	973	1063	443	493	202	232	62494	66139	708	761	877	959	73383	77717	60852	64501	
115	8.32005e+006	8.32445e+006	3533	3821	4639	5060	496	549	972	1067	457	507	210	239	63343	67036	718	771	893	976	74287	78683	61672	65370	
116	8.31911e+006	8.32356e+006	3547	3841	4667	5087	501	555	979	1068	456	508	211	241	64166	67917	730	784	876	963	75177	79631	62475	66223	
117	8.31813e+006	8.32264e+006	3571	3862	4700	5126	506	560	978	1068	462	517	212	242	65005	68810	739	793	902	988	76096	80603	63296	67102	
118	8.31718e+006	8.32175e+006	3577	3871	4717	5144	513	570	986	1073	462	518	209	239	65853	69713	748	804	881	970	76989	81559	64110	67965	
119	8.31621e+006	8.32084e+006	3579	3874	4733	5167	514	575	993	1080	464	520	212	242	66719	70631	759	816	897	977	77898	82524	64938	68850	
120	8.31523e+006	8.31991e+006	3617	3911	4746	5182	514	577	1000	1091	467	523	214	244	67574	71540	769	826	915	1000	78828	83509	65759	69722	
121	8.31427e+006	8.319e+006	3604	3897	4772	5204	523	584	1002	1090	471	526	216	245	68444	72464	780	837	888	974	79733	84467	66602	70615	
122	8.31329e+006	8.31807e+006	3640	3920	4790	5229	525	584	1007	1092	474	528	218	248	69302	73374	792	850	916	993	80662	85446	67424	71496	
123	8.31232e+006	8.31716e+006	3644	3931	4800	5233	533	591	1009	1092	470	525	218	247	70188	74318	802	861	901	988	81576	86421	68254	72377	
124	8.31131e+006	8.31622e+006	3660	3950	4838	5274	534	590	1020	1106	470	524	219	246	71054	75241	812	873	934	1017	82519	87428	69108	73284	
125	8.31031e+006	8.31527e+006	3703	3993	4831	5269	536	594	1023	1114	461	515	214	242	71946	76193	828	890	930	1019	83467	88429	69941	74161	
126	8.3093e+006	8.31431e+006	3733	4027	4862	5288	546	604	1024	1115	470	523	218	248	72813	77120	840	902	945	1027	84427	89441	70794	75060	
127	8.30831e+006	8.31338e+006	3746	4038	4862	5294	543	600	1037	1130	471	524	218	248	73703	78063	852	918	913	1000	85356	90424	71637	75961	
128	8.30729e+006	8.31242e+006	3755	4053	4904	5336	549	610	1048	1140	470	520	219	247	74578	79000	863	930	942	1033	86313	91443	72506	76887	
129	8.30628e+006	8.31147e+006	3765	4061	4941	5374	548	610	1062	1161	472	521	220	246	75458	79931	875	942	943	1024	87267	92455	73375	77806	
130	8.30527e+006	8.3105e+006	3770	4065	4970	5400	551	609	1060	1155	476	523	222	247	76376	80908	885	954	949	1031	88233	93470	74260	78740	
131	8.30426e+006	8.30956e+006	3785	4085	4997	5428	550	606	1053	1144	473	521	221	246	77279	81868	897	966	930	1018	89179	94472	75114	79642	
132	8.30323e+006	8.30858e+006	3805	4101	5028	5475	543	601	1058	1151	476	528	221	248	78184	82820	910	980	960	1050	90155	95505	75999	80583	
133	8.30223e+006	8.30763e+006	3797	4093	5061	5501	551	612	1043	1133	487	539	225	252	79093	83788	921	992	935	1017	91105	96507	76872	81508	
134	8.3012e+006	8.30666e+006	3807	4107	5078	5515	551	610	1046	1137	490	541	227	256	80022	84781	929	1001	957	1047	92078	97538	77756	82441	
135	8.30018e+006	8.3057e+006	3826	4120	5076	5520	548	611	1053	1143	493	547	230	260	80946	85758	941	1013	947	1033	93038	98559	78627	83366	
136	8.29917e+006	8.30474e+006	3804	4099	5085	5534	555	618	1057	1153	492	546	226	257	81890	86749	954	1026	941	1026	93993	99571	79521	84313	
137	8.29814e+006	8.30377e+006	3822	4122	5106	5552	554	620	1070	1169	491	545	226	258	82794	87705	966	1040	954	1039	94962	100595	80397	85237	
138	8.29712e+006	8.3028e+006	3821	4119	5115	5553	564	629	1075	1180	500	555	230	262	83726	88693	977	1050	957	1042	95936	101620	81292	86186	
139	8.2961e+006	8.30183e+006	3828	4119	5124	5565	562	624	1093	1193	504	558	230	263	84648	89677	988	1061	955	1032	96904	102640	82178	87127	
140	8.29507e+006	8.30086e+006	3842	4135	5113	5559	564	625	1093	1194	504	558	231	265	85601	90679	1000	1075	956	1042	97877	103664	83055	88060	
141	8.29403e+006	8.29988e+006	3855	4147	5132	5576	571	627	1094	1192	509	565	233	268	86529	91664	1011	1087	964	1053	98857	104702	83943	88999	
142	8.29299e+006	8.2989e+006	3861	4160	5134	5575	566	621	1105	1197	505	564	232	266	87488	92680	1022	1100	962	1056	99835	105742	84843	89946	
143	8.29195e+006	8.29791e+006	3883	4184	5146	5582	575	628	1108	1203	509	567	232	268	88417	93662	1034	1112	978	1056	100825	106786	85729	90880	
144	8.29091e+006	8.29693e+006	3891	4194	5143	5580	574	627	1125	1213	516	574	233	268	89356	94662	1046	1125	963	1053	101802	107824	86623	91824	
145	8.28987e+006	8.29595e+006	3897	4196	5160	5602	574	626	1133	1221	520	575	233	266	90293	95663	1056	1136	970	1056	102788	108863	87530	92785	
146	8.2888e+006	8.29494e+006	3927	4232	5176	5624	580	634	1131	1221	519	573	235	266	91236	96663	1070	1151	992	1092	103797	109939	88424	93737	
147	8.28774e+006	8.29395e+006	3929	4246	5210	5645	573	626	1132	1230	532	587	241	272	92178	97653	1082	1164	980	1070	104791	110995	89341	94707	
148	8.28669e+006	8.29295e+006	3947	4261	5211	5650	578	631	1128	1227	532	586	239	270	93141	98668	1096	1178	982	1065	105788	112046	90233	95656	
149	8.28562e+006	8.29193e+006	3979	4291	5230	5678	571	628	1137	1231	527	580	239	270	94090	99672	1112	1194	1000	1088	106805	113116	91146	96616	
150	8.28455e+006	8.29092e+006	3987	4286	5263	5726	575	631	1121	1220	536	588	241	271	95057	100691	1123	1205	1000	1087	107821	114188	92072	97607	
151	8.2835e+006	8.28991e+006	3996	4281	5273	5738	580	635	1110	1211	542	591	241	270	96028	101720	1136	1220	988	1066	108824	115239	92985	98577	
152	8.28243e+006	8.2889e+006	4014	4302	5303	5756	572	627	1124	1224	546	594	245	274	96976	102734	1146	1232	1002	1084	109841	116309	93907	99550	
153	8.28138e+006	8.2879e+006	3996	4280	5318	5777	580	635	1121	1212	547	596	248	278	97958	103772	1159	1246	982	1065	110838	117358	94839	100533	
154	8.28028e+006	8.28686e+006	4018	4305	5345	5804	589	644	1130	1222	549	595	250	279	98915	104786	1170	1259	1023	1113	111878	118454	95767	101510	
155	8.27919e+006	8.28582e+006	4056	4349	5358	5807	595	652	1123	1212	547	594	254	282	99899	105818	1184	1273	1025	1110	112920	119547	96688	102472	
156	8.2781e+006	8.28478e+006	4073	4374	5367	5801	593	652	1133	1224	547	596	254	285	100888	106868	1196	1285	1020	1108	113958	120638	97626	103457	
157	8.27701e+006	8.28375e+006	4105	4416	5368	5796	592	654	1142	1236	538	588	252	284	101869	107903	1211	1300	1015	1107	114989	121728	98543	104421	
158	8.27592e+006	8.28271e+006	4098	4407	5404	5841	596	658	1144	1236	538	589	255	289	102852	108941	1222	1312	1013	1106	116022	122815	99505	105435	
159	8.27482e+006	8.28167e+006	4100	4412	5421	5855	601	669	1149	1246	543	594	257	291	103847	109986	1232	1324	1028	1116	117067	123913	100457	106431	
160	8.27371e+006	8.2806e+006	4132	4436	5449	5884	594	660	1142	1241	543	596	256	291	104853	111047	1248	1339	1050	1135	118136	125028	101413	107437	
161	8.27261e+006	8.27956e+006	4140	4443	5472	5923	598	661	1151	1247	539	594	259	293	105837	112081	1261	1353	1021	1115	119173	126128	102360	108438	
162	8.27151e+006	8.27852e+006	4149	4457	5479	5937	605	667	1151	1246	540	593	256	289	106839	113140	1273	1367	1024	1118	120215	127227	103306	109434	
163	8.2704e+006	8.27748e+006	4146	4469	5518	5981	611	674	1156	1251	540	591	254	286	107817	114175	1285	1380	1027	1126	121257	128338	104267	110441	
164	8.2693e+006	8.27643e+006	4128	4447	5537	5989	623	684	1160	1253	543	594	253	285	108839	115250	1299	1395	1030	1114	122305	129434	105245	111463	
165	8.26817e+006	8.27536e+006	4159	4486	5534	5995	622	681	1176	1267	545	597	253	284	109849	116312	1312	1409	1053	1155	123377	130570	106197	112473	
166	8.26706e+006	8.27431e+006	4160	4495	5537	6001	624	685	1178	1275	550	601	255	286	110866	117380	1324	1422	1027	1124	124422	131676	107157	113486	
167	8.26593e+006	8.27324e+006	4191	4513	5552	6021	622	684	1186	1287	551	601	253	283	111875	118446	1336	1435	1056	1146	125493	132806	108116	114508	
168	8.2648e+006	8.27217e+006	4218	4550	5574	6034	618	676	1187	1291	550	599	253	282	112894	119519	1349	1449	1058	1150	126568	133939	109081	115519	
169	8.26366e+006	8.27109e+006	4226	4545	5588	6066	626	685	1191	1296	553	603	250	281	113917	120594	1363	1464	1060	1151	127644	135074	110058	116555	
170	8.26252e+006	8.27002e+006	4256	4573	5571	6067	616	680	1200	1301	547	597	250	282	114972	121696	1376	1477	1058	1151	128714	136213	111022	117575	
171	8.26139e+006	8.26896e+006	4246	4582	5604	6089	621	685	1199	1301	552	603	252	284	115994	122772	1388	1491	1048	1153	129779	137348	112003	118611	
172	8.26026e+006	8.26789e+006	4237	4580	5635	6122	622	684	1204	1306	555	606	256	287	117014	123847	1404	1508	1047	1149	130845	138478	112994	119656	
173	8.25913e+006	8.26682e+006	4225	4575	5672	6151	621	678	1208	1313	552	604	253	284	118041	124937	1418	1522	1049	1145	131912	139604	113994	120712	
174	8.25801e+006	8.26575e+006	4219	4569	5697	6186	622	683	1217	1320	552	604	253	285	119068	126009	1432	1537	1052	1145	132984	140731	114979	121760	
175	8.25688e+006	8.26469e+006	4218	4559	5706	6200	608	666	1204	1313	556	608	253	284	120134	127137	1444	1551	1047	1143	134049	141856	115967	122814	
176	8.25573e+006	8.26361e+006	4228	4578	5714	6211	623	678	1203	1315	565	621	257	291	121155	128214	1458	1566	1058	1167	135125	143005	116941	123849	
177	8.25456e+006	8.2625e+006	4269	4622	5709	6217	617	674	1198	1306	569	624	260	292	122213	129336	1472	1581	1091	1188	136232	144177	117925	124885	
178	8.25342e+006	8.26142e+006	4282	4632	5703	6210	619	676	1201	1309	570	628	258	293	123271	130449	1485	1593	1066	1154	137313	145316	118911	125924	
179	8.25229e+006	8.26035e+006	4289	4637	5680	6194	625	689	1209	1314	571	632	263	297	124323	131560	1500	1608	1052	1149	138384	146446	119884	126951	
180	8.25113e+006	8.25926e+006	4303	4648	5681	6213	623	687	1206	1310	576	635	263	295	125380	132683	1514	1623	1073	1178	139473	147608	120876	128010	
181	8.24994e+006	8.25815e+006	4314	4662	5712	6239	632	698	1214	1314	566	625	257	289	126435	133805	1529	1639	1097	1206	140590	148794	121892	129085	
182	8.2488e+006	8.25707e+006	4304	4674	5739	6252	624	690	1221	1319	567	626	257	287	127482	134919	1539	1650	1058	1165	141667	149940	122890	130134	
183	8.24762e+006	8.25596e+006	4344	4721	5738	6250	629	695	1238	1340	571	631	261	292	128516	136007	1552	1663	1094	1195	142778	151117	123871	131170	
184	8.24648e+006	8.25487e+006	4336	4707	5748	6274	637	707	1237	1340	577	634	265	295	129568	137115	1566	1677	1064	1165	143862	152261	124868	132234	
185	8.2453e+006	8.25377e+006	4327	4697	5799	6333	639	709	1232	1337	578	636	265	294	130619	138226	1582	1694	1089	1195	144968	153440	125898	133326	
186	8.24412e+006	8.25266e+006	4360	4723	5793	6325	645	715	1235	1340	568	625	257	286	131684	139367	1599	1712	1091	1192	146077	154613	126886	134377	
187	8.24295e+006	8.25155e+006	4357	4718	5793	6329	649	717	1249	1360	568	626	256	285	132760	140507	1612	1725	1089	1190	147186	155783	127903	135456	
188	8.24178e+006	8.25044e+006	4386	4743	5794	6338	649	715	1245	1355	571	630	256	287	133831	141633	1625	1739	1094	1189	148298	156955	128902	136511	
189	8.2406e+006	8.24933e+006	4390	4747	5831	6386	645	715	1243	1345	580	639	257	289	134882	142748	1639	1754	1095	1197	149409	158136	129921	137594	
190	8.23944e+006	8.24822e+006	4384	4738	5842	6395	653	719	1251	1356	576	636	256	288	135955	143887	1653	1768	1084	1183	150513	159299	130933	138666	
191	8.23827e+006	8.24712e+006	4382	4739	5839	6384	648	714	1250	1362	584	643	260	291	137052	145049	1664	1780	1088	1191	151619	160471	131955	139746	
192	8.23708e+006	8.246e+006	4388	4756	5874	6405	654	714	1250	1366	582	640	258	286	138116	146177	1679	1797	1101	1206	152736	161661	132974	140823	
193	8.23591e+006	8.2449e+006	4378	4738	5868	6403	658	720	1249	1370	585	646	258	288	139211	147330	1692	1811	1084	1180	153837	162824	133991	141904	
194	8.23473e+006	8.24378e+006	4390	4762	5881	6416	664	726	1257	1372	580	645	254	284	140277	148456	1709	1828	1098	1205	154955	164009	135003	142972	
195	8.23354e+006	8.24267e+006	4397	4772	5882	6415	663	723	1261	1385	583	644	256	285	141361	149606	1725	1843	1094	1202	156068	165192	136021	144054	
196	8.23238e+006	8.24157e+006	4381	4750	5896	6435	658	719	1259	1386	586	650	259	290	142453	150762	1737	1857	1085	1184	157170	166358	137048	145151	
197	8.23118e+006	8.24043e+006	4415	4782	5887	6424	660	721	1274	1397	588	650	260	291	143533	151906	1750	1871	1116	1214	158305	167553	138063	146222	
198	8.23e+006	8.23931e+006	4417	4777	5888	6440	658	724	1279	1400	589	652	263	297	144624	153057	1765	1887	1096	1204	159425	168732	139091	147308	
199	8.22882e+006	8.23818e+006	4428	4783	5895	6446	654	720	1281	1396	589	650	267	300	145716	154228	1781	1903	1106	1207	160552	169918	140109	148394	
200	8.22765e+006	8.23708e+006	4426	4782	5896	6450	652	720	1284	1401	595	655	270	304	146799	155364	1795	1918	1086	1180	161654	171083	141125	149472	
201	8.22646e+006	8.23596e+006	4417	4775	5928	6474	650	715	1285	1401	598	658	273	307	147885	156520	1809	1934	1107	1206	162777	172272	142178	150580	
202	8.22526e+006	8.23482e+006	4440	4795	5931	6474	646	709	1291	1408	601	662	275	312	148981	157687	1821	1947	1121	1223	163921	173472	143213	151671	
203	8.22407e+006	8.23369e+006	4449	4793	5957	6502	645	706	1283	1401	601	659	275	310	150074	158839	1838	1966	1113	1207	165051	174662	144254	152767	
204	8.22288e+006	8.23255e+006	4481	4831	5941	6474	648	710	1282	1396	602	658	276	310	151182	160016	1849	1979	1116	1221	166188	175861	145264	153837	
205	8.22168e+006	8.23142e+006	4483	4837	5950	6477	651	712	1285	1408	601	659	276	308	152277	161171	1864	1994	1110	1209	167317	177052	146295	154927	
206	8.22051e+006	8.2303e+006	4465	4808	5980	6513	654	717	1283	1404	602	660	273	307	153366	162325	1880	2009	1102	1195	168437	178229	147345	156029	
207	8.21931e+006	8.22916e+006	4476	4823	5968	6496	665	726	1280	1397	611	669	277	311	154477	163497	1898	2028	1124	1222	169581	179431	148378	157117	
208	8.21811e+006	8.22802e+006	4472	4823	5988	6514	665	724	1285	1402	612	673	277	311	155574	164655	1913	2044	1113	1220	170713	180631	149425	158221	
209	8.21691e+006	8.22689e+006	4476	4822	5983	6506	675	734	1290	1406	609	673	274	308	156682	165821	1929	2061	1112	1209	171843	181823	150458	159312	
210	8.21573e+006	8.22577e+006	4474	4825	6006	6523	671	729	1296	1408	607	671	272	307	157765	166969	1943	2077	1101	1197	172962	183003	151490	160395	
211	8.21456e+006	8.22466e+006	4448	4796	6025	6541	669	727	1283	1394	607	672	272	305	158887	168161	1955	2090	1100	1191	174077	184179	152542	161504	
212	8.21335e+006	8.22351e+006	4464	4803	6017	6537	670	727	1289	1399	604	668	269	303	160013	169344	1970	2106	1129	1227	175226	185386	153580	162605	
213	8.21215e+006	8.22237e+006	4472	4815	6019	6541	669	725	1295	1410	602	665	267	303	161124	170509	1986	2123	1122	1220	176370	186583	154618	163703	
214	8.21095e+006	8.22123e+006	4490	4830	5999	6518	670	730	1293	1405	608	671	274	310	162241	171689	2001	2140	1115	1216	177503	187782	155649	164788	
215	8.20974e+006	8.22008e+006	4528	4871	5993	6504	665	726	1299	1411	607	671	273	311	163351	172860	2015	2156	1136	1234	178660	188995	156677	165874	
216	8.20855e+006	8.21895e+006	4503	4855	6024	6541	661	721	1305	1420	615	676	278	315	164444	174004	2030	2172	1105	1210	179784	190185	157742	166992	
217	8.20735e+006	8.21782e+006	4499	4853	6016	6535	664	727	1319	1434	607	667	275	310	165566	175184	2047	2189	1120	1217	180919	191387	158791	168089	
218	8.20613e+006	8.21667e+006	4513	4871	6028	6538	656	718	1324	1440	601	659	269	303	166688	176370	2059	2203	1129	1233	182066	192603	159840	169199	
219	8.20494e+006	8.21554e+006	4487	4845	6044	6555	664	726	1323	1438	599	657	268	303	167807	177551	2073	2219	1110	1208	183194	193792	160898	170310	
220	8.20375e+006	8.21442e+006	4489	4846	6052	6566	662	724	1317	1434	605	664	272	305	168913	178713	2086	2234	1107	1211	184318	194986	161932	171405	
221	8.20254e+006	8.21327e+006	4503	4856	6070	6593	660	727	1306	1426	609	663	272	304	170019	179882	2101	2250	1135	1225	185467	196198	162977	172511	
222	8.20134e+006	8.21213e+006	4500	4841	6050	6582	677	747	1299	1419	619	674	276	309	171146	181072	2116	2266	1127	1218	186610	197400	164020	173615	
223	8.20015e+006	8.211e+006	4497	4843	6049	6577	669	738	1288	1408	626	683	280	314	172279	182257	2131	2282	1109	1208	187736	198591	165059	174714	
224	8.19895e+006	8.20986e+006	4510	4845	6038	6570	671	742	1282	1397	627	682	279	312	173403	183445	2148	2301	1118	1215	188872	199788	166093	175813	
225	8.19772e+006	8.20871e+006	4515	4864	6032	6563	671	744	1286	1401	632	686	284	317	174537	184631	2164	2318	1140	1243	190025	201019	167144	176919	
226	8.19649e+006	8.20754e+006	4539	4894	6050	6566	677	747	1289	1402	626	685	282	315	175648	185808	2179	2333	1150	1250	191194	202249	168194	178021	
227	8.1953e+006	8.20642e+006	4541	4886	6034	6554	683	750	1302	1415	622	682	280	314	176760	186983	2194	2349	1109	1202	192321	203433	169223	179112	
228	8.19409e+006	8.20526e+006	4556	4908	6027	6540	680	745	1306	1425	625	688	285	320	177886	188171	2206	2361	1131	1239	193472	204651	170260	180208	
229	8.19288e+006	8.20412e+006	4539	4886	6053	6576	680	747	1318	1439	626	691	284	320	178986	189327	2221	2377	1121	1223	194613	205855	171323	181342	
230	8.19164e+006	8.20294e+006	4551	4897	6092	6606	687	754	1322	1444	625	690	285	321	180094	190499	2237	2393	1166	1257	195797	207094	172393	182468	
231	8.19044e+006	8.2018e+006	4565	4911	6073	6585	684	748	1311	1434	621	688	283	320	181241	191706	2253	2411	1124	1214	196938	208292	173427	183556	
232	8.18926e+006	8.20067e+006	4540	4879	6082	6607	679	746	1308	1427	615	683	282	319	182376	192902	2271	2429	1105	1208	198063	209479	174489	184678	
233	8.18807e+006	8.19955e+006	4531	4860	6101	6626	673	742	1289	1412	616	682	281	317	183503	194092	2287	2446	1110	1207	199191	210668	175542	185788	
234	8.18686e+006	8.1984e+006	4495	4832	6152	6672	671	736	1297	1413	615	677	280	315	184617	195274	2303	2464	1130	1229	200338	211880	176631	186931	
235	8.18565e+006	8.19725e+006	4498	4843	6131	6635	679	741	1306	1422	614	677	277	312	185748	196480	2317	2479	1127	1226	201485	213087	177679	188032	
236	8.18445e+006	8.19611e+006	4512	4859	6090	6599	674	736	1309	1430	616	678	277	309	186895	197689	2332	2495	1120	1221	202622	214291	178713	189125	
237	8.18324e+006	8.19497e+006	4521	4876	6102	6615	663	725	1312	1432	624	686	281	315	187998	198847	2346	2510	1120	1224	203762	215495	179758	190226	
238	8.18203e+006	8.19383e+006	4523	4870	6093	6595	675	732	1316	1441	621	683	279	313	189133	200046	2360	2523	1131	1224	204910	216702	180806	191338	
239	8.18082e+006	8.19268e+006	4524	4875	6089	6588	684	742	1330	1455	618	677	278	311	190251	201226	2373	2537	1127	1231	206058	217912	181857	192443	
240	8.17961e+006	8.19153e+006	4532	4881	6051	6559	677	735	1328	1453	624	682	279	310	191415	202446	2388	2554	1128	1228	207203	219124	182905	193554	
241	8.17841e+006	8.19039e+006	4531	4883	6048	6570	677	733	1310	1427	634	692	283	315	192550	203645	2401	2570	1121	1224	208342	220329	183952	194661	
242	8.17719e+006	8.18924e+006	4535	4897	6069	6584	679	738	1305	1417	638	696	287	319	193662	204823	2417	2586	1136	1237	209498	221546	185005	195770	
243	8.17597e+006	8.18808e+006	4542	4902	6080	6602	684	745	1303	1414	636	694	287	318	194777	206000	2433	2603	1136	1234	210652	222762	186060	196881	
244	8.17476e+006	8.18693e+006	4553	4913	6083	6605	678	742	1305	1410	634	691	286	317	195909	207201	2449	2620	1138	1241	211811	223981	187114	197996	
245	8.17354e+006	8.18579e+006	4555	4923	6079	6607	673	741	1308	1412	633	689	287	317	197039	208391	2464	2636	1125	1231	212951	225197	188158	199100	
246	8.17235e+006	8.18465e+006	4535	4896	6093	6622	674	742	1303	1410	631	686	289	319	198169	209582	2479	2653	1116	1211	214085	226390	189226	200225	
247	8.1711e+006	8.18347e+006	4559	4925	6107	6634	675	741	1301	1413	626	681	288	316	199298	210771	2496	2670	1159	1263	215265	227633	190283	201340	
248	8.16987e+006	8.18231e+006	4568	4937	6114	6655	672	740	1310	1422	632	689	289	319	200419	211947	2510	2685	1148	1251	216430	228867	191351	202464	
249	8.16866e+006	8.18116e+006	4568	4928	6106	6654	675	743	1318	1433	637	694	289	319	201537	213128	2523	2700	1122	1226	217573	230072	192398	203579	
250	8.16743e+006	8.18e+006	4597	4972	6103	6641	670	735	1325	1437	630	688	284	315	202669	214321	2540	2716	1146	1253	218739	231306	193441	204676	
251	8.16625e+006	8.17887e+006	4548	4915	6142	6683	669	732	1313	1424	625	684	283	315	203808	215528	2557	2733	1109	1207	219870	232491	194530	205820	
252	8.16504e+006	8.17772e+006	4527	4882	6143	6690	677	742	1314	1424	623	683	282	315	204951	216732	2569	2748	1125	1220	221013	233692	195597	206949	
253	8.16383e+006	8.17657e+006	4535	4890	6137	6684	671	740	1319	1431	622	685	279	314	206085	217924	2585	2764	1128	1236	222166	234904	196650	208057	
254	8.1626e+006	8.17541e+006	4535	4887	6145	6698	669	740	1310	1425	623	687	278	314	207233	219134	2599	2780	1145	1252	223331	236136	197727	209193	
255	8.1614e+006	8.17427e+006	4544	4901	6139	6680	661	732	1306	1426	627	689	279	316	208360	220330	2615	2796	1119	1221	224468	237338	198773	210288	
256	8.16018e+006	8.17311e+006	4551	4919	6147	6689	661	734	1300	1423	625	687	277	313	209484	221514	2631	2811	1131	1239	225622	238553	199828	211395	
257	8.15897e+006	8.17197e+006	4546	4916	6122	6661	660	729	1306	1427	630	694	274	313	210638	222730	2646	2827	1125	1231	226770	239762	200889	212513	
258	8.1578e+006	8.17085e+006	4500	4859	6121	6661	658	729	1308	1430	624	687	272	311	211791	223950	2663	2844	1097	1197	227886	240940	201958	213645	
259	8.15656e+006	8.16968e+006	4528	4894	6112	6650	664	734	1313	1433	626	690	278	317	212910	225133	2679	2862	1149	1254	229052	242176	203002	214748	
260	8.15535e+006	8.16853e+006	4528	4888	6093	6624	674	740	1315	1439	631	693	285	323	214054	226341	2695	2878	1134	1229	230204	243387	204056	215858	
261	8.15415e+006	8.16739e+006	4524	4881	6101	6640	681	749	1299	1415	625	685	280	317	215191	227536	2713	2896	1121	1225	231346	244590	205106	216960	
262	8.15294e+006	8.16625e+006	4548	4908	6071	6615	684	750	1302	1418	625	682	278	314	216318	228723	2726	2911	1121	1224	232489	245793	206131	218043	
263	8.15175e+006	8.16511e+006	4522	4870	6076	6623	694	765	1304	1422	625	682	280	316	217451	229915	2741	2928	1122	1215	233631	246989	207194	219171	
264	8.15053e+006	8.16396e+006	4521	4877	6072	6608	687	758	1311	1426	620	677	279	315	218598	231129	2760	2946	1132	1237	234781	248208	208255	220287	
265	8.14935e+006	8.16284e+006	4500	4851	6070	6610	690	761	1307	1421	621	680	279	315	219723	232319	2774	2961	1101	1198	235899	249389	209302	221389	
266	8.14813e+006	8.16169e+006	4504	4863	6067	6607	681	751	1316	1425	624	687	283	320	220852	233509	2788	2974	1127	1234	237047	250602	210355	222499	
267	8.14693e+006	8.16055e+006	4505	4869	6067	6594	680	747	1333	1448	619	681	280	318	221970	234687	2803	2990	1125	1221	238189	251806	211406	223602	
268	8.14574e+006	8.15942e+006	4479	4841	6098	6632	683	751	1335	1447	627	689	283	321	223063	235845	2816	3004	1106	1209	239316	252993	212463	224723	
269	8.14455e+006	8.15828e+006	4494	4852	6061	6586	672	741	1334	1450	624	689	280	318	224215	237063	2832	3021	1115	1211	240452	254183	213491	225806	
270	8.14333e+006	8.15713e+006	4506	4862	6051	6588	674	744	1327	1443	626	692	279	319	225356	238262	2848	3038	1137	1245	241609	255408	214545	226919	
271	8.14213e+006	8.15598e+006	4509	4860	6061	6595	666	735	1320	1440	628	695	283	324	226487	239455	2861	3051	1128	1218	242755	256608	215599	228031	
272	8.14093e+006	8.15485e+006	4511	4868	6048	6584	663	732	1317	1436	630	698	290	329	227613	240642	2877	3069	1111	1214	243886	257802	216642	229127	
273	8.13971e+006	8.15369e+006	4543	4899	6040	6577	663	735	1315	1430	637	705	292	333	228737	241819	2892	3085	1145	1244	245049	259028	217685	230217	
274	8.13849e+006	8.15253e+006	4543	4892	6046	6587	662	733	1308	1427	642	710	294	334	229876	243020	2907	3100	1137	1238	246204	260248	218749	231344	
275	8.13727e+006	8.15137e+006	4554	4907	6080	6613	659	724	1297	1414	640	708	294	333	230986	244196	2925	3121	1135	1237	247362	261462	219809	232455	
276	8.13609e+006	8.15025e+006	4552	4891	6066	6596	656	721	1296	1411	642	708	293	333	232121	245392	2942	3139	1108	1198	248489	262642	220849	233556	
277	8.13489e+006	8.14911e+006	4520	4873	6091	6620	652	719	1291	1404	643	713	294	334	233251	246584	2956	3153	1115	1224	249625	263845	221928	234689	
278	8.13369e+006	8.14798e+006	4497	4856	6116	6646	658	723	1283	1401	636	706	292	331	234377	247770	2970	3167	1115	1221	250760	265045	222993	235814	
279	8.13251e+006	8.14685e+006	4465	4824	6144	6673	655	718	1273	1388	635	703	293	332	235510	248959	2984	3182	1106	1201	251886	266227	224063	236938	
280	8.13131e+006	8.14571e+006	4482	4845	6118	6629	652	714	1290	1401	631	698	287	325	236641	250156	3001	3200	1125	1219	253027	267430	225106	238029	
281	8.13009e+006	8.14455e+006	4506	4850	6103	6631	655	717	1303	1414	631	697	286	324	237760	251327	3015	3216	1137	1231	254184	268642	226151	239135	
282	8.12888e+006	8.1434e+006	4526	4867	6105	6635	657	720	1303	1415	631	697	282	322	238873	252505	3031	3232	1135	1238	255340	269859	227190	240232	
283	8.1277e+006	8.14228e+006	4520	4861	6058	6588	664	725	1317	1429	621	684	278	316	240018	253709	3048	3250	1100	1195	256459	271035	228222	241317	
284	8.12649e+006	8.14113e+006	4521	4870	6046	6571	663	725	1319	1431	617	684	278	317	241159	254912	3063	3266	1124	1229	257606	272242	229268	242419	
285	8.12528e+006	8.13997e+006	4525	4870	6048	6570	659	723	1331	1442	616	680	276	313	242292	256099	3080	3284	1140	1233	258765	273455	230337	243537	
286	8.12409e+006	8.13884e+006	4501	4845	6072	6605	664	727	1308	1420	619	682	281	319	243420	257286	3095	3300	1111	1212	259899	274645	231401	244658	
287	8.12288e+006	8.13769e+006	4529	4884	6059	6577	662	726	1302	1414	624	684	286	321	244542	258477	3110	3316	1131	1232	261051	275856	232429	245738	
288	8.12167e+006	8.13654e+006	4529	4889	6074	6587	658	722	1301	1411	628	688	288	323	245661	259660	3124	3332	1124	1234	262197	277068	233488	246852	
289	8.12048e+006	8.13541e+006	4498	4869	6105	6616	660	726	1289	1404	628	687	285	321	246782	260835	3140	3348	1110	1212	263326	278261	234553	247967	
290	8.11928e+006	8.13427e+006	4501	4870	6089	6606	663	730	1301	1413	627	685	287	323	247899	262013	3154	3364	1114	1214	264462	279453	235591	249057	
291	8.11808e+006	8.13313e+006	4493	4858	6075	6601	668	738	1304	1413	627	684	286	321	249041	263209	3168	3379	1123	1220	265604	280654	236650	250167	
292	8.11691e+006	8.13201e+006	4466	4818	6065	6597	666	738	1322	1430	621	677	281	314	250170	264400	3184	3395	1097	1194	266724	281825	237705	251285	
293	8.11572e+006	8.13088e+006	4466	4817	6068	6610	672	744	1310	1418	616	675	281	314	251290	265577	3198	3410	1109	1212	267853	283016	238740	252376	
294	8.11451e+006	8.12973e+006	4479	4832	6058	6597	671	742	1312	1424	620	676	282	316	252417	266762	3211	3425	1128	1228	269002	284224	239787	253476	
295	8.1133e+006	8.12858e+006	4491	4839	6043	6586	670	739	1323	1433	623	679	285	318	253546	267951	3225	3440	1134	1228	270155	285433	240835	254576	
296	8.11211e+006	8.12744e+006	4514	4868	6032	6574	663	735	1318	1426	622	679	283	315	254669	269132	3241	3457	1120	1223	271300	286631	241867	255653	
297	8.11093e+006	8.12631e+006	4507	4856	6012	6551	667	734	1319	1429	622	678	281	314	255806	270325	3256	3473	1102	1199	272424	287808	242904	256748	
298	8.10974e+006	8.12518e+006	4487	4837	6020	6547	662	732	1314	1432	624	677	284	314	256939	271517	3273	3490	1111	1207	273555	288995	243964	257861	
299	8.10856e+006	8.12406e+006	4453	4805	6043	6562	663	733	1331	1449	623	677	285	316	258036	272679	3286	3505	1100	1196	274674	290172	245023	258975	
300	8.10736e+006	8.12291e+006	4467	4811	6048	6573	664	732	1324	1441	624	679	288	320	259161	273866	3300	3520	1131	1232	275829	291381	246078	260079	
301	8.1062e+006	8.1218e+006	4455	4785	6033	6559	659	724	1314	1432	631	688	293	325	260292	275050	3315	3536	1088	1175	276937	292535	247115	261166	
302	8.10501e+006	8.12066e+006	4465	4789	6049	6572	658	722	1308	1425	636	694	298	331	261398	276208	3329	3551	1118	1214	278077	293728	248157	262261	
303	8.10382e+006	8.11953e+006	4478	4796	6048	6567	650	711	1299	1416	652	710	304	337	262509	277375	3343	3566	1113	1202	279209	294912	249189	263346	
304	8.10265e+006	8.11841e+006	4439	4758	6046	6564	657	717	1297	1410	656	718	306	340	263636	278564	3360	3584	1095	1193	280324	296084	250248	264455	
305	8.10147e+006	8.11728e+006	4467	4788	6009	6516	651	709	1301	1413	655	718	309	341	264773	279755	3375	3598	1115	1206	281459	297268	251268	265519	
306	8.1003e+006	8.11616e+006	4445	4765	6000	6494	660	719	1306	1418	647	711	303	338	265906	280938	3391	3615	1097	1190	282576	298439	252309	266607	
307	8.09912e+006	8.11504e+006	4435	4759	6007	6490	667	724	1298	1407	643	708	304	339	267025	282113	3407	3632	1102	1199	283701	299615	253345	267690	
308	8.09795e+006	8.11391e+006	4443	4765	5988	6474	668	727	1297	1407	640	706	299	335	268146	283284	3423	3648	1103	1196	284824	300790	254370	268768	
309	8.0968e+006	8.11282e+006	4398	4719	6001	6479	669	732	1295	1405	638	704	299	337	269251	284449	3439	3665	1069	1161	285912	301933	255416	269859	
310	8.09565e+006	8.11172e+006	4378	4703	5969	6440	666	730	1302	1411	637	700	294	330	270384	285637	3457	3683	1081	1171	287014	303082	256440	270933	
311	8.0945e+006	8.11062e+006	4363	4683	5977	6460	669	737	1286	1393	632	696	290	326	271495	286796	3473	3700	1087	1178	288120	304241	257469	272007	
312	8.09332e+006	8.1095e+006	4358	4683	5970	6452	660	727	1290	1397	638	698	292	328	272614	287968	3487	3713	1099	1195	289239	305416	258505	273093	
313	8.09217e+006	8.1084e+006	4368	4690	5932	6416	656	721	1302	1410	626	685	284	320	273729	289136	3502	3730	1079	1169	290339	306564	259504	274145	
314	8.09102e+006	8.10729e+006	4370	4698	5919	6397	654	719	1309	1420	619	675	281	318	274824	290290	3520	3750	1083	1177	291443	307721	260518	275203	
315	8.08985e+006	8.10619e+006	4373	4703	5888	6368	657	720	1318	1426	614	670	275	310	275945	291459	3533	3764	1088	1185	292551	308886	261535	276267	
316	8.08867e+006	8.10505e+006	4391	4714	5891	6380	653	717	1309	1417	619	677	278	316	277050	292616	3547	3779	1116	1208	293690	310071	262565	277348	
317	8.0875e+006	8.10394e+006	4402	4729	5883	6362	641	702	1307	1417	621	679	277	314	278161	293776	3561	3793	1091	1183	294799	311236	263582	278410	
318	8.08636e+006	8.10284e+006	4391	4716	5860	6345	640	704	1303	1411	620	678	280	318	279272	294941	3578	3811	1072	1164	295894	312375	264596	279470	
319	8.08522e+006	8.10174e+006	4382	4690	5876	6365	644	707	1290	1401	626	682	280	317	280356	296074	3591	3825	1077	1163	296995	313515	265613	280539	
320	8.08408e+006	8.10064e+006	4345	4644	5916	6401	644	704	1283	1388	627	684	286	323	281447	297219	3606	3842	1080	1161	298095	314655	266664	281632	
321	8.08295e+006	8.09957e+006	4309	4609	5922	6408	642	701	1275	1380	627	680	287	321	282545	298370	3624	3859	1054	1149	299169	315783	267685	282705	
322	8.08181e+006	8.09847e+006	4313	4616	5898	6378	639	699	1263	1369	619	673	284	317	283665	299547	3643	3878	1077	1169	300269	316929	268695	283751	
323	8.08067e+006	8.09738e+006	4301	4610	5888	6362	648	709	1262	1361	620	674	288	321	284750	300686	3656	3893	1066	1155	301357	318063	269704	284796	
324	8.07953e+006	8.09629e+006	4296	4608	5883	6342	651	710	1263	1364	619	674	285	318	285841	301826	3669	3907	1075	1159	302451	319203	270710	285839	
325	8.0784e+006	8.09521e+006	4296	4618	5859	6314	641	702	1281	1383	622	675	290	322	286915	302959	3682	3920	1058	1154	303531	320335	271705	286884	
326	8.07727e+006	8.09412e+006	4277	4602	5812	6271	646	708	1284	1391	612	664	282	313	288043	304127	3700	3939	1057	1155	304615	321463	272710	287933	
327	8.07612e+006	8.09302e+006	4292	4614	5783	6241	648	714	1291	1398	608	662	281	313	289134	305272	3715	3954	1077	1171	305713	322613	273706	288969	
328	8.07499e+006	8.09193e+006	4288	4614	5785	6238	648	713	1291	1399	609	664	279	310	290214	306396	3729	3968	1071	1159	306805	323751	274715	290021	
329	8.07387e+006	8.09085e+006	4281	4597	5771	6239	642	704	1298	1410	598	656	275	310	291300	307519	3745	3984	1049	1139	307882	324862	275712	291064	
330	8.07274e+006	8.08976e+006	4293	4601	5753	6237	638	700	1297	1401	593	651	271	306	292394	308654	3760	4000	1069	1159	308977	325995	276711	292101	
331	8.07161e+006	8.08868e+006	4269	4587	5769	6250	647	707	1282	1380	597	653	275	310	293469	309780	3775	4016	1053	1157	310054	327128	277716	293155	
332	8.07048e+006	8.08759e+006	4261	4583	5771	6247	639	700	1273	1373	603	660	280	315	294554	310913	3791	4032	1065	1153	311142	328257	278724	294204	
333	8.06934e+006	8.0865e+006	4282	4603	5766	6239	630	688	1269	1372	607	663	281	315	295625	312027	3807	4049	1071	1158	312237	329393	279719	295231	
334	8.06823e+006	8.08542e+006	4259	4587	5767	6241	626	683	1275	1374	608	665	283	319	296698	313146	3822	4066	1047	1141	313313	330505	280727	296274	
335	8.06712e+006	8.08436e+006	4247	4560	5763	6243	626	684	1268	1369	608	666	282	317	297770	314267	3837	4081	1042	1128	314377	331612	281721	297320	
336	8.066e+006	8.08328e+006	4241	4556	5768	6239	629	686	1260	1364	613	672	285	321	298838	315379	3853	4098	1058	1151	315460	332737	282716	298352	
337	8.06489e+006	8.0822e+006	4220	4535	5763	6233	625	682	1264	1370	613	672	282	319	299918	316509	3867	4112	1049	1137	316535	333849	283723	299397	
338	8.06377e+006	8.08112e+006	4229	4537	5741	6219	621	681	1269	1374	614	674	286	321	300990	317623	3883	4129	1055	1145	317613	334971	284719	300424	
339	8.06265e+006	8.08004e+006	4239	4551	5728	6206	626	684	1257	1358	622	681	289	324	302056	318727	3897	4144	1051	1143	318693	336085	285693	301439	
340	8.06153e+006	8.07895e+006	4243	4551	5703	6186	637	700	1254	1357	625	685	288	322	303139	319845	3909	4157	1061	1153	319783	337209	286676	302460	
341	8.06042e+006	8.07789e+006	4233	4549	5694	6161	642	705	1254	1358	623	681	287	316	304200	320962	3928	4176	1041	1133	320849	338316	287662	303481	
342	8.0593e+006	8.07681e+006	4231	4545	5691	6158	637	699	1250	1353	620	677	281	310	305281	322085	3943	4191	1052	1142	321925	339435	288653	304514	
343	8.05819e+006	8.07574e+006	4225	4534	5672	6139	638	700	1245	1354	612	670	278	307	306367	323213	3959	4208	1047	1130	322995	340542	289644	305541	
344	8.05708e+006	8.07468e+006	4203	4520	5690	6153	635	695	1235	1345	605	663	273	302	307443	324325	3976	4226	1039	1138	324061	341654	290651	306578	
345	8.05599e+006	8.07362e+006	4187	4502	5686	6154	636	701	1240	1353	606	663	273	301	308485	325411	3990	4241	1025	1116	325112	342742	291632	307594	
346	8.05487e+006	8.07254e+006	4190	4509	5687	6151	632	692	1238	1354	604	661	275	305	309554	326523	4005	4257	1057	1147	326192	343866	292616	308621	
347	8.05376e+006	8.07147e+006	4190	4519	5694	6155	624	680	1230	1339	604	664	275	308	310622	327630	4021	4274	1044	1143	327265	344981	293607	309648	
348	8.05265e+006	8.07041e+006	4193	4513	5682	6151	622	676	1227	1335	598	657	272	305	311693	328745	4037	4291	1042	1133	328329	346091	294588	310671	
349	8.05156e+006	8.06935e+006	4196	4515	5665	6138	609	664	1228	1331	594	655	266	299	312759	329850	4053	4308	1029	1117	329386	347180	295562	311682	
350	8.05045e+006	8.06828e+006	4186	4498	5658	6132	611	666	1215	1319	588	647	265	295	313851	330977	4069	4325	1045	1132	330459	348284	296561	312719	
351	8.04936e+006	8.06723e+006	4164	4474	5663	6137	615	665	1202	1308	587	646	264	295	314919	332083	4082	4338	1022	1118	331509	349373	297543	313742	
352	8.04826e+006	8.06616e+006	4159	4475	5660	6138	606	657	1203	1303	580	636	259	290	315986	333197	4099	4355	1037	1134	332574	350479	298529	314770	
353	8.04716e+006	8.0651e+006	4162	4492	5639	6121	608	661	1210	1313	579	636	259	293	317035	334282	4112	4369	1032	1134	333638	351581	299504	315772	
354	8.04605e+006	8.06403e+006	4155	4491	5644	6110	611	662	1207	1314	576	634	258	291	318090	335384	4126	4382	1039	1131	334706	352683	300489	316786	
355	8.04497e+006	8.06298e+006	4159	4486	5638	6107	616	667	1203	1312	574	632	256	290	319133	336461	4141	4398	1027	1113	335761	353767	301455	317791	
356	8.04387e+006	8.06191e+006	4161	4478	5622	6096	612	665	1215	1321	564	622	248	281	320196	337569	4157	4413	1038	1126	336825	354866	302439	318815	
357	8.04278e+006	8.06086e+006	4156	4466	5619	6099	600	656	1222	1327	564	621	249	283	321248	338662	4172	4429	1027	1122	337881	355960	303421	319832	
358	8.0417e+006	8.05982e+006	4130	4437	5609	6091	605	664	1217	1322	570	624	251	283	322295	339755	4189	4447	1013	1103	338921	357034	304399	320841	
359	8.04062e+006	8.05877e+006	4120	4440	5596	6076	616	675	1214	1314	567	622	253	287	323345	340837	4205	4463	1019	1113	339971	358118	305360	321829	
360	8.03952e+006	8.05769e+006	4120	4446	5587	6066	617	679	1213	1310	572	628	256	292	324399	341925	4219	4477	1038	1132	341043	359216	306336	322836	
361	8.03842e+006	8.05663e+006	4133	4454	5591	6072	616	679	1199	1297	570	626	255	291	325452	343013	4233	4492	1040	1129	342111	360317	307312	323843	
362	8.03732e+006	8.05556e+006	4154	4476	5559	6035	621	687	1194	1293	576	631	261	297	326505	344105	4245	4504	1031	1128	343172	361414	308267	324826	
363	8.0362e+006	8.05448e+006	4191	4519	5546	6015	622	686	1186	1286	579	634	259	294	327560	345200	4258	4517	1055	1157	344261	362538	309231	325823	
364	8.03512e+006	8.05343e+006	4173	4494	5547	6017	621	685	1193	1293	583	638	262	297	328601	346276	4273	4531	1020	1106	345307	363617	310217	326834	
