Day	Susceptible-LB	Susceptible-UB	Exposed-LB	Exposed-UB	Current Detected Mild Infections-LB	Current Detected Mild Infections-UB	Current Undetected Mild Infections-LB	Current Undetected Mild Infections-UB	Current Hospitalizations-LB	Current Hospitalizations-UB	Current ICU patients-LB	Current ICU patients-UB	ventilators-LB	ventilators-UB	Recovered-LB	Recovered-UB	Deaths-LB	Deaths-UB	new infections today-LB	new infections today-UB	total number of infections-LB	total number of infections-UB	Confirmed total number of infections-LB	Confirmed total number of infections-UB	
0	8.39872e+006	8.39872e+006	16	16	0	0	0	0	0	0	0	0	0	0	0	0	0	0	0	0	16	16	0	0	
1	8.39856e+006	8.39856e+006	176	176	0	0	0	0	0	0	0	0	0	0	0	0	0	0	160	160	176	176	0	0	
2	8.3984e+006	8.3984e+006	336	336	0	0	0	0	0	0	0	0	0	0	0	0	0	0	160	160	336	336	0	0	
3	8.39822e+006	8.39822e+006	512	514	0	0	0	0	0	0	0	0	0	0	0	0	0	0	176	178	512	514	0	0	
4	8.39805e+006	8.39805e+006	685	690	0	0	0	0	0	0	0	0	0	0	0	0	0	0	172	177	685	690	0	0	
5	8.39785e+006	8.39786e+006	873	885	0	0	0	0	0	0	0	0	0	0	0	0	0	0	186	196	873	885	0	0	
6	8.39764e+006	8.39766e+006	1077	1092	0	0	0	0	0	0	0	0	0	0	0	0	0	0	201	210	1077	1092	0	0	
7	8.39742e+006	8.39744e+006	1279	1298	16	16	0	0	0	0	0	0	0	0	0	0	0	0	214	225	1295	1314	16	16	
8	8.39719e+006	8.39721e+006	1351	1373	131	140	36	45	0	0	0	0	0	0	0	0	0	0	227	240	1527	1549	131	140	
9	8.39694e+006	8.39697e+006	1434	1464	251	262	74	85	0	0	0	0	0	0	0	0	0	0	240	255	1770	1800	251	262	
10	8.39669e+006	8.39672e+006	1502	1538	366	381	116	131	0	0	0	0	0	0	16	16	0	0	241	255	2015	2051	382	397	
11	8.39642e+006	8.39646e+006	1593	1632	375	391	122	136	27	35	0	0	0	0	141	149	0	0	259	275	2280	2320	516	534	
12	8.39614e+006	8.39619e+006	1674	1720	399	417	128	142	56	67	0	0	0	0	269	280	0	0	267	284	2551	2601	661	682	
13	8.39585e+006	8.3959e+006	1751	1802	419	439	136	150	88	101	0	0	0	0	412	425	0	0	277	295	2833	2890	819	841	
14	8.39556e+006	8.39562e+006	1813	1867	456	481	140	157	119	135	0	0	0	0	552	569	0	0	274	292	3113	3175	994	1018	
15	8.39527e+006	8.39534e+006	1866	1925	491	517	146	163	155	173	0	0	0	0	705	725	0	0	280	298	3398	3468	1185	1213	
16	8.39496e+006	8.39504e+006	1921	1980	516	545	161	179	198	216	0	0	0	0	867	888	0	0	293	312	3698	3773	1368	1402	
17	8.39465e+006	8.39473e+006	1980	2042	536	569	167	186	211	231	15	19	14	17	1054	1079	0	0	299	318	4003	4085	1568	1606	
18	8.39435e+006	8.39443e+006	2016	2078	561	595	174	195	227	248	25	30	19	22	1260	1285	0	0	294	313	4304	4391	1781	1824	
19	8.39403e+006	8.39412e+006	2056	2119	589	625	174	194	241	260	33	40	23	27	1482	1514	0	0	305	329	4616	4711	2000	2048	
20	8.39383e+006	8.39394e+006	1958	2023	610	648	190	209	262	282	42	49	26	31	1697	1734	0	0	179	198	4801	4903	2221	2275	
21	8.39363e+006	8.39374e+006	1878	1944	611	652	201	224	278	298	53	62	32	38	1932	1976	0	0	193	214	5001	5110	2439	2497	
22	8.39342e+006	8.39354e+006	1788	1854	620	660	206	228	286	308	64	75	38	45	2183	2235	0	0	188	209	5196	5312	2677	2739	
23	8.39323e+006	8.39335e+006	1674	1744	633	672	211	232	299	324	78	90	44	51	2436	2496	0	0	180	201	5382	5507	2923	2989	
24	8.39306e+006	8.39319e+006	1537	1603	655	696	213	236	307	334	90	103	49	58	2693	2761	0	0	160	178	5549	5678	3173	3242	
25	8.39289e+006	8.39303e+006	1394	1466	664	706	218	240	312	341	103	118	55	65	2960	3032	0	0	154	172	5708	5845	3410	3483	
26	8.39273e+006	8.39287e+006	1239	1304	670	712	226	249	319	348	120	135	63	74	3234	3314	0	0	150	167	5866	6004	3651	3729	
27	8.39258e+006	8.39273e+006	1198	1263	578	621	197	219	325	354	116	131	53	64	3523	3609	13	16	139	156	6010	6154	3805	3888	
28	8.39244e+006	8.39259e+006	1130	1197	507	553	167	190	331	361	121	137	56	68	3810	3898	17	20	128	145	6143	6295	3976	4063	
29	8.39231e+006	8.39247e+006	1063	1128	427	469	134	151	331	363	129	145	58	71	4113	4205	19	22	122	139	6271	6428	4140	4232	
30	8.39219e+006	8.39235e+006	993	1056	428	473	132	151	312	342	136	153	62	75	4310	4408	20	24	113	127	6389	6549	4289	4388	
31	8.39207e+006	8.39224e+006	938	1000	399	440	131	147	301	329	138	155	63	75	4516	4622	23	27	106	122	6500	6666	4423	4526	
32	8.39195e+006	8.39213e+006	889	949	377	416	117	134	279	306	144	161	65	78	4725	4837	25	31	106	120	6610	6782	4556	4665	
33	8.39184e+006	8.39202e+006	840	902	354	391	110	126	257	283	146	165	67	79	4927	5045	29	35	103	117	6718	6895	4683	4793	
34	8.39173e+006	8.39192e+006	799	860	338	376	104	120	230	254	152	171	69	81	5114	5238	32	37	98	114	6820	7004	4798	4913	
35	8.39163e+006	8.39182e+006	766	825	311	347	104	122	205	228	156	176	70	83	5290	5421	35	42	95	111	6921	7109	4901	5022	
36	8.39153e+006	8.39173e+006	730	787	285	324	101	118	201	223	152	171	67	79	5453	5586	40	47	87	99	7011	7205	5002	5125	
37	8.39143e+006	8.39162e+006	711	771	271	305	91	106	190	211	154	171	69	81	5604	5743	43	50	95	110	7112	7309	5099	5225	
38	8.39133e+006	8.39153e+006	695	752	260	293	80	94	180	200	150	167	66	78	5747	5892	47	55	89	103	7205	7408	5191	5323	
39	8.39123e+006	8.39144e+006	678	735	249	282	74	89	174	194	142	159	63	74	5886	6034	51	59	90	102	7300	7506	5279	5417	
40	8.39114e+006	8.39135e+006	658	713	237	273	74	90	167	187	135	152	59	71	6013	6166	55	64	82	95	7386	7596	5364	5505	
41	8.39105e+006	8.39127e+006	637	689	233	267	71	86	154	174	130	149	57	69	6137	6297	58	67	78	90	7468	7683	5448	5596	
42	8.39096e+006	8.39118e+006	625	677	232	265	63	77	144	165	122	140	52	65	6262	6425	63	72	84	97	7557	7775	5533	5684	
43	8.39087e+006	8.39109e+006	621	674	223	255	56	70	137	158	113	131	49	61	6382	6549	66	76	83	96	7644	7867	5608	5763	
44	8.39079e+006	8.39101e+006	602	653	222	253	54	67	132	152	104	120	45	57	6496	6670	70	80	76	88	7725	7950	5691	5849	
45	8.3907e+006	8.39093e+006	593	642	217	249	52	64	124	143	93	109	41	53	6610	6791	74	85	81	93	7809	8039	5771	5934	
46	8.39061e+006	8.39085e+006	580	629	221	252	52	64	117	136	89	105	39	50	6709	6893	78	89	76	89	7890	8124	5851	6017	
47	8.39053e+006	8.39077e+006	572	620	211	240	49	62	118	137	82	97	35	45	6813	7001	80	92	74	86	7969	8205	5924	6093	
48	8.39045e+006	8.39069e+006	567	613	201	229	48	60	115	132	75	90	32	42	6914	7109	83	94	73	83	8045	8285	5993	6165	
49	8.39037e+006	8.39061e+006	555	601	194	223	49	60	114	129	72	86	31	41	7012	7211	85	97	73	84	8123	8365	6067	6241	
50	8.39029e+006	8.39054e+006	543	589	196	225	48	60	106	122	70	83	30	39	7106	7309	87	99	72	84	8200	8444	6140	6318	
51	8.39021e+006	8.39046e+006	539	584	195	223	47	60	100	118	66	78	26	35	7196	7402	89	102	71	82	8275	8522	6207	6387	
52	8.39014e+006	8.39039e+006	527	572	193	221	46	57	100	118	61	73	24	33	7288	7497	92	104	69	81	8349	8599	6277	6461	
53	8.39007e+006	8.39032e+006	515	557	189	216	43	54	94	112	59	72	23	32	7381	7594	94	106	64	74	8417	8670	6347	6533	
54	8.39e+006	8.39025e+006	505	548	187	213	45	55	89	105	55	67	22	31	7469	7686	96	108	65	76	8486	8741	6411	6600	
55	8.38992e+006	8.39018e+006	501	544	176	203	45	57	86	103	53	66	20	29	7557	7777	97	109	69	79	8558	8817	6470	6662	
56	8.38984e+006	8.39011e+006	497	539	172	196	47	58	84	102	51	63	20	28	7638	7864	100	113	69	79	8631	8892	6534	6729	
57	8.38977e+006	8.39004e+006	489	530	171	196	46	57	82	98	48	60	20	27	7721	7949	101	114	65	75	8700	8963	6596	6794	
58	8.3897e+006	8.38997e+006	485	524	174	199	42	52	82	97	47	59	19	26	7798	8030	102	116	67	77	8771	9035	6661	6860	
59	8.38963e+006	8.38989e+006	486	521	173	199	39	50	81	94	47	58	18	26	7876	8111	103	117	69	78	8844	9110	6723	6925	
60	8.38955e+006	8.38982e+006	490	526	165	190	38	49	81	94	43	55	17	24	7955	8193	104	118	69	78	8918	9185	6778	6982	
61	8.38948e+006	8.38975e+006	490	523	161	184	38	48	81	95	43	54	18	26	8030	8270	105	120	65	74	8986	9254	6837	7045	
62	8.38941e+006	8.38968e+006	485	518	157	180	40	51	82	96	42	53	18	25	8102	8345	106	121	64	74	9054	9325	6896	7107	
63	8.38934e+006	8.38962e+006	478	511	163	187	39	49	82	97	39	49	16	23	8172	8418	107	122	62	71	9120	9392	6957	7171	
64	8.38928e+006	8.38955e+006	477	508	162	185	39	49	78	93	38	49	15	22	8245	8493	108	123	64	72	9188	9460	7014	7229	
65	8.38921e+006	8.38948e+006	476	507	161	182	40	49	78	93	37	47	16	22	8319	8569	109	124	65	76	9258	9531	7072	7287	
66	8.38913e+006	8.38941e+006	471	506	162	181	40	49	81	96	35	45	16	22	8389	8642	110	125	65	77	9328	9604	7134	7352	
67	8.38906e+006	8.38934e+006	467	500	171	191	35	43	79	92	35	46	15	21	8460	8714	111	126	64	73	9396	9673	7201	7420	
68	8.38899e+006	8.38927e+006	466	499	177	196	26	34	78	91	37	47	15	22	8530	8786	112	127	64	72	9463	9742	7265	7486	
69	8.38893e+006	8.38921e+006	462	495	178	197	21	29	76	89	37	47	16	22	8603	8862	113	128	60	70	9527	9808	7327	7550	
70	8.38886e+006	8.38914e+006	462	495	173	193	19	25	79	92	37	48	16	23	8671	8932	113	129	62	71	9594	9875	7388	7613	
71	8.3888e+006	8.38908e+006	459	493	173	191	18	25	77	91	37	47	16	22	8741	9003	114	130	61	71	9659	9941	7450	7675	
72	8.38873e+006	8.38901e+006	457	490	175	194	17	24	76	90	38	48	15	21	8807	9072	116	131	64	73	9727	10010	7514	7740	
73	8.38866e+006	8.38894e+006	454	486	178	200	17	24	77	90	38	49	16	22	8871	9137	117	133	63	72	9794	10077	7578	7807	
74	8.38859e+006	8.38887e+006	452	484	179	201	16	25	74	88	39	49	17	23	8940	9206	118	134	62	72	9862	10144	7640	7871	
75	8.38853e+006	8.38881e+006	451	483	180	199	15	22	76	90	38	48	16	23	9008	9275	119	135	62	71	9928	10211	7703	7936	
76	8.38846e+006	8.38874e+006	456	488	176	194	14	20	75	89	38	48	17	23	9077	9346	121	136	65	75	9998	10281	7764	7998	
77	8.38839e+006	8.38867e+006	456	489	174	193	13	20	74	88	38	47	17	24	9146	9417	122	138	63	72	10066	10348	7825	8059	
78	8.38832e+006	8.3886e+006	457	490	172	190	13	20	70	83	37	46	17	24	9218	9490	123	139	61	71	10132	10415	7885	8120	
79	8.38825e+006	8.38854e+006	455	490	173	191	15	23	68	81	36	45	17	23	9285	9558	124	140	62	73	10199	10483	7946	8183	
80	8.38818e+006	8.38847e+006	456	492	170	191	16	25	68	81	35	45	17	24	9350	9625	124	141	63	73	10267	10552	8006	8243	
81	8.38811e+006	8.3884e+006	459	494	171	190	18	26	66	80	35	44	17	23	9417	9692	125	141	65	75	10336	10622	8067	8304	
82	8.38805e+006	8.38834e+006	457	492	170	188	19	26	65	78	35	44	16	23	9485	9761	126	142	60	70	10401	10687	8128	8364	
83	8.38798e+006	8.38827e+006	456	492	173	193	17	25	65	79	33	42	16	23	9551	9830	127	143	64	75	10471	10757	8192	8429	
84	8.38791e+006	8.3882e+006	456	493	175	194	16	23	67	81	31	40	14	21	9618	9896	128	144	62	73	10538	10825	8255	8490	
85	8.38785e+006	8.38814e+006	453	488	173	192	18	25	68	82	32	41	14	21	9681	9960	129	146	58	67	10600	10888	8313	8550	
86	8.38778e+006	8.38807e+006	453	486	169	189	19	26	73	86	31	41	13	20	9746	10026	130	146	61	72	10666	10955	8374	8612	
87	8.38771e+006	8.388e+006	453	489	168	189	19	27	73	86	30	39	13	20	9813	10094	131	147	63	75	10734	11026	8435	8675	
88	8.38764e+006	8.38794e+006	449	485	176	196	17	23	72	86	32	41	14	21	9876	10158	132	148	61	72	10800	11092	8501	8741	
89	8.38758e+006	8.38787e+006	449	485	174	193	16	23	73	87	32	40	13	20	9943	10224	133	149	60	71	10864	11158	8560	8801	
90	8.38751e+006	8.38781e+006	446	481	174	195	17	23	73	88	32	41	13	19	10010	10292	134	150	62	70	10930	11224	8623	8864	
91	8.38744e+006	8.38774e+006	446	479	171	193	16	24	75	88	32	41	13	19	10077	10360	134	151	62	71	10996	11292	8685	8928	
92	8.38738e+006	8.38768e+006	448	482	167	190	18	26	70	84	33	42	14	21	10145	10428	135	152	60	70	11060	11357	8740	8984	
93	8.38731e+006	8.38761e+006	448	481	165	185	18	26	70	84	34	44	14	21	10212	10495	136	152	61	71	11126	11423	8799	9043	
94	8.38725e+006	8.38755e+006	443	477	164	186	19	27	72	86	35	45	14	21	10277	10560	136	153	61	69	11191	11488	8861	9107	
95	8.38718e+006	8.38748e+006	442	475	169	190	19	26	69	82	35	45	15	22	10339	10624	137	154	60	70	11255	11554	8920	9167	
96	8.38712e+006	8.38742e+006	439	473	170	191	17	23	67	80	35	45	15	22	10407	10695	138	154	58	67	11317	11617	8982	9229	
97	8.38705e+006	8.38735e+006	442	473	169	189	15	21	66	79	36	46	16	22	10475	10764	138	155	63	72	11385	11685	9043	9290	
98	8.38698e+006	8.38728e+006	443	475	169	187	17	24	67	79	34	44	14	20	10540	10830	140	157	64	73	11453	11753	9101	9350	
99	8.38692e+006	8.38722e+006	444	474	165	185	19	26	67	79	33	43	14	20	10605	10896	141	158	60	69	11518	11818	9159	9409	
100	8.38685e+006	8.38715e+006	445	474	165	184	20	26	64	76	35	44	15	21	10671	10962	143	160	62	71	11584	11885	9220	9470	
101	8.38679e+006	8.38709e+006	445	476	167	185	16	22	65	78	35	44	14	20	10735	11027	144	161	60	71	11649	11951	9280	9530	
102	8.38672e+006	8.38702e+006	445	479	168	186	16	22	65	77	32	41	13	19	10800	11094	146	163	62	72	11714	12020	9338	9590	
103	8.38665e+006	8.38696e+006	450	482	165	184	15	22	66	78	33	41	14	20	10863	11157	147	164	62	72	11780	12087	9396	9649	
104	8.38658e+006	8.38689e+006	450	482	167	185	16	22	65	76	34	42	15	21	10927	11222	148	165	63	72	11848	12154	9457	9711	
105	8.38651e+006	8.38682e+006	448	481	169	188	17	24	66	77	33	42	15	21	10990	11286	149	166	62	71	11912	12222	9518	9772	
106	8.38645e+006	8.38676e+006	450	482	173	189	16	23	66	77	34	42	15	22	11051	11349	149	167	62	70	11978	12289	9579	9833	
107	8.38638e+006	8.38669e+006	450	486	171	189	16	24	68	80	33	41	15	21	11115	11412	151	168	64	75	12046	12359	9640	9896	
108	8.38631e+006	8.38663e+006	449	483	169	189	14	21	71	83	33	42	15	21	11179	11476	152	169	59	67	12109	12423	9700	9957	
109	8.38624e+006	8.38656e+006	452	485	169	189	16	24	69	81	34	43	16	23	11244	11543	152	170	64	74	12178	12493	9759	10018	
110	8.38618e+006	8.38649e+006	453	487	168	189	17	24	69	83	33	42	16	23	11309	11609	153	171	64	73	12246	12561	9819	10080	
111	8.38611e+006	8.38643e+006	452	486	170	189	18	25	66	78	33	42	16	22	11378	11678	154	172	62	71	12311	12628	9880	10142	
112	8.38604e+006	8.38636e+006	454	487	172	191	16	23	67	79	33	43	16	23	11441	11743	155	173	63	73	12379	12697	9942	10207	
113	8.38597e+006	8.38629e+006	454	485	170	190	17	24	67	79	32	42	15	21	11506	11809	157	175	60	70	12443	12763	10001	10266	
114	8.38591e+006	8.38623e+006	453	484	170	191	18	25	67	79	31	41	14	20	11573	11875	158	176	63	73	12511	12831	10063	10330	
115	8.38584e+006	8.38616e+006	458	487	165	184	20	28	68	81	31	41	14	20	11637	11941	159	177	63	72	12578	12899	10119	10386	
116	8.38577e+006	8.38609e+006	458	486	168	188	20	27	68	81	32	42	14	20	11702	12006	159	178	64	73	12647	12968	10182	10449	
117	8.38571e+006	8.38603e+006	452	479	169	188	19	26	73	87	31	42	13	20	11762	12069	161	179	57	66	12708	13030	10245	10511	
118	8.38564e+006	8.38596e+006	451	479	173	192	18	24	74	88	32	42	13	20	11823	12131	162	180	61	71	12774	13096	10305	10574	
119	8.38557e+006	8.3859e+006	449	479	173	192	17	23	72	87	33	44	13	19	11892	12200	162	181	62	72	12839	13164	10367	10637	
120	8.38551e+006	8.38583e+006	448	478	169	187	18	25	71	85	34	44	12	19	11961	12268	163	181	60	69	12904	13229	10424	10697	
121	8.38544e+006	8.38577e+006	446	478	171	190	18	24	72	86	34	45	13	20	12023	12333	163	182	62	72	12969	13297	10487	10761	
122	8.38537e+006	8.3857e+006	445	477	171	188	18	25	73	86	33	43	13	20	12090	12402	164	183	62	71	13035	13364	10549	10823	
123	8.38531e+006	8.38564e+006	438	472	176	192	17	24	69	82	34	44	13	20	12158	12471	165	184	58	67	13098	13427	10612	10887	
124	8.38524e+006	8.38557e+006	444	478	168	186	17	24	67	80	34	43	14	20	12228	12541	165	184	62	72	13164	13495	10667	10944	
125	8.38517e+006	8.38551e+006	445	479	168	186	17	23	66	79	32	42	12	19	12296	12609	167	185	62	72	13231	13563	10727	11004	
126	8.3851e+006	8.38544e+006	449	482	164	183	17	24	67	79	32	41	12	19	12364	12679	167	186	66	76	13301	13634	10786	11065	
127	8.38504e+006	8.38537e+006	447	482	168	188	17	23	67	80	32	42	13	20	12423	12739	168	187	59	68	13365	13698	10847	11126	
128	8.38497e+006	8.38531e+006	447	481	170	188	16	22	67	79	31	41	13	20	12490	12806	169	188	61	70	13430	13765	10908	11190	
129	8.3849e+006	8.38524e+006	449	481	171	190	14	20	71	83	30	40	14	20	12551	12870	169	189	63	72	13497	13833	10970	11252	
130	8.38483e+006	8.38517e+006	454	487	168	187	15	22	74	88	28	38	13	20	12611	12931	171	191	63	73	13564	13902	11027	11309	
131	8.38477e+006	8.3851e+006	457	488	167	186	16	22	75	91	29	38	13	19	12674	12995	172	192	64	73	13632	13971	11088	11372	
132	8.3847e+006	8.38504e+006	454	484	166	186	17	24	77	92	30	39	13	19	12739	13060	172	192	60	69	13697	14035	11149	11433	
133	8.38464e+006	8.38497e+006	449	478	175	194	17	24	77	91	29	38	13	19	12801	13123	173	193	61	69	13762	14100	11214	11498	
134	8.38457e+006	8.38491e+006	453	482	171	191	17	25	75	90	29	38	12	18	12868	13191	174	194	63	73	13829	14169	11271	11557	
135	8.3845e+006	8.38484e+006	456	487	169	189	18	25	72	88	31	41	13	20	12935	13259	174	194	64	74	13898	14239	11331	11618	
136	8.38443e+006	8.38477e+006	457	490	166	186	18	25	72	88	32	42	12	19	13004	13327	175	195	65	76	13968	14308	11392	11681	
137	8.38436e+006	8.3847e+006	459	492	171	189	19	25	71	85	31	41	12	18	13069	13394	176	196	66	75	14037	14380	11453	11743	
138	8.38429e+006	8.38463e+006	457	489	177	195	15	22	68	81	32	42	12	19	13135	13462	177	197	62	70	14103	14446	11517	11809	
139	8.38422e+006	8.38456e+006	464	497	174	192	14	22	69	82	32	42	12	19	13200	13529	178	199	67	77	14175	14518	11577	11869	
140	8.38415e+006	8.38449e+006	466	501	171	188	15	22	72	84	31	42	13	19	13265	13594	179	199	62	73	14242	14586	11636	11928	
141	8.38408e+006	8.38443e+006	466	500	167	185	18	25	73	86	31	41	12	19	13330	13661	180	201	63	73	14309	14655	11696	11990	
142	8.38401e+006	8.38436e+006	463	496	171	190	19	26	70	83	32	42	12	19	13395	13727	181	202	62	71	14374	14722	11759	12054	
143	8.38395e+006	8.38429e+006	462	491	173	195	19	28	72	85	32	42	12	19	13458	13790	182	202	63	71	14442	14788	11822	12115	
144	8.38388e+006	8.38423e+006	458	489	176	197	19	27	74	88	32	41	13	20	13522	13856	182	203	62	72	14507	14856	11886	12181	
145	8.38381e+006	8.38416e+006	456	489	176	195	17	25	75	88	32	41	14	20	13589	13924	183	204	60	70	14573	14922	11947	12244	
146	8.38374e+006	8.38409e+006	455	489	180	199	15	22	76	90	31	40	14	21	13658	13992	184	205	66	76	14643	14993	12014	12311	
147	8.38368e+006	8.38403e+006	454	488	175	195	16	24	73	88	32	41	14	22	13727	14064	185	207	62	72	14710	15060	12074	12372	
148	8.38361e+006	8.38396e+006	454	488	175	196	18	26	77	90	32	41	15	22	13789	14126	186	208	63	73	14777	15128	12136	12435	
149	8.38354e+006	8.38389e+006	453	489	170	190	18	25	78	90	32	41	15	21	13860	14197	187	209	61	71	14842	15196	12196	12497	
150	8.38347e+006	8.38382e+006	455	494	170	188	18	26	81	94	33	41	16	22	13922	14259	188	209	66	75	14912	15266	12258	12558	
151	8.38341e+006	8.38376e+006	453	491	168	186	20	27	80	94	33	42	16	23	13988	14328	189	210	59	70	14976	15331	12317	12619	
152	8.38334e+006	8.38369e+006	456	495	167	186	19	26	78	91	33	42	17	24	14055	14396	190	211	63	74	15044	15401	12378	12679	
153	8.38327e+006	8.38363e+006	452	489	172	193	18	24	80	94	34	43	18	25	14118	14459	190	211	62	71	15111	15467	12443	12745	
154	8.3832e+006	8.38356e+006	456	492	172	194	17	23	74	88	36	45	18	25	14187	14531	191	212	65	75	15180	15536	12503	12806	
155	8.38313e+006	8.38349e+006	457	492	173	196	17	25	74	88	35	44	18	25	14252	14596	192	213	63	74	15249	15605	12564	12869	
156	8.38306e+006	8.38342e+006	460	495	170	191	16	24	72	87	36	46	18	25	14322	14668	192	213	65	74	15318	15675	12626	12932	
157	8.38299e+006	8.38335e+006	459	496	172	193	18	26	69	84	37	46	18	25	14390	14736	193	215	66	75	15388	15746	12688	12995	
158	8.38293e+006	8.38328e+006	461	495	168	188	19	27	69	83	38	48	20	26	14455	14803	194	216	60	70	15453	15811	12745	13052	
159	8.38285e+006	8.38321e+006	462	497	170	191	19	27	67	82	40	50	19	26	14519	14867	196	217	65	75	15522	15882	12807	13117	
160	8.38279e+006	8.38315e+006	464	500	169	191	16	23	71	86	38	49	18	25	14585	14934	197	218	64	74	15591	15950	12870	13179	
161	8.38272e+006	8.38308e+006	463	497	177	198	14	21	68	82	38	48	17	24	14653	15002	198	220	64	72	15658	16018	12935	13243	
162	8.38265e+006	8.38301e+006	461	494	177	196	15	21	67	80	37	47	16	22	14722	15072	199	221	62	71	15724	16085	12998	13307	
163	8.38258e+006	8.38294e+006	459	492	179	199	16	23	67	81	37	46	16	22	14786	15137	201	222	63	72	15792	16152	13062	13371	
164	8.38252e+006	8.38288e+006	452	485	176	198	18	25	68	82	35	45	14	21	14855	15206	202	224	59	68	15854	16217	13125	13434	
165	8.38245e+006	8.38282e+006	454	487	173	192	19	27	70	83	35	44	14	21	14921	15273	203	224	63	71	15920	16285	13182	13492	
166	8.38239e+006	8.38275e+006	450	483	174	194	18	25	71	84	35	45	15	22	14988	15340	204	226	61	71	15986	16351	13248	13558	
167	8.38232e+006	8.38268e+006	450	482	173	193	17	24	74	89	33	42	14	21	15055	15408	205	227	63	73	16053	16420	13311	13621	
168	8.38225e+006	8.38262e+006	445	477	175	196	17	24	77	90	32	41	13	20	15118	15472	206	228	59	67	16116	16483	13372	13683	
169	8.38218e+006	8.38255e+006	450	482	170	189	20	27	81	94	30	39	13	20	15184	15538	208	230	66	76	16187	16554	13431	13743	
170	8.38211e+006	8.38248e+006	451	484	171	189	18	25	82	95	30	39	14	20	15251	15606	208	230	64	74	16256	16623	13495	13807	
171	8.38205e+006	8.38242e+006	453	486	168	187	16	23	83	95	31	39	14	20	15317	15671	209	232	61	70	16321	16689	13552	13866	
172	8.38198e+006	8.38235e+006	455	489	169	188	16	22	82	95	31	40	15	21	15383	15738	210	232	64	74	16389	16759	13613	13928	
173	8.38191e+006	8.38228e+006	453	488	168	186	16	23	80	94	31	40	15	22	15451	15804	211	233	60	69	16454	16824	13673	13988	
174	8.38185e+006	8.38222e+006	453	486	172	192	16	22	80	94	31	40	15	21	15513	15868	211	234	62	71	16520	16891	13737	14053	
175	8.38177e+006	8.38215e+006	460	496	169	189	15	22	73	87	32	42	15	22	15584	15940	212	235	66	78	16591	16964	13795	14111	
176	8.38171e+006	8.38208e+006	451	488	173	193	15	23	72	86	31	40	14	20	15652	16008	213	236	58	67	16653	17027	13860	14178	
177	8.38164e+006	8.38202e+006	448	483	172	191	18	25	72	87	32	41	14	20	15716	16074	213	236	60	70	16718	17092	13923	14240	
178	8.38158e+006	8.38195e+006	451	486	173	193	20	27	71	85	33	42	14	20	15779	16138	215	237	63	74	16786	17161	13983	14299	
179	8.38151e+006	8.38189e+006	448	480	170	191	20	26	73	87	33	42	15	21	15846	16206	216	238	61	68	16850	17225	14046	14364	
180	8.38144e+006	8.38182e+006	450	482	170	190	17	23	71	85	33	42	15	21	15916	16276	216	239	63	72	16917	17293	14106	14425	
181	8.38138e+006	8.38175e+006	450	482	173	193	14	21	76	90	31	41	14	21	15977	16338	218	240	62	71	16984	17359	14169	14488	
182	8.38131e+006	8.38169e+006	446	479	176	196	14	20	77	91	31	41	14	21	16043	16405	219	242	63	73	17051	17428	14236	14555	
183	8.38124e+006	8.38162e+006	449	483	173	194	14	21	74	88	32	42	13	20	16109	16471	220	242	62	72	17118	17495	14293	14614	
184	8.38117e+006	8.38155e+006	454	490	172	192	14	21	76	89	33	43	13	19	16172	16534	220	243	65	76	17188	17567	14355	14676	
185	8.3811e+006	8.38148e+006	453	488	169	189	14	20	75	88	33	43	14	20	16244	16607	221	244	62	71	17255	17633	14417	14739	
186	8.38104e+006	8.38142e+006	453	486	172	190	14	20	75	87	34	43	14	21	16306	16671	221	244	59	68	17318	17697	14477	14798	
187	8.38097e+006	8.38135e+006	457	489	173	191	15	21	75	87	35	45	14	20	16368	16735	222	245	66	75	17388	17768	14538	14860	
188	8.38091e+006	8.38129e+006	453	486	172	190	14	20	73	86	34	44	13	20	16437	16805	222	245	58	68	17451	17831	14600	14922	
189	8.38084e+006	8.38122e+006	449	480	173	192	16	22	73	87	36	45	13	20	16498	16866	223	247	58	68	17515	17894	14661	14984	
190	8.38078e+006	8.38116e+006	448	478	174	195	14	20	72	85	37	47	14	21	16565	16934	223	247	60	70	17579	17960	14724	15048	
191	8.38071e+006	8.38109e+006	447	477	177	199	14	20	72	85	40	50	15	22	16627	16997	224	248	64	75	17648	18030	14789	15115	
192	8.38064e+006	8.38102e+006	445	475	178	198	13	19	74	88	40	49	16	22	16692	17063	225	249	60	69	17713	18094	14851	15176	
193	8.38058e+006	8.38096e+006	446	478	175	192	15	21	74	88	38	48	16	22	16759	17130	226	250	61	71	17779	18160	14909	15235	
194	8.38051e+006	8.38089e+006	441	473	174	191	16	22	76	91	38	47	17	23	16826	17198	228	251	61	70	17844	18225	14974	15300	
195	8.38045e+006	8.38083e+006	442	477	170	187	16	22	75	89	38	47	16	22	16894	17266	228	251	61	71	17910	18291	15032	15358	
196	8.38038e+006	8.38076e+006	445	478	169	186	16	22	75	89	38	47	16	22	16957	17330	229	252	60	70	17975	18356	15090	15416	
197	8.38031e+006	8.38069e+006	448	481	162	181	16	24	79	92	37	45	16	22	17023	17396	231	254	63	73	18043	18425	15148	15475	
198	8.38024e+006	8.38063e+006	446	479	167	187	17	25	79	92	38	46	16	22	17083	17457	232	255	62	73	18110	18493	15212	15540	
199	8.38018e+006	8.38056e+006	448	479	170	189	17	23	76	90	37	46	15	21	17148	17522	233	256	61	71	18176	18559	15272	15600	
200	8.38011e+006	8.38049e+006	449	479	170	192	15	23	72	86	37	46	15	21	17215	17592	234	257	62	71	18242	18625	15332	15660	
201	8.38005e+006	8.38043e+006	448	480	170	188	14	20	73	87	36	45	15	21	17283	17660	235	259	61	70	18307	18691	15393	15722	
202	8.37998e+006	8.38036e+006	449	480	169	189	15	21	73	88	35	45	14	20	17347	17723	236	259	62	71	18374	18757	15455	15783	
203	8.37991e+006	8.3803e+006	451	484	170	188	14	20	70	86	36	46	14	20	17414	17791	237	260	62	73	18441	18826	15516	15844	
204	8.37984e+006	8.38023e+006	449	483	170	189	16	23	68	82	36	46	14	20	17481	17858	238	261	62	71	18507	18893	15577	15906	
205	8.37978e+006	8.38016e+006	446	479	171	189	17	24	68	82	34	44	14	20	17548	17925	239	262	59	69	18572	18956	15638	15967	
206	8.37971e+006	8.3801e+006	450	482	171	190	18	24	70	85	35	45	14	20	17609	17986	239	262	64	74	18640	19025	15698	16028	
207	8.37965e+006	8.38003e+006	448	480	169	190	17	24	69	82	35	45	14	21	17677	18056	240	263	59	69	18705	19090	15759	16088	
208	8.37958e+006	8.37997e+006	448	480	170	189	15	21	67	81	34	44	14	20	17746	18127	240	264	61	71	18770	19156	15820	16149	
209	8.37951e+006	8.3799e+006	450	483	170	189	16	22	65	78	34	45	15	21	17813	18194	241	265	65	74	18838	19226	15880	16209	
210	8.37944e+006	8.37983e+006	449	482	170	188	17	24	68	81	33	42	14	20	17876	18256	242	267	61	72	18904	19293	15941	16271	
211	8.37938e+006	8.37976e+006	452	481	171	189	17	24	70	82	33	42	14	20	17939	18320	243	268	64	72	18972	19361	16003	16334	
212	8.37931e+006	8.3797e+006	452	482	170	189	15	22	70	82	34	44	14	21	18003	18384	244	269	60	69	19036	19426	16063	16394	
213	8.37924e+006	8.37963e+006	451	480	175	193	13	19	70	82	33	44	14	21	18071	18451	245	270	63	72	19103	19494	16127	16459	
214	8.37918e+006	8.37957e+006	452	482	170	189	15	21	70	83	32	42	13	20	18137	18517	246	271	62	71	19168	19560	16185	16517	
215	8.37911e+006	8.3795e+006	454	485	171	190	15	22	70	84	34	44	14	21	18200	18578	247	272	63	73	19237	19629	16245	16578	
216	8.37904e+006	8.37943e+006	453	484	170	189	17	23	70	84	34	44	14	21	18266	18646	249	273	63	74	19305	19697	16308	16642	
217	8.37897e+006	8.37937e+006	453	485	174	192	16	22	69	83	34	43	14	21	18330	18710	251	275	61	71	19371	19764	16370	16704	
218	8.37891e+006	8.3793e+006	451	485	176	193	16	22	70	82	34	44	15	22	18394	18775	252	276	63	72	19438	19831	16434	16769	
219	8.37884e+006	8.37923e+006	452	486	171	188	16	23	69	82	34	44	14	21	18462	18844	252	277	61	69	19503	19897	16491	16828	
220	8.37878e+006	8.37917e+006	449	483	172	189	16	23	68	81	33	44	15	22	18527	18912	254	278	60	69	19568	19961	16553	16891	
221	8.37871e+006	8.3791e+006	451	484	168	187	17	24	71	84	33	43	15	22	18592	18977	254	279	63	72	19635	20029	16612	16950	
222	8.37864e+006	8.37904e+006	446	480	173	191	16	23	69	82	33	42	15	22	18657	19044	255	280	60	68	19699	20092	16675	17015	
223	8.37858e+006	8.37898e+006	440	473	173	193	16	23	71	84	32	41	14	21	18722	19109	256	280	58	66	19761	20154	16739	17078	
224	8.37852e+006	8.37891e+006	441	473	174	194	15	22	70	84	33	43	15	22	18787	19175	256	281	62	72	19827	20221	16800	17140	
225	8.37844e+006	8.37884e+006	445	476	173	194	15	21	70	85	31	42	14	21	18854	19243	258	282	66	76	19898	20292	16862	17202	
226	8.37838e+006	8.37877e+006	443	476	169	189	16	23	69	84	29	39	13	20	18925	19315	258	282	59	69	19962	20356	16921	17261	
227	8.37831e+006	8.37871e+006	446	479	167	185	18	25	70	85	28	37	13	19	18991	19381	259	283	63	72	20030	20424	16980	17319	
228	8.37825e+006	8.37864e+006	443	475	166	183	19	26	69	83	28	38	12	19	19058	19450	259	284	60	68	20094	20488	17042	17380	
229	8.37818e+006	8.37858e+006	446	478	165	183	18	26	67	81	28	38	13	19	19125	19517	260	284	62	72	20161	20555	17101	17438	
230	8.37812e+006	8.37851e+006	450	482	165	182	16	23	66	81	28	38	12	18	19190	19581	260	284	62	70	20227	20621	17159	17495	
231	8.37805e+006	8.37844e+006	451	483	167	185	14	20	68	83	27	37	11	17	19256	19647	260	285	63	72	20293	20690	17223	17560	
232	8.37798e+006	8.37838e+006	443	475	172	191	15	21	70	83	27	36	12	17	19319	19709	261	286	58	68	20355	20753	17287	17624	
233	8.37792e+006	8.37832e+006	443	474	172	192	16	22	66	80	29	39	13	19	19381	19771	262	286	59	68	20418	20817	17346	17682	
234	8.37785e+006	8.37825e+006	443	476	169	188	20	28	67	81	28	38	13	19	19445	19838	263	288	63	74	20487	20885	17405	17741	
235	8.37778e+006	8.37818e+006	444	479	162	181	21	28	69	83	29	39	14	20	19514	19905	264	289	61	71	20552	20952	17462	17798	
236	8.37772e+006	8.37812e+006	442	477	166	185	20	27	70	83	30	40	14	20	19575	19966	265	290	61	70	20617	21017	17525	17861	
237	8.37765e+006	8.37805e+006	445	482	166	185	18	25	65	78	30	42	14	21	19646	20036	265	290	64	75	20686	21088	17585	17920	
238	8.37758e+006	8.37798e+006	446	483	174	192	15	21	67	81	31	42	14	21	19707	20097	266	291	64	73	20755	21157	17649	17987	
239	8.37751e+006	8.37792e+006	450	488	169	188	14	21	69	82	31	41	14	21	19772	20160	267	293	62	73	20821	21226	17708	18046	
240	8.37744e+006	8.37785e+006	455	493	167	185	15	21	70	83	31	41	14	21	19837	20225	268	293	63	73	20889	21295	17765	18103	
241	8.37737e+006	8.37778e+006	458	493	163	184	17	25	69	81	34	44	15	22	19900	20291	268	294	65	75	20958	21365	17827	18165	
242	8.3773e+006	8.37771e+006	458	495	163	186	19	27	71	84	33	44	14	21	19959	20352	270	296	62	72	21023	21434	17885	18224	
243	8.37724e+006	8.37765e+006	459	495	165	187	20	27	72	86	30	41	13	20	20022	20416	271	297	61	71	21089	21500	17944	18284	
244	8.37717e+006	8.37758e+006	459	493	166	186	21	28	71	84	30	40	12	19	20092	20486	271	297	64	73	21157	21570	18007	18347	
245	8.37709e+006	8.37751e+006	462	497	170	190	20	27	72	85	30	41	12	18	20155	20550	272	298	68	78	21229	21642	18070	18411	
246	8.37703e+006	8.37744e+006	461	496	173	194	19	26	71	85	32	43	13	20	20219	20614	272	298	61	71	21294	21709	18131	18474	
247	8.37696e+006	8.37737e+006	462	496	172	192	19	26	73	88	33	42	12	20	20285	20682	273	299	64	74	21362	21779	18192	18535	
248	8.37689e+006	8.37731e+006	458	494	173	193	19	26	71	86	33	43	13	19	20354	20751	274	300	62	71	21428	21847	18256	18600	
249	8.37682e+006	8.37724e+006	458	493	171	191	20	27	76	90	33	42	13	19	20416	20816	275	301	62	71	21495	21913	18315	18664	
250	8.37676e+006	8.37717e+006	461	493	172	190	18	25	76	91	33	42	13	19	20482	20884	275	301	63	72	21563	21980	18376	18725	
251	8.37668e+006	8.3771e+006	462	498	171	190	17	24	78	92	31	40	13	18	20550	20953	276	303	65	78	21634	22053	18439	18789	
252	8.37662e+006	8.37703e+006	458	493	176	197	18	25	77	91	31	40	13	19	20615	21021	277	304	63	73	21702	22121	18505	18855	
253	8.37655e+006	8.37697e+006	460	495	176	197	17	25	75	88	33	42	14	20	20682	21087	278	304	63	73	21770	22189	18565	18916	
254	8.37648e+006	8.3769e+006	458	491	178	198	16	23	79	91	34	43	15	22	20744	21151	279	305	61	71	21835	22255	18629	18982	
255	8.37641e+006	8.37683e+006	458	492	173	193	15	22	77	91	34	43	15	21	20818	21223	280	306	62	72	21902	22323	18690	19044	
256	8.37635e+006	8.37677e+006	457	491	175	194	14	21	77	92	33	42	13	20	20883	21288	282	308	61	70	21967	22389	18753	19107	
257	8.37628e+006	8.3767e+006	458	491	174	191	15	22	75	91	33	43	14	20	20950	21358	283	309	63	73	22035	22457	18815	19170	
258	8.37621e+006	8.37663e+006	453	484	177	198	15	21	77	93	31	40	13	19	21016	21425	284	310	61	71	22102	22523	18881	19238	
259	8.37615e+006	8.37657e+006	449	480	176	199	17	24	80	94	30	40	13	19	21079	21490	284	311	59	69	22165	22587	18942	19299	
260	8.37608e+006	8.3765e+006	448	479	175	197	18	25	77	91	31	41	13	20	21148	21558	285	311	63	71	22232	22654	19003	19360	
261	8.37601e+006	8.37644e+006	448	481	171	189	18	26	77	90	31	41	12	19	21219	21630	286	312	62	72	22298	22722	19063	19421	
262	8.37595e+006	8.37637e+006	446	479	169	187	19	27	75	88	32	42	13	20	21287	21699	287	313	60	70	22364	22787	19123	19483	
263	8.37588e+006	8.37631e+006	449	479	168	186	18	25	74	87	33	44	14	20	21354	21766	287	314	62	72	22430	22854	19184	19544	
264	8.37581e+006	8.37624e+006	451	480	169	188	19	25	74	88	33	44	13	19	21418	21831	289	315	64	74	22498	22924	19246	19606	
265	8.37574e+006	8.37617e+006	452	482	170	190	17	23	72	87	32	43	13	20	21487	21900	289	316	63	73	22566	22992	19308	19667	
266	8.37568e+006	8.3761e+006	452	484	166	186	19	25	72	86	32	42	14	20	21552	21965	290	316	61	70	22632	23057	19365	19725	
267	8.37561e+006	8.37604e+006	452	483	167	185	18	24	72	86	32	43	14	21	21618	22032	291	317	61	72	22698	23124	19426	19787	
268	8.37554e+006	8.37597e+006	454	485	167	185	19	26	73	86	34	45	15	23	21682	22095	292	318	64	74	22766	23194	19487	19849	
269	8.37548e+006	8.3759e+006	455	488	171	189	15	23	73	86	34	45	16	23	21745	22158	292	319	62	71	22832	23261	19548	19910	
270	8.37541e+006	8.37584e+006	455	487	171	188	16	23	71	86	34	46	16	24	21811	22224	293	320	63	71	22898	23328	19609	19972	
271	8.37534e+006	8.37577e+006	452	485	172	189	17	23	70	84	33	44	15	23	21880	22294	294	321	61	71	22964	23395	19670	20036	
272	8.37528e+006	8.37571e+006	448	480	173	193	17	25	68	83	33	43	15	23	21947	22361	295	322	59	69	23028	23459	19734	20098	
273	8.37521e+006	8.37564e+006	448	483	172	192	17	24	68	83	31	41	15	23	22013	22428	296	323	62	71	23093	23527	19794	20158	
274	8.37515e+006	8.37558e+006	445	480	172	191	15	21	69	82	31	42	17	25	22080	22496	298	324	59	68	23157	23590	19856	20221	
275	8.37508e+006	8.37551e+006	445	478	172	191	17	23	69	82	32	43	17	25	22147	22563	298	325	63	73	23224	23659	19918	20285	
276	8.37501e+006	8.37545e+006	446	480	171	191	18	25	67	80	33	43	17	25	22212	22629	299	326	62	72	23290	23728	19977	20345	
277	8.37494e+006	8.37538e+006	446	479	171	191	18	25	67	80	31	41	16	24	22279	22697	300	327	62	72	23356	23796	20039	20408	
278	8.37488e+006	8.37531e+006	447	478	171	190	15	22	69	81	31	41	16	24	22345	22765	301	328	61	71	23422	23861	20101	20470	
279	8.37481e+006	8.37525e+006	448	478	169	190	13	21	68	80	32	42	16	23	22411	22832	301	328	59	69	23487	23926	20160	20530	
280	8.37474e+006	8.37518e+006	455	485	170	190	13	21	68	80	32	41	15	23	22476	22899	302	329	68	79	23560	24000	20221	20593	
281	8.37467e+006	8.37511e+006	454	484	168	186	14	21	66	79	33	42	17	25	22541	22964	303	330	58	67	23623	24063	20280	20651	
282	8.37461e+006	8.37505e+006	451	480	170	190	15	22	65	79	32	41	16	23	22605	23028	305	331	60	68	23687	24127	20342	20714	
283	8.37454e+006	8.37498e+006	450	478	169	187	17	25	65	80	32	40	16	22	22670	23095	306	332	62	71	23753	24193	20402	20777	
284	8.37448e+006	8.37491e+006	449	482	171	190	18	25	67	83	32	40	15	22	22730	23154	307	334	63	74	23822	24261	20463	20840	
285	8.37441e+006	8.37485e+006	451	483	171	190	17	23	67	82	31	40	14	21	22798	23223	308	335	63	72	23889	24329	20524	20901	
286	8.37434e+006	8.37478e+006	458	485	170	187	15	22	65	80	31	40	14	20	22865	23293	308	335	64	74	23957	24398	20583	20960	
287	8.37427e+006	8.37472e+006	448	475	174	195	16	23	67	81	31	39	14	20	22929	23360	309	336	59	68	24021	24462	20650	21028	
288	8.37421e+006	8.37465e+006	450	476	172	191	17	22	69	83	31	40	14	20	22992	23423	309	336	60	70	24086	24527	20709	21086	
289	8.37414e+006	8.37458e+006	452	480	174	190	16	22	68	81	30	39	13	20	23059	23489	310	336	61	71	24152	24593	20768	21145	
290	8.37408e+006	8.37452e+006	446	475	165	182	16	23	68	80	29	39	13	20	23132	23563	311	338	56	65	24212	24655	20827	21205	
291	8.37402e+006	8.37446e+006	442	471	169	187	17	24	67	80	29	38	13	19	23195	23626	312	338	60	69	24277	24719	20891	21268	
292	8.37395e+006	8.37439e+006	441	472	171	190	18	25	67	81	30	40	13	20	23257	23687	312	339	63	72	24343	24788	20952	21330	
293	8.37388e+006	8.37432e+006	441	474	174	192	18	25	70	82	31	42	13	20	23319	23750	313	340	64	75	24412	24858	21015	21393	
294	8.37381e+006	8.37426e+006	442	475	171	189	16	23	68	81	31	42	13	19	23387	23819	314	341	60	69	24476	24923	21074	21453	
295	8.37374e+006	8.37419e+006	446	480	170	186	16	22	70	84	31	41	13	19	23452	23884	315	342	64	75	24545	24993	21135	21513	
296	8.37368e+006	8.37413e+006	445	479	167	185	15	22	69	82	31	41	13	20	23520	23953	316	343	61	70	24610	25059	21196	21574	
297	8.37361e+006	8.37406e+006	449	485	163	182	15	23	72	85	32	43	14	21	23578	24012	317	344	62	71	24676	25126	21251	21631	
298	8.37355e+006	8.374e+006	449	485	162	182	16	24	73	84	31	41	14	21	23643	24077	318	345	59	69	24740	25190	21311	21691	
299	8.37348e+006	8.37392e+006	453	489	165	183	15	22	71	83	31	41	15	22	23709	24143	319	347	67	77	24812	25261	21372	21755	
300	8.37341e+006	8.37386e+006	451	487	172	192	16	23	70	82	31	42	15	22	23769	24205	320	348	63	72	24880	25328	21436	21819	
301	8.37334e+006	8.37379e+006	452	489	172	193	16	22	68	81	31	42	15	22	23833	24270	321	349	61	71	24944	25395	21496	21880	
302	8.37327e+006	8.37373e+006	450	486	174	194	16	23	70	83	31	41	15	22	23898	24336	322	350	63	72	25011	25462	21559	21944	
303	8.37321e+006	8.37366e+006	454	488	173	193	13	20	67	82	33	43	17	24	23966	24405	323	351	64	73	25079	25531	21621	22007	
304	8.37314e+006	8.37359e+006	452	485	174	194	15	20	68	82	32	41	16	23	24030	24470	324	352	59	69	25143	25596	21682	22068	
305	8.37308e+006	8.37353e+006	453	486	170	192	12	18	68	82	32	42	17	24	24097	24539	325	352	61	70	25209	25660	21744	22129	
306	8.37301e+006	8.37346e+006	449	482	173	194	16	23	69	83	31	41	16	24	24161	24604	326	354	63	72	25277	25728	21808	22193	
307	8.37294e+006	8.37339e+006	451	485	175	194	15	22	72	86	30	40	16	23	24224	24669	327	354	65	74	25346	25798	21871	22256	
308	8.37287e+006	8.37333e+006	448	484	174	194	17	25	72	85	33	42	16	23	24286	24731	328	355	58	69	25410	25862	21930	22317	
309	8.3728e+006	8.37326e+006	450	486	169	188	17	25	72	85	33	43	16	23	24357	24799	328	356	64	74	25478	25932	21990	22377	
310	8.37274e+006	8.37319e+006	448	484	170	188	19	26	75	89	34	43	16	23	24419	24861	330	357	61	71	25543	25999	22054	22441	
311	8.37267e+006	8.37313e+006	450	485	167	186	19	27	73	88	34	44	16	23	24485	24928	331	358	61	70	25608	26065	22110	22498	
312	8.3726e+006	8.37306e+006	452	486	168	187	17	24	75	89	33	43	15	22	24550	24993	332	359	62	73	25674	26133	22171	22559	
313	8.37253e+006	8.37299e+006	455	488	165	185	18	26	72	86	31	41	14	20	24622	25066	332	360	65	75	25744	26204	22232	22619	
314	8.37247e+006	8.37293e+006	450	486	171	192	18	25	72	86	32	43	15	21	24684	25128	333	360	61	71	25809	26271	22295	22683	
315	8.3724e+006	8.37286e+006	455	491	167	188	20	27	71	84	32	42	14	20	24751	25195	334	361	64	73	25877	26340	22352	22740	
316	8.37233e+006	8.37279e+006	454	490	172	191	18	24	68	80	33	44	15	21	24821	25263	335	362	64	73	25944	26410	22414	22805	
317	8.37226e+006	8.37273e+006	456	491	168	188	17	24	70	83	34	45	15	22	24885	25329	335	363	62	73	26010	26479	22475	22867	
318	8.37219e+006	8.37266e+006	461	496	172	191	16	22	69	83	35	46	15	21	24947	25392	336	364	66	76	26080	26550	22535	22929	
319	8.37212e+006	8.37259e+006	462	496	169	189	17	23	72	86	35	46	15	21	25011	25459	337	364	62	73	26147	26618	22595	22991	
320	8.37205e+006	8.37252e+006	462	495	173	191	17	24	69	84	35	47	15	21	25077	25526	338	366	65	75	26217	26689	22659	23056	
321	8.37198e+006	8.37245e+006	465	498	174	194	16	23	72	85	35	46	14	21	25140	25590	339	366	64	74	26285	26758	22719	23119	
322	8.3719e+006	8.37238e+006	471	503	175	195	17	24	74	88	35	45	14	21	25203	25656	340	367	69	79	26358	26833	22781	23181	
323	8.37183e+006	8.37231e+006	471	504	174	195	16	22	74	87	35	45	15	22	25273	25727	340	368	64	75	26427	26903	22844	23247	
324	8.37176e+006	8.37224e+006	473	507	174	194	17	25	74	87	36	46	14	21	25337	25791	341	368	65	74	26496	26973	22904	23309	
325	8.3717e+006	8.37217e+006	469	503	177	197	16	23	73	86	38	48	16	23	25403	25858	342	369	62	72	26563	27040	22968	23376	
326	8.37163e+006	8.3721e+006	472	505	176	195	17	23	73	86	37	46	15	22	25471	25927	343	371	65	74	26632	27109	23030	23439	
327	8.37155e+006	8.37203e+006	476	510	180	198	16	23	71	84	36	46	15	21	25539	25997	344	372	70	81	26707	27185	23094	23504	
328	8.37148e+006	8.37196e+006	475	510	177	197	16	23	72	86	35	44	15	21	25608	26068	345	373	63	73	26774	27254	23157	23567	
329	8.37141e+006	8.37189e+006	473	507	182	202	17	24	70	83	35	44	15	22	25676	26137	345	373	66	76	26845	27326	23224	23637	
330	8.37134e+006	8.37182e+006	473	507	180	200	18	25	71	86	33	43	15	21	25745	26208	346	374	64	75	26913	27396	23286	23700	
331	8.37127e+006	8.37176e+006	471	505	181	202	18	25	69	83	35	45	15	22	25814	26276	347	375	62	73	26980	27464	23350	23765	
332	8.3712e+006	8.37169e+006	469	505	173	193	20	26	73	87	34	44	15	21	25883	26347	348	376	61	72	27046	27532	23410	23824	
333	8.37113e+006	8.37162e+006	469	506	172	192	21	28	74	88	34	43	15	21	25950	26416	348	376	64	74	27114	27602	23471	23885	
334	8.37106e+006	8.37155e+006	464	499	174	194	24	31	72	86	33	41	14	21	26021	26488	350	378	66	74	27184	27672	23537	23954	
335	8.37099e+006	8.37148e+006	466	503	178	198	21	29	72	86	30	39	13	20	26090	26558	351	379	65	76	27254	27743	23600	24017	
336	8.37092e+006	8.37141e+006	465	503	182	202	19	26	72	86	30	39	14	21	26159	26626	351	379	66	75	27325	27814	23665	24083	
337	8.37085e+006	8.37135e+006	463	500	178	198	17	24	74	87	30	40	15	22	26230	26700	352	380	61	72	27390	27882	23727	24147	
338	8.37079e+006	8.37128e+006	462	498	176	195	19	26	75	87	32	41	15	23	26295	26765	353	381	62	71	27456	27948	23787	24209	
339	8.37072e+006	8.37121e+006	462	498	171	192	18	26	76	88	30	40	14	21	26365	26838	354	382	61	71	27522	28015	23847	24269	
340	8.37066e+006	8.37115e+006	459	494	170	192	19	26	75	89	31	41	15	22	26430	26905	354	383	61	70	27588	28081	23909	24333	
341	8.37058e+006	8.37108e+006	460	495	172	193	19	27	74	90	30	39	14	20	26498	26974	355	384	66	75	27658	28152	23972	24395	
342	8.37052e+006	8.37101e+006	455	490	176	196	20	27	75	89	32	42	15	23	26561	27039	356	384	61	70	27723	28218	24036	24460	
343	8.37045e+006	8.37095e+006	452	486	178	198	19	27	75	89	33	43	15	22	26627	27107	356	385	62	72	27790	28286	24100	24525	
344	8.37038e+006	8.37088e+006	453	488	177	196	18	25	73	88	35	45	15	22	26696	27176	357	386	63	74	27857	28355	24160	24587	
345	8.37032e+006	8.37081e+006	453	487	173	194	17	24	73	87	35	46	15	22	26766	27246	358	387	61	71	27923	28421	24221	24649	
346	8.37025e+006	8.37074e+006	455	490	171	191	15	22	72	87	35	46	15	22	26835	27317	358	387	64	75	27992	28491	24283	24712	
347	8.37017e+006	8.37067e+006	462	497	172	191	13	20	75	90	34	45	13	20	26898	27381	359	388	67	77	28063	28564	24345	24773	
348	8.3701e+006	8.37061e+006	458	492	176	195	14	21	73	88	34	44	13	20	26966	27450	360	389	62	71	28128	28632	24409	24840	
349	8.37004e+006	8.37054e+006	460	495	174	193	15	22	75	89	35	45	14	21	27029	27513	361	390	63	73	28196	28700	24470	24901	
350	8.36997e+006	8.37047e+006	461	499	175	194	16	22	76	90	33	44	13	20	27094	27577	363	391	65	75	28266	28770	24531	24964	
351	8.3699e+006	8.37041e+006	460	495	171	191	16	24	76	89	34	46	14	22	27162	27648	364	392	60	71	28331	28836	24593	25028	
352	8.36983e+006	8.37034e+006	462	497	172	191	16	24	77	90	35	46	14	21	27226	27712	364	392	63	74	28398	28906	24654	25090	
353	8.36976e+006	8.37027e+006	465	501	173	195	16	23	76	87	34	44	14	21	27295	27782	365	393	67	78	28471	28978	24718	25155	
354	8.36969e+006	8.3702e+006	462	496	177	198	16	23	76	87	33	43	14	21	27362	27851	366	394	63	72	28538	29046	24783	25222	
355	8.36962e+006	8.37013e+006	463	497	178	199	16	23	76	87	34	45	15	22	27427	27915	366	395	63	72	28605	29114	24844	25285	
356	8.36955e+006	8.37006e+006	463	498	175	196	17	25	76	87	34	44	15	22	27494	27984	368	396	64	74	28674	29183	24906	25347	
357	8.36949e+006	8.37e+006	458	493	174	194	17	24	76	88	36	46	17	23	27563	28054	368	397	60	70	28738	29248	24971	25412	
358	8.36942e+006	8.36993e+006	458	494	173	193	17	24	74	88	37	47	17	24	27627	28120	370	398	62	71	28804	29315	25031	25474	
359	8.36935e+006	8.36986e+006	459	493	173	194	17	24	74	89	37	46	17	24	27694	28187	371	399	64	73	28872	29384	25094	25537	
360	8.36928e+006	8.3698e+006	455	487	176	196	17	25	75	89	37	46	18	24	27761	28256	371	400	63	72	28938	29453	25160	25605	
361	8.36921e+006	8.36973e+006	456	489	176	196	19	26	74	89	37	46	18	25	27825	28323	372	401	64	74	29007	29523	25221	25665	
362	8.36915e+006	8.36966e+006	455	487	175	195	19	26	73	88	35	44	17	24	27895	28394	373	402	61	71	29072	29590	25281	25726	
363	8.36908e+006	8.3696e+006	454	487	171	192	19	26	74	88	35	44	17	25	27966	28465	374	403	63	73	29140	29658	25344	25791	
364	8.36901e+006	8.36953e+006	459	492	169	191	18	25	71	84	36	45	18	25	28036	28536	374	403	65	75	29210	29728	25404	25851	
