Day	Susceptible-LB	Susceptible-UB	Exposed-LB	Exposed-UB	Current Detected Mild Infections-LB	Current Detected Mild Infections-UB	Current Undetected Mild Infections-LB	Current Undetected Mild Infections-UB	Current Hospitalizations-LB	Current Hospitalizations-UB	Current ICU patients-LB	Current ICU patients-UB	ventilators-LB	ventilators-UB	Recovered-LB	Recovered-UB	Deaths-LB	Deaths-UB	new infections today-LB	new infections today-UB	total number of infections-LB	total number of infections-UB	Confirmed total number of infections-LB	Confirmed total number of infections-UB	
0	8.39872e+006	8.39872e+006	16	16	0	0	0	0	0	0	0	0	0	0	0	0	0	0	0	0	16	16	0	0	
1	8.39856e+006	8.39856e+006	176	176	0	0	0	0	0	0	0	0	0	0	0	0	0	0	160	160	176	176	0	0	
2	8.3984e+006	8.3984e+006	336	336	0	0	0	0	0	0	0	0	0	0	0	0	0	0	160	160	336	336	0	0	
3	8.39821e+006	8.39822e+006	521	526	0	0	0	0	0	0	0	0	0	0	0	0	0	0	185	190	521	526	0	0	
4	8.39788e+006	8.39791e+006	830	852	0	0	0	0	0	0	0	0	0	0	0	0	0	0	307	328	830	852	0	0	
5	8.39743e+006	8.39748e+006	1260	1302	0	0	0	0	0	0	0	0	0	0	0	0	0	0	424	455	1260	1302	0	0	
6	8.39683e+006	8.3969e+006	1839	1908	0	0	0	0	0	0	0	0	0	0	0	0	0	0	573	613	1839	1908	0	0	
7	8.39593e+006	8.39604e+006	2681	2788	16	16	0	0	0	0	0	0	0	0	0	0	0	0	850	903	2697	2804	16	16	
8	8.39468e+006	8.39484e+006	3721	3881	131	140	36	45	0	0	0	0	0	0	0	0	0	0	1190	1263	3897	4057	131	140	
9	8.39317e+006	8.3934e+006	5000	5234	251	262	74	85	0	0	0	0	0	0	0	0	0	0	1432	1521	5336	5570	251	262	
10	8.39127e+006	8.39158e+006	6638	6946	374	390	119	134	0	0	0	0	0	0	16	16	0	0	1813	1912	7161	7470	390	406	
11	8.38885e+006	8.38928e+006	8624	9041	485	512	157	175	27	35	0	0	0	0	141	149	0	0	2287	2428	9459	9887	629	653	
12	8.38598e+006	8.38654e+006	10933	11459	690	736	222	242	56	67	0	0	0	0	269	280	0	0	2730	2877	12199	12754	958	995	
13	8.38269e+006	8.38339e+006	13498	14148	981	1056	317	347	90	103	0	0	0	0	420	435	0	0	3130	3310	15344	16050	1401	1456	
14	8.37907e+006	8.37994e+006	16096	16868	1393	1498	444	483	147	165	0	0	0	0	673	697	0	0	3444	3627	18800	19665	2067	2152	
15	8.37526e+006	8.37631e+006	18526	19431	1960	2100	639	693	238	259	0	0	0	0	1012	1052	0	0	3616	3829	22430	23480	2988	3108	
16	8.37147e+006	8.37271e+006	20684	21709	2602	2788	856	913	347	374	0	0	0	0	1482	1543	0	0	3587	3802	26030	27269	4093	4273	
17	8.36797e+006	8.36938e+006	22184	23306	3323	3548	1094	1166	487	521	15	19	14	17	2182	2276	0	0	3315	3508	29356	30766	5522	5759	
18	8.36432e+006	8.36592e+006	23346	24542	4132	4428	1374	1458	685	732	25	30	19	22	3171	3310	0	0	3451	3662	32816	34418	7306	7635	
19	8.36035e+006	8.36216e+006	24359	25645	5083	5434	1713	1817	936	996	34	40	23	27	4351	4549	0	0	3746	3977	36573	38384	9422	9846	
20	8.35638e+006	8.3584e+006	24980	26320	6031	6461	2072	2197	1238	1307	51	60	31	36	5855	6120	0	0	3755	3981	40340	42352	11833	12371	
21	8.35231e+006	8.35455e+006	25363	26788	6903	7377	2352	2485	1587	1674	77	88	44	51	7776	8145	0	0	3832	4091	44185	46431	14532	15196	
22	8.34817e+006	8.35066e+006	25615	27113	7559	8099	2574	2725	2003	2111	109	123	58	68	10066	10542	0	0	3870	4152	48073	50565	17364	18165	
23	8.344e+006	8.34675e+006	25924	27499	7905	8484	2680	2837	2456	2591	159	177	80	93	12707	13303	0	0	3896	4188	51984	54738	20206	21165	
24	8.33976e+006	8.34277e+006	26570	28252	7787	8375	2672	2823	2906	3060	223	246	110	125	15647	16384	0	0	3964	4258	55964	58980	22851	23951	
25	8.33534e+006	8.33865e+006	27219	29025	7672	8266	2620	2767	3336	3512	310	338	147	166	18760	19655	0	0	4106	4428	60085	63393	25629	26886	
26	8.33088e+006	8.33449e+006	27616	29532	7789	8402	2656	2810	3678	3883	413	444	193	215	21915	22965	0	0	4142	4486	64247	67859	28605	30026	
27	8.32629e+006	8.33022e+006	28109	30159	8120	8770	2758	2923	3879	4097	525	563	237	263	24915	26112	13	16	4250	4604	68512	72448	31588	33174	
28	8.32159e+006	8.32588e+006	28596	30783	8409	9120	2831	3021	4021	4259	676	723	305	335	28079	29440	17	20	4323	4712	72852	77143	34651	36410	
29	8.31687e+006	8.32156e+006	29027	31373	8520	9276	2846	3039	4129	4372	838	894	380	413	31564	33118	19	22	4301	4742	77174	81864	37756	39719	
30	8.31204e+006	8.31713e+006	29542	32035	8614	9440	2881	3095	4190	4450	1017	1082	465	504	35087	36819	22	26	4412	4849	81607	86692	40872	43041	
31	8.30706e+006	8.31258e+006	30102	32787	8686	9547	2942	3154	4215	4493	1197	1276	546	592	38719	40654	28	35	4527	5007	86155	91678	44032	46417	
32	8.30195e+006	8.30794e+006	30608	33488	8841	9748	3012	3239	4274	4552	1371	1461	631	679	42367	44536	35	43	4614	5127	90792	96782	47306	49922	
33	8.29686e+006	8.30334e+006	31041	34122	9027	9982	3070	3305	4414	4711	1497	1601	695	748	45999	48397	47	56	4577	5118	95394	101875	50626	53483	
34	8.29152e+006	8.29855e+006	31558	34882	9257	10272	3125	3362	4515	4821	1620	1733	754	812	49735	52380	64	75	4770	5362	100187	107214	54031	57151	
35	8.28607e+006	8.29368e+006	32085	35641	9418	10508	3167	3425	4579	4900	1751	1870	819	882	53641	56559	83	96	4851	5469	105058	112663	57496	60893	
36	8.28289e+006	8.29086e+006	30588	34101	9511	10709	3207	3505	4639	4973	1866	1992	875	940	57602	60803	108	122	2807	3199	107881	115846	60930	64631	
37	8.27965e+006	8.28802e+006	28996	32513	9600	10890	3256	3593	4731	5072	1953	2086	920	985	61657	65166	140	156	2821	3260	110720	119087	64459	68457	
38	8.27632e+006	8.2851e+006	27369	30860	9748	11130	3300	3660	4820	5190	2004	2143	941	1010	65819	69644	178	197	2900	3353	113640	122421	68097	72433	
39	8.27319e+006	8.28238e+006	25453	28876	9985	11439	3371	3741	4872	5251	2050	2194	961	1033	70008	74207	217	239	2700	3141	116358	125545	71782	76485	
40	8.27032e+006	8.27989e+006	23348	26646	10088	11647	3425	3810	4962	5385	2074	2226	967	1043	74278	78824	264	287	2472	2888	118846	128417	75436	80532	
41	8.26765e+006	8.27762e+006	20827	23977	10237	11910	3509	3912	5057	5511	2089	2245	975	1052	78663	83612	315	341	2250	2693	121115	131090	79240	84779	
42	8.26514e+006	8.27554e+006	18038	21031	10657	12433	3332	3725	5153	5645	2112	2273	983	1063	83127	88499	368	396	2065	2520	123197	133593	83358	89389	
43	8.26305e+006	8.27381e+006	16938	19944	9515	11136	2736	3070	5222	5749	2165	2331	1005	1086	87564	93386	410	442	1708	2111	124922	135688	85846	92184	
44	8.26101e+006	8.27215e+006	15766	18740	8232	9690	2103	2381	5319	5887	2215	2396	1024	1109	92165	98477	452	489	1650	2054	126589	137725	88349	95040	
45	8.25907e+006	8.27057e+006	14428	17347	6698	7989	1702	1950	5432	6047	2238	2428	1034	1126	96844	103671	510	550	1563	1959	128166	139670	90873	97915	
46	8.2573e+006	8.26916e+006	13125	15983	6598	7941	1687	1950	5121	5712	2263	2462	1048	1143	99898	107094	567	609	1398	1777	129579	141432	93153	100530	
47	8.25567e+006	8.26786e+006	11931	14745	6325	7646	1606	1878	4772	5360	2311	2529	1070	1175	102982	110564	622	668	1281	1647	130873	143065	95254	102949	
48	8.25413e+006	8.26666e+006	10869	13606	5808	7119	1474	1743	4449	5027	2371	2593	1099	1203	106113	114106	676	726	1190	1552	132076	144604	97195	105233	
49	8.25273e+006	8.26557e+006	9879	12502	5297	6623	1351	1617	4064	4624	2413	2646	1120	1224	109120	117522	729	784	1075	1417	133164	146007	98961	107353	
50	8.2514e+006	8.26456e+006	9165	11734	4697	6011	1191	1448	3593	4118	2463	2713	1140	1254	111977	120779	780	839	996	1342	134174	147335	100448	109150	
51	8.2502e+006	8.26366e+006	8409	10889	4208	5487	1079	1335	3093	3581	2514	2783	1165	1285	114644	123866	830	895	894	1208	135080	148532	101865	110873	
52	8.24908e+006	8.26282e+006	7671	10073	3807	5024	984	1230	2944	3455	2444	2721	1132	1259	116884	126493	890	959	827	1142	135918	149661	103190	112509	
53	8.24805e+006	8.26208e+006	7005	9334	3559	4752	925	1165	2744	3239	2363	2649	1091	1221	118831	128813	949	1023	732	1037	136661	150688	104394	114007	
54	8.24708e+006	8.26135e+006	6437	8665	3267	4421	854	1082	2482	2959	2286	2573	1054	1185	120779	131140	1008	1087	715	977	137385	151655	105487	115386	
55	8.24616e+006	8.26069e+006	5897	8041	2994	4114	759	977	2267	2742	2198	2486	1013	1139	122601	133321	1067	1154	649	928	138046	152572	106516	116704	
56	8.24532e+006	8.26009e+006	5407	7483	2738	3819	700	903	2075	2544	2088	2372	959	1084	124262	135338	1121	1211	586	858	138643	153419	107447	117910	
57	8.24451e+006	8.25952e+006	4974	6961	2508	3569	650	845	1883	2342	1953	2231	892	1014	125821	137245	1183	1280	563	819	139216	154228	108294	119029	
58	8.24377e+006	8.25902e+006	4567	6499	2264	3276	604	788	1717	2161	1801	2079	827	948	127280	139049	1247	1346	488	747	139712	154966	109059	120045	
59	8.24306e+006	8.25855e+006	4200	6079	2054	3040	566	748	1579	2014	1633	1911	753	877	128617	140702	1305	1410	460	721	140182	155677	109769	120999	
60	8.24242e+006	8.25812e+006	3894	5695	1846	2793	508	693	1459	1892	1450	1716	673	789	129862	142272	1373	1486	427	653	140618	156320	110400	121864	
61	8.2418e+006	8.25771e+006	3585	5340	1709	2605	464	650	1339	1751	1260	1509	586	693	131010	143742	1440	1560	406	621	141031	156934	111019	122681	
62	8.24122e+006	8.25732e+006	3309	5003	1573	2435	420	610	1213	1616	1181	1426	548	651	132013	145043	1481	1606	374	591	141413	157517	111577	123449	
63	8.24065e+006	8.25696e+006	3081	4726	1467	2294	389	563	1099	1497	1100	1335	512	608	132916	146236	1517	1649	359	581	141780	158090	112077	124166	
64	8.24013e+006	8.25663e+006	2841	4428	1354	2173	357	520	1004	1373	1009	1238	478	573	133783	147371	1562	1700	323	521	142111	158602	112566	124858	
65	8.23964e+006	8.25632e+006	2646	4182	1236	2033	318	473	934	1286	919	1143	434	532	134565	148423	1602	1745	292	500	142412	159094	112996	125489	
66	8.23919e+006	8.25603e+006	2476	3919	1145	1931	284	437	858	1198	843	1073	398	500	135281	149393	1634	1782	290	458	142707	159546	113403	126100	
67	8.23875e+006	8.25577e+006	2302	3710	1090	1844	214	346	791	1121	762	984	360	458	135975	150327	1665	1820	253	445	142968	159983	113822	126715	
68	8.23834e+006	8.25552e+006	2139	3510	1075	1781	164	268	726	1045	690	904	326	422	136582	151187	1690	1853	243	420	143217	160396	114211	127290	
69	8.23795e+006	8.25528e+006	1999	3317	1054	1713	115	188	682	984	641	846	300	391	137122	151989	1715	1880	234	399	143458	160789	114570	127844	
70	8.23758e+006	8.25506e+006	1851	3111	991	1645	113	182	628	926	592	791	278	368	137640	152717	1736	1907	211	374	143675	161156	114906	128370	
71	8.23724e+006	8.25486e+006	1726	2940	918	1555	107	168	575	864	547	738	254	345	138130	153420	1758	1933	197	350	143879	161500	115210	128846	
72	8.23691e+006	8.25466e+006	1625	2774	848	1475	95	157	531	810	502	683	232	318	138583	154087	1777	1957	192	333	144076	161828	115491	129301	
73	8.23659e+006	8.25448e+006	1508	2636	790	1362	87	145	492	763	467	646	219	306	139008	154721	1795	1978	174	319	144256	162142	115765	129720	
74	8.23631e+006	8.25431e+006	1420	2478	728	1294	78	137	460	719	419	592	192	276	139399	155309	1814	2002	164	287	144425	162423	116008	130125	
75	8.23602e+006	8.25414e+006	1339	2355	678	1214	78	137	427	684	387	554	176	256	139750	155856	1829	2019	162	297	144593	162714	116236	130502	
76	8.23575e+006	8.25398e+006	1260	2231	629	1162	71	131	396	646	356	512	160	232	140095	156370	1842	2037	156	275	144754	162984	116459	130864	
77	8.2355e+006	8.25384e+006	1191	2115	590	1094	71	125	372	618	329	477	148	216	140395	156852	1854	2054	141	258	144901	163236	116656	131206	
78	8.23525e+006	8.25369e+006	1137	2019	554	1034	63	114	353	585	307	447	138	202	140674	157311	1865	2071	143	255	145049	163486	116848	131524	
79	8.23502e+006	8.25355e+006	1081	1924	516	973	63	107	326	551	286	421	128	190	140951	157747	1877	2086	136	239	145189	163720	117028	131828	
80	8.2348e+006	8.25341e+006	1042	1828	483	923	54	106	307	527	265	395	116	175	141200	158150	1887	2101	135	223	145329	163939	117196	132115	
81	8.23459e+006	8.25328e+006	1004	1757	455	863	56	95	284	483	245	378	109	167	141439	158543	1895	2111	126	216	145458	164151	117349	132378	
82	8.23437e+006	8.25315e+006	961	1683	427	829	54	92	267	451	226	354	101	155	141664	158914	1905	2123	119	223	145582	164369	117501	132646	
83	8.23417e+006	8.25303e+006	922	1612	417	792	50	82	245	425	206	329	89	143	141878	159266	1913	2135	117	204	145702	164570	117650	132899	
84	8.23397e+006	8.25291e+006	901	1559	396	765	45	82	221	400	199	314	86	136	142073	159580	1918	2142	119	205	145826	164771	117785	133129	
85	8.23379e+006	8.25281e+006	858	1486	381	727	41	78	204	375	184	297	80	131	142266	159903	1925	2153	101	181	145931	164948	117922	133359	
86	8.2336e+006	8.25269e+006	836	1440	365	694	37	76	193	356	168	284	75	130	142448	160198	1931	2161	114	193	146049	165137	118054	133577	
87	8.23343e+006	8.25258e+006	807	1388	361	662	37	71	186	339	159	274	70	123	142606	160470	1935	2168	105	171	146158	165304	118182	133778	
88	8.23326e+006	8.25247e+006	782	1347	347	626	37	66	173	325	145	257	64	115	142776	160744	1940	2174	101	174	146264	165474	118300	133975	
89	8.23309e+006	8.25236e+006	767	1295	328	608	40	66	170	313	136	243	60	111	142924	160997	1945	2181	104	172	146372	165642	118413	134175	
90	8.23295e+006	8.25227e+006	742	1240	309	587	39	68	166	297	125	230	56	105	143073	161237	1951	2189	92	148	146468	165786	118520	134356	
91	8.23278e+006	8.25217e+006	717	1208	301	576	38	72	162	281	117	214	52	98	143212	161473	1954	2197	95	173	146567	165955	118633	134537	
92	8.23262e+006	8.25207e+006	714	1188	287	538	36	66	153	265	108	206	48	98	143350	161709	1958	2202	97	161	146669	166112	118729	134701	
93	8.23247e+006	8.25197e+006	691	1150	288	532	33	61	148	265	100	193	45	91	143480	161917	1961	2208	92	156	146764	166265	118839	134878	
94	8.23233e+006	8.25188e+006	681	1125	277	500	33	55	149	258	94	181	41	85	143606	162131	1965	2214	94	146	146861	166408	118938	135033	
95	8.23219e+006	8.25178e+006	668	1093	277	493	33	56	138	241	91	170	39	78	143721	162329	1968	2220	88	142	146953	166545	119034	135190	
96	8.23205e+006	8.25168e+006	658	1065	267	472	34	55	133	236	89	158	39	72	143845	162528	1971	2228	94	144	147052	166685	119134	135343	
97	8.23191e+006	8.25159e+006	654	1057	259	454	29	50	129	231	83	149	38	70	143959	162704	1975	2233	88	140	147143	166822	119224	135479	
98	8.23178e+006	8.2515e+006	646	1025	253	453	29	49	127	226	81	146	37	72	144066	162878	1977	2236	86	141	147234	166959	119315	135636	
99	8.23165e+006	8.25141e+006	638	1000	248	444	27	48	122	213	77	140	36	67	144180	163060	1981	2242	89	136	147326	167091	119408	135781	
100	8.23151e+006	8.25132e+006	632	978	244	447	32	52	118	205	78	137	36	66	144277	163211	1983	2246	86	134	147417	167222	119493	135921	
101	8.23139e+006	8.25123e+006	623	957	246	423	30	47	119	205	74	128	35	64	144377	163384	1985	2251	86	124	147505	167343	119584	136057	
102	8.23128e+006	8.25114e+006	619	935	237	403	31	48	117	202	74	122	33	59	144478	163545	1987	2255	84	120	147592	167460	119668	136181	
103	8.23105e+006	8.25099e+006	670	1026	242	395	28	44	118	201	74	119	33	59	144573	163698	1989	2257	146	235	147743	167690	119759	136311	
104	8.23083e+006	8.25084e+006	729	1111	236	389	27	44	117	194	70	119	32	59	144672	163844	1992	2262	147	225	147894	167911	119843	136436	
105	8.2306e+006	8.25069e+006	790	1205	236	390	26	42	114	191	64	114	28	54	144768	163985	1996	2267	147	235	148048	168139	119926	136563	
106	8.23037e+006	8.25053e+006	854	1307	232	383	25	41	113	192	61	110	27	54	144868	164126	1998	2270	153	238	148208	168371	120011	136687	
107	8.2301e+006	8.25034e+006	950	1448	230	377	25	42	113	182	61	110	26	52	144959	164269	2000	2272	182	275	148396	168640	120095	136807	
108	8.22981e+006	8.25014e+006	1064	1618	234	364	22	36	110	174	58	108	26	49	145053	164411	2001	2277	200	295	148601	168930	120179	136923	
109	8.2295e+006	8.24993e+006	1184	1816	227	347	23	38	106	168	54	101	24	45	145152	164555	2003	2281	204	318	148811	169241	120259	137029	
110	8.22913e+006	8.24968e+006	1272	1954	281	443	27	43	104	167	51	97	22	41	145245	164688	2005	2283	233	374	149052	169607	120399	137243	
111	8.22876e+006	8.24942e+006	1379	2110	334	536	33	55	104	160	51	97	21	41	145333	164814	2006	2284	253	382	149314	169980	120538	137444	
112	8.22835e+006	8.24914e+006	1501	2287	390	643	38	63	101	154	50	95	22	41	145422	164937	2007	2286	269	412	149592	170384	120679	137654	
113	8.22791e+006	8.24885e+006	1634	2505	393	642	42	69	110	170	51	93	22	38	145563	165150	2008	2288	286	456	149889	170828	120823	137864	
114	8.22742e+006	8.24852e+006	1769	2723	421	684	47	78	118	195	53	90	23	38	145703	165349	2009	2290	316	494	150216	171312	120995	138110	
115	8.22687e+006	8.24816e+006	1915	2993	468	738	53	85	131	218	53	86	24	38	145842	165555	2011	2292	346	564	150573	171866	121182	138377	
116	8.22629e+006	8.24778e+006	2084	3272	512	812	58	93	140	234	53	87	25	39	145990	165768	2012	2294	372	597	150958	172451	121373	138661	
117	8.22564e+006	8.24735e+006	2264	3558	554	902	66	101	157	263	51	83	23	38	146161	166011	2014	2296	413	659	151385	173096	121591	138995	
118	8.22496e+006	8.2469e+006	2444	3871	600	981	71	111	179	291	52	80	24	38	146341	166274	2015	2298	433	695	151832	173777	121831	139337	
119	8.2242e+006	8.24644e+006	2626	4232	656	1065	81	121	192	312	56	84	25	41	146532	166558	2017	2301	452	772	152299	174534	122080	139704	
120	8.2234e+006	8.24593e+006	2835	4591	703	1141	85	129	208	335	58	89	27	44	146754	166896	2017	2302	495	815	152811	175332	122351	140111	
121	8.22253e+006	8.24537e+006	3054	4986	753	1240	97	144	227	357	61	94	29	48	146992	167241	2018	2303	535	889	153364	176203	122645	140549	
122	8.22158e+006	8.24479e+006	3274	5395	820	1383	103	158	252	389	62	98	29	49	147243	167608	2019	2304	567	974	153948	177159	122969	141055	
123	8.22058e+006	8.24416e+006	3513	5817	899	1517	108	167	273	423	70	109	32	55	147508	168007	2020	2305	612	1020	154578	178161	123325	141597	
124	8.21946e+006	8.24349e+006	3744	6297	984	1672	114	182	295	465	74	116	34	60	147807	168442	2022	2308	645	1139	155242	179280	123714	142187	
125	8.21827e+006	8.24279e+006	3995	6808	1058	1790	125	198	327	513	80	127	36	64	148124	168935	2022	2309	684	1206	155946	180466	124119	142809	
126	8.217e+006	8.24203e+006	4283	7330	1122	1951	132	220	356	558	88	138	41	68	148472	169463	2023	2311	740	1293	156706	181740	124551	143502	
127	8.21562e+006	8.24121e+006	4592	7913	1192	2095	139	236	383	611	95	149	45	74	148863	170043	2024	2313	804	1399	157529	183119	125018	144228	
128	8.21415e+006	8.24033e+006	4909	8516	1285	2281	138	254	414	664	104	165	48	82	149269	170656	2025	2314	853	1491	158405	184588	125529	145024	
129	8.21255e+006	8.23941e+006	5243	9167	1384	2467	152	272	454	729	113	179	52	86	149684	171331	2027	2317	900	1624	159330	186187	126061	145903	
130	8.21081e+006	8.23842e+006	5592	9909	1491	2661	163	281	492	793	122	192	57	93	150146	172051	2028	2319	962	1762	160315	187925	126636	146830	
131	8.20894e+006	8.23736e+006	5985	10665	1579	2890	182	305	515	845	136	209	61	98	150660	172852	2030	2321	1037	1895	161377	189796	127241	147855	
132	8.20691e+006	8.23622e+006	6415	11519	1679	3106	192	328	555	909	149	231	68	109	151189	173718	2032	2325	1113	2060	162516	191830	127888	148943	
133	8.20477e+006	8.23505e+006	6819	12389	1779	3353	206	368	605	985	157	250	73	118	151754	174621	2036	2330	1145	2163	163687	193967	128584	150106	
134	8.20243e+006	8.23377e+006	7273	13357	1923	3598	218	387	655	1090	171	271	77	123	152349	175612	2039	2334	1258	2367	164971	196308	129339	151378	
135	8.19993e+006	8.2324e+006	7762	14394	2062	3853	244	422	690	1163	189	300	85	134	152998	176693	2042	2337	1343	2528	166339	198810	130134	152719	
136	8.19722e+006	8.23094e+006	8295	15498	2206	4169	252	444	746	1251	206	330	93	149	153681	177845	2045	2342	1432	2728	167796	201514	130986	154191	
137	8.19433e+006	8.22942e+006	8828	16652	2328	4498	274	493	802	1373	220	357	97	160	154428	179072	2048	2347	1495	2916	169318	204403	131880	155777	
138	8.19121e+006	8.22779e+006	9392	17909	2492	4882	285	521	864	1484	236	383	104	169	155223	180399	2051	2352	1601	3152	170942	207531	132855	157502	
139	8.18786e+006	8.22607e+006	9979	19222	2669	5283	307	570	911	1590	255	416	111	183	156076	181854	2056	2359	1700	3373	172668	210878	133900	159364	
140	8.18426e+006	8.22422e+006	10653	20679	2831	5665	316	602	981	1698	277	454	122	198	156966	183438	2061	2366	1819	3621	174514	214473	134976	161327	
141	8.18039e+006	8.22228e+006	11313	22207	3009	6097	338	662	1052	1840	293	483	129	212	157935	185133	2065	2372	1918	3895	176456	218344	136152	163466	
142	8.1763e+006	8.22019e+006	12037	23795	3209	6535	361	698	1125	1981	314	514	138	227	158976	186990	2069	2378	2067	4115	178544	222437	137409	165770	
143	8.17185e+006	8.21798e+006	12792	25536	3454	7058	397	746	1203	2115	331	557	147	247	160047	188937	2074	2390	2187	4470	180756	226882	138735	168254	
144	8.1671e+006	8.21564e+006	13617	27398	3657	7572	422	790	1288	2296	358	609	161	277	161212	191036	2080	2399	2321	4777	183099	231638	140122	170908	
145	8.16204e+006	8.21318e+006	14453	29331	3860	8145	450	868	1387	2485	373	647	167	296	162460	193299	2087	2411	2436	5085	185558	236699	141607	173769	
146	8.15667e+006	8.21053e+006	15378	31346	4079	8744	471	943	1476	2689	401	695	180	322	163793	195738	2094	2423	2625	5388	188204	242066	143190	176834	
147	8.15093e+006	8.20773e+006	16345	33484	4349	9397	507	1013	1556	2886	437	754	195	349	165190	198361	2102	2435	2787	5759	191009	247807	144874	180127	
148	8.14472e+006	8.20473e+006	17404	35816	4612	10087	545	1082	1643	3101	470	814	211	377	166687	201203	2109	2446	2977	6227	194003	254017	146648	183675	
149	8.13816e+006	8.20155e+006	18510	38274	4922	10772	590	1151	1741	3325	495	864	226	403	168281	204261	2118	2460	3172	6573	197191	260575	148553	187429	
150	8.13118e+006	8.19817e+006	19679	40800	5234	11570	609	1237	1852	3573	526	935	240	439	169975	207523	2128	2476	3356	6995	200564	267553	150594	191510	
151	8.12371e+006	8.19458e+006	20935	43506	5579	12396	643	1319	1946	3838	570	1011	263	476	171772	211038	2135	2490	3577	7484	204154	275023	152740	195876	
152	8.1158e+006	8.19075e+006	22318	46345	5877	13298	686	1415	2068	4090	615	1110	286	519	173683	214766	2146	2504	3819	7924	207985	282935	154986	200525	
153	8.10747e+006	8.18667e+006	23768	49297	6242	14143	746	1502	2209	4414	654	1190	306	557	175705	218790	2155	2522	4076	8339	212071	291264	157403	205451	
154	8.09864e+006	8.18229e+006	25343	52383	6627	15047	792	1614	2362	4742	696	1285	322	601	177841	223100	2167	2543	4361	8846	216443	300099	159971	210705	
155	8.08933e+006	8.17761e+006	27040	55472	7070	16096	851	1746	2512	5085	752	1393	347	653	180084	227693	2178	2561	4673	9317	221124	309407	162697	216378	
156	8.07944e+006	8.17265e+006	28824	58795	7521	17189	911	1874	2659	5419	800	1509	368	702	182520	232582	2194	2588	4956	9897	226089	319296	165609	222380	
157	8.06896e+006	8.16737e+006	30738	62293	8002	18341	967	1991	2829	5788	841	1623	385	747	185099	237814	2209	2613	5269	10494	231369	329780	168700	228782	
158	8.058e+006	8.16166e+006	32858	65776	8522	19522	1005	2109	3003	6179	896	1736	410	801	187850	243494	2224	2637	5694	10969	237073	340739	172002	235629	
159	8.04657e+006	8.15559e+006	35098	69291	9060	20769	1064	2261	3192	6570	954	1874	431	859	190776	249496	2240	2663	6058	11441	243142	352168	175514	242866	
160	8.03452e+006	8.1491e+006	37503	73012	9676	22014	1128	2401	3380	7000	1030	2015	465	920	193866	255867	2259	2700	6478	12061	249635	364215	179265	250496	
161	8.02192e+006	8.1422e+006	40027	76785	10358	23276	1205	2526	3598	7463	1089	2177	487	993	197162	262677	2279	2733	6885	12620	256534	376820	183272	258601	
162	8.00869e+006	8.13473e+006	42808	80711	11108	24565	1295	2642	3810	7927	1157	2322	516	1057	200695	269940	2298	2771	7450	13246	264007	390044	187550	267136	
163	7.99495e+006	8.12682e+006	45732	84587	11884	26020	1376	2769	4077	8424	1236	2494	550	1138	204416	277560	2320	2810	7875	13778	271916	403788	192114	276224	
164	7.9806e+006	8.11831e+006	48937	88478	12641	27520	1486	2959	4331	8948	1311	2662	586	1206	208438	285660	2341	2851	8468	14391	280427	418136	196939	285815	
165	7.96542e+006	8.10925e+006	52264	92734	13522	29037	1572	3150	4643	9477	1387	2837	619	1272	212709	294216	2365	2898	9019	15229	289491	433320	202180	295841	
166	7.94975e+006	8.0996e+006	55795	97022	14475	30439	1682	3330	4947	10048	1469	3010	659	1354	217266	303309	2388	2948	9585	15732	299137	448990	207752	306312	
167	7.93337e+006	8.08927e+006	59571	101411	15548	31872	1795	3486	5281	10607	1560	3216	704	1448	222097	312975	2413	2999	10249	16456	309466	465366	213694	317338	
168	7.91646e+006	8.07832e+006	63537	105797	16597	33380	1932	3633	5682	11226	1642	3436	741	1545	227294	323046	2439	3048	10845	17011	320416	482272	220000	328895	
169	7.89891e+006	8.06665e+006	67642	110222	17819	35012	2096	3812	6049	11783	1763	3670	800	1664	232847	333625	2466	3107	11549	17677	332090	499824	226835	341012	
170	7.88066e+006	8.05425e+006	72017	114837	19095	36602	2221	3936	6474	12432	1862	3899	847	1767	238777	344727	2504	3176	12239	18404	344482	518076	234084	353659	
171	7.86159e+006	8.04098e+006	76662	119684	20498	38197	2377	4137	6876	13074	1985	4117	907	1859	245116	356400	2540	3247	13102	19249	357758	537150	241876	366794	
172	7.84177e+006	8.02691e+006	81503	124482	21897	40016	2529	4318	7373	13760	2100	4352	963	1972	251936	368636	2578	3315	13858	20029	371828	556967	250178	380739	
173	7.82132e+006	8.01209e+006	86486	129449	23404	41767	2714	4538	7881	14446	2248	4611	1030	2087	259152	381362	2614	3390	14565	20703	386643	577420	259008	395109	
174	7.80006e+006	7.99638e+006	91678	134523	24989	43629	2914	4738	8409	15132	2405	4896	1095	2214	266938	394672	2650	3460	15439	21531	402360	598674	268446	410107	
175	7.77797e+006	7.97977e+006	97128	139912	26618	45212	3110	4938	9029	15926	2564	5179	1174	2364	275172	408693	2694	3553	16290	22404	418965	620762	278457	425621	
176	7.75509e+006	7.96221e+006	102772	145488	28389	46965	3304	5129	9641	16647	2734	5478	1257	2510	283983	423255	2743	3646	17186	23262	436525	643650	289157	441739	
177	7.73139e+006	7.94362e+006	108710	151197	30207	48740	3478	5301	10256	17353	2919	5762	1345	2647	293458	438545	2787	3752	18164	24126	455121	667344	300510	458500	
178	7.70675e+006	7.92397e+006	114777	157066	32276	50788	3671	5486	10918	18047	3131	6088	1446	2801	303472	454346	2834	3852	19163	25123	474763	691989	312695	476020	
179	7.68118e+006	7.90332e+006	121075	163104	34364	52919	3886	5712	11635	18801	3332	6388	1536	2929	314154	470737	2893	3975	20156	26067	495419	717555	325607	494221	
180	7.65462e+006	7.88151e+006	127769	169511	36451	54978	4117	5958	12323	19504	3555	6687	1648	3084	325560	487879	2952	4096	21255	27113	517230	744112	339180	512953	
181	7.62715e+006	7.85865e+006	134592	176049	38530	57005	4376	6213	13070	20254	3816	7038	1764	3247	337751	505755	3012	4212	22267	28065	540091	771583	353572	532441	
182	7.59861e+006	7.8345e+006	141776	182861	40702	59121	4633	6476	13912	21115	4085	7380	1881	3401	350618	524265	3074	4347	23477	29214	564238	800127	368788	552685	
183	7.56909e+006	7.8093e+006	149098	189805	43062	61411	4902	6737	14780	22002	4347	7701	2000	3557	364200	543407	3144	4483	24516	30198	589432	829647	384868	573662	
184	7.5384e+006	7.78275e+006	156752	197112	45552	63765	5140	6974	15665	22896	4631	8006	2139	3706	378639	563342	3223	4632	25810	31441	615989	860340	401947	595432	
185	7.50656e+006	7.75493e+006	164585	204642	48149	66212	5429	7236	16572	23791	4964	8356	2294	3850	393893	584070	3301	4780	26988	32662	643807	892172	419956	618057	
186	7.4739e+006	7.72602e+006	172477	212102	50879	68783	5687	7451	17563	24785	5262	8663	2415	3976	410031	605531	3392	4948	28043	33531	672712	924841	438920	641564	
187	7.43984e+006	7.69564e+006	180691	219961	53647	71441	6011	7778	18539	25721	5613	9023	2571	4139	427164	627812	3481	5112	29468	34972	703093	958901	458921	665920	
188	7.40454e+006	7.66388e+006	189248	228136	56417	74046	6361	8098	19582	26715	5978	9377	2737	4304	445242	650973	3586	5298	30830	36234	734858	994200	479843	691097	
189	7.36828e+006	7.63089e+006	197761	236178	59384	76836	6713	8457	20686	27710	6355	9745	2918	4479	464263	675042	3692	5481	31980	37266	767848	1.03046e+006	501999	717294	
190	7.33069e+006	7.59641e+006	206671	244627	62338	79616	7040	8741	21829	28811	6739	10136	3088	4649	484365	699973	3807	5681	33429	38643	802327	1.06805e+006	525108	744416	
191	7.29181e+006	7.56051e+006	215653	253171	65579	82692	7341	9043	22992	29910	7138	10534	3267	4836	505478	725812	3927	5884	34790	39988	838228	1.10693e+006	549478	772592	
192	7.25192e+006	7.52336e+006	224670	261539	68677	85720	7752	9466	24231	31064	7563	10966	3466	5030	527766	752622	4057	6096	36000	41034	875376	1.14681e+006	574921	801734	
193	7.21073e+006	7.48477e+006	234037	270382	71856	88705	8111	9804	25467	32249	7990	11370	3656	5196	551091	780396	4196	6319	37407	42377	913962	1.18801e+006	601420	831721	
194	7.16804e+006	7.44451e+006	243591	279335	75175	91900	8449	10140	26708	33431	8468	11835	3874	5415	575701	809288	4354	6545	39018	43931	954226	1.23069e+006	629323	863015	
195	7.1242e+006	7.40289e+006	253099	288230	78708	95160	8786	10424	28044	34742	8925	12275	4083	5632	601486	839192	4519	6795	40343	45125	995847	1.27454e+006	658461	895415	
196	7.07926e+006	7.3599e+006	262782	297228	82274	98518	9163	10796	29373	35950	9480	12837	4342	5890	628295	869904	4681	7034	41651	46276	1.03884e+006	1.31948e+006	688734	928689	
197	7.03294e+006	7.3154e+006	272487	306269	85794	101746	9614	11229	30820	37353	9997	13340	4594	6143	656463	901875	4860	7284	43136	47682	1.08333e+006	1.3658e+006	720344	963176	
198	6.98548e+006	7.26951e+006	282173	315165	89365	105118	9999	11614	32237	38751	10533	13835	4832	6364	685995	935092	5062	7554	44471	48889	1.12923e+006	1.41326e+006	753274	998860	
199	6.93696e+006	7.22232e+006	291874	324138	92991	108481	10423	11988	33710	40167	11060	14344	5079	6609	716709	969220	5264	7830	45689	50018	1.17642e+006	1.46178e+006	787363	1.03549e+006	
200	6.88715e+006	7.17364e+006	301609	333104	96618	111864	10795	12320	35206	41555	11648	14881	5362	6872	748825	1.00468e+006	5468	8115	47138	51347	1.2251e+006	1.51159e+006	822769	1.07332e+006	
201	6.83627e+006	7.12365e+006	310975	341658	100462	115414	11198	12693	36708	42937	12251	15448	5638	7126	782333	1.04137e+006	5692	8412	48371	52498	1.27509e+006	1.56246e+006	859729	1.1125e+006	
202	6.78425e+006	7.07233e+006	320313	350201	104337	119038	11668	13156	38251	44381	12853	16000	5896	7362	817019	1.07903e+006	5929	8724	49680	53669	1.32641e+006	1.61449e+006	897849	1.15268e+006	
203	6.73112e+006	7.0196e+006	329684	358755	108089	122443	12174	13636	39728	45727	13487	16621	6194	7663	853162	1.11803e+006	6177	9041	51003	54849	1.37914e+006	1.66761e+006	937218	1.19386e+006	
204	6.67719e+006	6.96589e+006	338455	366805	111796	125784	12608	14024	41320	47200	14125	17237	6499	7946	890855	1.15837e+006	6443	9373	51906	55732	1.43285e+006	1.72155e+006	978037	1.23638e+006	
205	6.62222e+006	6.91088e+006	347133	374747	115585	129206	12968	14347	42942	48701	14785	17871	6806	8242	929831	1.19981e+006	6726	9723	53141	56839	1.48786e+006	1.77652e+006	1.02017e+006	1.27998e+006	
206	6.56656e+006	6.85497e+006	355411	382326	119364	132673	13254	14593	44528	50156	15460	18501	7113	8517	970197	1.24236e+006	7023	10094	53956	57608	1.54376e+006	1.83217e+006	1.06352e+006	1.32457e+006	
207	6.50985e+006	6.79773e+006	363469	389737	122960	135935	13671	14986	46231	51760	16147	19150	7416	8796	1.01192e+006	1.28614e+006	7324	10461	55182	58772	1.60101e+006	1.88888e+006	1.10819e+006	1.3703e+006	
208	6.45238e+006	6.73956e+006	371161	396825	126481	139156	14074	15350	47823	53277	16857	19814	7747	9104	1.0551e+006	1.33113e+006	7646	10839	56058	59591	1.65918e+006	1.94636e+006	1.15407e+006	1.41704e+006	
209	6.3944e+006	6.68059e+006	378235	403338	130024	142365	14530	15784	49434	54752	17571	20480	8067	9388	1.09956e+006	1.37721e+006	7974	11225	56748	60189	1.71814e+006	2.00433e+006	1.20113e+006	1.46477e+006	
210	6.33601e+006	6.62099e+006	384532	409192	133581	145547	14876	16065	50993	56145	18319	21195	8402	9708	1.14548e+006	1.42457e+006	8341	11640	57285	60716	1.77775e+006	2.06273e+006	1.24956e+006	1.51359e+006	
211	6.27704e+006	6.56053e+006	390645	414870	136809	148462	15206	16362	52595	57597	19073	21876	8756	10032	1.19265e+006	1.47297e+006	8722	12073	58006	61423	1.83821e+006	2.1217e+006	1.2989e+006	1.56316e+006	
212	6.21772e+006	6.49953e+006	395956	419903	139916	151282	15576	16695	54180	59060	19836	22597	9138	10392	1.24113e+006	1.52245e+006	9120	12524	58447	61877	1.89921e+006	2.18102e+006	1.34938e+006	1.61364e+006	
213	6.15797e+006	6.43789e+006	400990	424693	142560	153721	15897	17004	55665	60414	20630	23337	9521	10749	1.29106e+006	1.57313e+006	9530	12987	58992	62395	1.96085e+006	2.24077e+006	1.40071e+006	1.66475e+006	
214	6.09831e+006	6.37611e+006	404820	428346	145509	156436	16228	17326	57101	61716	21352	24026	9841	11049	1.34206e+006	1.62471e+006	9963	13466	59010	62428	2.02263e+006	2.30043e+006	1.4533e+006	1.71686e+006	
215	6.03857e+006	6.31401e+006	407927	431426	148236	158997	16420	17514	58567	63083	22134	24736	10183	11364	1.39428e+006	1.67722e+006	10406	13954	59177	62659	2.08473e+006	2.36016e+006	1.50678e+006	1.76971e+006	
216	5.97885e+006	6.25175e+006	410403	433994	150796	161340	16666	17738	59916	64332	22849	25388	10529	11689	1.44755e+006	1.73057e+006	10874	14465	59233	62747	2.14698e+006	2.41989e+006	1.56099e+006	1.82302e+006	
217	5.91921e+006	6.18939e+006	412321	436080	152718	163098	16855	17916	61209	65548	23625	26101	10887	12017	1.50213e+006	1.78494e+006	11355	14980	59215	62791	2.20935e+006	2.47953e+006	1.61578e+006	1.87674e+006	
218	5.86005e+006	6.12732e+006	413115	437084	154454	164716	17081	18117	62445	66696	24410	26835	11279	12383	1.55764e+006	1.84011e+006	11869	15530	58800	62428	2.27142e+006	2.53869e+006	1.67134e+006	1.93094e+006	
219	5.80117e+006	6.06542e+006	413196	437454	155915	166170	17321	18350	63579	67716	25235	27601	11677	12747	1.61402e+006	1.89589e+006	12373	16068	58556	62220	2.33331e+006	2.59757e+006	1.72737e+006	1.98545e+006	
220	5.74283e+006	6.00385e+006	412262	436905	157427	167663	17515	18536	64654	68706	25928	28232	11991	13030	1.67118e+006	1.95223e+006	12909	16640	58072	61831	2.39488e+006	2.6559e+006	1.78401e+006	2.04037e+006	
221	5.68496e+006	5.94261e+006	410896	435946	158305	168536	17633	18675	65643	69663	26619	28878	12292	13304	1.72924e+006	2.00916e+006	13477	17226	57653	61460	2.45612e+006	2.71378e+006	1.84081e+006	2.09523e+006	
222	5.62824e+006	5.88239e+006	408240	433711	158964	169246	17698	18753	66569	70563	27286	29486	12593	13588	1.7879e+006	2.06655e+006	14056	17831	56529	60416	2.51635e+006	2.7705e+006	1.89787e+006	2.15014e+006	
223	5.57187e+006	5.82239e+006	405197	431140	159151	169563	17732	18808	67332	71271	27933	30085	12849	13830	1.84737e+006	2.12451e+006	14663	18455	56203	60163	2.57634e+006	2.82687e+006	1.95511e+006	2.20506e+006	
224	5.5166e+006	5.76341e+006	401101	427486	159344	169911	17748	18818	67911	71839	28594	30691	13159	14123	1.90712e+006	2.18255e+006	15269	19078	55134	59122	2.63532e+006	2.88214e+006	2.01246e+006	2.25991e+006	
225	5.46227e+006	5.7053e+006	396496	423307	158989	169692	17728	18804	68343	72287	29202	31259	13448	14386	1.96735e+006	2.24079e+006	15922	19743	54206	58238	2.69344e+006	2.93647e+006	2.0695e+006	2.31429e+006	
226	5.40898e+006	5.6481e+006	391114	418403	158361	169225	17665	18758	68722	72704	29800	31806	13729	14643	2.02777e+006	2.29908e+006	16573	20411	53188	57302	2.75064e+006	2.98976e+006	2.12644e+006	2.36846e+006	
227	5.35702e+006	5.59219e+006	384895	412584	157270	168321	17599	18716	68919	72925	30346	32308	13972	14868	2.08854e+006	2.3575e+006	17247	21096	51858	56007	2.80655e+006	3.04172e+006	2.18304e+006	2.4221e+006	
228	5.3061e+006	5.53729e+006	378056	406128	156258	167484	17461	18589	68969	72986	30805	32727	14162	15044	2.14922e+006	2.41565e+006	17945	21805	50825	54994	2.86145e+006	3.09263e+006	2.23939e+006	2.47537e+006	
229	5.25653e+006	5.48368e+006	371006	399412	154378	165841	17295	18448	68901	72999	31248	33154	14352	15230	2.20981e+006	2.47357e+006	18667	22539	49483	53696	2.91506e+006	3.1422e+006	2.2948e+006	2.52755e+006	
230	5.20808e+006	5.43118e+006	363162	391838	152712	164380	17078	18255	68717	72899	31667	33553	14546	15416	2.27021e+006	2.53111e+006	19379	23258	48367	52580	2.96756e+006	3.19065e+006	2.35e+006	2.57944e+006	
231	5.16115e+006	5.38023e+006	354864	383767	150401	162257	16851	18057	68450	72694	32002	33874	14720	15589	2.33043e+006	2.5883e+006	20133	24012	46848	51039	3.01851e+006	3.23759e+006	2.40424e+006	2.63029e+006	
232	5.11566e+006	5.33068e+006	346049	375174	148305	160305	16614	17841	67941	72264	32279	34140	14843	15704	2.38995e+006	2.64465e+006	20873	24751	45399	49637	3.06806e+006	3.28308e+006	2.45771e+006	2.68028e+006	
233	5.07136e+006	5.28235e+006	337071	366297	145595	157749	16304	17542	67341	71746	32519	34384	14984	15847	2.44933e+006	2.70075e+006	21634	25504	44211	48425	3.11639e+006	3.32738e+006	2.51038e+006	2.72936e+006	
234	5.02875e+006	5.23576e+006	327704	356991	142682	154998	15938	17181	66529	71021	32710	34591	15062	15928	2.50796e+006	2.75598e+006	22409	26270	42496	46695	3.16297e+006	3.36999e+006	2.56187e+006	2.77722e+006	
235	4.98745e+006	5.19055e+006	318061	347326	139687	152145	15537	16804	65605	70174	32805	34716	15102	15980	2.56593e+006	2.81044e+006	23194	27038	41190	45321	3.20819e+006	3.41128e+006	2.61246e+006	2.82413e+006	
236	4.94757e+006	5.14677e+006	308345	337527	136374	148932	15145	16412	64581	69208	32834	34782	15109	16005	2.62316e+006	2.86401e+006	24001	27830	39768	43895	3.25196e+006	3.45117e+006	2.66186e+006	2.86981e+006	
237	4.90912e+006	5.10454e+006	298280	327322	133187	145811	14836	16111	63429	68121	32826	34808	15105	16019	2.67923e+006	2.91638e+006	24828	28637	38305	42373	3.2942e+006	3.48961e+006	2.71017e+006	2.9144e+006	
238	4.87227e+006	5.06401e+006	288137	316958	129606	142257	14442	15709	62317	67062	32710	34719	15038	15971	2.73442e+006	2.96779e+006	25641	29424	36713	40668	3.33473e+006	3.52646e+006	2.75713e+006	2.95767e+006	
239	4.83677e+006	5.02483e+006	278090	306654	125919	138593	14044	15315	61053	65848	32503	34558	14952	15906	2.78851e+006	3.01807e+006	26479	30239	35353	39331	3.37391e+006	3.56197e+006	2.8028e+006	2.9996e+006	
240	4.80266e+006	4.98721e+006	267812	296022	122259	134929	13556	14815	59774	64626	32259	34335	14853	15815	2.84156e+006	3.06726e+006	27332	31059	33935	37791	3.41153e+006	3.59607e+006	2.84738e+006	3.04047e+006	
241	4.77018e+006	4.9513e+006	257621	285410	118281	130961	13181	14439	58379	63265	31962	34073	14702	15679	2.89328e+006	3.11512e+006	28159	31851	32308	36080	3.44743e+006	3.62856e+006	2.89028e+006	3.07971e+006	
242	4.73903e+006	4.91684e+006	247399	274731	114414	126991	12836	14097	56955	61863	31643	33789	14554	15547	2.94366e+006	3.16158e+006	28996	32652	30971	34640	3.4819e+006	3.6597e+006	2.93188e+006	3.11771e+006	
243	4.70924e+006	4.88387e+006	237235	264003	110374	122868	12436	13688	55474	60372	31199	33378	14331	15332	2.99304e+006	3.20704e+006	29827	33442	29605	33165	3.51487e+006	3.6895e+006	2.97222e+006	3.15447e+006	
244	4.68068e+006	4.8522e+006	227285	253496	106674	119037	11948	13194	53866	58789	30724	32933	14116	15136	3.0408e+006	3.25093e+006	30671	34245	28358	31863	3.54653e+006	3.71806e+006	3.01117e+006	3.18993e+006	
245	4.65358e+006	4.82216e+006	217460	243082	102701	114889	11455	12677	52235	57140	30234	32480	13907	14943	3.08729e+006	3.29358e+006	31489	35021	26892	30250	3.57658e+006	3.74515e+006	3.04854e+006	3.22391e+006	
246	4.62768e+006	4.7934e+006	207799	232724	98758	110788	10997	12200	50623	55512	29708	31982	13639	14684	3.13237e+006	3.33484e+006	32305	35797	25694	28970	3.60534e+006	3.77106e+006	3.08469e+006	3.25667e+006	
247	4.60296e+006	4.76596e+006	198356	222601	94797	106615	10598	11780	48965	53854	29074	31357	13360	14408	3.17607e+006	3.37478e+006	33131	36576	24495	27665	3.63278e+006	3.79578e+006	3.11938e+006	3.28811e+006	
248	4.57956e+006	4.73996e+006	189221	212741	90821	102458	10175	11344	47250	52097	28519	30823	13115	14171	3.21808e+006	3.41312e+006	33951	37350	23174	26219	3.65878e+006	3.81917e+006	3.15246e+006	3.31804e+006	
249	4.55724e+006	4.71513e+006	180342	203153	86870	98201	9751	10902	45522	50337	27866	30181	12817	13881	3.25888e+006	3.45026e+006	34739	38092	22093	25051	3.6836e+006	3.84149e+006	3.18424e+006	3.34676e+006	
250	4.53605e+006	4.69156e+006	171692	193798	83017	94052	9292	10408	43838	48566	27176	29517	12473	13550	3.29817e+006	3.486e+006	35515	38818	20956	23810	3.70718e+006	3.86269e+006	3.21467e+006	3.37426e+006	
251	4.51589e+006	4.66915e+006	163256	184589	79489	90255	8890	9967	42123	46786	26472	28812	12158	13231	3.3358e+006	3.52015e+006	36298	39548	19921	22653	3.72959e+006	3.88285e+006	3.24387e+006	3.40059e+006	
252	4.49698e+006	4.64813e+006	155046	175579	75827	86283	8490	9533	40431	44994	25742	28083	11827	12906	3.37203e+006	3.553e+006	37058	40257	18682	21240	3.75061e+006	3.90175e+006	3.27159e+006	3.42557e+006	
253	4.47892e+006	4.62805e+006	147173	166931	72308	82478	8117	9125	38697	43119	25010	27350	11494	12571	3.40688e+006	3.58457e+006	37800	40945	17821	20323	3.77069e+006	3.91981e+006	3.29813e+006	3.44947e+006	
254	4.46172e+006	4.60893e+006	139647	158620	68884	78717	7694	8672	37058	41401	24189	26518	11121	12195	3.44038e+006	3.61488e+006	38533	41630	16972	19352	3.78981e+006	3.93702e+006	3.32347e+006	3.4723e+006	
255	4.44557e+006	4.59095e+006	132383	150614	65564	75082	7311	8262	35459	39684	23353	25667	10730	11794	3.47228e+006	3.64372e+006	39262	42307	15909	18213	3.80778e+006	3.95317e+006	3.34748e+006	3.4939e+006	
256	4.43028e+006	4.57395e+006	125334	142811	62323	71523	6960	7892	33870	37983	22559	24846	10389	11437	3.50287e+006	3.67134e+006	39972	42961	15044	17247	3.82479e+006	3.96845e+006	3.37038e+006	3.51449e+006	
257	4.41577e+006	4.55782e+006	118654	135366	59141	68025	6616	7521	32369	36361	21729	24007	10010	11061	3.5321e+006	3.69774e+006	40659	43592	14276	16366	3.84092e+006	3.98297e+006	3.39214e+006	3.53405e+006	
258	4.40211e+006	4.54264e+006	112157	128131	56243	64813	6276	7152	30766	34634	20887	23143	9603	10646	3.56001e+006	3.72292e+006	41356	44233	13426	15416	3.8561e+006	3.99662e+006	3.41282e+006	3.55265e+006	
259	4.38911e+006	4.52819e+006	106259	121560	53197	61364	5934	6768	29311	33092	20047	22266	9212	10234	3.58663e+006	3.74692e+006	42008	44830	12785	14669	3.87055e+006	4.00963e+006	3.43222e+006	3.5701e+006	
260	4.37694e+006	4.51466e+006	100381	114990	50376	58188	5639	6439	27864	31506	19279	21448	8883	9883	3.61198e+006	3.76974e+006	42642	45408	11943	13754	3.88407e+006	4.0218e+006	3.45073e+006	3.58674e+006	
261	4.36545e+006	4.50191e+006	94683	108599	47728	55188	5363	6111	26514	30047	18508	20644	8522	9512	3.63607e+006	3.79145e+006	43245	45961	11275	12959	3.89682e+006	4.03329e+006	3.46837e+006	3.6026e+006	
262	4.35463e+006	4.4899e+006	89379	102613	45235	52438	5101	5817	25151	28526	17726	19817	8145	9106	3.65883e+006	3.81195e+006	43848	46510	10607	12227	3.90883e+006	4.04411e+006	3.48494e+006	3.61749e+006	
263	4.34442e+006	4.47858e+006	84327	96904	42763	49667	4809	5500	23798	27026	16935	18972	7800	8738	3.68069e+006	3.83163e+006	44425	47032	9992	11538	3.92016e+006	4.05431e+006	3.50063e+006	3.63159e+006	
264	4.3348e+006	4.46791e+006	79466	91415	40365	46981	4519	5190	22628	25733	16199	18188	7459	8373	3.70136e+006	3.85024e+006	44958	47518	9415	10876	3.93083e+006	4.06393e+006	3.51555e+006	3.64501e+006	
265	4.32577e+006	4.45789e+006	74870	86216	38156	44456	4259	4903	21445	24416	15480	17406	7126	8022	3.72091e+006	3.86782e+006	45480	47992	8832	10215	3.94085e+006	4.07296e+006	3.52956e+006	3.65761e+006	
266	4.31725e+006	4.44844e+006	70419	81191	36140	42117	4036	4644	20307	23153	14734	16613	6778	7657	3.73948e+006	3.88452e+006	45982	48450	8335	9644	3.9503e+006	4.08149e+006	3.5429e+006	3.66961e+006	
267	4.30926e+006	4.4396e+006	66276	76472	34048	39742	3809	4394	19164	21867	14067	15882	6466	7314	3.75713e+006	3.90041e+006	46470	48891	7799	9035	3.95914e+006	4.08948e+006	3.55539e+006	3.68085e+006	
268	4.30169e+006	4.43122e+006	62378	72075	32145	37534	3577	4129	18128	20723	13355	15098	6157	6971	3.77379e+006	3.9154e+006	46928	49305	7377	8563	3.96752e+006	4.09704e+006	3.56718e+006	3.69147e+006	
269	4.29462e+006	4.42339e+006	58679	67844	30211	35337	3346	3870	17200	19679	12677	14368	5837	6624	3.78957e+006	3.92961e+006	47369	49703	6908	7997	3.97535e+006	4.10412e+006	3.57828e+006	3.70147e+006	
270	4.28799e+006	4.41604e+006	55157	63813	28437	33300	3181	3680	16251	18618	12030	13660	5522	6279	3.80443e+006	3.94299e+006	47802	50095	6469	7507	3.98269e+006	4.11075e+006	3.58871e+006	3.71087e+006	
271	4.28172e+006	4.40911e+006	51847	60027	26757	31397	3013	3488	15374	17610	11392	12963	5238	5964	3.81846e+006	3.95562e+006	48218	50470	6105	7091	3.98962e+006	4.11701e+006	3.59855e+006	3.71974e+006	
272	4.27582e+006	4.40258e+006	48769	56496	25154	29553	2855	3306	14535	16665	10775	12278	4964	5663	3.8317e+006	3.96756e+006	48611	50823	5753	6683	3.99615e+006	4.12292e+006	3.60778e+006	3.72805e+006	
273	4.27032e+006	4.3965e+006	45785	53081	23705	27863	2665	3084	13727	15757	10220	11662	4694	5364	3.84417e+006	3.97879e+006	48983	51158	5351	6229	4.00224e+006	4.12842e+006	3.61652e+006	3.73593e+006	
274	4.26509e+006	4.39072e+006	43066	49968	22266	26198	2499	2896	12965	14905	9675	11057	4442	5089	3.85593e+006	3.9894e+006	49343	51485	5080	5921	4.00801e+006	4.13364e+006	3.62469e+006	3.74331e+006	
275	4.26018e+006	4.38529e+006	40470	46977	20969	24701	2352	2729	12145	13992	9165	10490	4205	4820	3.8671e+006	3.99947e+006	49672	51781	4781	5572	4.01345e+006	4.13856e+006	3.63241e+006	3.75028e+006	
276	4.25562e+006	4.38025e+006	37988	44148	19703	23214	2203	2557	11395	13135	8665	9922	3976	4561	3.87764e+006	4.00898e+006	49988	52066	4425	5168	4.01848e+006	4.14312e+006	3.63967e+006	3.75683e+006	
277	4.2513e+006	4.37548e+006	35713	41536	18519	21834	2065	2402	10687	12348	8195	9396	3761	4325	3.88749e+006	4.01787e+006	50294	52342	4192	4896	4.02326e+006	4.14743e+006	3.64645e+006	3.76296e+006	
278	4.24731e+006	4.37107e+006	33493	38958	17388	20503	1932	2253	10014	11574	7773	8922	3559	4104	3.89682e+006	4.02629e+006	50576	52596	3884	4515	4.02766e+006	4.15143e+006	3.65284e+006	3.76873e+006	
279	4.24351e+006	4.36688e+006	31420	36588	16338	19293	1836	2141	9384	10853	7368	8464	3379	3901	3.90556e+006	4.03417e+006	50835	52830	3680	4314	4.03186e+006	4.15522e+006	3.65885e+006	3.77417e+006	
280	4.23995e+006	4.36295e+006	29522	34389	15334	18128	1728	2023	8808	10191	6960	7997	3189	3682	3.91376e+006	4.04157e+006	51093	53061	3452	4031	4.03578e+006	4.15878e+006	3.66446e+006	3.77924e+006	
281	4.23664e+006	4.35929e+006	27662	32225	14419	17065	1631	1904	8280	9585	6559	7539	3002	3474	3.9215e+006	4.04857e+006	51335	53278	3219	3758	4.03944e+006	4.1621e+006	3.66979e+006	3.78405e+006	
282	4.23352e+006	4.35585e+006	25896	30192	13553	16059	1532	1790	7768	9011	6200	7131	2842	3291	3.92878e+006	4.05515e+006	51561	53481	3018	3537	4.04288e+006	4.16521e+006	3.6748e+006	3.78858e+006	
283	4.2306e+006	4.35263e+006	24305	28334	12737	15107	1432	1671	7321	8497	5850	6737	2681	3109	3.93554e+006	4.06126e+006	51775	53674	2835	3309	4.0461e+006	4.16814e+006	3.67945e+006	3.7928e+006	
284	4.22786e+006	4.34961e+006	22768	26550	11951	14182	1336	1565	6891	8006	5498	6344	2526	2929	3.94198e+006	4.06709e+006	51984	53862	2655	3112	4.04913e+006	4.17088e+006	3.68386e+006	3.79678e+006	
285	4.22529e+006	4.34678e+006	21366	24945	11153	13221	1248	1459	6496	7562	5163	5965	2373	2754	3.94803e+006	4.07256e+006	52187	54046	2482	2910	4.05196e+006	4.17344e+006	3.68793e+006	3.80047e+006	
286	4.22285e+006	4.34409e+006	20040	23408	10488	12448	1172	1374	6078	7093	4870	5626	2243	2601	3.95368e+006	4.07767e+006	52372	54214	2355	2776	4.05465e+006	4.17588e+006	3.6918e+006	3.80397e+006	
287	4.22061e+006	4.34161e+006	18762	21931	9830	11665	1096	1284	5710	6676	4568	5282	2097	2433	3.95902e+006	4.0825e+006	52553	54377	2174	2554	4.05713e+006	4.17813e+006	3.69543e+006	3.80726e+006	
288	4.2185e+006	4.33929e+006	17579	20558	9247	10992	1019	1195	5362	6274	4268	4942	1962	2278	3.96399e+006	4.08701e+006	52718	54527	2037	2383	4.05945e+006	4.18023e+006	3.69882e+006	3.81033e+006	
289	4.2165e+006	4.33708e+006	16490	19299	8655	10285	957	1118	5011	5875	4016	4652	1844	2139	3.96871e+006	4.09128e+006	52871	54665	1927	2278	4.06165e+006	4.18223e+006	3.702e+006	3.81321e+006	
290	4.21462e+006	4.33501e+006	15471	18126	8105	9627	897	1046	4726	5542	3764	4366	1734	2010	3.9731e+006	4.09526e+006	53014	54795	1817	2135	4.06372e+006	4.18411e+006	3.70498e+006	3.81591e+006	
291	4.2129e+006	4.33311e+006	14480	16974	7586	9026	854	1000	4422	5184	3540	4113	1632	1898	3.97723e+006	4.09899e+006	53147	54915	1666	1959	4.06562e+006	4.18584e+006	3.70776e+006	3.81843e+006	
292	4.21125e+006	4.3313e+006	13585	15938	7114	8461	793	935	4155	4865	3322	3865	1534	1786	3.98109e+006	4.10249e+006	53277	55032	1588	1874	4.06744e+006	4.18749e+006	3.71037e+006	3.8208e+006	
293	4.20973e+006	4.32962e+006	12704	14893	6680	7976	749	884	3898	4564	3104	3617	1438	1675	3.98473e+006	4.10579e+006	53396	55141	1471	1733	4.06912e+006	4.18901e+006	3.71286e+006	3.82305e+006	
294	4.2083e+006	4.32805e+006	11904	13961	6254	7474	699	824	3680	4306	2932	3420	1353	1579	3.98809e+006	4.10883e+006	53505	55241	1375	1621	4.07069e+006	4.19043e+006	3.71515e+006	3.82513e+006	
295	4.20692e+006	4.32652e+006	11203	13148	5849	6988	663	779	3446	4027	2754	3216	1269	1483	3.99129e+006	4.11173e+006	53608	55335	1337	1570	4.07221e+006	4.19182e+006	3.71729e+006	3.82707e+006	
296	4.20564e+006	4.32511e+006	10512	12328	5467	6534	622	731	3211	3762	2570	3010	1185	1386	3.99435e+006	4.1145e+006	53704	55422	1237	1458	4.07362e+006	4.1931e+006	3.71932e+006	3.82891e+006	
297	4.20443e+006	4.32379e+006	9857	11561	5151	6157	582	688	3001	3527	2412	2831	1113	1305	3.99714e+006	4.11704e+006	53800	55510	1162	1368	4.07495e+006	4.19431e+006	3.72124e+006	3.83065e+006	
298	4.20334e+006	4.32258e+006	9249	10847	4815	5768	547	652	2818	3312	2268	2662	1048	1226	3.99974e+006	4.1194e+006	53887	55590	1056	1246	4.07616e+006	4.1954e+006	3.72299e+006	3.83224e+006	
299	4.20226e+006	4.3214e+006	8694	10192	4518	5406	509	607	2649	3119	2130	2499	981	1148	4.00221e+006	4.12163e+006	53974	55670	1034	1218	4.07734e+006	4.19647e+006	3.72466e+006	3.83376e+006	
300	4.20127e+006	4.32031e+006	8179	9591	4218	5049	466	558	2486	2928	2006	2354	931	1090	4.00453e+006	4.12374e+006	54056	55744	957	1131	4.07843e+006	4.19747e+006	3.72622e+006	3.83517e+006	
301	4.20036e+006	4.3193e+006	7679	9011	3960	4741	439	522	2338	2759	1880	2202	869	1015	4.00667e+006	4.12568e+006	54130	55811	874	1041	4.07943e+006	4.19838e+006	3.72767e+006	3.83648e+006	
302	4.19948e+006	4.31834e+006	7184	8441	3734	4462	417	494	2196	2589	1766	2074	810	950	4.0087e+006	4.12753e+006	54196	55871	841	1001	4.0804e+006	4.19926e+006	3.72907e+006	3.83776e+006	
303	4.19866e+006	4.31743e+006	6737	7922	3517	4208	399	472	2069	2430	1663	1954	760	892	4.0106e+006	4.12924e+006	54254	55924	789	939	4.08131e+006	4.20008e+006	3.73037e+006	3.83894e+006	
304	4.19788e+006	4.31658e+006	6324	7437	3333	3983	372	443	1947	2292	1565	1836	718	842	4.01236e+006	4.13084e+006	54313	55977	750	883	4.08216e+006	4.20086e+006	3.7316e+006	3.84005e+006	
305	4.19718e+006	4.3158e+006	5944	6991	3085	3691	341	411	1826	2149	1472	1728	678	796	4.01407e+006	4.13239e+006	54365	56025	676	801	4.08293e+006	4.20156e+006	3.73271e+006	3.84107e+006	
306	4.19651e+006	4.31507e+006	5550	6529	2902	3472	323	389	1711	2011	1378	1622	630	743	4.01566e+006	4.13384e+006	54420	56075	640	756	4.08366e+006	4.20223e+006	3.7338e+006	3.84205e+006	
307	4.19586e+006	4.31435e+006	5220	6147	2714	3252	308	369	1602	1882	1284	1512	587	694	4.01717e+006	4.13521e+006	54471	56122	627	748	4.08439e+006	4.20288e+006	3.7348e+006	3.84297e+006	
308	4.19525e+006	4.31369e+006	4923	5796	2558	3070	285	343	1501	1762	1204	1423	550	652	4.01854e+006	4.13645e+006	54515	56162	580	689	4.08505e+006	4.20348e+006	3.73574e+006	3.84381e+006	
309	4.19469e+006	4.31307e+006	4622	5434	2386	2872	266	321	1401	1648	1126	1332	519	617	4.01987e+006	4.13767e+006	54559	56202	540	639	4.08567e+006	4.20404e+006	3.73663e+006	3.84462e+006	
310	4.19417e+006	4.3125e+006	4333	5084	2241	2703	243	299	1317	1548	1052	1245	479	571	4.02111e+006	4.13879e+006	54602	56242	500	589	4.08624e+006	4.20456e+006	3.73746e+006	3.84538e+006	
311	4.19368e+006	4.31195e+006	4060	4769	2131	2563	228	280	1229	1450	993	1180	456	545	4.02223e+006	4.13981e+006	54641	56277	477	568	4.08678e+006	4.20506e+006	3.73826e+006	3.8461e+006	
312	4.1932e+006	4.31143e+006	3838	4504	1989	2386	207	255	1156	1371	931	1104	430	514	4.02332e+006	4.14079e+006	54675	56309	454	536	4.0873e+006	4.20553e+006	3.73898e+006	3.84676e+006	
313	4.19277e+006	4.31096e+006	3618	4242	1855	2218	195	239	1087	1292	872	1030	407	484	4.02433e+006	4.14172e+006	54709	56340	419	494	4.08778e+006	4.20597e+006	3.73965e+006	3.84737e+006	
314	4.19236e+006	4.31051e+006	3378	3956	1738	2088	189	233	1026	1222	818	969	381	452	4.02529e+006	4.14258e+006	54742	56370	387	463	4.08822e+006	4.20637e+006	3.74032e+006	3.84797e+006	
315	4.19198e+006	4.31009e+006	3167	3702	1648	1983	183	225	956	1138	762	903	357	424	4.02617e+006	4.14339e+006	54774	56399	368	436	4.08865e+006	4.20676e+006	3.74093e+006	3.84853e+006	
316	4.19161e+006	4.30969e+006	2979	3481	1559	1878	173	212	895	1066	719	852	337	401	4.02699e+006	4.14414e+006	54800	56423	353	416	4.08905e+006	4.20712e+006	3.74149e+006	3.84904e+006	
317	4.19126e+006	4.3093e+006	2815	3297	1448	1732	160	195	841	998	679	805	318	380	4.0278e+006	4.14487e+006	54822	56443	336	406	4.08943e+006	4.20748e+006	3.74202e+006	3.84952e+006	
318	4.19093e+006	4.30894e+006	2654	3105	1362	1627	146	178	785	932	643	761	296	356	4.02855e+006	4.14555e+006	54845	56464	315	376	4.0898e+006	4.20781e+006	3.74253e+006	3.84999e+006	
319	4.19062e+006	4.3086e+006	2495	2917	1288	1538	135	163	733	871	602	716	277	335	4.02925e+006	4.14619e+006	54867	56484	294	350	4.09013e+006	4.20812e+006	3.74301e+006	3.85043e+006	
320	4.19034e+006	4.30829e+006	2350	2748	1216	1453	125	154	683	812	570	678	263	318	4.02989e+006	4.14678e+006	54887	56502	274	325	4.09045e+006	4.2084e+006	3.74345e+006	3.85083e+006	
321	4.19006e+006	4.30799e+006	2222	2600	1133	1353	121	148	651	773	530	631	243	294	4.0305e+006	4.14733e+006	54908	56521	259	316	4.09075e+006	4.20868e+006	3.74387e+006	3.8512e+006	
322	4.18978e+006	4.30769e+006	2119	2479	1051	1255	118	144	613	728	496	592	228	277	4.03109e+006	4.14786e+006	54925	56537	265	314	4.09105e+006	4.20895e+006	3.74425e+006	3.85155e+006	
323	4.18953e+006	4.30741e+006	2007	2356	993	1188	108	134	573	679	466	559	214	261	4.03162e+006	4.14835e+006	54942	56552	240	293	4.09133e+006	4.20921e+006	3.74462e+006	3.8519e+006	
324	4.18929e+006	4.30715e+006	1894	2224	951	1136	101	125	526	626	433	521	199	243	4.03214e+006	4.14882e+006	54960	56568	223	272	4.09159e+006	4.20944e+006	3.74498e+006	3.85222e+006	
325	4.18907e+006	4.30691e+006	1791	2104	905	1085	93	117	499	593	413	493	188	229	4.03261e+006	4.14925e+006	54973	56580	213	255	4.09183e+006	4.20967e+006	3.74532e+006	3.85253e+006	
326	4.18885e+006	4.30667e+006	1701	1999	851	1020	91	113	470	557	390	465	180	218	4.03305e+006	4.14965e+006	54987	56594	204	245	4.09206e+006	4.20988e+006	3.74563e+006	3.85281e+006	
327	4.18864e+006	4.30644e+006	1634	1921	790	942	91	111	442	524	367	437	167	204	4.03349e+006	4.15005e+006	55001	56607	207	247	4.0923e+006	4.2101e+006	3.74591e+006	3.85307e+006	
328	4.18844e+006	4.30622e+006	1565	1834	740	888	84	105	413	491	340	407	157	191	4.0339e+006	4.15042e+006	55014	56618	189	230	4.09252e+006	4.2103e+006	3.74619e+006	3.85333e+006	
329	4.18825e+006	4.30601e+006	1475	1736	714	856	81	102	391	462	319	380	145	176	4.03427e+006	4.15077e+006	55026	56630	176	216	4.09272e+006	4.21049e+006	3.74647e+006	3.85358e+006	
330	4.18808e+006	4.30583e+006	1398	1639	687	832	74	95	376	442	295	353	135	163	4.03462e+006	4.15108e+006	55038	56641	164	196	4.09291e+006	4.21066e+006	3.74673e+006	3.85382e+006	
331	4.1879e+006	4.30564e+006	1338	1565	656	792	70	90	349	413	279	335	128	155	4.03496e+006	4.15139e+006	55047	56649	164	197	4.0931e+006	4.21083e+006	3.74697e+006	3.85403e+006	
332	4.18773e+006	4.30545e+006	1285	1506	609	741	64	84	333	395	261	314	119	145	4.03529e+006	4.15169e+006	55059	56660	160	196	4.09329e+006	4.211e+006	3.74719e+006	3.85424e+006	
333	4.18758e+006	4.30528e+006	1228	1440	576	695	61	80	314	373	243	293	111	136	4.0356e+006	4.15198e+006	55066	56667	149	177	4.09345e+006	4.21116e+006	3.74741e+006	3.85444e+006	
334	4.18742e+006	4.30512e+006	1162	1366	563	673	58	76	302	359	228	276	104	128	4.03588e+006	4.15223e+006	55076	56676	142	173	4.09362e+006	4.21131e+006	3.74763e+006	3.85464e+006	
335	4.18729e+006	4.30497e+006	1105	1293	544	650	56	72	289	345	212	258	96	119	4.03615e+006	4.15248e+006	55084	56683	131	157	4.09377e+006	4.21145e+006	3.74783e+006	3.85483e+006	
336	4.18715e+006	4.30482e+006	1055	1230	518	624	54	70	276	331	197	240	88	109	4.03641e+006	4.15271e+006	55092	56690	126	154	4.09391e+006	4.21159e+006	3.74802e+006	3.855e+006	
337	4.18701e+006	4.30467e+006	1024	1195	480	578	49	63	273	324	183	222	83	103	4.03666e+006	4.15295e+006	55100	56697	133	161	4.09406e+006	4.21173e+006	3.74819e+006	3.85516e+006	
338	4.18689e+006	4.30454e+006	974	1137	454	549	48	63	253	303	173	210	79	98	4.0369e+006	4.15317e+006	55107	56704	113	139	4.0942e+006	4.21185e+006	3.74836e+006	3.85532e+006	
339	4.18677e+006	4.30441e+006	928	1079	437	528	48	63	244	292	162	198	75	94	4.03712e+006	4.15337e+006	55112	56708	113	138	4.09433e+006	4.21197e+006	3.74853e+006	3.85547e+006	
340	4.18665e+006	4.30428e+006	891	1039	426	511	47	60	229	273	155	188	73	91	4.03734e+006	4.15357e+006	55115	56711	112	137	4.09446e+006	4.21209e+006	3.74869e+006	3.85562e+006	
341	4.18653e+006	4.30416e+006	858	998	405	489	45	57	216	259	146	178	69	85	4.03754e+006	4.15375e+006	55123	56718	108	133	4.09458e+006	4.2122e+006	3.74884e+006	3.85576e+006	
342	4.18642e+006	4.30404e+006	827	969	383	456	39	51	205	245	140	170	67	83	4.03774e+006	4.15394e+006	55127	56722	101	126	4.0947e+006	4.21231e+006	3.74898e+006	3.85589e+006	
343	4.18631e+006	4.30392e+006	802	942	362	433	38	50	191	229	136	165	65	81	4.03793e+006	4.15411e+006	55132	56727	102	126	4.09482e+006	4.21242e+006	3.74911e+006	3.85601e+006	
344	4.18621e+006	4.30381e+006	766	901	355	424	35	47	183	221	130	158	63	78	4.0381e+006	4.15427e+006	55136	56731	97	121	4.09493e+006	4.21253e+006	3.74925e+006	3.85614e+006	
345	4.18611e+006	4.3037e+006	744	874	339	408	33	45	173	208	125	152	60	75	4.03826e+006	4.15442e+006	55141	56735	91	112	4.09504e+006	4.21262e+006	3.74938e+006	3.85625e+006	
346	4.18602e+006	4.3036e+006	720	845	329	396	31	42	169	203	117	143	57	72	4.03842e+006	4.15456e+006	55146	56740	89	110	4.09514e+006	4.21272e+006	3.7495e+006	3.85637e+006	
347	4.18592e+006	4.30349e+006	699	822	310	373	30	41	162	195	114	138	56	70	4.03858e+006	4.15471e+006	55150	56743	93	113	4.09525e+006	4.21282e+006	3.74962e+006	3.85648e+006	
348	4.18583e+006	4.30339e+006	672	790	304	366	30	42	155	186	108	133	52	66	4.03872e+006	4.15484e+006	55154	56747	80	101	4.09534e+006	4.21291e+006	3.74973e+006	3.85658e+006	
349	4.18574e+006	4.3033e+006	653	769	290	353	31	43	146	177	107	130	51	65	4.03886e+006	4.15497e+006	55157	56750	84	104	4.09544e+006	4.213e+006	3.74984e+006	3.85668e+006	
350	4.18566e+006	4.30321e+006	629	743	279	341	33	43	141	170	100	124	47	61	4.039e+006	4.1551e+006	55161	56754	79	99	4.09553e+006	4.21308e+006	3.74995e+006	3.85678e+006	
351	4.18557e+006	4.30311e+006	613	722	269	330	31	42	132	160	93	116	43	57	4.03914e+006	4.15523e+006	55164	56757	80	100	4.09562e+006	4.21317e+006	3.75005e+006	3.85688e+006	
352	4.18548e+006	4.30302e+006	601	708	257	316	32	43	126	154	89	110	40	54	4.03926e+006	4.15534e+006	55167	56759	80	98	4.09572e+006	4.21325e+006	3.75015e+006	3.85697e+006	
353	4.18541e+006	4.30294e+006	581	685	248	304	28	40	119	147	84	105	38	52	4.03939e+006	4.15546e+006	55170	56763	69	87	4.0958e+006	4.21333e+006	3.75024e+006	3.85705e+006	
354	4.18533e+006	4.30286e+006	560	660	245	297	28	38	116	143	81	101	36	48	4.03951e+006	4.15557e+006	55173	56765	72	88	4.09588e+006	4.21341e+006	3.75034e+006	3.85714e+006	
355	4.18526e+006	4.30278e+006	546	644	238	289	25	34	111	138	75	96	33	46	4.03962e+006	4.15568e+006	55176	56768	68	84	4.09596e+006	4.21348e+006	3.75043e+006	3.85722e+006	
356	4.18518e+006	4.3027e+006	535	630	233	284	24	33	105	129	75	95	32	44	4.03973e+006	4.15578e+006	55177	56769	73	89	4.09604e+006	4.21356e+006	3.75051e+006	3.85731e+006	
357	4.1851e+006	4.30262e+006	526	614	220	272	22	31	108	134	71	91	31	42	4.03984e+006	4.15587e+006	55180	56771	69	84	4.09612e+006	4.21363e+006	3.7506e+006	3.85739e+006	
358	4.18504e+006	4.30255e+006	505	589	217	269	24	34	101	126	68	87	29	40	4.03994e+006	4.15597e+006	55183	56774	60	75	4.09619e+006	4.2137e+006	3.75068e+006	3.85746e+006	
359	4.18497e+006	4.30247e+006	492	573	215	263	24	33	98	121	63	80	27	37	4.04005e+006	4.15607e+006	55185	56776	66	82	4.09627e+006	4.21377e+006	3.75077e+006	3.85754e+006	
360	4.18489e+006	4.30239e+006	490	570	207	252	23	32	96	120	60	77	26	36	4.04014e+006	4.15615e+006	55187	56778	67	84	4.09634e+006	4.21384e+006	3.75084e+006	3.85761e+006	
361	4.18483e+006	4.30232e+006	477	556	202	244	19	28	95	116	59	75	26	36	4.04024e+006	4.15624e+006	55189	56780	60	73	4.09641e+006	4.21391e+006	3.75092e+006	3.85768e+006	
362	4.18477e+006	4.30226e+006	470	545	193	234	16	25	95	117	57	73	25	34	4.04033e+006	4.15633e+006	55191	56782	59	74	4.09648e+006	4.21397e+006	3.75099e+006	3.85775e+006	
363	4.1847e+006	4.30218e+006	462	535	195	236	18	26	86	106	56	71	24	34	4.04042e+006	4.15641e+006	55193	56783	64	80	4.09656e+006	4.21404e+006	3.75107e+006	3.85782e+006	
364	4.18463e+006	4.30211e+006	457	531	192	231	18	26	87	108	52	68	23	34	4.0405e+006	4.15649e+006	55195	56786	64	79	4.09663e+006	4.21411e+006	3.75114e+006	3.85789e+006	
