Day	Susceptible-LB	Susceptible-UB	Exposed-LB	Exposed-UB	Current Detected Mild Infections-LB	Current Detected Mild Infections-UB	Current Undetected Mild Infections-LB	Current Undetected Mild Infections-UB	Current Hospitalizations-LB	Current Hospitalizations-UB	Current ICU patients-LB	Current ICU patients-UB	ventilators-LB	ventilators-UB	Recovered-LB	Recovered-UB	Deaths-LB	Deaths-UB	new infections today-LB	new infections today-UB	total number of infections-LB	total number of infections-UB	Confirmed total number of infections-LB	Confirmed total number of infections-UB	
0	8.39872e+006	8.39872e+006	16	16	0	0	0	0	0	0	0	0	0	0	0	0	0	0	0	0	16	16	0	0	
1	8.39856e+006	8.39856e+006	176	176	0	0	0	0	0	0	0	0	0	0	0	0	0	0	160	160	176	176	0	0	
2	8.3984e+006	8.3984e+006	336	336	0	0	0	0	0	0	0	0	0	0	0	0	0	0	160	160	336	336	0	0	
3	8.39821e+006	8.39822e+006	521	526	0	0	0	0	0	0	0	0	0	0	0	0	0	0	185	190	521	526	0	0	
4	8.39788e+006	8.39791e+006	830	852	0	0	0	0	0	0	0	0	0	0	0	0	0	0	307	328	830	852	0	0	
5	8.39743e+006	8.39748e+006	1260	1302	0	0	0	0	0	0	0	0	0	0	0	0	0	0	424	455	1260	1302	0	0	
6	8.39683e+006	8.3969e+006	1839	1908	0	0	0	0	0	0	0	0	0	0	0	0	0	0	573	613	1839	1908	0	0	
7	8.39593e+006	8.39604e+006	2681	2788	16	16	0	0	0	0	0	0	0	0	0	0	0	0	850	903	2697	2804	16	16	
8	8.39468e+006	8.39484e+006	3721	3881	131	140	36	45	0	0	0	0	0	0	0	0	0	0	1190	1263	3897	4057	131	140	
9	8.39313e+006	8.39337e+006	5033	5269	251	262	74	85	0	0	0	0	0	0	0	0	0	0	1465	1555	5369	5605	251	262	
10	8.39117e+006	8.39149e+006	6728	7039	374	390	119	134	0	0	0	0	0	0	16	16	0	0	1870	1970	7251	7563	390	406	
11	8.38866e+006	8.38909e+006	8810	9233	485	512	157	175	27	35	0	0	0	0	141	149	0	0	2384	2527	9646	10079	629	653	
12	8.38569e+006	8.38625e+006	11217	11755	690	736	222	242	56	67	0	0	0	0	269	280	0	0	2828	2980	12483	13050	958	995	
13	8.38223e+006	8.38296e+006	13932	14601	981	1056	317	347	90	103	0	0	0	0	420	435	0	0	3280	3468	15778	16502	1401	1456	
14	8.37841e+006	8.3793e+006	16728	17525	1393	1498	444	483	147	165	0	0	0	0	673	697	0	0	3643	3830	19432	20322	2067	2152	
15	8.37435e+006	8.37544e+006	19388	20337	1960	2100	639	693	238	259	0	0	0	0	1012	1052	0	0	3849	4076	23293	24385	2988	3108	
16	8.37027e+006	8.37157e+006	21784	22869	2626	2814	865	922	347	374	0	0	0	0	1482	1543	0	0	3862	4088	27165	28463	4118	4298	
17	8.36647e+006	8.36795e+006	23526	24718	3390	3618	1117	1189	487	521	15	19	14	17	2182	2276	0	0	3613	3818	30789	32270	5588	5828	
18	8.36246e+006	8.36416e+006	24917	26213	4271	4573	1422	1506	685	732	25	30	19	22	3171	3310	0	0	3778	4019	34576	36279	7445	7778	
19	8.35805e+006	8.35997e+006	26265	27659	5270	5634	1774	1880	943	1002	34	40	23	27	4379	4577	0	0	4174	4427	38766	40690	9637	10071	
20	8.35356e+006	8.35573e+006	27205	28696	6288	6736	2156	2286	1252	1321	51	60	31	36	5932	6198	0	0	4224	4501	43004	45177	12165	12717	
21	8.34886e+006	8.35131e+006	27965	29579	7236	7731	2460	2602	1620	1707	77	88	44	51	7931	8303	0	0	4405	4713	47423	49875	15020	15698	
22	8.34389e+006	8.34666e+006	28750	30494	7985	8559	2722	2880	2056	2167	109	123	58	68	10297	10781	0	0	4634	4989	52073	54849	18025	18860	
23	8.3387e+006	8.34181e+006	29723	31613	8424	9045	2856	3023	2545	2682	159	177	80	93	13055	13663	0	0	4836	5206	56924	60040	21082	22088	
24	8.33326e+006	8.33673e+006	31173	33249	8381	9017	2874	3033	3034	3196	223	246	110	125	16151	16904	0	0	5065	5452	62006	65475	23964	25122	
25	8.32759e+006	8.33145e+006	32657	34921	8331	8987	2849	3010	3501	3689	311	339	148	167	19458	20380	0	0	5264	5688	67290	71143	26989	28329	
26	8.32161e+006	8.32588e+006	34026	36497	8572	9244	2922	3090	3881	4100	416	447	194	216	22847	23937	0	0	5550	5996	72852	77128	30309	31822	
27	8.31544e+006	8.32018e+006	35486	38180	9028	9781	3057	3255	4121	4356	531	567	240	266	26102	27352	13	16	5685	6182	78555	83292	33665	35368	
28	8.30899e+006	8.31422e+006	37021	39947	9520	10350	3175	3398	4304	4559	683	729	309	339	29549	30995	17	20	5937	6483	84517	89750	37184	39106	
29	8.30223e+006	8.30801e+006	38572	41738	9836	10773	3310	3547	4472	4733	854	909	388	421	33399	35048	19	22	6188	6777	90722	96509	40858	43040	
30	8.29515e+006	8.30152e+006	40211	43636	10286	11319	3460	3718	4592	4874	1046	1110	475	513	37321	39191	22	26	6476	7102	97221	103589	44715	47171	
31	8.28772e+006	8.29473e+006	41909	45631	10739	11853	3658	3932	4685	4991	1234	1315	565	612	41448	43563	28	35	6765	7446	104006	111015	48718	51456	
32	8.2799e+006	8.28763e+006	43728	47790	11214	12396	3807	4095	4862	5176	1418	1512	656	706	45731	48144	35	43	7085	7845	111110	118840	52917	55961	
33	8.27182e+006	8.28032e+006	45462	49892	11748	13012	3976	4280	5099	5441	1571	1677	727	784	50180	52892	47	56	7287	8097	118419	126915	57333	60712	
34	8.26334e+006	8.27266e+006	47411	52219	12211	13590	4116	4450	5352	5725	1721	1836	799	861	54841	57868	64	75	7636	8506	126078	135398	61868	65607	
35	8.25447e+006	8.26469e+006	49421	54628	12708	14210	4273	4643	5562	5959	1861	1985	871	936	59753	63133	83	96	7950	8889	134048	144268	66600	70722	
36	8.24912e+006	8.25991e+006	47999	53213	13161	14815	4431	4845	5799	6227	2000	2130	938	1004	64918	68678	107	121	4768	5359	138829	149614	71525	76076	
37	8.24348e+006	8.25491e+006	46508	51765	13708	15499	4651	5104	6079	6529	2112	2255	990	1061	70197	74381	139	155	4986	5654	143831	155252	76662	81659	
38	8.23759e+006	8.24967e+006	44957	50229	14290	16223	4878	5363	6319	6816	2204	2357	1033	1108	75785	80412	177	196	5215	5909	149062	161145	82021	87525	
39	8.232e+006	8.24474e+006	42792	47994	14931	17042	5110	5636	6611	7151	2286	2451	1070	1151	81573	86700	219	240	4922	5608	153999	166738	87650	93725	
40	8.22653e+006	8.23991e+006	40318	45381	15535	17833	5295	5860	6886	7468	2362	2541	1105	1193	87670	93320	270	293	4813	5483	158830	172203	93460	100134	
41	8.22132e+006	8.23536e+006	37213	42102	16183	18677	5492	6104	7191	7835	2443	2627	1138	1226	94016	100233	325	350	4531	5228	163380	177412	99529	106856	
42	8.21645e+006	8.23112e+006	33478	38108	17232	19904	5306	5925	7480	8186	2530	2728	1176	1269	100690	107552	377	407	4215	4895	167612	182290	106247	114322	
43	8.21195e+006	8.22724e+006	32575	37263	15631	18072	4435	4972	7766	8536	2648	2856	1234	1330	107547	115095	426	459	3866	4513	171494	186788	110431	118991	
44	8.20762e+006	8.22351e+006	31302	35956	13951	16173	3519	3963	8073	8899	2773	2995	1291	1396	114729	123022	475	511	3714	4347	175223	191118	114808	123926	
45	8.20349e+006	8.21997e+006	29610	34193	11773	13747	2993	3377	8392	9292	2903	3148	1347	1463	122189	131283	534	575	3523	4145	178762	195247	119289	128971	
46	8.19961e+006	8.21666e+006	27981	32480	11879	13950	3033	3432	8046	8938	3029	3293	1404	1531	127131	136776	593	637	3296	3893	182073	199125	123419	133648	
47	8.19592e+006	8.21353e+006	26281	30709	11727	13803	3001	3419	7688	8569	3171	3449	1466	1602	132289	142558	655	704	3114	3710	185203	202820	127478	138234	
48	8.19239e+006	8.21056e+006	24711	29021	11199	13275	2846	3265	7332	8203	3315	3615	1531	1677	137670	148586	716	770	2962	3539	188179	206345	131331	142640	
49	8.18908e+006	8.20776e+006	23278	27456	10647	12716	2695	3108	6871	7725	3445	3765	1592	1745	142876	154440	779	836	2784	3328	190977	209659	134917	146773	
50	8.1859e+006	8.20512e+006	22039	26131	9888	11935	2507	2918	6345	7157	3581	3929	1649	1815	148030	160233	847	910	2628	3188	193620	212832	138212	150580	
51	8.18289e+006	8.20261e+006	20820	24808	9236	11220	2345	2749	5674	6436	3734	4115	1723	1903	153027	165908	917	982	2494	3024	196129	215842	141364	154233	
52	8.18003e+006	8.20023e+006	19657	23546	8665	10593	2228	2621	5583	6366	3700	4088	1707	1889	157312	170806	987	1060	2359	2882	198502	218710	144348	157718	
53	8.17728e+006	8.19797e+006	18610	22414	8221	10100	2109	2488	5367	6148	3657	4055	1682	1871	161379	175478	1059	1138	2250	2761	200764	221458	147154	161000	
54	8.17471e+006	8.19586e+006	17599	21289	7747	9585	1994	2356	5075	5841	3602	4009	1654	1844	165379	180081	1136	1218	2104	2584	202881	224030	149805	164131	
55	8.17223e+006	8.19384e+006	16640	20239	7305	9099	1879	2232	4814	5568	3510	3922	1611	1797	169179	184472	1226	1317	2003	2488	204897	226505	152316	167105	
56	8.16989e+006	8.19194e+006	15737	19262	6905	8642	1779	2111	4521	5269	3422	3837	1565	1749	172780	188639	1317	1414	1881	2350	206792	228842	154684	169920	
57	8.16765e+006	8.19014e+006	14901	18328	6519	8218	1684	2007	4242	4976	3293	3712	1508	1690	176223	192647	1413	1518	1793	2253	208598	231082	156913	172597	
58	8.16553e+006	8.18843e+006	14101	17445	6164	7814	1575	1893	4017	4736	3130	3545	1432	1610	179497	196476	1505	1619	1696	2140	210306	233210	159047	175151	
59	8.16352e+006	8.18682e+006	13339	16586	5833	7463	1480	1800	3794	4488	2961	3373	1355	1536	182589	200103	1601	1726	1598	2023	211917	235221	161065	177583	
60	8.16157e+006	8.18528e+006	12620	15780	5534	7119	1397	1721	3591	4281	2745	3140	1261	1432	185543	203596	1709	1847	1531	1955	213460	237164	162983	179905	
61	8.15976e+006	8.18383e+006	11953	15017	5227	6764	1320	1630	3384	4057	2493	2869	1139	1303	188405	206981	1816	1965	1437	1821	214907	238974	164785	182096	
62	8.15803e+006	8.18245e+006	11320	14274	4933	6432	1259	1567	3182	3844	2407	2780	1101	1264	191005	210079	1878	2036	1371	1746	216287	240710	166487	184177	
63	8.15639e+006	8.18117e+006	10708	13569	4645	6100	1188	1478	3022	3665	2300	2668	1051	1210	193467	213041	1947	2113	1269	1645	217567	242344	168087	186156	
64	8.15482e+006	8.17994e+006	10132	12899	4392	5826	1135	1417	2830	3445	2181	2547	994	1153	195824	215873	2017	2193	1217	1584	218795	243917	169604	188041	
65	8.1533e+006	8.17877e+006	9594	12285	4150	5540	1078	1345	2673	3281	2065	2421	942	1101	198051	218567	2080	2264	1158	1525	219963	245432	171047	189840	
66	8.1519e+006	8.17768e+006	9078	11679	3928	5273	1021	1281	2529	3116	1932	2286	884	1044	200155	221129	2148	2339	1082	1416	221055	246838	172413	191543	
67	8.15054e+006	8.17663e+006	8590	11095	3901	5204	808	1029	2393	2965	1817	2158	832	987	202145	223567	2216	2419	1044	1372	222108	248201	173874	193377	
68	8.14928e+006	8.17566e+006	8112	10535	3874	5109	605	776	2277	2833	1711	2041	779	931	204015	225875	2276	2487	959	1261	223075	249453	175246	195096	
69	8.14806e+006	8.17472e+006	7670	10021	3850	5030	429	552	2143	2677	1614	1932	734	879	205803	228089	2330	2550	929	1231	224013	250676	176541	196728	
70	8.1469e+006	8.17384e+006	7273	9551	3615	4746	405	522	2044	2571	1524	1836	692	837	207487	230181	2376	2603	872	1174	224895	251840	177725	198239	
71	8.1458e+006	8.17301e+006	6876	9075	3420	4534	381	496	1924	2433	1433	1735	651	791	209099	232177	2423	2656	820	1108	225723	252940	178862	199696	
72	8.14471e+006	8.17219e+006	6531	8645	3228	4334	360	476	1807	2296	1356	1648	611	748	210632	234084	2467	2708	813	1095	226546	254025	179936	201088	
73	8.14372e+006	8.17144e+006	6193	8230	3060	4126	343	453	1708	2179	1290	1575	582	717	212040	235861	2505	2753	745	1002	227300	255017	180945	202388	
74	8.14275e+006	8.17071e+006	5865	7832	2897	3923	335	442	1618	2066	1218	1495	549	682	213391	237578	2545	2800	716	973	228024	255982	181912	203643	
75	8.14183e+006	8.17002e+006	5587	7501	2721	3681	315	416	1544	1987	1153	1421	520	648	214662	239204	2582	2843	681	929	228713	256903	182801	204794	
76	8.14097e+006	8.16937e+006	5300	7144	2584	3513	299	398	1446	1874	1095	1353	497	621	215875	240749	2616	2886	643	873	229363	257769	183663	205917	
77	8.14013e+006	8.16875e+006	5046	6811	2427	3330	286	383	1380	1792	1032	1283	466	585	217025	242222	2649	2927	618	841	229989	258602	184469	206983	
78	8.13935e+006	8.16816e+006	4804	6497	2304	3194	270	367	1313	1709	976	1216	447	562	218084	243585	2681	2965	578	795	230575	259390	185230	207993	
79	8.13859e+006	8.16759e+006	4557	6171	2208	3078	254	343	1249	1638	923	1161	423	535	219109	244898	2710	3001	566	769	231149	260150	185992	209004	
80	8.13786e+006	8.16705e+006	4344	5904	2100	2924	235	324	1179	1565	876	1107	401	511	220082	246156	2735	3034	532	735	231689	260877	186690	209919	
81	8.13718e+006	8.16654e+006	4127	5615	2011	2804	224	304	1114	1479	836	1059	383	488	220993	247359	2760	3064	499	684	232194	261555	187356	210809	
82	8.13652e+006	8.16606e+006	3924	5351	1891	2649	213	293	1063	1416	789	1006	362	464	221888	248529	2786	3095	477	666	232679	262213	187991	211660	
83	8.13589e+006	8.16559e+006	3742	5118	1808	2540	198	270	1014	1357	746	954	343	440	222709	249600	2811	3127	460	640	233146	262846	188595	212465	
84	8.13528e+006	8.16514e+006	3563	4897	1720	2418	189	258	963	1302	712	911	327	419	223495	250636	2832	3155	440	619	233592	263459	189169	213233	
85	8.13469e+006	8.16472e+006	3406	4695	1629	2296	178	245	904	1227	684	883	313	406	224251	251631	2853	3183	421	593	234020	264045	189710	213960	
86	8.13414e+006	8.16431e+006	3235	4485	1560	2199	172	236	864	1167	645	841	295	387	224957	252570	2876	3211	396	559	234423	264597	190242	214665	
87	8.13361e+006	8.16393e+006	3084	4282	1488	2106	159	221	821	1113	617	808	284	375	225634	253469	2895	3234	381	531	234809	265123	190741	215339	
88	8.13309e+006	8.16354e+006	2968	4133	1413	1999	157	215	775	1057	589	774	272	360	226276	254322	2914	3258	382	535	235198	265650	191204	215961	
89	8.13261e+006	8.16319e+006	2836	3949	1329	1899	152	213	736	1010	558	734	256	342	226903	255144	2933	3282	347	481	235551	266126	191648	216564	
90	8.13216e+006	8.16285e+006	2702	3765	1263	1811	146	207	697	956	525	697	241	325	227496	255940	2951	3304	326	456	235883	266577	192079	217146	
91	8.1317e+006	8.16252e+006	2592	3615	1213	1756	137	197	659	905	496	663	230	311	228049	256681	2968	3327	329	469	236218	267040	192492	217713	
92	8.13127e+006	8.16221e+006	2476	3452	1166	1694	130	183	618	855	475	639	222	302	228583	257395	2982	3345	306	430	236529	267464	192887	218255	
93	8.13086e+006	8.16191e+006	2375	3311	1105	1615	128	179	594	830	447	604	210	289	229087	258067	2998	3365	296	417	236830	267876	193254	218760	
94	8.13047e+006	8.16162e+006	2280	3174	1048	1530	126	176	572	798	420	572	197	274	229570	258729	3011	3379	285	394	237121	268264	193607	219241	
95	8.13008e+006	8.16132e+006	2182	3041	1016	1478	120	171	548	762	393	537	185	257	230035	259366	3026	3399	285	402	237412	268660	193967	219730	
96	8.12972e+006	8.16106e+006	2095	2920	980	1413	109	155	527	737	372	505	173	240	230471	259962	3035	3412	260	360	237677	269015	194294	220172	
97	8.12938e+006	8.16081e+006	2017	2814	936	1348	101	143	507	710	351	479	164	228	230887	260524	3046	3426	247	351	237931	269360	194600	220589	
98	8.12902e+006	8.16054e+006	1949	2712	881	1281	103	144	490	686	332	458	154	218	231302	261083	3058	3441	261	368	238198	269721	194904	221011	
99	8.12868e+006	8.16029e+006	1889	2626	839	1230	102	144	462	644	317	437	149	210	231686	261605	3071	3457	246	344	238448	270060	195187	221397	
100	8.12836e+006	8.16006e+006	1822	2531	811	1193	101	141	432	603	305	419	144	202	232050	262102	3079	3468	229	322	238681	270378	195461	221775	
101	8.12806e+006	8.15983e+006	1763	2438	776	1128	92	131	414	581	291	402	137	195	232409	262591	3089	3481	226	302	238911	270675	195728	222132	
102	8.12776e+006	8.1596e+006	1703	2345	762	1106	87	124	392	548	274	379	130	184	232746	263055	3101	3497	225	309	239141	270979	195998	222497	
103	8.12742e+006	8.15934e+006	1690	2326	734	1056	80	116	374	525	264	366	124	177	233068	263494	3108	3507	246	341	239393	271314	196244	222827	
104	8.12709e+006	8.15909e+006	1687	2311	702	1018	74	111	354	496	251	349	121	172	233385	263919	3114	3516	246	335	239645	271643	196480	223145	
105	8.12678e+006	8.15885e+006	1661	2265	680	985	74	108	342	483	240	334	116	165	233692	264332	3122	3526	235	322	239885	271960	196724	223477	
106	8.12647e+006	8.15862e+006	1645	2233	664	966	75	110	336	474	229	322	111	159	233968	264700	3128	3535	229	312	240119	272267	196954	223789	
107	8.12613e+006	8.15836e+006	1664	2253	647	941	74	106	317	445	222	310	108	154	234242	265075	3135	3544	248	341	240372	272604	197167	224081	
108	8.12581e+006	8.15812e+006	1681	2282	616	879	72	101	313	440	213	297	104	146	234516	265445	3141	3553	244	330	240621	272929	197378	224355	
109	8.1255e+006	8.15788e+006	1687	2283	603	852	65	93	305	431	201	282	96	136	234780	265801	3146	3561	230	311	240856	273234	197593	224640	
110	8.12519e+006	8.15764e+006	1673	2258	616	865	69	99	298	422	194	272	93	130	235022	266130	3153	3569	232	316	241094	273544	197822	224944	
111	8.12488e+006	8.1574e+006	1665	2238	635	899	68	100	287	400	186	262	89	127	235265	266451	3159	3576	237	316	241336	273856	198055	225246	
112	8.12457e+006	8.15716e+006	1668	2238	641	908	72	104	278	387	179	251	86	120	235505	266773	3164	3583	239	321	241580	274171	198274	225537	
113	8.12425e+006	8.15692e+006	1671	2241	629	882	69	99	280	389	172	240	82	114	235759	267110	3169	3590	232	316	241816	274483	198491	225820	
114	8.12395e+006	8.15669e+006	1650	2205	630	887	71	98	276	382	168	233	79	109	236014	267447	3173	3596	226	305	242048	274782	198723	226131	
115	8.12365e+006	8.15645e+006	1641	2186	639	897	70	99	277	377	159	222	75	105	236256	267772	3179	3604	234	312	242287	275089	198952	226430	
116	8.12335e+006	8.15622e+006	1635	2174	639	896	70	99	281	379	156	217	73	103	236484	268075	3184	3610	225	299	242516	275383	199168	226711	
117	8.12305e+006	8.15599e+006	1629	2162	623	869	71	100	282	385	149	207	68	96	236737	268408	3190	3617	226	304	242748	275682	199384	226993	
118	8.12275e+006	8.15575e+006	1622	2155	617	856	70	98	282	384	144	200	68	95	236987	268737	3194	3621	229	309	242983	275985	199607	227280	
119	8.12246e+006	8.15552e+006	1610	2130	625	865	71	100	279	378	142	196	67	94	237224	269046	3198	3628	227	296	243215	276276	199832	227569	
120	8.12217e+006	8.15529e+006	1602	2110	626	866	69	100	279	379	139	190	65	90	237460	269356	3202	3633	224	296	243444	276567	200048	227855	
121	8.12188e+006	8.15507e+006	1597	2098	614	853	70	102	280	380	135	184	63	88	237701	269667	3205	3638	220	293	243670	276855	200262	228129	
122	8.12158e+006	8.15483e+006	1591	2095	608	843	72	102	278	376	135	185	63	88	237945	269983	3208	3641	229	309	243903	277159	200479	228409	
123	8.12129e+006	8.1546e+006	1595	2094	606	831	67	96	278	372	135	185	61	86	238179	270294	3211	3645	229	298	244137	277451	200691	228680	
124	8.12099e+006	8.15437e+006	1594	2086	603	827	71	99	276	368	133	182	60	85	238409	270594	3216	3651	226	296	244368	277742	200900	228950	
125	8.12071e+006	8.15415e+006	1582	2064	601	827	68	95	275	367	132	180	60	85	238648	270901	3218	3655	216	287	244589	278024	201116	229229	
126	8.12042e+006	8.15392e+006	1581	2067	602	823	70	97	270	361	135	181	63	87	238875	271195	3223	3660	226	299	244821	278318	201328	229495	
127	8.12014e+006	8.15369e+006	1572	2058	605	819	65	92	266	356	137	184	63	88	239105	271491	3226	3664	216	286	245042	278599	201540	229764	
128	8.11985e+006	8.15347e+006	1572	2055	597	804	66	89	268	359	137	187	62	87	239336	271786	3229	3667	220	290	245267	278884	201747	230029	
129	8.11957e+006	8.15324e+006	1567	2034	597	816	67	90	268	356	136	185	63	88	239566	272078	3231	3670	223	288	245495	279168	201960	230307	
130	8.1193e+006	8.15303e+006	1544	2012	599	816	70	92	269	356	134	184	64	91	239793	272365	3235	3674	206	276	245706	279439	202174	230576	
131	8.11901e+006	8.1528e+006	1543	2016	602	817	71	96	266	351	134	183	62	88	240018	272656	3237	3678	225	299	245938	279731	202385	230841	
132	8.11873e+006	8.15258e+006	1539	2013	593	797	69	93	265	347	134	181	62	88	240250	272960	3242	3683	213	284	246155	280011	202589	231104	
133	8.11844e+006	8.15235e+006	1538	2003	592	800	67	91	266	346	133	179	63	88	240480	273251	3245	3688	224	290	246386	280294	202804	231375	
134	8.11816e+006	8.15212e+006	1545	2008	585	793	64	88	260	339	131	178	62	88	240715	273546	3248	3693	223	290	246614	280580	203008	231636	
135	8.11788e+006	8.15191e+006	1534	1995	589	796	64	88	255	333	134	181	61	86	240934	273825	3252	3698	209	277	246828	280852	203215	231897	
136	8.1176e+006	8.15168e+006	1534	1995	587	787	63	87	254	330	130	177	58	82	241167	274122	3256	3703	223	288	247058	281133	203426	232158	
137	8.11731e+006	8.15145e+006	1554	2016	581	780	60	83	257	338	128	172	57	81	241383	274394	3260	3708	226	298	247289	281426	203622	232411	
138	8.11702e+006	8.15122e+006	1553	2008	582	786	62	88	259	337	128	170	58	80	241603	274678	3263	3712	223	291	247518	281712	203832	232675	
139	8.11675e+006	8.151e+006	1554	2000	575	786	59	83	253	333	130	171	57	79	241831	274962	3266	3716	214	276	247737	281983	204035	232937	
140	8.11647e+006	8.15078e+006	1547	1998	589	794	63	89	250	325	130	171	57	78	242043	275238	3268	3720	218	288	247961	282265	204246	233195	
141	8.11619e+006	8.15055e+006	1539	1994	591	790	60	84	254	333	131	172	58	80	242265	275518	3272	3724	215	286	248182	282545	204459	233460	
142	8.11592e+006	8.15034e+006	1544	1993	585	779	63	87	252	333	131	171	58	80	242481	275794	3275	3728	214	277	248401	282817	204656	233711	
143	8.11565e+006	8.15012e+006	1527	1978	586	780	63	82	249	330	130	171	58	81	242711	276078	3279	3731	206	273	248612	283085	204867	233973	
144	8.11538e+006	8.14991e+006	1509	1953	584	782	67	88	248	332	129	168	57	79	242938	276360	3282	3736	208	272	248825	283352	205077	234239	
145	8.11511e+006	8.1497e+006	1496	1942	595	793	70	91	248	334	125	164	56	78	243152	276630	3286	3741	211	280	249041	283627	205287	234502	
146	8.11483e+006	8.14947e+006	1503	1953	589	785	66	88	255	343	124	162	56	77	243373	276902	3289	3744	220	288	249267	283909	205492	234757	
147	8.11456e+006	8.14926e+006	1491	1936	585	779	62	84	254	341	124	165	56	78	243602	277189	3293	3748	206	270	249477	284175	205697	235016	
148	8.1143e+006	8.14905e+006	1479	1917	578	775	61	83	259	349	124	166	55	76	243823	277462	3296	3753	203	268	249686	284438	205901	235276	
149	8.11402e+006	8.14883e+006	1484	1925	576	774	62	87	257	344	120	163	54	75	244043	277735	3300	3757	219	285	249909	284717	206102	235527	
150	8.11376e+006	8.14862e+006	1483	1918	566	761	61	84	261	346	120	162	54	75	244262	278012	3302	3760	205	266	250119	284978	206297	235774	
151	8.1135e+006	8.14841e+006	1471	1915	559	748	60	84	259	341	118	162	52	73	244485	278294	3304	3764	197	269	250322	285241	206493	236018	
152	8.11323e+006	8.14821e+006	1462	1901	558	753	57	82	258	341	116	161	50	71	244703	278562	3309	3768	202	266	250529	285503	206695	236274	
153	8.11297e+006	8.14799e+006	1451	1889	569	765	60	85	253	335	115	160	50	70	244918	278833	3312	3772	209	275	250744	285771	206901	236532	
154	8.1127e+006	8.14778e+006	1448	1887	569	763	60	83	247	326	117	162	49	70	245131	279103	3314	3776	203	269	250954	286034	207095	236777	
155	8.11243e+006	8.14756e+006	1459	1901	560	749	63	84	245	324	116	161	49	69	245348	279377	3317	3780	214	282	251174	286310	207284	237017	
156	8.11216e+006	8.14735e+006	1445	1888	559	748	61	83	237	316	118	163	49	69	245576	279660	3321	3784	205	272	251384	286576	207491	237275	
157	8.11191e+006	8.14715e+006	1436	1877	559	744	61	81	238	318	118	161	51	72	245782	279921	3326	3790	195	255	251585	286826	207683	237516	
158	8.11165e+006	8.14694e+006	1444	1877	552	745	60	83	230	310	119	162	53	75	245993	280185	3330	3795	204	270	251796	287089	207868	237757	
159	8.11138e+006	8.14673e+006	1445	1878	538	730	57	80	235	313	120	162	54	76	246208	280458	3333	3798	203	267	252003	287352	208061	237998	
160	8.11112e+006	8.14652e+006	1440	1871	540	738	57	82	236	314	119	163	53	75	246414	280713	3336	3802	204	268	252213	287614	208261	238247	
161	8.11087e+006	8.14631e+006	1440	1865	551	742	54	77	239	314	118	160	55	75	246613	280975	3339	3806	203	263	252422	287870	208458	238493	
162	8.11062e+006	8.14612e+006	1420	1838	560	753	58	81	243	317	119	161	57	78	246812	281231	3340	3808	194	255	252621	288120	208658	238745	
163	8.11035e+006	8.1459e+006	1419	1838	555	749	60	81	239	313	118	159	56	78	247029	281502	3343	3812	204	271	252833	288384	208849	238989	
164	8.1101e+006	8.1457e+006	1419	1838	546	733	62	83	245	316	116	158	56	78	247231	281758	3347	3816	195	256	253034	288633	209035	239221	
165	8.10985e+006	8.14549e+006	1419	1830	536	721	62	83	241	313	118	160	58	79	247449	282032	3350	3820	205	262	253244	288890	209227	239461	
166	8.10959e+006	8.14529e+006	1414	1825	537	719	59	80	239	312	117	158	58	79	247660	282298	3353	3823	198	263	253448	289146	209420	239704	
167	8.10934e+006	8.14508e+006	1415	1818	542	729	61	83	238	311	116	157	56	77	247858	282545	3357	3828	204	261	253658	289401	209611	239945	
168	8.10907e+006	8.14487e+006	1415	1824	543	724	60	81	234	308	113	154	54	75	248072	282811	3360	3832	203	269	253869	289663	209803	240181	
169	8.10882e+006	8.14467e+006	1416	1826	532	710	62	83	234	307	112	152	52	73	248278	283072	3364	3837	194	258	254070	289914	209985	240410	
170	8.10857e+006	8.14446e+006	1414	1813	534	716	60	80	230	305	111	151	52	71	248488	283332	3367	3841	202	259	254277	290167	210180	240653	
171	8.10831e+006	8.14425e+006	1419	1824	528	710	59	78	233	303	113	154	53	73	248691	283585	3369	3844	201	266	254485	290425	210366	240884	
172	8.10806e+006	8.14405e+006	1411	1821	537	714	61	81	229	296	111	154	51	71	248893	283838	3372	3848	196	258	254688	290677	210557	241116	
173	8.1078e+006	8.14384e+006	1419	1823	532	706	59	80	225	294	111	153	50	70	249106	284104	3374	3850	206	266	254900	290937	210745	241354	
174	8.10755e+006	8.14363e+006	1414	1823	542	711	60	79	225	293	112	152	52	71	249305	284351	3377	3854	200	260	255106	291190	210938	241591	
175	8.10729e+006	8.14342e+006	1412	1814	545	723	56	74	230	298	108	149	51	72	249509	284603	3380	3857	201	260	255313	291445	211133	241834	
176	8.10703e+006	8.14321e+006	1425	1821	540	719	56	75	232	298	108	152	52	74	249710	284854	3382	3860	208	265	255526	291704	211320	242067	
177	8.10678e+006	8.143e+006	1425	1817	539	719	53	74	226	295	108	151	53	75	249923	285109	3384	3863	201	256	255734	291953	211515	242303	
178	8.10654e+006	8.1428e+006	1424	1804	532	711	57	79	232	301	107	150	51	72	250127	285363	3386	3866	200	253	255940	292199	211703	242537	
179	8.10627e+006	8.14258e+006	1439	1821	534	711	58	79	236	305	111	154	53	74	250317	285604	3389	3869	211	275	256157	292468	211891	242769	
180	8.10601e+006	8.14236e+006	1441	1824	536	714	61	82	239	306	108	150	52	74	250522	285856	3391	3873	209	268	256373	292729	212085	243008	
181	8.10576e+006	8.14216e+006	1441	1816	540	712	56	77	236	303	110	150	52	74	250728	286113	3394	3877	200	251	256578	292976	212277	243244	
182	8.10551e+006	8.14195e+006	1443	1811	544	716	56	77	236	303	110	149	52	74	250931	286362	3396	3879	202	256	256785	293226	212468	243480	
183	8.10526e+006	8.14174e+006	1444	1803	546	716	56	76	243	309	110	148	52	74	251134	286614	3398	3881	208	257	256998	293479	212663	243718	
184	8.10501e+006	8.14153e+006	1443	1806	545	710	58	78	239	305	110	150	50	73	251339	286867	3401	3886	201	257	257206	293729	212853	243945	
185	8.10476e+006	8.14133e+006	1439	1801	543	700	59	80	236	301	112	150	50	71	251544	287121	3404	3889	195	249	257407	293972	213041	244169	
186	8.1045e+006	8.14111e+006	1438	1791	547	711	58	80	233	299	113	149	51	70	251757	287377	3407	3894	209	265	257622	294232	213243	244417	
187	8.10425e+006	8.14091e+006	1426	1779	552	720	60	83	235	300	111	147	50	67	251963	287623	3410	3898	197	256	257825	294483	213438	244653	
188	8.104e+006	8.1407e+006	1429	1784	549	717	62	86	233	297	115	151	51	68	252164	287865	3413	3901	203	256	258034	294733	213623	244875	
189	8.10376e+006	8.14049e+006	1429	1777	538	696	66	87	236	304	115	149	50	66	252375	288127	3415	3904	201	250	258242	294976	213812	245105	
190	8.10352e+006	8.14029e+006	1418	1769	541	689	62	82	240	306	115	148	50	65	252585	288383	3418	3908	197	250	258444	295220	214009	245338	
191	8.10327e+006	8.14009e+006	1415	1761	543	695	61	83	239	306	112	145	48	64	252789	288627	3422	3913	198	249	258647	295464	214197	245565	
192	8.10302e+006	8.13988e+006	1423	1772	535	685	63	84	241	305	114	148	50	66	252990	288873	3425	3916	204	260	258857	295718	214379	245786	
193	8.10278e+006	8.13968e+006	1404	1755	532	689	67	89	241	304	116	150	50	66	253198	289121	3428	3920	191	248	259054	295960	214574	246023	
194	8.10254e+006	8.13949e+006	1393	1737	533	694	62	83	244	305	114	149	49	66	253402	289369	3430	3922	186	237	259245	296192	214765	246257	
195	8.1023e+006	8.13928e+006	1393	1733	544	704	59	79	236	295	116	152	52	67	253606	289614	3434	3926	203	253	259453	296440	214957	246488	
196	8.10205e+006	8.13908e+006	1389	1732	540	692	57	75	231	291	116	150	50	66	253823	289877	3437	3930	198	247	259656	296682	215147	246710	
197	8.10181e+006	8.13887e+006	1392	1734	537	682	60	78	233	294	119	156	53	72	254018	290114	3440	3934	200	251	259862	296928	215332	246933	
198	8.10157e+006	8.13868e+006	1385	1727	532	675	59	78	239	299	115	151	52	71	254221	290360	3443	3939	190	242	260058	297164	215520	247158	
199	8.10134e+006	8.13849e+006	1369	1707	535	688	57	77	238	296	113	151	52	73	254426	290602	3448	3944	188	241	260251	297400	215715	247392	
200	8.1011e+006	8.13829e+006	1371	1701	527	684	60	79	238	295	115	154	52	73	254624	290841	3450	3947	193	242	260448	297638	215892	247611	
201	8.10086e+006	8.13808e+006	1386	1708	516	674	58	79	237	296	116	155	53	72	254823	291081	3453	3950	200	246	260653	297878	216069	247824	
202	8.10062e+006	8.13789e+006	1376	1699	514	666	59	78	238	300	113	150	50	69	255031	291330	3457	3956	193	244	260851	298117	216258	248051	
203	8.10038e+006	8.13769e+006	1373	1696	528	671	54	72	237	298	112	150	51	71	255226	291571	3460	3959	195	245	261051	298357	216449	248278	
204	8.10013e+006	8.13748e+006	1370	1696	542	683	55	73	229	288	117	153	55	73	255419	291807	3462	3962	198	251	261254	298603	216637	248503	
205	8.0999e+006	8.13729e+006	1370	1689	528	673	55	73	223	286	113	146	52	70	255635	292060	3465	3965	189	236	261449	298832	216815	248719	
206	8.09965e+006	8.13708e+006	1386	1704	518	665	56	74	222	286	113	147	54	71	255836	292298	3468	3969	204	256	261659	299083	216994	248937	
207	8.09942e+006	8.13688e+006	1385	1705	511	657	55	73	225	292	111	142	51	66	256038	292540	3471	3972	191	243	261855	299321	217176	249156	
208	8.09918e+006	8.13668e+006	1384	1704	525	664	52	69	224	286	111	144	52	68	256232	292778	3473	3974	199	245	262059	299560	217368	249382	
209	8.09895e+006	8.13648e+006	1381	1692	530	666	52	69	222	284	109	142	51	66	256427	293014	3475	3977	190	232	262253	299788	217551	249601	
210	8.09871e+006	8.13628e+006	1381	1691	531	668	52	70	223	285	107	139	52	67	256622	293250	3479	3981	195	244	262453	300027	217732	249820	
211	8.09847e+006	8.13608e+006	1380	1683	522	668	58	77	231	290	106	138	52	68	256819	293481	3482	3985	197	242	262655	300264	217916	250043	
212	8.09823e+006	8.13588e+006	1390	1691	520	660	58	76	228	287	108	140	53	68	257014	293716	3486	3989	199	244	262860	300503	218096	250256	
213	8.09799e+006	8.13567e+006	1386	1680	529	671	58	75	224	280	107	138	52	68	257216	293961	3489	3993	200	245	263064	300743	218288	250487	
214	8.09776e+006	8.13547e+006	1389	1675	528	668	54	69	225	285	103	135	50	65	257417	294200	3493	3998	195	238	263263	300977	218469	250707	
215	8.09752e+006	8.13527e+006	1385	1673	534	675	57	72	225	282	103	136	51	67	257610	294429	3495	4000	195	242	263463	301214	218655	250926	
216	8.09729e+006	8.13507e+006	1391	1679	522	653	54	71	228	289	102	134	49	64	257815	294674	3497	4003	196	238	263663	301448	218834	251137	
217	8.09705e+006	8.13487e+006	1394	1675	522	651	57	74	228	289	103	137	50	66	258008	294906	3500	4005	198	239	263865	301683	219017	251356	
218	8.09682e+006	8.13467e+006	1389	1668	523	650	54	72	231	291	101	134	49	64	258209	295143	3502	4009	192	237	264062	301914	219206	251577	
219	8.09659e+006	8.13448e+006	1383	1662	532	661	56	73	230	291	104	136	49	64	258400	295365	3504	4011	194	237	264261	302146	219394	251796	
220	8.09635e+006	8.13427e+006	1380	1657	534	661	57	76	229	287	107	139	49	64	258595	295602	3507	4014	197	240	264463	302383	219581	252014	
221	8.09612e+006	8.13407e+006	1383	1660	531	656	58	76	233	291	107	137	48	63	258792	295835	3508	4016	197	240	264666	302617	219763	252230	
222	8.09589e+006	8.13387e+006	1383	1654	530	657	55	73	234	289	108	138	47	63	258992	296071	3511	4019	195	237	264867	302847	219950	252453	
223	8.09567e+006	8.13368e+006	1370	1642	528	652	55	68	234	288	106	137	46	62	259196	296311	3513	4021	183	226	265054	303069	220133	252668	
224	8.09544e+006	8.13348e+006	1368	1640	531	654	54	69	233	288	107	138	46	63	259393	296542	3515	4023	195	238	265255	303301	220319	252886	
225	8.09521e+006	8.13328e+006	1369	1638	526	646	57	71	238	291	108	139	46	64	259587	296774	3516	4025	192	235	265453	303530	220502	253100	
226	8.09498e+006	8.13309e+006	1367	1638	522	644	58	73	244	297	107	139	45	64	259779	296998	3518	4028	192	237	265651	303761	220683	253312	
227	8.09475e+006	8.13289e+006	1359	1630	519	642	59	78	240	294	107	137	45	63	259983	297234	3521	4031	190	233	265846	303989	220865	253526	
228	8.09451e+006	8.13269e+006	1358	1630	525	647	59	75	233	288	110	139	47	64	260182	297467	3524	4034	196	240	266048	304222	221053	253744	
229	8.0943e+006	8.13249e+006	1353	1616	527	645	59	76	230	283	112	143	47	65	260380	297697	3526	4038	189	223	266242	304441	221236	253952	
230	8.09407e+006	8.1323e+006	1356	1617	517	635	55	71	228	279	112	142	48	66	260579	297932	3530	4042	186	227	266432	304663	221409	254158	
231	8.09385e+006	8.13211e+006	1351	1610	513	631	57	73	225	275	114	144	48	66	260781	298165	3533	4046	191	231	266628	304889	221593	254371	
232	8.09363e+006	8.13192e+006	1342	1597	511	629	56	73	220	269	113	141	50	67	260985	298401	3536	4050	183	221	266817	305105	221774	254578	
233	8.09342e+006	8.13173e+006	1334	1578	519	640	55	73	220	266	115	144	51	69	261168	298621	3538	4053	184	218	267006	305318	221956	254793	
234	8.09319e+006	8.13153e+006	1340	1581	511	633	57	77	227	272	114	140	50	67	261360	298846	3541	4056	196	237	267207	305549	222132	254998	
235	8.09297e+006	8.13134e+006	1329	1563	518	641	55	73	227	272	114	141	50	67	261555	299073	3543	4060	185	222	267397	305765	222319	255214	
236	8.09275e+006	8.13114e+006	1332	1571	514	627	57	74	230	276	114	141	50	67	261746	299298	3545	4062	192	231	267595	305991	222498	255415	
237	8.09253e+006	8.13095e+006	1329	1566	515	624	53	69	228	275	114	142	50	67	261941	299522	3548	4065	183	222	267784	306206	222675	255623	
238	8.09231e+006	8.13076e+006	1326	1562	510	615	54	68	227	271	113	141	49	66	262143	299757	3551	4068	188	227	267978	306427	222855	255831	
239	8.09209e+006	8.13056e+006	1332	1571	505	614	53	66	226	270	109	134	48	62	262336	299978	3555	4074	189	230	268173	306651	223028	256029	
240	8.09187e+006	8.13037e+006	1333	1576	500	603	56	70	219	265	106	131	47	62	262534	300205	3558	4078	185	223	268364	306869	223199	256223	
241	8.09164e+006	8.13018e+006	1327	1568	505	608	55	71	217	267	106	131	47	62	262727	300427	3561	4081	189	229	268559	307092	223387	256437	
242	8.09142e+006	8.12998e+006	1336	1578	505	607	57	73	215	262	105	132	47	62	262916	300643	3564	4085	194	232	268758	307319	223560	256635	
243	8.09119e+006	8.12978e+006	1337	1582	513	621	56	72	218	262	104	130	45	60	263100	300855	3567	4089	192	236	268958	307547	223742	256842	
244	8.09097e+006	8.12959e+006	1342	1586	499	606	57	72	220	265	105	130	47	62	263297	301078	3570	4091	188	226	269151	307767	223915	257039	
245	8.09074e+006	8.12939e+006	1342	1591	504	613	55	72	224	271	105	129	47	61	263479	301287	3573	4095	188	232	269346	307992	224095	257243	
246	8.09053e+006	8.1292e+006	1336	1581	502	612	54	71	228	273	104	130	48	62	263671	301508	3575	4097	182	221	269534	308207	224274	257448	
247	8.0903e+006	8.12901e+006	1341	1593	503	613	54	71	226	269	103	129	47	61	263860	301727	3577	4100	191	235	269731	308437	224449	257648	
248	8.09008e+006	8.12881e+006	1338	1589	507	615	54	70	224	268	102	127	46	60	264055	301948	3579	4102	186	224	269923	308654	224630	257855	
249	8.08984e+006	8.12861e+006	1347	1601	511	616	55	70	224	267	103	127	47	61	264248	302169	3581	4105	203	244	270131	308894	224812	258063	
250	8.08962e+006	8.12841e+006	1343	1597	520	630	54	68	218	258	104	129	46	59	264442	302391	3583	4107	190	231	270326	309119	224995	258274	
251	8.08939e+006	8.12821e+006	1347	1603	520	629	52	67	212	254	103	129	45	59	264640	302614	3587	4112	191	232	270523	309345	225176	258479	
252	8.08918e+006	8.12802e+006	1342	1594	515	630	51	65	216	259	104	130	44	58	264832	302832	3589	4115	183	223	270714	309560	225354	258686	
253	8.08895e+006	8.12783e+006	1351	1609	504	615	52	66	218	263	106	129	44	58	265024	303055	3592	4118	192	235	270911	309791	225527	258884	
254	8.08872e+006	8.12763e+006	1350	1603	501	618	57	73	215	258	105	128	43	56	265221	303278	3594	4120	189	230	271106	310014	225705	259091	
255	8.0885e+006	8.12744e+006	1354	1607	499	610	56	74	217	261	104	129	44	59	265411	303495	3597	4124	189	228	271301	310236	225881	259290	
256	8.08828e+006	8.12725e+006	1335	1591	518	632	58	75	214	263	102	126	43	56	265601	303708	3599	4127	184	229	271490	310460	226072	259509	
257	8.08806e+006	8.12706e+006	1327	1586	519	629	57	73	214	264	102	125	42	55	265796	303936	3602	4130	183	226	271678	310680	226251	259715	
258	8.08784e+006	8.12686e+006	1325	1580	525	639	56	71	212	264	104	128	46	59	265985	304149	3603	4132	188	227	271872	310901	226433	259924	
259	8.08761e+006	8.12667e+006	1333	1590	505	617	57	71	208	263	104	129	46	60	266197	304385	3605	4133	191	233	272068	311128	226605	260119	
260	8.08739e+006	8.12648e+006	1329	1579	508	623	55	71	214	269	102	126	46	60	266386	304603	3609	4137	188	225	272261	311348	226787	260331	
261	8.08716e+006	8.12628e+006	1330	1583	506	620	54	71	217	270	104	130	48	62	266575	304822	3612	4141	191	233	272457	311576	226968	260539	
262	8.08694e+006	8.12609e+006	1327	1580	513	625	54	72	220	269	100	126	46	62	266763	305037	3615	4144	186	225	272649	311795	227146	260741	
263	8.08671e+006	8.12589e+006	1337	1584	503	616	56	74	221	271	98	124	46	62	266958	305265	3617	4147	194	232	272849	312022	227318	260944	
264	8.08651e+006	8.1257e+006	1333	1573	499	615	53	72	220	268	98	124	48	64	267151	305488	3621	4151	179	215	273034	312231	227493	261149	
265	8.08629e+006	8.12551e+006	1328	1564	496	612	55	72	218	265	97	122	46	61	267346	305712	3623	4154	181	219	273222	312444	227668	261350	
266	8.08608e+006	8.12532e+006	1322	1551	506	618	54	69	215	263	100	126	48	63	267533	305931	3625	4157	186	219	273412	312657	227850	261560	
267	8.08586e+006	8.12513e+006	1320	1550	507	615	56	72	212	262	103	130	50	66	267718	306145	3628	4160	185	224	273603	312876	228027	261761	
268	8.08564e+006	8.12494e+006	1317	1542	514	624	53	70	218	267	102	129	48	64	267904	306357	3632	4165	188	225	273797	313095	228207	261971	
269	8.08542e+006	8.12475e+006	1318	1539	508	617	53	69	222	269	102	130	48	64	268094	306578	3634	4167	186	223	273989	313312	228383	262173	
270	8.08521e+006	8.12456e+006	1307	1523	515	623	53	70	220	266	104	133	49	65	268285	306796	3636	4169	183	216	274177	313524	228568	262383	
271	8.08499e+006	8.12436e+006	1318	1540	507	610	50	64	225	272	103	131	48	65	268477	307017	3638	4172	191	231	274375	313748	228742	262581	
272	8.08477e+006	8.12417e+006	1326	1546	504	603	51	64	231	274	104	132	49	65	268658	307228	3641	4176	189	226	274570	313968	228915	262777	
273	8.08456e+006	8.12398e+006	1325	1545	495	589	51	63	234	278	106	133	49	64	268850	307449	3643	4178	184	216	274760	314179	229091	262975	
274	8.08435e+006	8.12379e+006	1324	1535	495	595	54	70	228	273	106	133	47	61	269037	307660	3647	4182	184	216	274949	314389	229265	263175	
275	8.08413e+006	8.1236e+006	1320	1532	502	600	55	70	221	266	110	137	48	63	269225	307872	3649	4185	184	222	275139	314605	229443	263376	
276	8.08392e+006	8.12341e+006	1313	1521	503	605	55	69	220	263	109	134	47	61	269415	308087	3653	4189	179	213	275322	314813	229619	263577	
277	8.08371e+006	8.12322e+006	1316	1524	506	602	49	64	220	265	108	132	46	58	269603	308303	3656	4192	186	220	275514	315026	229796	263776	
278	8.0835e+006	8.12303e+006	1308	1508	510	609	50	63	218	261	108	131	45	58	269796	308523	3659	4195	182	215	275703	315235	229978	263983	
279	8.0833e+006	8.12285e+006	1296	1492	513	610	50	63	209	253	109	131	45	57	269995	308745	3661	4198	178	210	275886	315440	230156	264186	
280	8.08308e+006	8.12266e+006	1298	1494	508	605	55	70	211	254	107	129	44	55	270180	308955	3664	4201	185	219	276078	315653	230329	264378	
281	8.08286e+006	8.12247e+006	1301	1504	499	588	57	71	216	260	106	128	45	56	270370	309172	3666	4204	187	226	276270	315873	230501	264570	
282	8.08265e+006	8.12227e+006	1304	1501	494	586	55	71	219	266	106	126	45	55	270560	309386	3668	4207	186	219	276462	316086	230678	264767	
283	8.08244e+006	8.12209e+006	1305	1508	494	585	52	66	216	257	110	133	46	56	270745	309598	3671	4209	181	219	276649	316299	230849	264962	
284	8.08223e+006	8.1219e+006	1302	1502	496	589	51	66	217	256	112	134	47	59	270928	309803	3674	4213	182	214	276837	316508	231027	265159	
285	8.08201e+006	8.12171e+006	1310	1510	496	583	51	64	219	259	106	128	46	58	271117	310019	3678	4218	190	223	277031	316726	231202	265353	
286	8.0818e+006	8.12152e+006	1313	1517	492	579	53	66	224	265	107	129	46	58	271293	310216	3681	4221	181	216	277217	316938	231370	265541	
287	8.08159e+006	8.12133e+006	1305	1512	494	580	51	65	226	264	105	128	44	57	271483	310428	3683	4223	180	213	277402	317146	231548	265740	
288	8.08138e+006	8.12114e+006	1303	1504	497	588	53	67	222	260	105	128	44	57	271672	310638	3687	4227	185	218	277592	317359	231725	265941	
289	8.08116e+006	8.12096e+006	1301	1505	505	598	52	67	220	260	102	126	42	55	271857	310843	3689	4229	185	219	277781	317573	231902	266137	
290	8.08095e+006	8.12077e+006	1304	1501	497	596	55	70	222	263	105	131	45	60	272041	311047	3691	4231	184	215	277969	317784	232072	266332	
291	8.08073e+006	8.12057e+006	1314	1514	496	586	53	66	225	268	105	130	45	59	272228	311260	3694	4234	193	225	278168	318004	232246	266526	
292	8.08052e+006	8.12038e+006	1303	1505	500	590	53	66	224	265	107	132	44	59	272418	311472	3695	4236	179	215	278352	318214	232426	266728	
293	8.08031e+006	8.1202e+006	1302	1505	501	588	52	65	220	261	105	129	45	59	272608	311689	3698	4239	180	216	278538	318424	232597	266923	
294	8.08009e+006	8.12e+006	1315	1519	493	587	54	69	220	263	104	128	44	58	272795	311891	3701	4242	192	228	278736	318646	232765	267113	
295	8.07987e+006	8.1198e+006	1324	1532	488	581	54	70	222	267	104	128	44	58	272985	312104	3703	4245	194	230	278935	318871	232940	267309	
296	8.07965e+006	8.11961e+006	1324	1531	492	584	54	69	217	263	104	127	45	59	273174	312315	3706	4248	184	219	279125	319084	233114	267508	
297	8.07945e+006	8.11943e+006	1318	1528	498	586	54	68	212	257	107	131	47	61	273356	312523	3709	4252	179	212	279309	319291	233288	267702	
298	8.07923e+006	8.11924e+006	1311	1524	506	593	53	68	212	256	108	131	46	60	273544	312732	3712	4255	186	222	279500	319508	233472	267903	
299	8.07902e+006	8.11905e+006	1314	1525	502	591	52	67	210	252	109	133	48	61	273731	312947	3714	4258	182	216	279687	319718	233642	268097	
300	8.0788e+006	8.11885e+006	1326	1534	497	590	52	69	209	249	107	130	46	58	273920	313161	3717	4261	193	225	279885	319937	233812	268289	
301	8.07859e+006	8.11866e+006	1322	1521	494	591	54	71	209	246	107	129	44	57	274117	313382	3719	4263	186	216	280077	320147	233995	268493	
302	8.07838e+006	8.11847e+006	1311	1509	509	606	55	71	211	248	107	129	45	58	274294	313587	3723	4267	183	220	280269	320358	234179	268701	
303	8.07817e+006	8.11828e+006	1307	1503	512	609	54	71	208	247	105	127	44	56	274481	313798	3726	4270	180	212	280455	320564	234352	268895	
304	8.07797e+006	8.1181e+006	1308	1503	501	595	54	69	205	244	107	129	46	58	274678	314017	3729	4273	179	213	280641	320771	234520	269083	
305	8.07776e+006	8.11791e+006	1300	1493	492	586	53	70	209	249	110	132	48	60	274869	314233	3730	4275	178	212	280826	320976	234696	269281	
306	8.07755e+006	8.11773e+006	1298	1493	490	583	54	68	215	255	107	130	47	59	275053	314437	3734	4278	180	215	281011	321185	234867	269475	
307	8.07735e+006	8.11754e+006	1285	1478	508	599	52	64	212	252	105	128	47	58	275239	314645	3737	4282	179	210	281198	321388	235051	269678	
308	8.07713e+006	8.11735e+006	1284	1486	509	591	52	65	213	254	107	130	48	62	275423	314854	3740	4285	185	223	281389	321605	235227	269871	
309	8.07692e+006	8.11716e+006	1284	1488	513	597	50	63	219	260	106	129	48	61	275603	315055	3744	4289	184	221	281580	321819	235406	270068	
310	8.07672e+006	8.11697e+006	1278	1485	496	581	53	66	225	263	105	128	48	61	275794	315270	3746	4291	175	209	281762	322021	235576	270257	
311	8.0765e+006	8.11679e+006	1280	1491	491	581	51	64	218	258	105	130	49	63	275989	315482	3748	4294	181	219	281949	322233	235748	270448	
312	8.0763e+006	8.1166e+006	1283	1492	483	572	53	67	216	256	106	129	48	61	276179	315694	3751	4297	181	214	282136	322441	235917	270636	
313	8.07608e+006	8.11641e+006	1285	1494	484	576	51	65	214	253	106	130	49	63	276363	315896	3755	4301	181	217	282324	322652	236089	270828	
314	8.07587e+006	8.11622e+006	1290	1502	482	570	54	69	211	251	102	125	46	58	276552	316108	3758	4305	185	217	282516	322862	236259	271012	
315	8.07566e+006	8.11603e+006	1289	1494	487	578	55	71	205	245	103	126	46	58	276739	316317	3760	4307	183	215	282704	323072	236432	271208	
316	8.07545e+006	8.11584e+006	1294	1495	492	585	55	71	199	239	107	129	47	59	276925	316526	3762	4309	189	223	282899	323289	236607	271405	
317	8.07524e+006	8.11565e+006	1300	1501	486	584	55	70	201	239	104	125	45	58	277111	316730	3764	4312	182	214	283087	323497	236774	271590	
318	8.07503e+006	8.11546e+006	1305	1499	486	585	52	66	202	240	100	121	43	56	277301	316947	3767	4315	185	217	283279	323706	236947	271786	
319	8.07482e+006	8.11527e+006	1307	1501	487	579	50	63	208	247	101	122	43	57	277483	317150	3770	4318	184	216	283469	323916	237120	271980	
320	8.07462e+006	8.11509e+006	1303	1494	493	589	49	62	207	247	100	120	42	55	277665	317352	3772	4320	177	210	283651	324121	237293	272174	
321	8.07441e+006	8.1149e+006	1296	1494	498	587	49	62	210	250	98	119	42	55	277849	317559	3774	4323	180	216	283838	324330	237470	272368	
322	8.07419e+006	8.11471e+006	1299	1496	498	585	50	65	212	251	95	116	41	54	278035	317767	3776	4325	185	218	284029	324542	237643	272560	
323	8.07398e+006	8.11451e+006	1299	1496	504	590	52	66	215	257	92	112	39	52	278219	317972	3779	4329	189	223	284225	324759	237820	272759	
324	8.07376e+006	8.11431e+006	1308	1508	498	586	54	68	214	254	94	115	41	54	278409	318179	3781	4331	190	226	284422	324977	237992	272951	
325	8.07355e+006	8.11413e+006	1303	1505	500	586	54	69	214	252	92	114	39	53	278598	318389	3783	4333	181	214	284608	325186	238170	273143	
326	8.07335e+006	8.11395e+006	1296	1500	496	582	52	67	216	255	91	114	39	53	278789	318600	3787	4337	177	211	284791	325390	238346	273336	
327	8.07314e+006	8.11376e+006	1296	1500	492	580	50	67	215	255	95	118	41	55	278971	318801	3788	4339	176	210	284975	325592	238513	273523	
328	8.07294e+006	8.11358e+006	1292	1493	484	577	52	69	214	257	95	118	41	54	279161	319006	3792	4342	176	209	285159	325794	238683	273713	
329	8.07273e+006	8.11339e+006	1291	1496	483	574	56	72	220	258	95	116	41	54	279343	319212	3795	4346	184	221	285350	326007	238855	273907	
330	8.07253e+006	8.1132e+006	1278	1481	495	585	58	73	215	254	97	119	42	55	279527	319416	3797	4348	176	209	285532	326210	239036	274106	
331	8.07231e+006	8.11301e+006	1279	1482	507	598	56	71	211	250	99	122	43	55	279713	319625	3799	4350	191	227	285730	326431	239219	274308	
332	8.07209e+006	8.11282e+006	1281	1489	506	598	52	68	211	248	100	124	43	56	279901	319836	3800	4351	182	221	285920	326645	239392	274501	
333	8.07189e+006	8.11263e+006	1282	1489	493	586	53	66	215	252	101	126	45	58	280089	320043	3803	4354	178	210	286104	326848	239558	274688	
334	8.07168e+006	8.11244e+006	1291	1499	481	571	52	64	219	254	101	125	44	57	280281	320256	3805	4358	185	220	286297	327061	239728	274877	
335	8.07147e+006	8.11226e+006	1288	1503	477	567	51	64	213	249	104	128	45	58	280467	320465	3808	4361	173	212	286478	327265	239896	275063	
336	8.07126e+006	8.11207e+006	1284	1499	482	575	53	66	217	254	98	122	43	57	280648	320669	3810	4363	180	216	286665	327475	240070	275257	
337	8.07105e+006	8.11188e+006	1289	1509	483	572	53	67	222	257	97	120	42	57	280826	320866	3813	4366	182	219	286854	327686	240239	275444	
338	8.07084e+006	8.1117e+006	1274	1497	496	589	54	68	220	256	96	118	42	57	281010	321068	3815	4369	175	217	287039	327893	240420	275648	
339	8.07063e+006	8.11151e+006	1272	1496	497	594	51	66	216	252	97	118	43	58	281202	321284	3818	4372	181	219	287227	328105	240596	275845	
340	8.07042e+006	8.11132e+006	1271	1501	496	594	53	67	210	247	96	117	42	57	281387	321490	3820	4375	178	214	287412	328312	240766	276031	
341	8.07022e+006	8.11114e+006	1265	1495	491	586	53	67	214	253	94	114	41	56	281579	321705	3823	4378	179	214	287598	328519	240944	276227	
342	8.07001e+006	8.11095e+006	1270	1501	483	579	51	66	211	248	93	114	41	56	281770	321918	3827	4383	179	218	287785	328729	241112	276416	
343	8.06981e+006	8.11077e+006	1264	1493	487	586	50	65	209	245	95	115	41	55	281954	322120	3829	4385	174	210	287966	328931	241284	276609	
344	8.06959e+006	8.11057e+006	1269	1502	481	583	51	68	207	245	95	114	41	54	282146	322329	3833	4389	187	227	288162	329149	241457	276802	
345	8.06937e+006	8.11038e+006	1278	1511	484	587	50	67	206	245	95	114	44	57	282326	322530	3835	4392	183	226	288355	329366	241628	276995	
346	8.06917e+006	8.1102e+006	1276	1503	482	588	52	70	211	250	99	119	45	59	282501	322728	3837	4394	178	212	288541	329570	241798	277188	
347	8.06895e+006	8.11e+006	1281	1509	480	588	50	66	206	245	100	120	46	59	282692	322941	3840	4396	184	220	288732	329783	241971	277380	
348	8.06874e+006	8.10982e+006	1284	1513	481	582	53	69	209	251	100	120	47	59	282872	323142	3841	4398	182	218	288921	329994	242141	277570	
349	8.06854e+006	8.10963e+006	1286	1513	481	582	51	68	214	256	101	122	47	60	283050	323344	3844	4401	179	218	289111	330201	242313	277762	
350	8.06832e+006	8.10943e+006	1294	1527	480	576	51	66	216	258	100	122	47	60	283233	323546	3846	4402	183	223	289303	330415	242482	277951	
351	8.06811e+006	8.10925e+006	1287	1520	487	590	52	66	216	259	103	126	49	62	283413	323747	3848	4405	180	220	289490	330628	242662	278152	
352	8.0679e+006	8.10906e+006	1285	1512	491	596	53	67	214	257	104	127	48	62	283599	323955	3850	4407	181	219	289679	330839	242837	278351	
353	8.06768e+006	8.10886e+006	1293	1522	493	599	54	68	215	258	104	126	48	62	283778	324153	3853	4411	185	223	289873	331053	243009	278539	
354	8.06748e+006	8.10868e+006	1282	1516	488	592	54	70	222	265	104	126	47	62	283964	324360	3857	4414	173	214	290055	331258	243184	278735	
355	8.06727e+006	8.10849e+006	1280	1515	490	587	51	66	218	262	102	126	44	59	284159	324579	3859	4417	181	216	290243	331467	243360	278932	
356	8.06706e+006	8.10831e+006	1280	1514	491	591	53	67	217	262	102	128	45	61	284342	324779	3861	4419	180	217	290431	331676	243535	279123	
357	8.06685e+006	8.10811e+006	1283	1512	491	593	53	67	218	262	102	128	45	60	284530	324988	3864	4422	186	221	290625	331888	243711	279320	
358	8.06663e+006	8.10792e+006	1282	1514	486	593	54	70	221	263	105	132	45	61	284711	325195	3865	4423	179	222	290812	332103	243882	279513	
359	8.06642e+006	8.10773e+006	1286	1518	486	593	55	71	222	265	107	134	47	63	284894	325396	3868	4427	185	222	291006	332316	244054	279707	
360	8.06622e+006	8.10755e+006	1272	1508	492	595	53	68	214	256	112	137	49	65	285087	325611	3871	4430	173	212	291187	332520	244235	279907	
361	8.06601e+006	8.10737e+006	1276	1508	485	590	53	67	214	256	110	135	47	61	285274	325823	3873	4432	176	214	291370	332727	244401	280095	
362	8.0658e+006	8.10718e+006	1279	1509	486	590	52	65	208	251	110	132	48	61	285467	326040	3876	4435	183	218	291560	332938	244574	280288	
363	8.06559e+006	8.10699e+006	1276	1508	479	583	52	66	210	255	109	131	47	60	285656	326248	3879	4438	176	216	291744	333146	244747	280479	
364	8.06538e+006	8.1068e+006	1271	1507	491	589	51	68	206	251	108	130	47	61	285841	326456	3881	4440	181	219	291933	333358	244923	280671	
