Day	Susceptible	Exposed	Current Detected Mild Infections	Current Undetected Mild Infections	Current Hospitalizations	Current ICU patients	ventilators	Recovered	Deaths	new infections today	total number of infections 	Confirmed total number of infections 	
0	1.57623e+006	3	0	0	0	0	0	0	0	0	3	0	
1	1.57623e+006	9	0	0	0	0	0	0	0	6	9	0	
2	1.57622e+006	15	0	0	0	0	0	0	0	6	15	0	
3	1.57621e+006	25	0	0	0	0	0	0	0	10	25	0	
4	1.5762e+006	31	3	0	0	0	0	0	0	9	34	3	
5	1.57619e+006	37	7	2	0	0	0	0	0	12	46	7	
6	1.57618e+006	45	12	3	0	0	0	0	0	14	60	12	
7	1.57616e+006	53	20	6	0	0	0	0	0	18	78	20	
8	1.57614e+006	65	26	8	0	0	0	0	0	21	99	26	
9	1.57611e+006	77	35	11	0	0	0	0	0	25	124	35	
10	1.57608e+006	92	43	14	0	0	0	3	0	29	152	46	
11	1.57605e+006	110	52	17	1	0	0	8	0	36	188	60	
12	1.57601e+006	130	63	21	2	0	0	13	0	41	229	76	
13	1.57596e+006	155	73	25	4	0	0	21	0	50	279	94	
14	1.5759e+006	182	88	30	6	0	0	28	0	56	334	116	
15	1.57583e+006	216	107	35	8	0	0	38	0	70	404	143	
16	1.57576e+006	252	127	41	11	0	0	49	0	77	481	175	
17	1.57566e+006	294	152	49	13	1	1	64	0	92	573	213	
18	1.57556e+006	345	178	57	16	2	2	81	0	106	679	256	
19	1.57543e+006	403	214	67	20	3	3	101	0	128	807	310	
20	1.57529e+006	470	250	79	23	4	3	125	0	144	951	370	
21	1.57512e+006	548	292	93	28	4	3	156	0	170	1121	441	
22	1.57492e+006	643	340	110	34	5	4	190	0	201	1321	522	
23	1.57469e+006	744	398	131	41	6	4	232	0	230	1551	619	
24	1.57442e+006	870	465	152	48	8	5	279	0	269	1820	731	
25	1.5741e+006	1017	539	177	57	9	6	338	0	317	2137	862	
26	1.57373e+006	1181	631	209	66	11	7	404	0	365	2502	1016	
27	1.57331e+006	1373	734	244	77	12	7	483	1	421	2924	1194	
28	1.57281e+006	1604	856	286	91	14	7	572	2	501	3425	1400	
29	1.57224e+006	1858	998	333	107	15	8	682	2	570	3995	1645	
30	1.57158e+006	2155	1161	391	125	18	9	804	3	662	4657	1924	
31	1.5708e+006	2510	1348	456	146	21	10	951	3	776	5434	2246	
32	1.56991e+006	2906	1570	533	170	24	12	1123	4	897	6330	2628	
33	1.56887e+006	3370	1826	618	198	30	14	1319	4	1035	7365	3067	
34	1.56766e+006	3920	2119	718	229	35	16	1552	4	1213	8578	3572	
35	1.56625e+006	4550	2461	835	266	41	19	1826	5	1406	9984	4167	
36	1.56463e+006	5279	2859	969	310	48	22	2139	5	1625	11609	4855	
37	1.56273e+006	6143	3322	1120	360	58	27	2500	6	1899	13508	5653	
38	1.56054e+006	7121	3859	1294	423	67	31	2929	6	2192	15699	6589	
39	1.55799e+006	8258	4483	1506	489	79	36	3420	7	2543	18242	7670	
40	1.55505e+006	9574	5212	1739	570	91	42	3988	8	2941	21183	8925	
41	1.55166e+006	11073	6055	2019	665	108	49	4652	9	3397	24580	10388	
42	1.5477e+006	12840	7140	2229	774	125	57	5422	10	3959	28539	12189	
43	1.54314e+006	14854	8394	2483	895	145	67	6313	12	4557	33096	14273	
44	1.53788e+006	17177	9832	2773	1036	168	78	7361	13	5264	38360	16683	
45	1.53182e+006	19838	11501	3096	1204	195	90	8569	16	6058	44419	19475	
46	1.5248e+006	22892	13445	3486	1396	227	105	9968	18	7013	51432	22723	
47	1.51673e+006	26407	15671	3918	1617	263	123	11606	21	8071	59503	26467	
48	1.50744e+006	30437	18135	4526	1880	307	145	13488	24	9294	68797	30775	
49	1.49677e+006	35045	20955	5221	2189	352	167	15673	28	10667	79464	35728	
50	1.48456e+006	40243	24211	6038	2528	408	192	18215	33	12211	91675	41449	
51	1.47063e+006	46108	27947	6976	2926	472	222	21145	38	13936	105611	48039	
52	1.4547e+006	52735	32214	8044	3389	548	256	24559	44	15921	121532	55629	
53	1.43664e+006	60131	37095	9272	3926	636	296	28484	50	18063	139595	64342	
54	1.41621e+006	68348	42632	10683	4539	739	343	33024	58	20428	160023	74309	
55	1.39302e+006	77605	48938	12255	5227	860	400	38264	68	23192	183216	85707	
56	1.36705e+006	87659	56074	14026	6054	995	462	44305	79	25975	209191	98727	
57	1.33808e+006	98558	64070	16022	6983	1152	533	51277	92	28962	238153	113499	
58	1.30575e+006	110468	72977	18249	8049	1333	616	59308	107	32338	270491	130210	
59	1.27004e+006	122986	82988	20764	9270	1554	714	68518	122	35710	306201	149174	
60	1.23087e+006	136175	94012	23504	10649	1797	824	79088	142	39164	345366	170449	
61	1.18821e+006	149874	106041	26502	12227	2075	953	91146	164	42661	388027	194190	
62	1.14216e+006	163580	119178	29781	13997	2400	1103	104947	189	46044	434072	220704	
63	1.09293e+006	177109	133308	33298	15984	2773	1273	120620	218	49238	483310	249999	
64	1.04086e+006	190015	148288	37055	18203	3201	1469	138368	252	52071	535381	282142	
65	986298	201910	163882	40929	20707	3684	1692	158531	293	54556	589938	317206	
66	929848	212317	179977	44903	23454	4243	1949	181153	341	56451	646388	355113	
67	872158	220768	201109	44048	26447	4869	2238	206442	395	57690	704078	400586	
68	813880	226975	222082	42808	29735	5589	2565	234711	457	58278	762356	448732	
69	755885	230413	242617	41119	33292	6392	2936	265986	532	57994	820351	499288	
70	698852	230996	262092	38930	37039	7307	3359	300405	615	57034	877384	551643	
71	643690	228467	279890	36162	40911	8333	3832	338074	709	55161	932546	605284	
72	590947	222932	295441	32844	44927	9470	4358	378854	821	52743	985289	659545	
73	541274	214611	303316	33725	48990	10723	4934	422649	947	49673	1.03496e+006	712738	
74	495035	203816	307782	34221	52924	12103	5566	469261	1094	46239	1.0812e+006	765107	
75	452641	191049	308298	34310	56708	13615	6262	518352	1263	42395	1.1236e+006	815839	
76	414218	176729	304988	33913	60160	15230	7008	569545	1454	38423	1.16202e+006	864455	
77	379739	161535	297765	33118	63200	16955	7793	622252	1672	34479	1.1965e+006	910321	
78	349117	145918	286957	31888	65654	18775	8637	676001	1926	30622	1.22712e+006	953101	
79	322197	130444	272927	30317	67376	20646	9497	730115	2213	26920	1.25404e+006	992409	
80	298734	115484	256174	28459	68361	22545	10373	783940	2539	23463	1.2775e+006	1.02809e+006	
81	278441	101298	237570	26381	68468	24440	11242	836737	2902	20293	1.2978e+006	1.06021e+006	
82	260992	88125	217626	24203	67736	26266	12073	887979	3308	17449	1.31524e+006	1.0888e+006	
83	246060	76137	197136	21941	66136	27990	12868	937072	3765	14932	1.33018e+006	1.114e+006	
84	233367	65367	176640	19661	63749	29569	13593	983610	4273	12693	1.34287e+006	1.13605e+006	
85	222604	55837	156739	17460	60671	30884	14194	1.0272e+006	4839	10763	1.35363e+006	1.15516e+006	
86	213519	47474	137884	15342	56945	31948	14685	1.06767e+006	5457	9085	1.36272e+006	1.17163e+006	
87	205890	40170	120302	13377	52809	32727	15055	1.10483e+006	6128	7629	1.37035e+006	1.18577e+006	
88	199492	33875	104187	11563	48375	33123	15229	1.13876e+006	6860	6398	1.37674e+006	1.1978e+006	
89	194134	28470	89658	9935	43809	33153	15240	1.16945e+006	7630	5358	1.3821e+006	1.20803e+006	
90	189647	23872	76714	8501	39225	32803	15069	1.19703e+006	8448	4487	1.38659e+006	1.21667e+006	
91	185903	19987	65320	7231	34795	32069	14736	1.22162e+006	9314	3744	1.39033e+006	1.22394e+006	
92	182807	16685	55372	6128	30613	30990	14241	1.24343e+006	10208	3096	1.39343e+006	1.23005e+006	
93	180211	13923	46746	5180	26702	29601	13595	1.26276e+006	11115	2596	1.39603e+006	1.23517e+006	
94	178063	11584	39351	4370	23145	27917	12827	1.27977e+006	12042	2148	1.39817e+006	1.23946e+006	
95	176263	9640	33030	3671	19902	26073	11975	1.2947e+006	12957	1800	1.39997e+006	1.24304e+006	
96	174778	8029	27639	3072	17037	24071	11053	1.30776e+006	13853	1485	1.40146e+006	1.24602e+006	
97	173555	6655	23108	2572	14508	21952	10076	1.31916e+006	14722	1222	1.40268e+006	1.24851e+006	
98	172529	5533	19283	2146	12316	19825	9098	1.32905e+006	15558	1026	1.40371e+006	1.25057e+006	
99	171690	4573	16081	1790	10379	17744	8146	1.33764e+006	16343	840	1.40455e+006	1.2523e+006	
100	170986	3792	13387	1482	8722	15732	7226	1.34506e+006	17070	704	1.40525e+006	1.25373e+006	
101	170396	3159	11117	1231	7324	13828	6347	1.35145e+006	17732	590	1.40584e+006	1.2549e+006	
102	169921	2609	9251	1026	6125	12072	5548	1.3569e+006	18331	475	1.40632e+006	1.25589e+006	
103	169523	2167	7671	851	5123	10450	4808	1.36158e+006	18874	398	1.40671e+006	1.2567e+006	
104	169193	1793	6370	707	4267	9003	4142	1.36555e+006	19351	330	1.40704e+006	1.25738e+006	
105	168917	1479	5282	584	3569	7700	3548	1.36893e+006	19779	276	1.40732e+006	1.25795e+006	
106	168688	1233	4374	483	2972	6554	3021	1.37178e+006	20148	229	1.40755e+006	1.25841e+006	
107	168502	1021	3634	399	2472	5558	2558	1.37419e+006	20465	186	1.40773e+006	1.25879e+006	
108	168349	844	3009	328	2053	4697	2168	1.37622e+006	20738	153	1.40789e+006	1.25911e+006	
109	168220	697	2501	272	1703	3950	1823	1.37791e+006	20980	129	1.40802e+006	1.25938e+006	
110	168113	575	2074	225	1413	3308	1530	1.37935e+006	21181	107	1.40812e+006	1.2596e+006	
111	168023	479	1709	185	1169	2769	1280	1.38055e+006	21352	90	1.40821e+006	1.25978e+006	
112	167951	397	1418	154	969	2307	1064	1.38154e+006	21495	72	1.40829e+006	1.25993e+006	
113	167892	329	1174	129	802	1926	891	1.38237e+006	21614	60	1.40834e+006	1.26005e+006	
114	167841	272	972	107	666	1599	740	1.38306e+006	21717	51	1.4084e+006	1.26015e+006	
115	167800	223	806	88	554	1333	618	1.38363e+006	21802	41	1.40844e+006	1.26024e+006	
116	167763	188	663	73	462	1108	511	1.38411e+006	21872	36	1.40847e+006	1.26031e+006	
117	167734	158	551	59	381	924	426	1.3845e+006	21930	30	1.4085e+006	1.26037e+006	
118	167709	132	459	49	315	767	353	1.38483e+006	21980	25	1.40853e+006	1.26042e+006	
119	167689	111	381	39	263	635	292	1.3851e+006	22022	20	1.40855e+006	1.26046e+006	
120	167672	91	316	33	219	531	242	1.38532e+006	22054	17	1.40856e+006	1.26049e+006	
121	167659	75	261	28	179	442	202	1.38551e+006	22082	13	1.40858e+006	1.26052e+006	
122	167647	61	219	23	147	368	167	1.38567e+006	22106	12	1.40859e+006	1.26054e+006	
123	167638	51	182	21	121	307	138	1.38579e+006	22126	9	1.4086e+006	1.26056e+006	
124	167630	42	151	18	101	256	115	1.3859e+006	22141	8	1.40861e+006	1.26058e+006	
125	167624	35	125	15	84	213	95	1.38598e+006	22155	7	1.40861e+006	1.26059e+006	
126	167618	29	104	12	70	178	80	1.38606e+006	22166	5	1.40862e+006	1.2606e+006	
127	167614	24	85	10	58	148	67	1.38612e+006	22175	4	1.40862e+006	1.26061e+006	
128	167610	20	70	8	49	124	56	1.38617e+006	22183	4	1.40863e+006	1.26062e+006	
129	167607	17	59	7	41	103	46	1.38621e+006	22189	3	1.40863e+006	1.26062e+006	
130	167604	14	49	5	35	86	39	1.38625e+006	22194	3	1.40863e+006	1.26063e+006	
131	167601	13	41	4	28	71	32	1.38628e+006	22199	3	1.40864e+006	1.26063e+006	
132	167599	11	33	4	24	59	27	1.3863e+006	22203	2	1.40864e+006	1.26064e+006	
133	167597	10	29	3	20	48	22	1.38632e+006	22206	2	1.40864e+006	1.26064e+006	
134	167595	9	24	2	17	40	18	1.38634e+006	22209	1	1.40864e+006	1.26064e+006	
135	167594	7	20	2	14	33	15	1.38635e+006	22211	1	1.40864e+006	1.26065e+006	
136	167593	6	17	2	12	27	12	1.38637e+006	22213	1	1.40864e+006	1.26065e+006	
137	167592	5	15	2	10	23	10	1.38638e+006	22214	1	1.40864e+006	1.26065e+006	
138	167591	5	14	1	9	19	8	1.38638e+006	22215	1	1.40865e+006	1.26065e+006	
139	167590	5	11	1	7	16	7	1.38639e+006	22216	1	1.40865e+006	1.26065e+006	
140	167589	4	10	1	6	14	6	1.3864e+006	22217	1	1.40865e+006	1.26065e+006	
141	167588	4	8	1	5	11	5	1.3864e+006	22218	1	1.40865e+006	1.26065e+006	
142	167587	4	7	1	5	9	4	1.38641e+006	22218	1	1.40865e+006	1.26066e+006	
143	167587	3	6	1	4	8	3	1.38641e+006	22219	1	1.40865e+006	1.26066e+006	
144	167586	3	6	1	3	6	3	1.38641e+006	22220	1	1.40865e+006	1.26066e+006	
145	167585	2	6	1	3	5	2	1.38641e+006	22220	1	1.40865e+006	1.26066e+006	
146	167585	2	5	1	2	4	2	1.38642e+006	22220	0	1.40865e+006	1.26066e+006	
147	167584	2	5	1	2	4	2	1.38642e+006	22220	1	1.40865e+006	1.26066e+006	
148	167584	2	4	0	1	3	1	1.38642e+006	22221	1	1.40865e+006	1.26066e+006	
149	167583	2	4	0	1	2	1	1.38642e+006	22221	1	1.40865e+006	1.26066e+006	
150	167582	2	3	0	1	2	1	1.38642e+006	22221	1	1.40865e+006	1.26066e+006	
151	167582	2	3	0	1	2	1	1.38642e+006	22221	0	1.40865e+006	1.26066e+006	
152	167582	2	3	0	1	2	1	1.38643e+006	22221	0	1.40865e+006	1.26066e+006	
153	167581	2	3	0	1	1	1	1.38643e+006	22221	1	1.40866e+006	1.26066e+006	
154	167580	2	3	0	1	1	1	1.38643e+006	22221	1	1.40866e+006	1.26066e+006	
155	167580	2	3	0	1	1	1	1.38643e+006	22221	0	1.40866e+006	1.26066e+006	
156	167580	2	3	0	1	1	1	1.38643e+006	22221	0	1.40866e+006	1.26066e+006	
157	167579	2	3	0	1	1	0	1.38643e+006	22221	0	1.40866e+006	1.26067e+006	
158	167579	2	3	0	1	1	0	1.38643e+006	22221	1	1.40866e+006	1.26067e+006	
159	167578	2	3	0	1	1	0	1.38643e+006	22221	1	1.40866e+006	1.26067e+006	
160	167578	2	3	0	1	1	0	1.38643e+006	22221	0	1.40866e+006	1.26067e+006	
161	167577	2	3	0	1	1	0	1.38643e+006	22221	0	1.40866e+006	1.26067e+006	
162	167577	2	3	0	1	1	0	1.38643e+006	22222	0	1.40866e+006	1.26067e+006	
163	167577	2	3	0	1	1	0	1.38643e+006	22222	0	1.40866e+006	1.26067e+006	
164	167576	2	2	0	1	0	0	1.38643e+006	22222	1	1.40866e+006	1.26067e+006	
165	167576	2	3	0	0	0	0	1.38643e+006	22222	0	1.40866e+006	1.26067e+006	
166	167575	2	2	0	1	0	0	1.38643e+006	22222	1	1.40866e+006	1.26067e+006	
167	167575	2	2	0	1	0	0	1.38643e+006	22222	1	1.40866e+006	1.26067e+006	
168	167574	2	2	0	1	0	0	1.38644e+006	22222	0	1.40866e+006	1.26067e+006	
169	167574	2	2	0	1	0	0	1.38644e+006	22222	0	1.40866e+006	1.26067e+006	
170	167573	2	2	0	1	0	0	1.38644e+006	22222	0	1.40866e+006	1.26067e+006	
171	167573	2	2	0	1	0	0	1.38644e+006	22222	1	1.40866e+006	1.26067e+006	
172	167572	2	2	0	1	0	0	1.38644e+006	22222	0	1.40866e+006	1.26067e+006	
173	167572	2	2	0	1	0	0	1.38644e+006	22222	0	1.40866e+006	1.26067e+006	
174	167572	2	2	0	0	0	0	1.38644e+006	22222	0	1.40866e+006	1.26067e+006	
175	167571	1	2	0	0	0	0	1.38644e+006	22222	0	1.40867e+006	1.26067e+006	
176	167571	1	2	0	0	0	0	1.38644e+006	22222	0	1.40867e+006	1.26067e+006	
177	167571	1	2	0	1	0	0	1.38644e+006	22222	0	1.40867e+006	1.26067e+006	
178	167570	1	2	0	0	0	0	1.38644e+006	22222	0	1.40867e+006	1.26067e+006	
179	167570	1	2	0	0	0	0	1.38644e+006	22222	0	1.40867e+006	1.26067e+006	
180	167570	2	2	0	0	0	0	1.38644e+006	22222	0	1.40867e+006	1.26067e+006	
181	167569	1	2	0	0	0	0	1.38644e+006	22222	0	1.40867e+006	1.26067e+006	
182	167569	2	2	0	0	0	0	1.38644e+006	22222	1	1.40867e+006	1.26067e+006	
183	167568	2	2	0	0	0	0	1.38644e+006	22222	0	1.40867e+006	1.26068e+006	
184	167568	2	2	0	0	0	0	1.38644e+006	22222	0	1.40867e+006	1.26068e+006	
185	167568	2	2	0	0	0	0	1.38644e+006	22222	0	1.40867e+006	1.26068e+006	
186	167567	2	2	0	0	0	0	1.38644e+006	22222	0	1.40867e+006	1.26068e+006	
187	167566	2	2	0	0	0	0	1.38644e+006	22222	1	1.40867e+006	1.26068e+006	
188	167566	2	2	0	0	0	0	1.38644e+006	22222	1	1.40867e+006	1.26068e+006	
189	167566	2	2	0	0	0	0	1.38644e+006	22222	0	1.40867e+006	1.26068e+006	
190	167565	2	2	0	0	0	0	1.38644e+006	22222	0	1.40867e+006	1.26068e+006	
191	167565	2	3	0	0	0	0	1.38644e+006	22222	0	1.40867e+006	1.26068e+006	
192	167564	2	3	0	0	0	0	1.38645e+006	22222	1	1.40867e+006	1.26068e+006	
193	167564	2	3	0	0	0	0	1.38645e+006	22222	1	1.40867e+006	1.26068e+006	
194	167563	2	3	0	0	0	0	1.38645e+006	22222	0	1.40867e+006	1.26068e+006	
195	167563	2	3	0	0	0	0	1.38645e+006	22222	0	1.40867e+006	1.26068e+006	
196	167562	2	3	0	0	0	0	1.38645e+006	22222	0	1.40867e+006	1.26068e+006	
197	167562	2	3	0	1	0	0	1.38645e+006	22222	1	1.40867e+006	1.26068e+006	
198	167561	2	3	0	1	0	0	1.38645e+006	22222	0	1.40868e+006	1.26068e+006	
199	167561	2	3	0	1	0	0	1.38645e+006	22222	0	1.40868e+006	1.26068e+006	
200	167561	2	2	0	1	0	0	1.38645e+006	22222	1	1.40868e+006	1.26068e+006	
201	167560	2	3	0	1	0	0	1.38645e+006	22222	0	1.40868e+006	1.26068e+006	
202	167559	2	3	0	1	0	0	1.38645e+006	22222	1	1.40868e+006	1.26068e+006	
203	167559	2	2	0	1	0	0	1.38645e+006	22222	1	1.40868e+006	1.26068e+006	
204	167558	2	2	0	1	0	0	1.38645e+006	22222	0	1.40868e+006	1.26068e+006	
205	167558	2	2	0	1	0	0	1.38645e+006	22222	0	1.40868e+006	1.26068e+006	
206	167558	2	3	0	1	0	0	1.38645e+006	22222	1	1.40868e+006	1.26068e+006	
207	167557	2	3	0	1	0	0	1.38645e+006	22222	0	1.40868e+006	1.26069e+006	
208	167557	2	3	0	0	0	0	1.38645e+006	22222	0	1.40868e+006	1.26069e+006	
209	167556	2	2	0	0	0	0	1.38645e+006	22222	1	1.40868e+006	1.26069e+006	
210	167556	2	3	0	0	0	0	1.38645e+006	22222	0	1.40868e+006	1.26069e+006	
211	167555	2	2	0	0	0	0	1.38645e+006	22222	0	1.40868e+006	1.26069e+006	
212	167555	2	2	0	1	0	0	1.38645e+006	22222	0	1.40868e+006	1.26069e+006	
213	167554	2	2	0	1	0	0	1.38645e+006	22222	1	1.40868e+006	1.26069e+006	
214	167554	2	2	0	1	0	0	1.38646e+006	22222	0	1.40868e+006	1.26069e+006	
215	167554	2	2	0	1	0	0	1.38646e+006	22222	1	1.40868e+006	1.26069e+006	
216	167553	2	2	0	1	0	0	1.38646e+006	22222	1	1.40868e+006	1.26069e+006	
217	167553	2	2	0	1	0	0	1.38646e+006	22222	0	1.40868e+006	1.26069e+006	
218	167552	2	2	0	1	0	0	1.38646e+006	22222	0	1.40868e+006	1.26069e+006	
219	167552	2	2	0	1	0	0	1.38646e+006	22222	0	1.40868e+006	1.26069e+006	
220	167552	1	2	0	1	0	0	1.38646e+006	22222	0	1.40868e+006	1.26069e+006	
221	167552	1	2	0	1	0	0	1.38646e+006	22222	0	1.40869e+006	1.26069e+006	
222	167551	2	2	0	1	0	0	1.38646e+006	22222	1	1.40869e+006	1.26069e+006	
223	167550	2	2	0	1	0	0	1.38646e+006	22222	1	1.40869e+006	1.26069e+006	
224	167550	2	2	0	1	0	0	1.38646e+006	22222	0	1.40869e+006	1.26069e+006	
225	167550	2	2	0	1	0	0	1.38646e+006	22222	0	1.40869e+006	1.26069e+006	
226	167549	2	2	0	1	0	0	1.38646e+006	22222	1	1.40869e+006	1.26069e+006	
227	167549	2	2	0	1	0	0	1.38646e+006	22222	0	1.40869e+006	1.26069e+006	
228	167548	2	2	0	1	0	0	1.38646e+006	22222	0	1.40869e+006	1.26069e+006	
229	167548	2	2	0	1	0	0	1.38646e+006	22222	1	1.40869e+006	1.26069e+006	
230	167547	2	2	0	1	0	0	1.38646e+006	22222	1	1.40869e+006	1.26069e+006	
231	167547	2	2	0	0	0	0	1.38646e+006	22222	1	1.40869e+006	1.26069e+006	
232	167546	2	2	0	0	0	0	1.38646e+006	22222	0	1.40869e+006	1.26069e+006	
233	167546	2	2	0	1	0	0	1.38646e+006	22222	0	1.40869e+006	1.2607e+006	
234	167546	2	2	0	1	0	0	1.38646e+006	22222	0	1.40869e+006	1.2607e+006	
235	167545	1	3	0	1	0	0	1.38646e+006	22222	0	1.40869e+006	1.2607e+006	
236	167545	1	2	0	1	0	0	1.38646e+006	22222	0	1.40869e+006	1.2607e+006	
237	167545	1	2	0	1	0	0	1.38646e+006	22222	0	1.40869e+006	1.2607e+006	
238	167544	2	2	0	1	0	0	1.38647e+006	22222	0	1.40869e+006	1.2607e+006	
239	167544	2	2	0	0	0	0	1.38647e+006	22222	0	1.40869e+006	1.2607e+006	
240	167543	2	2	0	0	0	0	1.38647e+006	22222	1	1.40869e+006	1.2607e+006	
241	167543	2	2	0	0	0	0	1.38647e+006	22222	0	1.40869e+006	1.2607e+006	
242	167543	2	2	0	0	0	0	1.38647e+006	22222	0	1.40869e+006	1.2607e+006	
243	167542	2	2	0	0	0	0	1.38647e+006	22222	1	1.40869e+006	1.2607e+006	
244	167542	2	2	0	0	0	0	1.38647e+006	22222	0	1.40869e+006	1.2607e+006	
245	167541	2	2	0	1	0	0	1.38647e+006	22222	0	1.4087e+006	1.2607e+006	
246	167541	2	2	0	0	0	0	1.38647e+006	22222	0	1.4087e+006	1.2607e+006	
247	167540	2	2	0	0	0	0	1.38647e+006	22222	1	1.4087e+006	1.2607e+006	
248	167540	2	2	0	0	0	0	1.38647e+006	22222	1	1.4087e+006	1.2607e+006	
249	167539	2	2	0	0	0	0	1.38647e+006	22222	0	1.4087e+006	1.2607e+006	
250	167539	2	2	0	1	0	0	1.38647e+006	22222	0	1.4087e+006	1.2607e+006	
251	167538	2	2	0	1	0	0	1.38647e+006	22222	0	1.4087e+006	1.2607e+006	
252	167538	2	3	0	1	0	0	1.38647e+006	22222	0	1.4087e+006	1.2607e+006	
253	167538	2	2	0	1	0	0	1.38647e+006	22222	0	1.4087e+006	1.2607e+006	
254	167537	2	2	0	1	0	0	1.38647e+006	22222	0	1.4087e+006	1.2607e+006	
255	167537	2	3	0	1	0	0	1.38647e+006	22222	0	1.4087e+006	1.2607e+006	
256	167536	2	3	0	1	0	0	1.38647e+006	22222	1	1.4087e+006	1.2607e+006	
257	167536	2	2	0	1	0	0	1.38647e+006	22222	0	1.4087e+006	1.2607e+006	
258	167535	2	2	0	1	0	0	1.38647e+006	22222	1	1.4087e+006	1.26071e+006	
259	167535	2	2	0	0	0	0	1.38647e+006	22222	0	1.4087e+006	1.26071e+006	
260	167534	2	2	0	1	0	0	1.38647e+006	22222	1	1.4087e+006	1.26071e+006	
261	167534	2	2	0	1	0	0	1.38647e+006	22222	0	1.4087e+006	1.26071e+006	
262	167533	2	3	0	1	0	0	1.38648e+006	22222	0	1.4087e+006	1.26071e+006	
263	167533	2	3	0	1	0	0	1.38648e+006	22222	0	1.4087e+006	1.26071e+006	
264	167533	2	3	0	1	0	0	1.38648e+006	22222	0	1.4087e+006	1.26071e+006	
265	167532	2	3	0	1	0	0	1.38648e+006	22222	1	1.4087e+006	1.26071e+006	
266	167531	2	2	0	1	0	0	1.38648e+006	22222	1	1.40871e+006	1.26071e+006	
267	167531	2	2	0	1	0	0	1.38648e+006	22222	0	1.40871e+006	1.26071e+006	
268	167531	2	2	0	1	0	0	1.38648e+006	22222	0	1.40871e+006	1.26071e+006	
269	167530	2	2	0	0	0	0	1.38648e+006	22222	0	1.40871e+006	1.26071e+006	
270	167530	1	2	0	0	0	0	1.38648e+006	22222	0	1.40871e+006	1.26071e+006	
271	167530	2	2	0	0	0	0	1.38648e+006	22222	0	1.40871e+006	1.26071e+006	
272	167529	2	2	0	0	0	0	1.38648e+006	22222	0	1.40871e+006	1.26071e+006	
273	167529	2	2	0	0	0	0	1.38648e+006	22222	0	1.40871e+006	1.26071e+006	
274	167528	2	2	0	0	0	0	1.38648e+006	22222	0	1.40871e+006	1.26071e+006	
275	167528	2	2	0	0	0	0	1.38648e+006	22222	0	1.40871e+006	1.26071e+006	
276	167528	1	2	0	0	0	0	1.38648e+006	22222	0	1.40871e+006	1.26071e+006	
277	167528	1	2	0	0	0	0	1.38648e+006	22222	0	1.40871e+006	1.26071e+006	
278	167527	1	2	0	0	0	0	1.38648e+006	22222	0	1.40871e+006	1.26071e+006	
279	167527	1	2	0	1	0	0	1.38648e+006	22222	0	1.40871e+006	1.26071e+006	
280	167527	1	2	0	1	0	0	1.38648e+006	22222	0	1.40871e+006	1.26071e+006	
281	167526	1	2	0	1	0	0	1.38648e+006	22222	0	1.40871e+006	1.26071e+006	
282	167526	2	2	0	1	0	0	1.38648e+006	22222	0	1.40871e+006	1.26071e+006	
283	167525	2	2	0	1	0	0	1.38648e+006	22222	0	1.40871e+006	1.26071e+006	
284	167525	2	2	0	1	0	0	1.38648e+006	22222	0	1.40871e+006	1.26071e+006	
285	167524	2	2	0	1	0	0	1.38649e+006	22222	0	1.40871e+006	1.26072e+006	
286	167524	2	2	0	1	0	0	1.38649e+006	22222	0	1.40871e+006	1.26072e+006	
287	167524	2	2	0	1	0	0	1.38649e+006	22222	1	1.40871e+006	1.26072e+006	
288	167523	1	2	0	1	0	0	1.38649e+006	22222	0	1.40871e+006	1.26072e+006	
289	167523	1	2	0	0	0	0	1.38649e+006	22222	0	1.40871e+006	1.26072e+006	
290	167523	2	2	0	0	0	0	1.38649e+006	22222	0	1.40871e+006	1.26072e+006	
291	167522	1	2	0	0	0	0	1.38649e+006	22222	0	1.40871e+006	1.26072e+006	
292	167522	2	2	0	0	0	0	1.38649e+006	22222	1	1.40871e+006	1.26072e+006	
293	167521	2	2	0	0	0	0	1.38649e+006	22222	0	1.40872e+006	1.26072e+006	
294	167521	2	2	0	0	0	0	1.38649e+006	22222	0	1.40872e+006	1.26072e+006	
295	167521	2	2	0	0	0	0	1.38649e+006	22222	0	1.40872e+006	1.26072e+006	
296	167520	2	2	0	0	0	0	1.38649e+006	22222	1	1.40872e+006	1.26072e+006	
297	167520	2	2	0	1	0	0	1.38649e+006	22222	0	1.40872e+006	1.26072e+006	
298	167519	2	2	0	0	0	0	1.38649e+006	22222	0	1.40872e+006	1.26072e+006	
299	167519	2	2	0	1	0	0	1.38649e+006	22222	1	1.40872e+006	1.26072e+006	
300	167518	2	2	0	1	0	0	1.38649e+006	22222	0	1.40872e+006	1.26072e+006	
301	167518	2	2	0	1	0	0	1.38649e+006	22222	0	1.40872e+006	1.26072e+006	
302	167518	2	2	0	1	0	0	1.38649e+006	22222	0	1.40872e+006	1.26072e+006	
303	167517	2	2	0	0	0	0	1.38649e+006	22222	1	1.40872e+006	1.26072e+006	
304	167517	2	2	0	1	0	0	1.38649e+006	22222	0	1.40872e+006	1.26072e+006	
305	167516	2	2	0	0	0	0	1.38649e+006	22222	0	1.40872e+006	1.26072e+006	
306	167516	2	2	0	0	0	0	1.38649e+006	22222	1	1.40872e+006	1.26072e+006	
307	167515	2	2	0	0	0	0	1.38649e+006	22222	0	1.40872e+006	1.26072e+006	
308	167515	1	2	0	0	0	0	1.38649e+006	22222	0	1.40872e+006	1.26072e+006	
309	167515	2	2	0	0	0	0	1.38649e+006	22222	1	1.40872e+006	1.26072e+006	
310	167514	2	2	0	0	0	0	1.3865e+006	22222	0	1.40872e+006	1.26072e+006	
311	167514	2	2	0	0	0	0	1.3865e+006	22222	0	1.40872e+006	1.26073e+006	
312	167513	2	2	0	0	0	0	1.3865e+006	22222	0	1.40872e+006	1.26073e+006	
313	167513	2	2	0	0	0	0	1.3865e+006	22222	0	1.40872e+006	1.26073e+006	
314	167512	2	2	0	0	0	0	1.3865e+006	22222	0	1.40872e+006	1.26073e+006	
315	167512	2	2	0	0	0	0	1.3865e+006	22222	0	1.40872e+006	1.26073e+006	
316	167512	2	2	0	0	0	0	1.3865e+006	22222	0	1.40872e+006	1.26073e+006	
317	167511	2	2	0	0	0	0	1.3865e+006	22222	0	1.40873e+006	1.26073e+006	
318	167511	2	2	0	0	0	0	1.3865e+006	22222	0	1.40873e+006	1.26073e+006	
319	167510	2	2	0	0	0	0	1.3865e+006	22222	0	1.40873e+006	1.26073e+006	
320	167510	2	2	0	0	0	0	1.3865e+006	22222	0	1.40873e+006	1.26073e+006	
321	167509	2	2	0	0	0	0	1.3865e+006	22222	0	1.40873e+006	1.26073e+006	
322	167509	2	2	0	0	0	0	1.3865e+006	22222	0	1.40873e+006	1.26073e+006	
323	167509	2	2	0	0	0	0	1.3865e+006	22222	1	1.40873e+006	1.26073e+006	
324	167508	2	2	0	0	0	0	1.3865e+006	22222	1	1.40873e+006	1.26073e+006	
325	167507	2	2	0	0	0	0	1.3865e+006	22222	0	1.40873e+006	1.26073e+006	
326	167507	2	2	0	0	0	0	1.3865e+006	22222	0	1.40873e+006	1.26073e+006	
327	167507	2	2	0	1	0	0	1.3865e+006	22222	1	1.40873e+006	1.26073e+006	
328	167506	2	3	0	1	0	0	1.3865e+006	22222	0	1.40873e+006	1.26073e+006	
329	167506	2	3	0	1	0	0	1.3865e+006	22222	0	1.40873e+006	1.26073e+006	
330	167505	2	2	0	0	0	0	1.3865e+006	22222	1	1.40873e+006	1.26073e+006	
331	167505	2	3	0	0	0	0	1.3865e+006	22222	0	1.40873e+006	1.26073e+006	
332	167505	2	2	0	0	0	0	1.3865e+006	22222	1	1.40873e+006	1.26073e+006	
333	167504	2	2	0	0	0	0	1.3865e+006	22222	1	1.40873e+006	1.26073e+006	
334	167504	2	2	0	0	0	0	1.38651e+006	22222	0	1.40873e+006	1.26073e+006	
335	167503	2	2	0	0	0	0	1.38651e+006	22222	1	1.40873e+006	1.26073e+006	
336	167502	2	2	0	0	0	0	1.38651e+006	22222	0	1.40873e+006	1.26074e+006	
337	167502	2	2	0	0	0	0	1.38651e+006	22222	0	1.40873e+006	1.26074e+006	
338	167502	2	3	0	0	0	0	1.38651e+006	22222	0	1.40873e+006	1.26074e+006	
339	167501	1	3	0	0	0	0	1.38651e+006	22222	0	1.40874e+006	1.26074e+006	
340	167501	1	3	0	0	0	0	1.38651e+006	22222	0	1.40874e+006	1.26074e+006	
341	167500	2	3	0	0	0	0	1.38651e+006	22222	1	1.40874e+006	1.26074e+006	
342	167500	2	2	0	1	0	0	1.38651e+006	22222	0	1.40874e+006	1.26074e+006	
343	167500	2	2	0	1	0	0	1.38651e+006	22223	0	1.40874e+006	1.26074e+006	
344	167499	2	2	0	1	0	0	1.38651e+006	22223	0	1.40874e+006	1.26074e+006	
345	167499	2	2	0	1	0	0	1.38651e+006	22223	0	1.40874e+006	1.26074e+006	
346	167499	2	2	0	1	0	0	1.38651e+006	22223	0	1.40874e+006	1.26074e+006	
347	167498	2	2	0	1	0	0	1.38651e+006	22223	0	1.40874e+006	1.26074e+006	
348	167498	2	2	0	1	0	0	1.38651e+006	22223	0	1.40874e+006	1.26074e+006	
349	167497	2	2	0	1	0	0	1.38651e+006	22223	0	1.40874e+006	1.26074e+006	
350	167497	2	2	0	1	0	0	1.38651e+006	22223	0	1.40874e+006	1.26074e+006	
351	167497	2	2	0	0	0	0	1.38651e+006	22223	0	1.40874e+006	1.26074e+006	
352	167496	2	2	0	0	0	0	1.38651e+006	22223	0	1.40874e+006	1.26074e+006	
353	167496	2	2	0	0	0	0	1.38651e+006	22223	0	1.40874e+006	1.26074e+006	
354	167495	2	2	0	0	0	0	1.38651e+006	22223	0	1.40874e+006	1.26074e+006	
355	167495	1	2	0	0	0	0	1.38651e+006	22223	0	1.40874e+006	1.26074e+006	
356	167495	2	2	0	0	0	0	1.38651e+006	22223	1	1.40874e+006	1.26074e+006	
357	167494	2	2	0	0	0	0	1.38651e+006	22223	1	1.40874e+006	1.26074e+006	
358	167494	2	2	0	0	0	0	1.38652e+006	22223	0	1.40874e+006	1.26074e+006	
359	167493	2	2	0	0	0	0	1.38652e+006	22223	0	1.40874e+006	1.26074e+006	
360	167493	2	2	0	0	0	0	1.38652e+006	22223	0	1.40874e+006	1.26074e+006	
361	167493	2	2	0	0	0	0	1.38652e+006	22223	0	1.40874e+006	1.26074e+006	
362	167492	2	2	0	1	0	0	1.38652e+006	22223	0	1.40874e+006	1.26075e+006	
363	167492	1	2	0	1	0	0	1.38652e+006	22223	0	1.40874e+006	1.26075e+006	
364	167491	2	2	0	1	0	0	1.38652e+006	22223	0	1.40875e+006	1.26075e+006	
External infections start at day 1 and end at:	30	Number of imported cases each day	2	
Number of contacts per day:	5	
Number of contacts per day:	5	
Number of days asymptomatic patients are infectious before symptomatic	2	
Probability of transmission from exposed patients:	0.0418	
Probability of transmission from mild symptomatic patients:	0.0418	
Probability of transmission from hospitalized patients:	0	
Probability of transmission from ICU patients:	0	
Probability of testing for mild symptomatic patients:	0.75	

Adherence to Social Distancing parameters:
Day 0:	0.25	
Day 10:	0.25	
Day 20:	0.25	
Day 30:	0.25	
Day 40:	0.25	
Day 50:	0.25	
Day 60:	0.25	
