Day	Susceptible-LB	Susceptible-UB	Exposed-LB	Exposed-UB	Current Detected Mild Infections-LB	Current Detected Mild Infections-UB	Current Undetected Mild Infections-LB	Current Undetected Mild Infections-UB	Current Hospitalizations-LB	Current Hospitalizations-UB	Current ICU patients-LB	Current ICU patients-UB	ventilators-LB	ventilators-UB	Recovered-LB	Recovered-UB	Deaths-LB	Deaths-UB	new infections today-LB	new infections today-UB	total number of infections-LB	total number of infections-UB	Confirmed total number of infections-LB	Confirmed total number of infections-UB	
0	8.39872e+006	8.39872e+006	16	16	0	0	0	0	0	0	0	0	0	0	0	0	0	0	0	0	16	16	0	0	
1	8.39856e+006	8.39856e+006	176	176	0	0	0	0	0	0	0	0	0	0	0	0	0	0	160	160	176	176	0	0	
2	8.3984e+006	8.3984e+006	336	336	0	0	0	0	0	0	0	0	0	0	0	0	0	0	160	160	336	336	0	0	
3	8.39821e+006	8.39822e+006	519	524	0	0	0	0	0	0	0	0	0	0	0	0	0	0	183	188	519	524	0	0	
4	8.39793e+006	8.39795e+006	772	789	16	16	0	0	0	0	0	0	0	0	0	0	0	0	266	283	788	805	16	16	
5	8.39754e+006	8.39758e+006	983	1016	131	140	36	45	0	0	0	0	0	0	0	0	0	0	366	392	1159	1192	131	140	
6	8.39705e+006	8.39711e+006	1289	1348	251	262	74	85	0	0	0	0	0	0	0	0	0	0	461	497	1625	1684	251	262	
7	8.39637e+006	8.39646e+006	1758	1844	388	404	118	134	0	0	0	0	0	0	0	0	0	0	647	689	2279	2366	388	404	
8	8.39543e+006	8.39555e+006	2392	2506	587	612	188	206	0	0	0	0	0	0	0	0	0	0	896	949	3184	3307	589	610	
9	8.39422e+006	8.3944e+006	3176	3329	870	911	274	297	0	0	0	0	0	0	0	0	0	0	1147	1219	4341	4516	875	906	
10	8.39257e+006	8.39282e+006	4285	4488	1202	1268	389	418	0	0	0	0	0	0	16	16	0	0	1570	1657	5918	6165	1226	1276	
11	8.39036e+006	8.39069e+006	5762	6021	1580	1674	502	537	27	35	0	0	0	0	141	149	0	0	2117	2227	8048	8380	1734	1805	
12	8.38743e+006	8.38789e+006	7655	8005	2130	2262	689	737	56	67	0	0	0	0	269	280	0	0	2784	2939	10844	11306	2411	2508	
13	8.3836e+006	8.38422e+006	10166	10628	2850	3038	929	996	89	103	0	0	0	0	418	433	0	0	3657	3844	14514	15137	3288	3416	
14	8.37853e+006	8.37937e+006	13444	14047	3831	4083	1248	1328	140	158	0	0	0	0	637	657	0	0	4844	5078	19369	20204	4490	4676	
15	8.37182e+006	8.37296e+006	17720	18540	5140	5466	1685	1784	215	235	0	0	0	0	934	967	0	0	6395	6719	25776	26912	6110	6361	
16	8.36297e+006	8.36452e+006	23365	24468	6852	7289	2288	2412	308	332	0	0	0	0	1308	1361	0	0	8430	8866	34217	35766	8208	8559	
17	8.35125e+006	8.35331e+006	30903	32357	9073	9646	3065	3222	406	436	15	19	14	17	1847	1922	0	0	11192	11736	45427	47484	10977	11453	
18	8.33578e+006	8.33852e+006	40836	42760	12009	12762	4052	4259	554	594	25	30	19	22	2590	2697	0	0	14776	15482	60216	62953	14679	15310	
19	8.3154e+006	8.31902e+006	53926	56431	15882	16891	5400	5659	741	788	34	40	23	27	3550	3704	0	0	19482	20393	79712	83333	19505	20366	
20	8.28871e+006	8.29351e+006	71000	74272	20957	22317	7143	7484	993	1052	49	58	30	36	4860	5072	0	0	25508	26703	105230	110026	25888	27067	
21	8.25362e+006	8.25998e+006	93319	97643	27702	29506	9410	9866	1332	1404	71	81	40	47	6626	6912	0	0	33512	35106	138755	145118	34397	35950	
22	8.20749e+006	8.21588e+006	122634	128303	36619	38992	12412	12996	1780	1874	98	110	52	61	8946	9342	0	0	44092	46140	182860	191246	45589	47667	
23	8.14739e+006	8.15845e+006	160565	168021	48405	51520	16353	17115	2365	2485	132	148	67	78	11997	12524	0	0	57414	60110	240287	251342	60386	63138	
24	8.0687e+006	8.08314e+006	210355	220019	63785	67887	21513	22497	3139	3294	182	201	91	104	16026	16731	0	0	75296	78703	315596	330033	79767	83424	
25	7.96646e+006	7.98517e+006	274798	287167	83972	89386	28256	29571	4162	4379	246	270	120	137	21343	22287	0	0	97954	102254	413565	432273	105227	110066	
26	7.83429e+006	7.85861e+006	357256	373208	110540	117609	37141	38833	5497	5790	333	363	159	179	28365	29636	0	0	126550	132182	540128	564442	138732	145145	
27	7.66441e+006	7.6956e+006	462844	482992	144905	154195	48699	50920	7273	7659	434	468	195	219	37684	39363	13	16	162997	169899	703141	734324	182356	190808	
28	7.44794e+006	7.48747e+006	595662	620775	189903	201986	63818	66753	9590	10078	590	633	267	295	49996	52245	17	20	208116	216486	911268	950798	239558	250548	
29	7.1747e+006	7.22406e+006	761099	791777	248229	263810	83481	87275	12662	13280	787	841	358	391	66221	69212	19	22	263387	273260	1.17467e+006	1.22404e+006	313934	328149	
30	6.83534e+006	6.89646e+006	962139	998966	323380	343543	108717	113674	16688	17489	1041	1107	476	515	87457	91427	21	25	327584	339376	1.50228e+006	1.56339e+006	410106	428545	
31	6.42033e+006	6.49441e+006	1.20117e+006	1.2441e+006	419754	445398	141046	147393	21937	22971	1373	1461	631	678	115396	120676	26	33	402030	415033	1.90433e+006	1.97841e+006	534016	557616	
32	5.92505e+006	6.01233e+006	1.47511e+006	1.52292e+006	541763	573935	182145	190119	28883	30238	1823	1940	849	911	152096	159050	34	41	482044	495311	2.3864e+006	2.47369e+006	692156	722108	
33	5.35077e+006	5.45058e+006	1.77345e+006	1.82396e+006	695251	734809	233627	243398	37914	39683	2421	2569	1132	1209	199886	209064	42	51	561709	574323	2.94816e+006	3.04796e+006	892556	930002	
34	4.70732e+006	4.81739e+006	2.079e+006	2.12808e+006	883270	931457	296731	308587	49730	52023	3176	3364	1474	1570	262605	274610	55	65	633132	643502	3.58135e+006	3.69141e+006	1.14188e+006	1.18826e+006	
35	4.01439e+006	4.13014e+006	2.36415e+006	2.40605e+006	1.11032e+006	1.16748e+006	372528	386576	64983	67965	4193	4431	1951	2064	344288	359830	69	79	687103	693078	4.26859e+006	4.38434e+006	1.44832e+006	1.50465e+006	
36	3.306e+006	3.42149e+006	2.59059e+006	2.6193e+006	1.376e+006	1.441e+006	461319	477205	84603	88457	5555	5844	2579	2719	449847	470070	90	103	707397	709648	4.97725e+006	5.09274e+006	1.81619e+006	1.88269e+006	
37	2.62219e+006	2.73055e+006	2.7191e+006	2.7295e+006	1.67423e+006	1.74505e+006	561057	578322	109789	114648	7306	7675	3400	3572	585896	611901	117	133	683634	691110	5.66819e+006	5.77654e+006	2.2454e+006	2.3216e+006	
38	2.00032e+006	2.0957e+006	2.7063e+006	2.7224e+006	1.99275e+006	2.06557e+006	667345	685032	141602	147718	9595	10074	4437	4658	759879	792863	160	177	621790	634935	6.30304e+006	6.39842e+006	2.73019e+006	2.81457e+006	
39	1.47109e+006	1.54974e+006	2.54301e+006	2.5807e+006	2.31092e+006	2.37951e+006	773584	790211	181628	189102	12643	13264	5817	6110	980157	1.02148e+006	212	235	529182	546014	6.849e+006	6.92765e+006	3.25805e+006	3.34725e+006	
40	1.04897e+006	1.11001e+006	2.25688e+006	2.31164e+006	2.59824e+006	2.6546e+006	868941	882537	230603	239785	16602	17389	7652	8016	1.25477e+006	1.30595e+006	276	301	422093	439761	7.28873e+006	7.34977e+006	3.80542e+006	3.89504e+006	
41	731913	776527	1.89019e+006	1.95411e+006	2.81757e+006	2.85362e+006	941095	949703	289682	300527	21720	22746	9999	10469	1.59253e+006	1.65478e+006	362	395	317032	333499	7.62221e+006	7.66682e+006	4.34332e+006	4.42829e+006	
42	505850	537059	1.49442e+006	1.55869e+006	2.96555e+006	2.9774e+006	947438	950970	359016	371374	28322	29631	13002	13617	1.99855e+006	2.07221e+006	476	519	226049	239482	7.86168e+006	7.89289e+006	4.87457e+006	4.94974e+006	
43	351129	372179	1.11993e+006	1.17759e+006	2.96391e+006	2.98705e+006	912433	917134	436750	450243	36786	38435	16873	17647	2.47394e+006	2.55864e+006	639	690	154708	164892	8.02656e+006	8.04761e+006	5.33874e+006	5.4012e+006	
44	248215	262044	800736	847977	2.81619e+006	2.86691e+006	836167	846478	519490	533368	47571	49693	21882	22879	3.0134e+006	3.10751e+006	827	890	102905	110146	8.13669e+006	8.15052e+006	5.72157e+006	5.77041e+006	
45	180929	190013	550973	586525	2.54796e+006	2.62098e+006	726166	740991	601638	614787	61264	63891	28163	29396	3.60454e+006	3.70457e+006	1087	1163	67277	72039	8.20872e+006	8.21781e+006	6.02159e+006	6.05749e+006	
46	137305	143198	368534	393871	2.19639e+006	2.28262e+006	594137	611439	675736	686483	78066	81302	35872	37385	4.22193e+006	4.32349e+006	1442	1535	43615	46824	8.25554e+006	8.26143e+006	6.24729e+006	6.27245e+006	
47	109085	112921	242031	259272	1.80699e+006	1.89614e+006	454406	471901	732107	739033	98569	102434	45300	47110	4.83549e+006	4.93318e+006	1902	2018	28207	30291	8.28582e+006	8.28965e+006	6.41253e+006	6.4293e+006	
48	90648	93128	157549	168933	1.39269e+006	1.47593e+006	350380	366767	761354	763771	123133	127615	56588	58696	5.41567e+006	5.5048e+006	2478	2627	18426	19804	8.30561e+006	8.30809e+006	6.52537e+006	6.53598e+006	
49	78799	80436	102105	109602	1.02458e+006	1.09557e+006	257880	271861	754181	758665	151241	156275	69517	71877	5.93601e+006	6.01358e+006	3255	3443	11833	12707	8.3183e+006	8.31994e+006	6.60415e+006	6.61044e+006	
50	71140	72243	66132	70989	723438	779715	182105	193209	711122	720846	182373	187785	83832	86378	6.38129e+006	6.44628e+006	4288	4522	7641	8211	8.32649e+006	8.3276e+006	6.65871e+006	6.66204e+006	
51	66140	66902	42905	46060	493925	535554	124358	132596	638336	652299	215172	220631	98922	101496	6.74916e+006	6.80192e+006	5605	5906	4979	5362	8.33183e+006	8.3326e+006	6.69579e+006	6.69752e+006	
52	62970	63535	27624	29647	329047	358403	82909	88773	544602	561025	247608	252709	113890	116231	7.04573e+006	7.08788e+006	7318	7689	3141	3395	8.3352e+006	8.33577e+006	6.72001e+006	6.72196e+006	
53	60924	61384	17804	19124	215809	235671	54324	58270	441627	458604	277104	281472	127433	129450	7.28129e+006	7.31454e+006	9534	9989	2014	2183	8.33735e+006	8.33781e+006	6.73569e+006	6.73839e+006	
54	59612	60023	11439	12308	140284	153344	35318	37929	340605	356498	301144	304319	138414	139912	7.46665e+006	7.49274e+006	12341	12920	1279	1393	8.33871e+006	8.33912e+006	6.74586e+006	6.74918e+006	
55	58777	59164	7265	7837	90924	99507	22882	24587	250851	264316	316766	318538	145564	146455	7.61158e+006	7.63192e+006	15920	16636	807	888	8.33957e+006	8.33996e+006	6.75256e+006	6.75629e+006	
56	58233	58610	4643	5019	58830	64394	14830	15944	177343	187995	322650	323571	148204	148778	7.72401e+006	7.73985e+006	20338	21209	521	576	8.34013e+006	8.3405e+006	6.75679e+006	6.76081e+006	
57	57894	58268	2949	3196	38085	41702	9593	10318	121108	128972	317502	319484	145863	146851	7.8117e+006	7.82413e+006	25763	26808	322	358	8.34047e+006	8.34084e+006	6.75952e+006	6.76372e+006	
58	57676	58043	1878	2039	24521	26847	6155	6617	80785	86346	302448	305793	138965	140575	7.88123e+006	7.89127e+006	32299	33524	208	235	8.34069e+006	8.34106e+006	6.7613e+006	6.76562e+006	
59	57527	57895	1208	1310	15780	17300	3952	4264	52951	56695	279054	283619	128246	130418	7.93819e+006	7.94665e+006	39834	41244	137	159	8.34084e+006	8.34121e+006	6.76242e+006	6.76682e+006	
60	57434	57801	770	837	10148	11147	2517	2728	34473	36925	248919	254412	114370	116963	7.98679e+006	7.99424e+006	48393	49934	86	101	8.34094e+006	8.3413e+006	6.76313e+006	6.76757e+006	
61	57370	57738	503	551	6436	7090	1608	1746	22384	23995	214076	220130	98319	101159	8.03011e+006	8.03685e+006	57635	59253	58	70	8.341e+006	8.34137e+006	6.76358e+006	6.76806e+006	
62	57329	57697	330	364	4101	4527	1032	1126	14487	15543	177078	183238	81339	84173	8.0693e+006	8.0754e+006	67156	68761	36	46	8.34104e+006	8.34141e+006	6.76387e+006	6.76837e+006	
63	57303	57672	211	237	2617	2891	658	720	9402	10093	140444	146327	64529	67226	8.10448e+006	8.10991e+006	76503	78008	21	30	8.34106e+006	8.34143e+006	6.76406e+006	6.76857e+006	
64	57289	57658	135	154	1672	1851	418	459	6028	6483	106565	111790	48958	51367	8.13541e+006	8.14e+006	85100	86459	11	17	8.34108e+006	8.34145e+006	6.76419e+006	6.76871e+006	
65	57280	57648	83	97	1073	1190	270	300	3879	4182	77741	82021	35712	37694	8.16104e+006	8.16472e+006	92402	93545	7	12	8.34109e+006	8.34146e+006	6.76428e+006	6.7688e+006	
66	57273	57641	49	62	688	764	171	194	2497	2699	54614	57941	25115	26663	8.18132e+006	8.18414e+006	98242	99180	5	9	8.3411e+006	8.34146e+006	6.76434e+006	6.76886e+006	
67	57268	57636	31	40	455	509	104	120	1575	1716	37244	39669	17122	18253	8.19645e+006	8.19854e+006	102688	103430	3	7	8.3411e+006	8.34147e+006	6.76437e+006	6.7689e+006	
68	57265	57633	20	28	298	336	61	76	1005	1099	24753	26490	11376	12184	8.20724e+006	8.20881e+006	105869	106490	2	4	8.3411e+006	8.34147e+006	6.76439e+006	6.76892e+006	
69	57263	57632	13	20	190	219	38	48	646	709	16220	17398	7432	7971	8.21461e+006	8.21575e+006	108083	108636	1	3	8.3411e+006	8.34147e+006	6.76441e+006	6.76894e+006	
70	57261	57630	9	14	123	145	23	30	415	460	10526	11296	4819	5172	8.21952e+006	8.2204e+006	109557	110060	1	3	8.34111e+006	8.34148e+006	6.76441e+006	6.76895e+006	
71	57260	57628	6	10	80	97	11	16	263	296	6841	7347	3150	3388	8.22272e+006	8.22345e+006	110483	110967	1	2	8.34111e+006	8.34148e+006	6.76442e+006	6.76895e+006	
72	57259	57628	4	7	51	65	4	8	162	185	4410	4745	2020	2179	8.22479e+006	8.22545e+006	111116	111593	-0	1	8.34111e+006	8.34148e+006	6.76442e+006	6.76896e+006	
73	57259	57627	3	6	31	42	2	5	104	123	2847	3062	1296	1399	8.22612e+006	8.22674e+006	111511	111989	0	1	8.34111e+006	8.34148e+006	6.76443e+006	6.76896e+006	
74	57258	57627	2	4	20	30	2	4	64	79	1812	1954	813	886	8.227e+006	8.2276e+006	111770	112246	-0	1	8.34111e+006	8.34148e+006	6.76443e+006	6.76896e+006	
75	57258	57626	1	3	14	22	0	2	35	46	1164	1266	523	579	8.22755e+006	8.22814e+006	111932	112409	-0	1	8.34111e+006	8.34148e+006	6.76443e+006	6.76896e+006	
76	57258	57626	1	3	9	15	0	2	22	30	746	816	337	376	8.2279e+006	8.22849e+006	112038	112513	-0	0	8.34111e+006	8.34148e+006	6.76443e+006	6.76896e+006	
77	57257	57626	0	2	5	11	0	1	13	20	469	519	212	241	8.22813e+006	8.22872e+006	112110	112585	-0	0	8.34111e+006	8.34148e+006	6.76443e+006	6.76896e+006	
78	57257	57625	1	2	4	8	0	1	9	15	301	332	135	154	8.22828e+006	8.22886e+006	112151	112625	0	1	8.34111e+006	8.34148e+006	6.76443e+006	6.76896e+006	
79	57257	57625	0	2	3	7	0	1	5	9	189	212	85	100	8.22837e+006	8.22895e+006	112180	112655	-0	0	8.34111e+006	8.34148e+006	6.76443e+006	6.76896e+006	
80	57257	57625	0	2	2	5	-0	0	4	7	121	139	52	63	8.22843e+006	8.22901e+006	112196	112672	0	0	8.34111e+006	8.34148e+006	6.76443e+006	6.76897e+006	
81	57257	57625	0	2	1	3	0	0	2	6	77	92	32	42	8.22847e+006	8.22905e+006	112207	112683	-0	0	8.34111e+006	8.34148e+006	6.76443e+006	6.76897e+006	
82	57256	57625	-0	1	1	4	-0	0	1	4	48	59	20	27	8.22849e+006	8.22908e+006	112214	112690	-0	0	8.34111e+006	8.34148e+006	6.76443e+006	6.76897e+006	
83	57256	57625	-0	1	1	3	-0	0	1	3	32	42	13	20	8.22851e+006	8.22909e+006	112218	112694	0	0	8.34111e+006	8.34148e+006	6.76443e+006	6.76897e+006	
84	57256	57624	0	1	0	2	-0	0	0	2	20	29	9	14	8.22852e+006	8.2291e+006	112221	112698	-0	1	8.34111e+006	8.34148e+006	6.76443e+006	6.76897e+006	
85	57256	57624	0	1	0	2	-0	0	0	1	12	18	5	9	8.22853e+006	8.22911e+006	112224	112700	0	0	8.34111e+006	8.34148e+006	6.76443e+006	6.76897e+006	
86	57256	57624	-0	1	0	2	-0	0	-0	1	7	12	3	6	8.22853e+006	8.22911e+006	112225	112701	0	0	8.34111e+006	8.34148e+006	6.76443e+006	6.76897e+006	
87	57256	57624	0	1	0	2	-0	0	-0	1	4	8	1	4	8.22853e+006	8.22912e+006	112226	112702	-0	1	8.34111e+006	8.34148e+006	6.76443e+006	6.76897e+006	
88	57255	57624	-0	1	0	2	0	0	-0	0	2	6	1	2	8.22854e+006	8.22912e+006	112226	112702	-0	0	8.34111e+006	8.34148e+006	6.76443e+006	6.76897e+006	
89	57255	57624	0	1	0	1	0	0	-0	0	1	4	0	1	8.22854e+006	8.22912e+006	112226	112702	-0	1	8.34111e+006	8.34148e+006	6.76443e+006	6.76897e+006	
90	57255	57623	0	2	0	1	0	0	0	0	1	3	-0	1	8.22854e+006	8.22912e+006	112226	112702	-0	0	8.34111e+006	8.34148e+006	6.76443e+006	6.76897e+006	
91	57254	57623	0	2	-0	2	-0	0	-0	0	0	2	-0	1	8.22854e+006	8.22912e+006	112226	112703	-0	1	8.34111e+006	8.34148e+006	6.76443e+006	6.76897e+006	
92	57254	57623	0	2	-0	2	-0	1	-0	0	-0	1	-0	0	8.22854e+006	8.22912e+006	112227	112703	-0	1	8.34111e+006	8.34148e+006	6.76443e+006	6.76897e+006	
93	57253	57622	1	3	-0	2	-0	1	-0	0	-0	0	-0	0	8.22854e+006	8.22912e+006	112227	112703	0	1	8.34111e+006	8.34148e+006	6.76443e+006	6.76897e+006	
94	57253	57622	1	3	-0	2	-0	1	-0	1	0	0	0	0	8.22854e+006	8.22912e+006	112227	112703	-0	0	8.34111e+006	8.34148e+006	6.76443e+006	6.76897e+006	
95	57253	57622	0	2	0	2	-0	1	-0	1	0	0	0	0	8.22854e+006	8.22912e+006	112227	112703	0	0	8.34111e+006	8.34148e+006	6.76443e+006	6.76897e+006	
96	57253	57622	0	2	0	2	-0	1	-0	1	0	0	0	0	8.22854e+006	8.22912e+006	112227	112703	-0	0	8.34111e+006	8.34148e+006	6.76443e+006	6.76897e+006	
97	57253	57622	-0	1	0	3	-0	1	-0	0	0	0	0	0	8.22854e+006	8.22912e+006	112227	112703	0	0	8.34111e+006	8.34148e+006	6.76443e+006	6.76897e+006	
98	57253	57621	-0	1	1	3	-0	1	-0	0	0	0	0	0	8.22854e+006	8.22912e+006	112227	112703	-0	1	8.34112e+006	8.34148e+006	6.76443e+006	6.76897e+006	
99	57253	57621	0	1	0	3	-0	1	-0	1	0	0	0	0	8.22854e+006	8.22912e+006	112227	112703	-0	1	8.34112e+006	8.34148e+006	6.76443e+006	6.76897e+006	
100	57252	57620	1	3	0	3	-0	1	-0	0	-0	0	-0	0	8.22854e+006	8.22912e+006	112227	112703	0	2	8.34112e+006	8.34148e+006	6.76443e+006	6.76897e+006	
101	57252	57620	1	3	-0	2	-0	1	-0	0	-0	0	-0	0	8.22854e+006	8.22912e+006	112227	112703	0	0	8.34112e+006	8.34148e+006	6.76443e+006	6.76897e+006	
102	57251	57620	1	3	0	2	-0	0	-0	0	-0	0	-0	0	8.22854e+006	8.22912e+006	112227	112703	-0	1	8.34112e+006	8.34149e+006	6.76443e+006	6.76897e+006	
103	57251	57620	1	2	0	2	0	0	-0	1	-0	0	-0	0	8.22854e+006	8.22912e+006	112227	112703	-0	0	8.34112e+006	8.34149e+006	6.76444e+006	6.76897e+006	
104	57251	57619	0	1	1	3	0	0	-0	1	-0	0	-0	0	8.22854e+006	8.22912e+006	112227	112703	-0	0	8.34112e+006	8.34149e+006	6.76444e+006	6.76897e+006	
105	57251	57619	0	1	1	3	0	0	-0	0	-0	0	-0	0	8.22854e+006	8.22912e+006	112227	112703	0	0	8.34112e+006	8.34149e+006	6.76444e+006	6.76897e+006	
106	57251	57619	0	1	1	3	0	0	-0	0	-0	0	-0	0	8.22854e+006	8.22912e+006	112227	112703	-0	1	8.34112e+006	8.34149e+006	6.76444e+006	6.76897e+006	
107	57251	57619	-0	1	1	3	0	0	-0	0	-0	0	-0	0	8.22854e+006	8.22912e+006	112227	112703	0	0	8.34112e+006	8.34149e+006	6.76444e+006	6.76897e+006	
108	57251	57619	-0	1	1	3	0	0	-0	0	-0	0	-0	0	8.22854e+006	8.22913e+006	112227	112703	-0	0	8.34112e+006	8.34149e+006	6.76444e+006	6.76897e+006	
109	57250	57619	0	1	1	3	0	0	-0	0	-0	0	-0	0	8.22854e+006	8.22913e+006	112227	112703	-0	1	8.34112e+006	8.34149e+006	6.76444e+006	6.76897e+006	
110	57250	57618	0	1	0	2	0	0	-0	1	0	0	0	0	8.22855e+006	8.22913e+006	112227	112703	-0	0	8.34112e+006	8.34149e+006	6.76444e+006	6.76897e+006	
111	57250	57618	0	2	0	2	0	0	-0	1	0	0	0	0	8.22855e+006	8.22913e+006	112227	112703	-0	1	8.34112e+006	8.34149e+006	6.76444e+006	6.76897e+006	
112	57250	57618	0	2	-0	1	-0	0	-0	1	0	0	0	0	8.22855e+006	8.22913e+006	112227	112703	0	0	8.34112e+006	8.34149e+006	6.76444e+006	6.76897e+006	
113	57249	57618	0	2	-0	2	-0	0	-0	1	0	0	0	0	8.22855e+006	8.22913e+006	112227	112703	-0	1	8.34112e+006	8.34149e+006	6.76444e+006	6.76897e+006	
114	57249	57617	0	2	-0	2	-0	1	-0	1	0	0	0	0	8.22855e+006	8.22913e+006	112227	112703	-0	0	8.34112e+006	8.34149e+006	6.76444e+006	6.76897e+006	
115	57249	57617	-0	1	0	2	-0	1	-0	1	-0	0	0	0	8.22855e+006	8.22913e+006	112227	112703	0	0	8.34112e+006	8.34149e+006	6.76444e+006	6.76897e+006	
116	57249	57617	0	1	-0	2	-0	1	-0	1	-0	0	0	0	8.22855e+006	8.22913e+006	112227	112703	-0	0	8.34112e+006	8.34149e+006	6.76444e+006	6.76897e+006	
117	57249	57617	0	1	0	2	-0	1	-0	1	-0	0	0	0	8.22855e+006	8.22913e+006	112227	112703	-0	1	8.34112e+006	8.34149e+006	6.76444e+006	6.76897e+006	
118	57249	57617	-0	1	0	2	-0	0	-0	0	-0	0	0	0	8.22855e+006	8.22913e+006	112227	112703	0	0	8.34112e+006	8.34149e+006	6.76444e+006	6.76897e+006	
119	57248	57617	0	1	0	2	-0	0	-0	0	-0	0	0	0	8.22855e+006	8.22913e+006	112227	112703	-0	1	8.34112e+006	8.34149e+006	6.76444e+006	6.76897e+006	
120	57248	57616	0	1	0	2	0	0	-0	0	-0	0	0	0	8.22855e+006	8.22913e+006	112227	112703	-0	0	8.34112e+006	8.34149e+006	6.76444e+006	6.76897e+006	
121	57248	57616	0	1	0	2	0	0	-0	0	-0	0	0	0	8.22855e+006	8.22913e+006	112227	112703	-0	1	8.34112e+006	8.34149e+006	6.76444e+006	6.76897e+006	
122	57248	57616	0	2	0	2	0	0	0	0	-0	0	0	0	8.22855e+006	8.22913e+006	112227	112703	-0	0	8.34112e+006	8.34149e+006	6.76444e+006	6.76897e+006	
123	57248	57616	0	1	0	2	0	0	-0	0	-0	0	0	0	8.22855e+006	8.22913e+006	112227	112703	0	0	8.34112e+006	8.34149e+006	6.76444e+006	6.76897e+006	
124	57247	57616	0	1	0	2	0	0	-0	1	-0	0	0	0	8.22855e+006	8.22913e+006	112227	112703	-0	1	8.34112e+006	8.34149e+006	6.76444e+006	6.76897e+006	
125	57247	57616	0	1	0	2	0	0	-0	1	0	0	0	0	8.22855e+006	8.22913e+006	112227	112703	-0	0	8.34112e+006	8.34149e+006	6.76444e+006	6.76897e+006	
126	57247	57615	0	1	0	2	0	0	-0	1	0	0	0	0	8.22855e+006	8.22913e+006	112227	112703	-0	1	8.34112e+006	8.34149e+006	6.76444e+006	6.76897e+006	
127	57247	57615	0	2	0	2	0	0	-0	1	0	0	0	0	8.22855e+006	8.22913e+006	112227	112703	-0	1	8.34112e+006	8.34149e+006	6.76444e+006	6.76897e+006	
128	57246	57614	0	2	0	2	0	0	-0	1	0	0	0	0	8.22855e+006	8.22913e+006	112227	112703	-0	0	8.34112e+006	8.34149e+006	6.76444e+006	6.76897e+006	
129	57246	57614	0	2	0	2	0	0	-0	0	-0	0	0	0	8.22855e+006	8.22913e+006	112227	112703	-0	1	8.34112e+006	8.34149e+006	6.76444e+006	6.76897e+006	
130	57246	57614	0	2	0	2	0	0	0	0	-0	0	0	0	8.22855e+006	8.22913e+006	112227	112703	0	0	8.34112e+006	8.34149e+006	6.76444e+006	6.76897e+006	
131	57246	57614	0	1	1	2	0	0	-0	0	-0	0	0	0	8.22855e+006	8.22913e+006	112227	112703	-0	1	8.34112e+006	8.34149e+006	6.76444e+006	6.76898e+006	
132	57246	57614	0	1	1	2	0	0	-0	1	-0	0	0	0	8.22855e+006	8.22913e+006	112227	112703	0	0	8.34112e+006	8.34149e+006	6.76444e+006	6.76898e+006	
133	57246	57614	-0	1	1	3	0	0	-0	1	-0	0	0	0	8.22855e+006	8.22913e+006	112227	112703	0	0	8.34112e+006	8.34149e+006	6.76444e+006	6.76898e+006	
134	57245	57614	-0	1	1	2	0	0	-0	1	-0	0	0	0	8.22855e+006	8.22913e+006	112227	112703	-0	0	8.34112e+006	8.34149e+006	6.76444e+006	6.76898e+006	
135	57245	57614	-0	0	1	3	0	0	-0	1	-0	0	0	0	8.22855e+006	8.22913e+006	112227	112703	0	0	8.34112e+006	8.34149e+006	6.76444e+006	6.76898e+006	
136	57245	57613	0	1	0	2	0	0	-0	1	-0	0	0	0	8.22855e+006	8.22913e+006	112227	112703	-0	1	8.34112e+006	8.34149e+006	6.76444e+006	6.76898e+006	
137	57245	57613	0	2	0	1	0	0	-0	0	-0	0	0	0	8.22855e+006	8.22913e+006	112227	112703	-0	1	8.34112e+006	8.34149e+006	6.76444e+006	6.76898e+006	
138	57245	57612	0	2	0	1	0	0	0	0	-0	0	0	0	8.22855e+006	8.22913e+006	112227	112703	-0	1	8.34112e+006	8.34149e+006	6.76444e+006	6.76898e+006	
139	57244	57612	0	2	-0	1	0	0	-0	0	0	0	0	0	8.22855e+006	8.22913e+006	112227	112703	-0	0	8.34112e+006	8.34149e+006	6.76444e+006	6.76898e+006	
140	57244	57611	1	2	0	2	0	0	-0	0	0	0	0	0	8.22855e+006	8.22913e+006	112227	112703	0	1	8.34113e+006	8.34149e+006	6.76444e+006	6.76898e+006	
141	57244	57611	0	2	0	2	0	0	-0	1	0	0	0	0	8.22855e+006	8.22913e+006	112227	112703	-0	1	8.34113e+006	8.34149e+006	6.76444e+006	6.76898e+006	
142	57243	57611	0	2	0	2	0	0	-0	1	0	0	0	0	8.22855e+006	8.22913e+006	112227	112703	-0	1	8.34113e+006	8.34149e+006	6.76444e+006	6.76898e+006	
143	57243	57611	0	2	0	2	-0	0	-0	1	0	0	0	0	8.22855e+006	8.22913e+006	112227	112703	-0	0	8.34113e+006	8.34149e+006	6.76444e+006	6.76898e+006	
144	57243	57610	0	2	1	3	-0	0	-0	1	0	0	0	0	8.22855e+006	8.22913e+006	112227	112703	-0	1	8.34113e+006	8.34149e+006	6.76444e+006	6.76898e+006	
145	57242	57609	1	3	1	3	-0	1	-0	0	0	0	0	0	8.22855e+006	8.22913e+006	112227	112703	0	2	8.34113e+006	8.34149e+006	6.76444e+006	6.76898e+006	
146	57241	57609	1	3	1	3	-0	1	-0	1	0	0	0	0	8.22855e+006	8.22913e+006	112227	112703	-0	1	8.34113e+006	8.3415e+006	6.76444e+006	6.76898e+006	
147	57241	57608	1	4	0	3	-0	1	-0	0	0	0	0	0	8.22855e+006	8.22913e+006	112227	112703	-0	1	8.34113e+006	8.3415e+006	6.76444e+006	6.76898e+006	
148	57241	57608	1	3	0	3	-0	1	-0	1	0	0	0	0	8.22855e+006	8.22913e+006	112227	112703	-0	0	8.34113e+006	8.3415e+006	6.76445e+006	6.76898e+006	
149	57240	57608	0	2	1	4	-0	0	-0	1	0	0	0	0	8.22855e+006	8.22913e+006	112227	112703	-0	1	8.34113e+006	8.3415e+006	6.76445e+006	6.76898e+006	
150	57240	57608	0	2	1	4	-0	1	-0	1	0	0	0	0	8.22855e+006	8.22913e+006	112227	112703	-0	0	8.34113e+006	8.3415e+006	6.76445e+006	6.76898e+006	
151	57240	57608	0	1	1	4	-0	1	-0	1	0	0	0	0	8.22855e+006	8.22913e+006	112227	112703	-0	0	8.34113e+006	8.3415e+006	6.76445e+006	6.76898e+006	
152	57240	57607	0	1	1	4	-0	1	-0	1	0	0	0	0	8.22855e+006	8.22913e+006	112227	112703	-0	0	8.34113e+006	8.3415e+006	6.76445e+006	6.76898e+006	
153	57240	57607	-0	1	1	4	-0	1	-0	1	0	0	0	0	8.22855e+006	8.22913e+006	112227	112703	0	0	8.34113e+006	8.3415e+006	6.76445e+006	6.76898e+006	
154	57240	57607	-0	1	1	4	-0	1	-0	1	0	0	0	0	8.22855e+006	8.22914e+006	112227	112703	-0	0	8.34113e+006	8.3415e+006	6.76445e+006	6.76898e+006	
155	57239	57607	-0	1	0	2	-0	1	0	1	0	0	0	0	8.22856e+006	8.22914e+006	112227	112703	-0	0	8.34113e+006	8.3415e+006	6.76445e+006	6.76898e+006	
156	57239	57607	-0	1	0	2	0	0	0	2	0	0	0	0	8.22856e+006	8.22914e+006	112227	112703	0	0	8.34113e+006	8.3415e+006	6.76445e+006	6.76898e+006	
157	57239	57606	0	2	0	2	0	0	0	2	0	0	0	0	8.22856e+006	8.22914e+006	112227	112703	0	1	8.34113e+006	8.3415e+006	6.76445e+006	6.76898e+006	
158	57239	57606	0	1	0	2	0	0	0	1	0	0	0	0	8.22856e+006	8.22914e+006	112227	112703	0	0	8.34113e+006	8.3415e+006	6.76445e+006	6.76898e+006	
159	57239	57606	0	2	-0	1	-0	0	0	2	0	0	0	0	8.22856e+006	8.22914e+006	112227	112703	-0	1	8.34113e+006	8.3415e+006	6.76445e+006	6.76898e+006	
160	57238	57606	0	2	-0	1	-0	0	0	2	0	0	0	0	8.22856e+006	8.22914e+006	112227	112703	-0	0	8.34113e+006	8.3415e+006	6.76445e+006	6.76898e+006	
161	57238	57606	0	1	0	2	-0	0	-0	1	0	0	0	0	8.22856e+006	8.22914e+006	112227	112703	-0	1	8.34113e+006	8.3415e+006	6.76445e+006	6.76898e+006	
162	57238	57605	0	2	-0	2	-0	0	-0	1	0	0	0	0	8.22856e+006	8.22914e+006	112227	112703	-0	0	8.34113e+006	8.3415e+006	6.76445e+006	6.76898e+006	
163	57238	57605	0	1	0	2	-0	0	-0	1	0	0	0	0	8.22856e+006	8.22914e+006	112227	112703	0	0	8.34113e+006	8.3415e+006	6.76445e+006	6.76898e+006	
164	57237	57605	-0	2	0	2	-0	0	-0	1	0	0	0	0	8.22856e+006	8.22914e+006	112227	112703	-0	1	8.34113e+006	8.3415e+006	6.76445e+006	6.76898e+006	
165	57237	57605	-0	1	0	2	-0	1	0	0	0	0	0	0	8.22856e+006	8.22914e+006	112227	112703	-0	0	8.34113e+006	8.3415e+006	6.76445e+006	6.76898e+006	
166	57237	57605	0	1	0	2	-0	1	0	0	0	0	0	0	8.22856e+006	8.22914e+006	112227	112703	-0	1	8.34113e+006	8.3415e+006	6.76445e+006	6.76898e+006	
167	57237	57605	0	2	-0	2	-0	1	0	0	0	0	0	0	8.22856e+006	8.22914e+006	112227	112703	-0	0	8.34113e+006	8.3415e+006	6.76445e+006	6.76898e+006	
168	57237	57605	0	1	-0	2	-0	1	0	0	0	0	0	0	8.22856e+006	8.22914e+006	112227	112703	0	0	8.34113e+006	8.3415e+006	6.76445e+006	6.76898e+006	
169	57237	57604	0	1	-0	2	-0	1	-0	0	0	0	0	0	8.22856e+006	8.22914e+006	112227	112703	-0	0	8.34113e+006	8.3415e+006	6.76445e+006	6.76898e+006	
170	57236	57604	0	2	-1	2	0	1	-0	0	0	0	0	0	8.22856e+006	8.22914e+006	112227	112703	0	1	8.34113e+006	8.3415e+006	6.76445e+006	6.76898e+006	
171	57236	57603	0	2	-0	2	-0	1	-0	0	0	0	0	0	8.22856e+006	8.22914e+006	112227	112703	-0	1	8.34113e+006	8.3415e+006	6.76445e+006	6.76898e+006	
172	57236	57603	0	2	-0	2	-0	1	-0	0	0	0	0	0	8.22856e+006	8.22914e+006	112227	112703	-0	0	8.34113e+006	8.3415e+006	6.76445e+006	6.76898e+006	
173	57236	57603	0	2	-0	2	-0	1	-0	0	0	0	0	0	8.22856e+006	8.22914e+006	112227	112703	0	0	8.34113e+006	8.3415e+006	6.76445e+006	6.76898e+006	
174	57235	57603	0	2	0	2	-0	1	-0	1	0	0	0	0	8.22856e+006	8.22914e+006	112227	112703	0	1	8.34113e+006	8.3415e+006	6.76445e+006	6.76898e+006	
175	57234	57602	0	2	0	2	-0	0	-0	1	0	0	0	0	8.22856e+006	8.22914e+006	112227	112703	-0	1	8.34113e+006	8.3415e+006	6.76445e+006	6.76899e+006	
176	57234	57602	0	2	1	2	0	0	-0	1	0	0	0	0	8.22856e+006	8.22914e+006	112227	112703	-0	0	8.34113e+006	8.3415e+006	6.76445e+006	6.76899e+006	
177	57233	57601	1	3	0	2	0	0	-0	1	0	0	0	0	8.22856e+006	8.22914e+006	112227	112703	0	1	8.34114e+006	8.3415e+006	6.76445e+006	6.76899e+006	
178	57233	57601	1	3	1	3	0	0	-0	1	0	0	0	0	8.22856e+006	8.22914e+006	112227	112703	0	1	8.34114e+006	8.3415e+006	6.76445e+006	6.76899e+006	
179	57233	57601	1	3	1	4	0	0	-0	1	0	0	0	0	8.22856e+006	8.22914e+006	112227	112703	-0	0	8.34114e+006	8.3415e+006	6.76445e+006	6.76899e+006	
180	57232	57601	1	3	1	3	0	0	-0	0	-0	0	0	0	8.22856e+006	8.22914e+006	112227	112703	-0	0	8.34114e+006	8.3415e+006	6.76445e+006	6.76899e+006	
181	57232	57600	0	2	1	3	0	0	-0	0	-0	0	0	0	8.22856e+006	8.22914e+006	112227	112703	-0	1	8.34114e+006	8.3415e+006	6.76445e+006	6.76899e+006	
182	57232	57600	0	1	1	4	0	0	-0	0	-0	0	0	0	8.22856e+006	8.22914e+006	112227	112703	-0	0	8.34114e+006	8.3415e+006	6.76445e+006	6.76899e+006	
183	57232	57600	0	1	1	4	0	0	-0	0	-0	0	0	0	8.22856e+006	8.22914e+006	112227	112703	-0	0	8.34114e+006	8.3415e+006	6.76445e+006	6.76899e+006	
184	57232	57600	0	1	1	3	0	0	-0	1	-0	0	0	0	8.22856e+006	8.22914e+006	112227	112703	-0	0	8.34114e+006	8.3415e+006	6.76445e+006	6.76899e+006	
185	57231	57600	0	1	1	3	-0	0	-0	1	-0	0	0	0	8.22856e+006	8.22914e+006	112227	112703	-0	1	8.34114e+006	8.34151e+006	6.76445e+006	6.76899e+006	
186	57231	57599	0	2	1	3	-0	0	-0	1	-0	0	0	0	8.22856e+006	8.22914e+006	112227	112703	-0	1	8.34114e+006	8.34151e+006	6.76445e+006	6.76899e+006	
187	57231	57599	0	2	0	2	-0	1	-0	1	-0	1	0	0	8.22856e+006	8.22914e+006	112227	112703	0	0	8.34114e+006	8.34151e+006	6.76445e+006	6.76899e+006	
188	57231	57599	0	1	-0	2	-0	1	-0	1	-0	1	0	0	8.22856e+006	8.22914e+006	112227	112703	0	0	8.34114e+006	8.34151e+006	6.76445e+006	6.76899e+006	
189	57230	57599	0	1	-0	2	-0	1	-0	1	-0	1	0	0	8.22856e+006	8.22914e+006	112227	112703	-0	1	8.34114e+006	8.34151e+006	6.76445e+006	6.76899e+006	
190	57230	57598	-0	1	-0	2	-0	1	-0	1	-0	0	0	0	8.22856e+006	8.22914e+006	112227	112703	-0	1	8.34114e+006	8.34151e+006	6.76446e+006	6.76899e+006	
191	57230	57598	0	2	-0	2	-0	1	-0	1	-0	0	0	0	8.22856e+006	8.22915e+006	112227	112703	-0	1	8.34114e+006	8.34151e+006	6.76446e+006	6.76899e+006	
192	57229	57598	0	2	-0	2	-0	1	-0	1	-0	0	0	0	8.22856e+006	8.22915e+006	112227	112703	-0	0	8.34114e+006	8.34151e+006	6.76446e+006	6.76899e+006	
193	57229	57598	0	2	-0	2	-0	1	-0	1	-0	0	0	0	8.22857e+006	8.22915e+006	112227	112703	-0	0	8.34114e+006	8.34151e+006	6.76446e+006	6.76899e+006	
194	57229	57597	0	2	0	2	-0	1	-0	1	-0	0	0	0	8.22857e+006	8.22915e+006	112227	112703	-0	0	8.34114e+006	8.34151e+006	6.76446e+006	6.76899e+006	
195	57229	57597	0	1	0	2	-0	1	-0	1	-0	0	0	0	8.22857e+006	8.22915e+006	112227	112703	-0	1	8.34114e+006	8.34151e+006	6.76446e+006	6.76899e+006	
196	57228	57597	0	2	0	2	-0	0	-0	1	-0	1	0	0	8.22857e+006	8.22915e+006	112227	112703	-0	1	8.34114e+006	8.34151e+006	6.76446e+006	6.76899e+006	
197	57228	57597	0	2	0	2	-0	0	-0	1	-0	0	0	0	8.22857e+006	8.22915e+006	112227	112703	0	0	8.34114e+006	8.34151e+006	6.76446e+006	6.76899e+006	
198	57228	57596	0	2	0	3	-0	0	-0	0	-0	0	0	0	8.22857e+006	8.22915e+006	112227	112703	-0	1	8.34114e+006	8.34151e+006	6.76446e+006	6.76899e+006	
199	57228	57596	0	2	0	2	-0	0	-0	1	-0	0	0	0	8.22857e+006	8.22915e+006	112227	112703	0	0	8.34114e+006	8.34151e+006	6.76446e+006	6.76899e+006	
200	57228	57596	0	1	0	3	-0	1	-0	1	-0	0	0	0	8.22857e+006	8.22915e+006	112227	112703	-0	0	8.34114e+006	8.34151e+006	6.76446e+006	6.76899e+006	
201	57228	57596	0	1	-0	2	-0	1	-0	1	-0	0	0	0	8.22857e+006	8.22915e+006	112227	112703	-0	0	8.34114e+006	8.34151e+006	6.76446e+006	6.76899e+006	
202	57228	57596	-0	1	0	2	-0	1	-0	1	-0	0	0	0	8.22857e+006	8.22915e+006	112227	112703	0	0	8.34114e+006	8.34151e+006	6.76446e+006	6.76899e+006	
203	57228	57596	-0	1	0	2	-0	1	-0	1	-0	0	0	0	8.22857e+006	8.22915e+006	112227	112703	0	0	8.34114e+006	8.34151e+006	6.76446e+006	6.76899e+006	
204	57227	57595	-0	1	0	2	-0	1	-0	1	-0	0	0	0	8.22857e+006	8.22915e+006	112227	112703	-0	1	8.34114e+006	8.34151e+006	6.76446e+006	6.76899e+006	
205	57227	57595	-0	1	0	2	-0	0	-0	1	-0	0	0	0	8.22857e+006	8.22915e+006	112227	112703	0	0	8.34114e+006	8.34151e+006	6.76446e+006	6.76899e+006	
206	57227	57595	-0	1	0	1	0	0	-0	1	0	0	0	0	8.22857e+006	8.22915e+006	112227	112703	-0	0	8.34114e+006	8.34151e+006	6.76446e+006	6.76899e+006	
207	57227	57595	0	1	0	1	0	0	-0	1	0	0	0	0	8.22857e+006	8.22915e+006	112227	112703	-0	0	8.34114e+006	8.34151e+006	6.76446e+006	6.76899e+006	
208	57227	57595	-0	1	0	1	0	0	-0	1	0	0	0	0	8.22857e+006	8.22915e+006	112227	112703	-0	0	8.34114e+006	8.34151e+006	6.76446e+006	6.76899e+006	
209	57227	57595	0	1	0	1	0	0	-0	0	-0	0	0	0	8.22857e+006	8.22915e+006	112227	112703	-0	0	8.34114e+006	8.34151e+006	6.76446e+006	6.76899e+006	
210	57227	57595	-0	1	0	1	0	0	-0	0	-0	0	0	0	8.22857e+006	8.22915e+006	112227	112703	0	0	8.34114e+006	8.34151e+006	6.76446e+006	6.76899e+006	
211	57227	57595	-0	1	-0	1	-0	0	0	0	-0	1	0	0	8.22857e+006	8.22915e+006	112227	112703	-0	0	8.34114e+006	8.34151e+006	6.76446e+006	6.76899e+006	
212	57226	57594	0	1	-0	1	-0	0	0	0	-0	1	0	0	8.22857e+006	8.22915e+006	112227	112703	-0	1	8.34114e+006	8.34151e+006	6.76446e+006	6.76899e+006	
213	57226	57594	0	1	-0	2	-0	0	0	0	-0	1	0	0	8.22857e+006	8.22915e+006	112227	112703	-0	0	8.34114e+006	8.34151e+006	6.76446e+006	6.76899e+006	
214	57226	57594	0	1	-0	1	-0	0	0	0	-0	1	0	0	8.22857e+006	8.22915e+006	112227	112703	-0	0	8.34114e+006	8.34151e+006	6.76446e+006	6.76899e+006	
215	57226	57594	0	1	-0	1	-0	0	0	0	-0	1	0	0	8.22857e+006	8.22915e+006	112227	112703	-0	0	8.34114e+006	8.34151e+006	6.76446e+006	6.76899e+006	
216	57225	57594	-0	2	-0	2	-0	0	0	0	-0	1	0	0	8.22857e+006	8.22915e+006	112227	112703	-0	1	8.34114e+006	8.34151e+006	6.76446e+006	6.76899e+006	
217	57225	57594	0	1	0	2	0	0	0	0	-0	1	0	0	8.22857e+006	8.22915e+006	112227	112703	0	0	8.34114e+006	8.34151e+006	6.76446e+006	6.76899e+006	
218	57225	57593	0	1	0	2	0	0	0	0	-0	1	0	0	8.22857e+006	8.22915e+006	112227	112703	-0	1	8.34114e+006	8.34151e+006	6.76446e+006	6.76899e+006	
219	57225	57593	0	2	0	2	0	0	0	0	-0	0	0	0	8.22857e+006	8.22915e+006	112227	112703	-0	1	8.34114e+006	8.34151e+006	6.76446e+006	6.76899e+006	
220	57224	57593	0	2	0	2	0	0	0	0	-0	0	0	0	8.22857e+006	8.22915e+006	112227	112703	-0	0	8.34114e+006	8.34151e+006	6.76446e+006	6.76899e+006	
221	57224	57592	0	2	0	2	0	0	0	0	0	0	0	0	8.22857e+006	8.22915e+006	112227	112703	-0	1	8.34114e+006	8.34151e+006	6.76446e+006	6.76899e+006	
222	57223	57592	0	2	0	2	0	0	-0	0	0	0	0	0	8.22857e+006	8.22915e+006	112227	112703	-0	1	8.34114e+006	8.34151e+006	6.76446e+006	6.76899e+006	
223	57223	57592	0	2	0	2	-0	0	-0	0	0	0	0	0	8.22857e+006	8.22915e+006	112227	112703	0	0	8.34114e+006	8.34151e+006	6.76446e+006	6.76899e+006	
224	57223	57592	0	2	0	2	-0	0	-0	0	0	0	0	0	8.22857e+006	8.22915e+006	112227	112703	-0	0	8.34114e+006	8.34151e+006	6.76446e+006	6.76899e+006	
225	57223	57591	0	2	0	3	-0	0	-0	0	0	0	0	0	8.22857e+006	8.22915e+006	112227	112703	-0	1	8.34115e+006	8.34151e+006	6.76446e+006	6.76899e+006	
226	57223	57591	0	1	0	3	-0	0	-0	0	0	0	0	0	8.22857e+006	8.22915e+006	112227	112703	-0	0	8.34115e+006	8.34151e+006	6.76446e+006	6.769e+006	
227	57223	57591	0	1	0	3	-0	0	-0	0	0	0	0	0	8.22857e+006	8.22915e+006	112227	112703	0	0	8.34115e+006	8.34151e+006	6.76446e+006	6.769e+006	
228	57223	57591	0	1	0	3	-0	0	0	0	-0	0	-0	0	8.22857e+006	8.22915e+006	112227	112703	0	0	8.34115e+006	8.34151e+006	6.76446e+006	6.769e+006	
229	57223	57591	-0	0	1	3	0	0	0	0	-0	0	-0	0	8.22857e+006	8.22915e+006	112227	112703	0	0	8.34115e+006	8.34151e+006	6.76446e+006	6.769e+006	
230	57223	57591	-0	0	1	3	0	0	-0	0	-0	0	-0	0	8.22857e+006	8.22915e+006	112227	112703	-0	0	8.34115e+006	8.34151e+006	6.76446e+006	6.769e+006	
231	57222	57591	-0	1	0	2	0	0	-0	0	-0	0	-0	0	8.22857e+006	8.22915e+006	112227	112703	-0	1	8.34115e+006	8.34151e+006	6.76446e+006	6.769e+006	
232	57222	57590	0	1	0	1	0	0	-0	0	-0	0	-0	0	8.22857e+006	8.22915e+006	112227	112703	-0	1	8.34115e+006	8.34151e+006	6.76446e+006	6.769e+006	
233	57222	57590	0	2	0	1	0	0	-0	0	-0	0	-0	0	8.22857e+006	8.22915e+006	112227	112703	-0	0	8.34115e+006	8.34151e+006	6.76446e+006	6.769e+006	
234	57221	57590	0	2	0	1	0	0	-0	0	-0	0	-0	0	8.22857e+006	8.22915e+006	112227	112703	-0	1	8.34115e+006	8.34152e+006	6.76446e+006	6.769e+006	
235	57221	57590	0	2	-0	1	-0	0	-0	0	-0	0	-0	0	8.22857e+006	8.22915e+006	112227	112703	-0	0	8.34115e+006	8.34152e+006	6.76446e+006	6.769e+006	
236	57221	57589	-0	2	-0	1	-0	0	0	0	-0	0	-0	0	8.22857e+006	8.22915e+006	112227	112703	-0	0	8.34115e+006	8.34152e+006	6.76446e+006	6.769e+006	
237	57221	57589	0	1	-0	2	-0	0	0	0	-0	0	-0	0	8.22857e+006	8.22915e+006	112227	112703	0	0	8.34115e+006	8.34152e+006	6.76446e+006	6.769e+006	
238	57221	57589	-0	1	-0	2	-0	1	0	0	0	0	0	0	8.22857e+006	8.22915e+006	112227	112703	0	0	8.34115e+006	8.34152e+006	6.76446e+006	6.769e+006	
239	57221	57589	-0	0	-0	2	-0	1	0	0	0	0	0	0	8.22857e+006	8.22915e+006	112227	112703	0	0	8.34115e+006	8.34152e+006	6.76446e+006	6.769e+006	
240	57221	57589	-0	0	-0	2	-0	1	0	0	0	0	0	0	8.22857e+006	8.22916e+006	112227	112703	-0	0	8.34115e+006	8.34152e+006	6.76446e+006	6.769e+006	
241	57221	57589	-0	1	-0	2	-0	0	0	0	0	0	0	0	8.22857e+006	8.22916e+006	112227	112703	-0	0	8.34115e+006	8.34152e+006	6.76446e+006	6.769e+006	
242	57220	57589	0	1	-0	2	-0	0	0	0	0	0	0	0	8.22858e+006	8.22916e+006	112227	112703	-0	1	8.34115e+006	8.34152e+006	6.76446e+006	6.769e+006	
243	57220	57589	0	1	-0	1	-0	0	0	0	0	0	0	0	8.22858e+006	8.22916e+006	112227	112703	-0	0	8.34115e+006	8.34152e+006	6.76446e+006	6.769e+006	
244	57220	57588	0	1	-0	1	-0	0	0	0	0	0	0	0	8.22858e+006	8.22916e+006	112227	112703	-0	0	8.34115e+006	8.34152e+006	6.76446e+006	6.769e+006	
245	57220	57588	0	2	-0	1	-0	0	0	0	0	0	0	0	8.22858e+006	8.22916e+006	112227	112703	-0	1	8.34115e+006	8.34152e+006	6.76446e+006	6.769e+006	
246	57220	57588	0	2	-0	1	-0	0	0	0	0	0	0	0	8.22858e+006	8.22916e+006	112227	112703	-0	0	8.34115e+006	8.34152e+006	6.76446e+006	6.769e+006	
247	57219	57587	0	2	-0	1	-0	0	0	0	0	0	0	0	8.22858e+006	8.22916e+006	112227	112703	-0	1	8.34115e+006	8.34152e+006	6.76447e+006	6.769e+006	
248	57219	57587	0	2	-0	2	-0	0	0	0	0	0	0	0	8.22858e+006	8.22916e+006	112227	112703	-0	1	8.34115e+006	8.34152e+006	6.76447e+006	6.769e+006	
249	57219	57587	0	2	0	2	-0	0	0	0	0	0	0	0	8.22858e+006	8.22916e+006	112227	112703	-0	0	8.34115e+006	8.34152e+006	6.76447e+006	6.769e+006	
250	57219	57587	0	2	1	2	0	0	-0	0	0	0	0	0	8.22858e+006	8.22916e+006	112227	112703	-0	0	8.34115e+006	8.34152e+006	6.76447e+006	6.769e+006	
251	57219	57586	0	2	1	3	0	0	-0	0	0	0	0	0	8.22858e+006	8.22916e+006	112227	112703	-0	1	8.34115e+006	8.34152e+006	6.76447e+006	6.769e+006	
252	57218	57586	0	1	0	2	-0	0	-0	0	0	0	0	0	8.22858e+006	8.22916e+006	112227	112703	-0	0	8.34115e+006	8.34152e+006	6.76447e+006	6.769e+006	
253	57218	57586	0	1	0	2	-0	0	-0	1	0	0	0	0	8.22858e+006	8.22916e+006	112227	112703	0	0	8.34115e+006	8.34152e+006	6.76447e+006	6.769e+006	
254	57218	57586	0	1	0	2	-0	0	-0	1	0	0	0	0	8.22858e+006	8.22916e+006	112227	112703	-0	0	8.34115e+006	8.34152e+006	6.76447e+006	6.769e+006	
255	57218	57586	-0	1	0	2	-0	0	-0	1	0	0	0	0	8.22858e+006	8.22916e+006	112227	112703	0	0	8.34115e+006	8.34152e+006	6.76447e+006	6.769e+006	
256	57218	57586	-0	1	0	2	-0	0	-0	0	0	0	0	0	8.22858e+006	8.22916e+006	112227	112703	-0	0	8.34115e+006	8.34152e+006	6.76447e+006	6.769e+006	
257	57218	57586	-0	1	0	2	-0	0	-0	0	0	0	0	0	8.22858e+006	8.22916e+006	112227	112703	-0	0	8.34115e+006	8.34152e+006	6.76447e+006	6.769e+006	
258	57218	57585	0	1	0	2	0	0	-0	1	0	0	0	0	8.22858e+006	8.22916e+006	112227	112703	-0	1	8.34115e+006	8.34152e+006	6.76447e+006	6.769e+006	
259	57217	57585	0	2	0	1	0	0	-0	0	0	0	0	0	8.22858e+006	8.22916e+006	112227	112703	0	1	8.34115e+006	8.34152e+006	6.76447e+006	6.769e+006	
260	57217	57584	0	2	0	1	0	0	-0	0	0	0	0	0	8.22858e+006	8.22916e+006	112227	112703	-0	0	8.34115e+006	8.34152e+006	6.76447e+006	6.769e+006	
261	57217	57584	0	2	0	1	0	0	-0	0	0	0	0	0	8.22858e+006	8.22916e+006	112227	112703	-0	0	8.34115e+006	8.34152e+006	6.76447e+006	6.769e+006	
262	57217	57584	0	2	-0	1	-0	0	-0	0	0	0	0	0	8.22858e+006	8.22916e+006	112227	112703	-0	0	8.34115e+006	8.34152e+006	6.76447e+006	6.769e+006	
263	57216	57584	0	2	0	2	-0	1	-0	0	0	0	0	0	8.22858e+006	8.22916e+006	112227	112703	-0	1	8.34115e+006	8.34152e+006	6.76447e+006	6.769e+006	
264	57216	57583	0	2	0	2	-0	1	-0	0	0	0	0	0	8.22858e+006	8.22916e+006	112227	112703	-0	1	8.34115e+006	8.34152e+006	6.76447e+006	6.769e+006	
265	57216	57583	0	2	0	2	-0	1	-0	0	0	0	0	0	8.22858e+006	8.22916e+006	112227	112703	0	0	8.34115e+006	8.34152e+006	6.76447e+006	6.769e+006	
266	57215	57583	1	2	0	2	-0	1	-0	0	0	0	0	0	8.22858e+006	8.22916e+006	112227	112703	-0	1	8.34115e+006	8.34152e+006	6.76447e+006	6.769e+006	
267	57215	57583	0	2	0	3	-0	1	-0	0	0	0	0	0	8.22858e+006	8.22916e+006	112227	112703	-0	0	8.34115e+006	8.34152e+006	6.76447e+006	6.769e+006	
268	57215	57582	0	1	1	3	-0	0	-0	0	0	0	0	0	8.22858e+006	8.22916e+006	112227	112703	-0	0	8.34115e+006	8.34152e+006	6.76447e+006	6.769e+006	
269	57214	57582	0	2	0	2	0	0	-0	0	0	0	0	0	8.22858e+006	8.22916e+006	112227	112703	-0	1	8.34115e+006	8.34152e+006	6.76447e+006	6.769e+006	
270	57214	57582	0	1	1	3	0	0	0	0	0	0	0	0	8.22858e+006	8.22916e+006	112227	112703	-0	0	8.34115e+006	8.34152e+006	6.76447e+006	6.769e+006	
271	57214	57582	0	2	1	3	0	0	0	0	0	0	0	0	8.22858e+006	8.22916e+006	112227	112703	-0	1	8.34115e+006	8.34152e+006	6.76447e+006	6.769e+006	
272	57214	57582	0	1	1	3	0	0	0	0	0	0	0	0	8.22858e+006	8.22916e+006	112227	112703	0	0	8.34115e+006	8.34152e+006	6.76447e+006	6.769e+006	
273	57214	57581	0	1	1	3	0	0	0	0	0	0	0	0	8.22858e+006	8.22916e+006	112227	112703	-0	1	8.34116e+006	8.34152e+006	6.76447e+006	6.769e+006	
274	57214	57581	0	1	0	2	0	0	-0	0	0	0	0	0	8.22858e+006	8.22916e+006	112227	112703	0	0	8.34116e+006	8.34152e+006	6.76447e+006	6.769e+006	
275	57213	57581	0	2	1	3	0	0	-0	0	0	0	0	0	8.22858e+006	8.22916e+006	112227	112703	0	1	8.34116e+006	8.34152e+006	6.76447e+006	6.769e+006	
276	57213	57580	1	2	0	2	0	0	-0	0	0	0	0	0	8.22858e+006	8.22916e+006	112227	112703	-0	1	8.34116e+006	8.34152e+006	6.76447e+006	6.769e+006	
277	57212	57580	1	3	0	2	0	0	-0	0	0	0	0	0	8.22858e+006	8.22916e+006	112227	112703	0	1	8.34116e+006	8.34152e+006	6.76447e+006	6.769e+006	
278	57212	57579	1	3	0	2	0	0	-0	0	0	0	0	0	8.22858e+006	8.22916e+006	112227	112703	-0	0	8.34116e+006	8.34152e+006	6.76447e+006	6.769e+006	
279	57211	57579	1	3	0	2	-0	0	-0	1	0	0	0	0	8.22858e+006	8.22916e+006	112227	112703	-0	1	8.34116e+006	8.34153e+006	6.76447e+006	6.76901e+006	
280	57211	57579	1	2	0	3	-0	1	-0	0	0	0	0	0	8.22858e+006	8.22916e+006	112227	112703	-0	1	8.34116e+006	8.34153e+006	6.76447e+006	6.76901e+006	
281	57211	57579	0	2	0	3	0	1	-0	0	0	0	0	0	8.22858e+006	8.22916e+006	112227	112703	-0	0	8.34116e+006	8.34153e+006	6.76447e+006	6.76901e+006	
282	57211	57579	0	2	0	3	0	1	-0	0	0	0	0	0	8.22858e+006	8.22916e+006	112227	112703	-0	0	8.34116e+006	8.34153e+006	6.76447e+006	6.76901e+006	
283	57211	57579	0	1	0	3	0	1	-0	0	0	0	0	0	8.22858e+006	8.22916e+006	112227	112703	0	0	8.34116e+006	8.34153e+006	6.76447e+006	6.76901e+006	
284	57210	57578	-0	1	0	3	0	1	-0	0	0	0	0	0	8.22858e+006	8.22916e+006	112227	112703	-0	0	8.34116e+006	8.34153e+006	6.76447e+006	6.76901e+006	
285	57210	57578	-0	1	0	3	0	1	0	0	-0	0	0	0	8.22858e+006	8.22916e+006	112227	112703	-0	1	8.34116e+006	8.34153e+006	6.76447e+006	6.76901e+006	
286	57210	57578	0	2	0	2	-0	1	0	0	-0	0	0	0	8.22858e+006	8.22917e+006	112227	112703	-0	1	8.34116e+006	8.34153e+006	6.76447e+006	6.76901e+006	
287	57209	57577	0	2	0	2	-0	0	0	0	-0	0	0	0	8.22859e+006	8.22917e+006	112227	112703	-0	0	8.34116e+006	8.34153e+006	6.76447e+006	6.76901e+006	
288	57209	57577	0	3	0	2	-0	0	0	0	-0	0	0	0	8.22859e+006	8.22917e+006	112227	112703	0	1	8.34116e+006	8.34153e+006	6.76447e+006	6.76901e+006	
289	57208	57577	1	3	0	2	0	0	-0	0	-0	0	0	0	8.22859e+006	8.22917e+006	112227	112703	-0	1	8.34116e+006	8.34153e+006	6.76447e+006	6.76901e+006	
290	57208	57577	0	2	-0	2	-0	1	-0	1	-0	0	0	0	8.22859e+006	8.22917e+006	112227	112703	0	0	8.34116e+006	8.34153e+006	6.76447e+006	6.76901e+006	
291	57208	57576	1	3	-0	2	-0	1	-0	1	-0	0	0	0	8.22859e+006	8.22917e+006	112227	112703	0	1	8.34116e+006	8.34153e+006	6.76447e+006	6.76901e+006	
292	57207	57576	0	2	-0	3	-0	1	-0	1	-0	0	0	0	8.22859e+006	8.22917e+006	112227	112703	-0	1	8.34116e+006	8.34153e+006	6.76448e+006	6.76901e+006	
293	57207	57575	0	2	0	3	-0	1	-0	1	-0	0	0	0	8.22859e+006	8.22917e+006	112227	112703	-0	1	8.34116e+006	8.34153e+006	6.76448e+006	6.76901e+006	
294	57207	57575	0	2	0	3	-0	1	-0	1	-0	0	0	0	8.22859e+006	8.22917e+006	112227	112703	-0	0	8.34116e+006	8.34153e+006	6.76448e+006	6.76901e+006	
295	57207	57575	0	2	1	3	-0	1	-0	1	0	0	0	0	8.22859e+006	8.22917e+006	112227	112703	-0	0	8.34116e+006	8.34153e+006	6.76448e+006	6.76901e+006	
296	57207	57575	0	1	1	3	-0	0	-0	0	-0	0	0	0	8.22859e+006	8.22917e+006	112227	112703	-0	0	8.34116e+006	8.34153e+006	6.76448e+006	6.76901e+006	
297	57206	57575	0	1	1	3	0	0	-0	0	-0	0	0	0	8.22859e+006	8.22917e+006	112227	112703	-0	1	8.34116e+006	8.34153e+006	6.76448e+006	6.76901e+006	
298	57206	57575	0	1	1	3	0	0	-0	1	-0	0	0	0	8.22859e+006	8.22917e+006	112227	112703	0	0	8.34116e+006	8.34153e+006	6.76448e+006	6.76901e+006	
299	57206	57574	0	1	1	3	0	0	0	1	-0	0	0	0	8.22859e+006	8.22917e+006	112227	112703	-0	1	8.34116e+006	8.34153e+006	6.76448e+006	6.76901e+006	
300	57206	57574	0	2	1	3	0	0	0	1	-0	0	0	0	8.22859e+006	8.22917e+006	112227	112703	-0	1	8.34116e+006	8.34153e+006	6.76448e+006	6.76901e+006	
301	57205	57573	0	2	0	2	0	0	0	2	-0	0	0	0	8.22859e+006	8.22917e+006	112227	112703	0	1	8.34116e+006	8.34153e+006	6.76448e+006	6.76901e+006	
302	57205	57573	1	3	0	2	0	0	0	1	-0	1	-0	0	8.22859e+006	8.22917e+006	112227	112703	-0	1	8.34116e+006	8.34153e+006	6.76448e+006	6.76901e+006	
303	57204	57572	1	3	0	2	0	0	0	1	-0	1	-0	0	8.22859e+006	8.22917e+006	112227	112703	0	1	8.34116e+006	8.34153e+006	6.76448e+006	6.76901e+006	
304	57204	57572	1	3	0	2	0	0	-0	1	-0	1	-0	1	8.22859e+006	8.22917e+006	112227	112703	-0	0	8.34116e+006	8.34153e+006	6.76448e+006	6.76901e+006	
305	57204	57572	0	2	1	3	0	0	-0	1	-0	1	-0	1	8.22859e+006	8.22917e+006	112227	112703	0	0	8.34116e+006	8.34153e+006	6.76448e+006	6.76901e+006	
306	57204	57572	0	2	1	3	0	0	-0	1	-0	1	-0	1	8.22859e+006	8.22917e+006	112227	112703	-0	0	8.34116e+006	8.34153e+006	6.76448e+006	6.76901e+006	
307	57203	57571	0	1	1	3	-0	1	-0	0	-0	1	-0	1	8.22859e+006	8.22917e+006	112227	112703	-0	1	8.34117e+006	8.34153e+006	6.76448e+006	6.76901e+006	
308	57202	57571	0	2	1	4	-0	1	-0	0	-0	1	-0	1	8.22859e+006	8.22917e+006	112227	112703	-0	1	8.34117e+006	8.34153e+006	6.76448e+006	6.76901e+006	
309	57202	57571	0	2	1	3	-0	1	-0	0	-0	1	-0	1	8.22859e+006	8.22917e+006	112227	112703	-0	0	8.34117e+006	8.34153e+006	6.76448e+006	6.76901e+006	
310	57202	57571	0	2	1	3	-0	1	-0	0	-0	1	-0	1	8.22859e+006	8.22917e+006	112227	112703	0	0	8.34117e+006	8.34153e+006	6.76448e+006	6.76901e+006	
311	57202	57571	0	1	0	3	-0	1	0	0	-0	1	-0	1	8.22859e+006	8.22917e+006	112227	112703	-0	0	8.34117e+006	8.34153e+006	6.76448e+006	6.76901e+006	
312	57202	57570	0	1	1	3	-0	1	-0	0	-0	1	-0	1	8.22859e+006	8.22917e+006	112227	112703	-0	1	8.34117e+006	8.34153e+006	6.76448e+006	6.76901e+006	
313	57202	57570	0	1	1	2	0	0	-0	0	-0	1	-0	1	8.22859e+006	8.22917e+006	112227	112703	-0	1	8.34117e+006	8.34153e+006	6.76448e+006	6.76901e+006	
314	57201	57570	0	2	0	2	0	0	-0	1	-0	0	-0	0	8.22859e+006	8.22917e+006	112227	112703	-0	0	8.34117e+006	8.34154e+006	6.76448e+006	6.76901e+006	
315	57201	57570	0	1	1	2	0	0	-0	1	-0	0	-0	0	8.22859e+006	8.22917e+006	112227	112703	0	0	8.34117e+006	8.34154e+006	6.76448e+006	6.76901e+006	
316	57201	57569	0	1	1	3	0	0	-0	1	-0	0	-0	0	8.22859e+006	8.22917e+006	112227	112703	-0	1	8.34117e+006	8.34154e+006	6.76448e+006	6.76901e+006	
317	57201	57569	0	1	1	2	0	0	-0	1	0	0	0	0	8.22859e+006	8.22917e+006	112227	112703	-0	0	8.34117e+006	8.34154e+006	6.76448e+006	6.76901e+006	
318	57201	57569	-0	1	0	2	0	0	-0	1	0	0	0	0	8.22859e+006	8.22917e+006	112227	112703	-0	0	8.34117e+006	8.34154e+006	6.76448e+006	6.76902e+006	
319	57201	57569	-0	1	0	2	0	0	-0	1	0	0	0	0	8.22859e+006	8.22917e+006	112227	112703	0	0	8.34117e+006	8.34154e+006	6.76448e+006	6.76902e+006	
320	57200	57568	0	2	0	2	0	0	-0	0	0	0	0	0	8.22859e+006	8.22918e+006	112227	112703	0	1	8.34117e+006	8.34154e+006	6.76448e+006	6.76902e+006	
321	57200	57568	0	2	0	2	0	0	-0	0	0	0	0	0	8.22859e+006	8.22918e+006	112227	112703	-0	1	8.34117e+006	8.34154e+006	6.76448e+006	6.76902e+006	
322	57199	57568	1	2	0	2	0	0	-0	0	0	0	0	0	8.22859e+006	8.22918e+006	112227	112703	-0	1	8.34117e+006	8.34154e+006	6.76448e+006	6.76902e+006	
323	57199	57567	1	3	-0	2	0	0	-0	1	0	0	0	0	8.22859e+006	8.22918e+006	112227	112703	-0	1	8.34117e+006	8.34154e+006	6.76448e+006	6.76902e+006	
324	57199	57567	0	2	0	2	-0	1	-0	1	0	0	0	0	8.22859e+006	8.22918e+006	112227	112703	-0	1	8.34117e+006	8.34154e+006	6.76448e+006	6.76902e+006	
325	57199	57567	0	2	0	3	-0	1	-0	1	0	0	0	0	8.22859e+006	8.22918e+006	112227	112703	-0	0	8.34117e+006	8.34154e+006	6.76448e+006	6.76902e+006	
326	57199	57567	0	1	0	2	-0	1	-0	1	0	0	0	0	8.22859e+006	8.22918e+006	112227	112703	0	0	8.34117e+006	8.34154e+006	6.76448e+006	6.76902e+006	
327	57198	57567	0	1	0	3	-0	1	0	1	0	0	0	0	8.22859e+006	8.22918e+006	112227	112703	-0	0	8.34117e+006	8.34154e+006	6.76448e+006	6.76902e+006	
328	57198	57566	0	1	0	3	-0	1	-0	1	-0	0	-0	0	8.2286e+006	8.22918e+006	112227	112703	-0	1	8.34117e+006	8.34154e+006	6.76448e+006	6.76902e+006	
329	57198	57566	-0	1	1	3	-0	1	-0	1	-0	0	-0	0	8.2286e+006	8.22918e+006	112227	112703	0	0	8.34117e+006	8.34154e+006	6.76448e+006	6.76902e+006	
330	57198	57566	0	1	0	2	-0	0	-0	1	-0	0	-0	0	8.2286e+006	8.22918e+006	112227	112703	-0	1	8.34117e+006	8.34154e+006	6.76448e+006	6.76902e+006	
331	57198	57566	0	1	0	2	-0	0	0	1	-0	0	-0	0	8.2286e+006	8.22918e+006	112227	112703	-0	0	8.34117e+006	8.34154e+006	6.76448e+006	6.76902e+006	
332	57198	57566	-0	1	0	2	0	0	-0	1	-0	1	-0	0	8.2286e+006	8.22918e+006	112227	112703	0	0	8.34117e+006	8.34154e+006	6.76449e+006	6.76902e+006	
333	57197	57565	0	2	0	2	0	0	0	1	-0	1	-0	0	8.2286e+006	8.22918e+006	112227	112703	-0	2	8.34117e+006	8.34154e+006	6.76449e+006	6.76902e+006	
334	57196	57565	0	2	0	2	0	0	0	1	-0	1	-0	0	8.2286e+006	8.22918e+006	112227	112703	-0	1	8.34117e+006	8.34154e+006	6.76449e+006	6.76902e+006	
335	57196	57565	0	2	0	2	0	0	0	1	-0	1	-0	0	8.2286e+006	8.22918e+006	112227	112703	-0	0	8.34117e+006	8.34154e+006	6.76449e+006	6.76902e+006	
336	57196	57564	1	3	0	2	0	0	0	1	-0	1	-0	0	8.2286e+006	8.22918e+006	112227	112703	-0	0	8.34117e+006	8.34154e+006	6.76449e+006	6.76902e+006	
337	57196	57564	0	2	0	3	0	0	-0	1	-0	1	-0	0	8.2286e+006	8.22918e+006	112227	112703	-0	1	8.34117e+006	8.34154e+006	6.76449e+006	6.76902e+006	
338	57196	57564	0	1	1	3	0	0	-0	1	-0	0	0	0	8.2286e+006	8.22918e+006	112227	112703	0	0	8.34117e+006	8.34154e+006	6.76449e+006	6.76902e+006	
339	57196	57564	-0	1	1	3	0	0	-0	0	-0	1	0	0	8.2286e+006	8.22918e+006	112227	112703	0	0	8.34117e+006	8.34154e+006	6.76449e+006	6.76902e+006	
340	57195	57564	0	1	1	3	0	0	0	0	-0	1	-0	0	8.2286e+006	8.22918e+006	112227	112703	-0	1	8.34117e+006	8.34154e+006	6.76449e+006	6.76902e+006	
341	57195	57563	0	1	1	3	0	0	-0	0	-0	1	-0	0	8.2286e+006	8.22918e+006	112227	112703	-0	1	8.34117e+006	8.34154e+006	6.76449e+006	6.76902e+006	
342	57195	57563	0	2	1	3	0	0	-0	0	-0	1	-0	0	8.2286e+006	8.22918e+006	112227	112703	-0	1	8.34117e+006	8.34154e+006	6.76449e+006	6.76902e+006	
343	57195	57563	0	2	0	2	0	0	-0	1	-0	1	-0	0	8.2286e+006	8.22918e+006	112227	112703	0	0	8.34117e+006	8.34154e+006	6.76449e+006	6.76902e+006	
344	57194	57563	0	2	-0	2	-0	0	-0	1	-0	1	-0	0	8.2286e+006	8.22918e+006	112227	112703	-0	1	8.34117e+006	8.34154e+006	6.76449e+006	6.76902e+006	
345	57194	57562	0	2	-0	2	-0	0	-0	1	-0	1	-0	0	8.2286e+006	8.22918e+006	112227	112703	-0	1	8.34117e+006	8.34154e+006	6.76449e+006	6.76902e+006	
346	57194	57562	0	1	0	2	-0	0	-0	1	-0	1	-0	0	8.2286e+006	8.22918e+006	112227	112703	-0	0	8.34117e+006	8.34154e+006	6.76449e+006	6.76902e+006	
347	57194	57562	0	1	-0	2	-0	0	-0	1	-0	1	-0	0	8.2286e+006	8.22918e+006	112227	112703	0	0	8.34117e+006	8.34154e+006	6.76449e+006	6.76902e+006	
348	57194	57562	-0	1	0	2	-0	0	-0	1	-0	1	-0	0	8.2286e+006	8.22918e+006	112227	112703	0	0	8.34117e+006	8.34154e+006	6.76449e+006	6.76902e+006	
349	57194	57562	0	1	0	2	-0	0	0	0	-0	0	-0	0	8.2286e+006	8.22918e+006	112227	112703	-0	1	8.34117e+006	8.34154e+006	6.76449e+006	6.76902e+006	
350	57193	57561	0	1	1	2	0	0	0	0	0	0	0	0	8.2286e+006	8.22918e+006	112227	112703	-0	1	8.34118e+006	8.34154e+006	6.76449e+006	6.76902e+006	
351	57193	57561	0	2	0	2	0	0	0	0	0	0	0	0	8.2286e+006	8.22918e+006	112227	112703	-0	0	8.34118e+006	8.34154e+006	6.76449e+006	6.76902e+006	
352	57193	57561	0	2	0	1	0	0	-0	0	0	0	0	0	8.2286e+006	8.22918e+006	112227	112703	-0	1	8.34118e+006	8.34154e+006	6.76449e+006	6.76902e+006	
353	57193	57561	0	1	0	2	0	0	-0	0	0	0	0	0	8.2286e+006	8.22918e+006	112227	112703	0	0	8.34118e+006	8.34154e+006	6.76449e+006	6.76902e+006	
354	57192	57561	0	1	0	2	0	0	-0	1	0	0	0	0	8.2286e+006	8.22918e+006	112227	112703	-0	1	8.34118e+006	8.34154e+006	6.76449e+006	6.76902e+006	
355	57192	57561	0	1	0	2	0	0	-0	1	0	0	0	0	8.2286e+006	8.22918e+006	112227	112703	0	0	8.34118e+006	8.34154e+006	6.76449e+006	6.76902e+006	
356	57192	57560	0	1	0	2	0	0	0	1	0	0	0	0	8.2286e+006	8.22918e+006	112227	112703	-0	1	8.34118e+006	8.34154e+006	6.76449e+006	6.76902e+006	
357	57192	57560	0	2	0	2	0	0	0	1	0	0	0	0	8.2286e+006	8.22918e+006	112227	112703	-0	1	8.34118e+006	8.34154e+006	6.76449e+006	6.76902e+006	
358	57191	57560	0	2	0	2	-0	1	-0	1	0	0	0	0	8.2286e+006	8.22918e+006	112227	112703	-0	1	8.34118e+006	8.34155e+006	6.76449e+006	6.76902e+006	
359	57191	57559	0	2	-0	2	-0	1	-0	1	0	0	0	0	8.2286e+006	8.22918e+006	112227	112703	-0	1	8.34118e+006	8.34155e+006	6.76449e+006	6.76902e+006	
360	57191	57559	0	2	-0	2	-0	1	-0	1	-0	0	0	0	8.2286e+006	8.22918e+006	112227	112703	-0	0	8.34118e+006	8.34155e+006	6.76449e+006	6.76902e+006	
361	57191	57559	0	1	-0	2	-0	1	-0	1	-0	0	0	0	8.2286e+006	8.22918e+006	112227	112703	0	0	8.34118e+006	8.34155e+006	6.76449e+006	6.76902e+006	
362	57190	57558	0	2	-0	2	-0	1	-0	0	-0	0	0	0	8.2286e+006	8.22918e+006	112227	112703	0	1	8.34118e+006	8.34155e+006	6.76449e+006	6.76902e+006	
363	57190	57558	0	2	-0	2	0	1	-0	0	-0	0	0	0	8.2286e+006	8.22918e+006	112227	112703	-0	1	8.34118e+006	8.34155e+006	6.76449e+006	6.76902e+006	
364	57190	57558	0	2	0	2	-0	1	-0	0	-0	0	0	0	8.2286e+006	8.22918e+006	112227	112703	0	0	8.34118e+006	8.34155e+006	6.76449e+006	6.76902e+006	
