Day	Susceptible	Exposed	Current Detected Mild Infections	Current Undetected Mild Infections	Current Hospitalizations	Current ICU patients	ventilators	Recovered	Deaths	new infections today	total number of infections 	Confirmed total number of infections 	
0	8.39872e+006	16	0	0	0	0	0	0	0	0	16	0	
1	8.39856e+006	176	0	0	0	0	0	0	0	160	176	0	
2	8.3984e+006	336	0	0	0	0	0	0	0	160	336	0	
3	8.39822e+006	513	0	0	0	0	0	0	0	177	513	0	
4	8.39805e+006	672	16	0	0	0	0	0	0	175	688	16	
5	8.39786e+006	703	136	40	0	0	0	0	0	191	879	136	
6	8.39765e+006	749	256	80	0	0	0	0	0	206	1085	256	
7	8.39743e+006	791	389	124	0	0	0	0	0	220	1304	389	
8	8.3972e+006	852	519	169	0	0	0	0	0	235	1539	519	
9	8.39694e+006	913	664	215	0	0	0	0	0	253	1792	664	
10	8.39668e+006	968	802	267	0	0	0	16	0	261	2053	818	
11	8.3964e+006	1033	851	277	31	0	0	145	0	284	2337	993	
12	8.3961e+006	1099	913	290	61	0	0	275	0	301	2638	1176	
13	8.3958e+006	1146	965	314	94	0	0	419	0	300	2938	1366	
14	8.39549e+006	1191	1035	330	127	0	0	560	0	306	3244	1573	
15	8.39516e+006	1235	1109	350	164	0	0	715	0	328	3572	1804	
16	8.39483e+006	1266	1182	371	207	0	0	878	0	331	3903	2037	
17	8.39449e+006	1308	1239	394	221	17	15	1067	0	342	4246	2274	
18	8.39414e+006	1351	1286	419	237	28	20	1275	0	349	4595	2511	
19	8.39377e+006	1391	1347	434	251	36	25	1505	0	368	4963	2769	
20	8.39353e+006	1301	1392	458	274	45	28	1733	0	241	5204	3025	
21	8.39329e+006	1199	1433	476	293	58	35	1986	0	241	5445	3297	
22	8.39305e+006	1094	1462	495	310	70	42	2258	0	244	5689	3579	
23	8.39281e+006	964	1512	513	327	84	47	2527	0	238	5927	3876	
24	8.39257e+006	963	1468	493	340	96	53	2807	0	240	6167	4079	
25	8.39234e+006	956	1403	469	353	112	60	3108	0	234	6401	4271	
26	8.39211e+006	936	1341	444	363	129	68	3412	0	224	6625	4472	
27	8.39188e+006	931	1265	416	371	127	60	3733	15	232	6858	4671	
28	8.39167e+006	903	1189	384	378	133	64	4066	18	212	7070	4872	
29	8.39146e+006	879	1084	354	388	143	68	4412	21	210	7280	5060	
30	8.39126e+006	851	1071	350	376	149	70	4657	22	196	7476	5243	
31	8.39107e+006	810	1067	346	364	153	71	4903	25	192	7668	5431	
32	8.39088e+006	784	1043	338	342	161	74	5158	28	186	7854	5601	
33	8.3907e+006	759	1021	332	328	166	77	5402	32	185	8039	5773	
34	8.39052e+006	741	989	320	311	174	81	5649	34	178	8217	5930	
35	8.39035e+006	723	965	302	283	179	82	5900	39	173	8390	6089	
36	8.39017e+006	708	931	297	280	175	81	6126	44	171	8562	6235	
37	8.39001e+006	691	890	291	281	174	81	6355	48	168	8730	6380	
38	8.38985e+006	674	860	287	280	172	79	6566	52	161	8891	6519	
39	8.38968e+006	665	830	280	274	168	76	6782	56	165	9056	6658	
40	8.38953e+006	642	812	274	258	167	77	6991	60	148	9204	6796	
41	8.38938e+006	627	789	273	250	164	75	7190	64	154	9357	6926	
42	8.38924e+006	610	780	257	236	156	71	7392	69	144	9501	7064	
43	8.38909e+006	594	776	241	222	152	68	7593	72	148	9649	7204	
44	8.38895e+006	586	760	227	214	144	65	7782	77	140	9789	7325	
45	8.38881e+006	572	752	215	204	135	61	7970	82	140	9929	7457	
46	8.38867e+006	560	737	203	202	131	58	8144	85	132	10062	7579	
47	8.38854e+006	548	731	189	197	127	56	8318	88	136	10197	7704	
48	8.3884e+006	543	713	185	196	121	53	8482	92	135	10332	7822	
49	8.38827e+006	533	694	179	192	115	52	8654	95	129	10462	7940	
50	8.38815e+006	527	686	172	184	111	49	8809	99	127	10589	8051	
51	8.38803e+006	512	668	172	177	110	48	8967	103	120	10709	8161	
52	8.3879e+006	508	663	169	172	106	46	9117	106	132	10840	8275	
53	8.38777e+006	500	650	163	168	100	44	9273	109	121	10962	8384	
54	8.38766e+006	489	639	160	164	97	43	9417	111	116	11078	8489	
55	8.38754e+006	487	623	157	160	96	42	9560	114	118	11196	8589	
56	8.38742e+006	478	620	159	157	94	41	9695	116	122	11318	8695	
57	8.3873e+006	479	614	150	157	92	41	9830	118	123	11441	8800	
58	8.38718e+006	483	599	146	159	91	40	9962	121	120	11561	8899	
59	8.38707e+006	475	588	146	156	90	40	10092	123	110	11671	8998	
60	8.38695e+006	466	584	145	153	89	39	10221	126	113	11784	9100	
61	8.38683e+006	461	585	147	149	82	36	10349	129	118	11902	9200	
62	8.38672e+006	453	579	141	148	79	35	10481	132	112	12014	9300	
63	8.38661e+006	452	568	141	146	79	35	10603	134	110	12124	9393	
64	8.3865e+006	456	566	141	140	76	35	10725	137	116	12240	9488	
65	8.38639e+006	446	562	144	140	73	33	10844	139	108	12348	9583	
66	8.38627e+006	448	552	144	141	73	34	10962	141	114	12462	9676	
67	8.38617e+006	442	553	129	145	73	33	11080	143	104	12566	9780	
68	8.38606e+006	436	560	119	143	72	33	11201	144	110	12676	9886	
69	8.38595e+006	437	568	109	144	72	33	11310	145	110	12785	9988	
70	8.38585e+006	429	578	100	142	70	34	11424	148	105	12891	10093	
71	8.38574e+006	430	582	82	141	73	36	11538	150	105	12995	10192	
72	8.38564e+006	424	594	68	140	75	36	11647	151	104	13100	10294	
73	8.38553e+006	417	594	68	135	76	36	11760	153	103	13202	10395	
74	8.38543e+006	416	584	67	135	73	35	11876	155	105	13307	10491	
75	8.38532e+006	418	583	65	132	73	34	11986	157	107	13414	10588	
76	8.38522e+006	421	575	62	131	72	34	12100	159	107	13520	10684	
77	8.38511e+006	423	570	66	129	74	35	12203	161	105	13625	10775	
78	8.38501e+006	419	566	66	126	72	34	12315	162	100	13726	10872	
79	8.38491e+006	412	564	64	127	70	33	12424	164	100	13825	10971	
80	8.38481e+006	408	565	65	125	69	32	12529	167	103	13928	11068	
81	8.38471e+006	405	565	65	122	68	32	12636	170	103	14031	11165	
82	8.3846e+006	407	561	65	126	65	31	12736	172	101	14132	11257	
83	8.38451e+006	406	560	63	128	65	30	12836	173	99	14231	11348	
84	8.3844e+006	408	561	60	127	67	32	12939	174	105	14336	11444	
85	8.3843e+006	403	553	64	125	66	31	13047	176	97	14434	11537	
86	8.3842e+006	406	550	62	123	64	30	13156	178	105	14538	11629	
87	8.3841e+006	408	543	63	125	62	30	13259	180	101	14640	11721	
88	8.38399e+006	406	548	62	120	63	31	13361	181	103	14742	11818	
89	8.3839e+006	408	547	62	116	63	31	13464	182	99	14841	11908	
90	8.38379e+006	404	546	64	117	63	31	13564	184	101	14942	12004	
91	8.38369e+006	402	549	60	119	62	30	13665	185	100	15042	12098	
92	8.38359e+006	400	551	59	123	61	30	13762	186	100	15142	12192	
93	8.3835e+006	399	548	62	123	60	30	13861	187	98	15240	12280	
94	8.38339e+006	400	542	64	125	57	28	13964	190	102	15342	12371	
95	8.38329e+006	408	543	65	128	56	27	14057	192	108	15450	12462	
96	8.38319e+006	403	541	63	124	58	27	14163	193	96	15545	12554	
97	8.38309e+006	402	536	64	119	57	26	14269	194	97	15643	12644	
98	8.38299e+006	400	534	66	117	56	24	14374	196	99	15742	12736	
99	8.3829e+006	389	544	64	116	57	25	14471	198	97	15839	12835	
100	8.3828e+006	387	542	61	114	56	25	14573	199	93	15932	12924	
101	8.38271e+006	387	540	61	115	57	25	14670	200	98	16030	13014	
102	8.38261e+006	382	539	61	119	58	25	14764	201	94	16124	13105	
103	8.38252e+006	382	540	59	122	56	24	14859	203	97	16221	13196	
104	8.38241e+006	391	534	56	123	56	24	14958	205	102	16323	13283	
105	8.38232e+006	388	527	54	127	56	25	15060	206	95	16418	13375	
106	8.38222e+006	393	524	55	128	57	26	15153	208	99	16517	13460	
107	8.38212e+006	398	524	55	127	58	28	15248	209	102	16619	13549	
108	8.38202e+006	396	524	57	124	60	29	15348	210	100	16719	13640	
109	8.38192e+006	402	521	58	125	58	28	15444	212	101	16820	13728	
110	8.38182e+006	399	526	60	125	58	27	15536	214	97	16917	13819	
111	8.38172e+006	400	528	61	120	58	28	15637	215	103	17020	13913	
112	8.38162e+006	398	535	60	118	59	28	15730	217	97	17116	14005	
113	8.38152e+006	394	540	58	115	60	29	15829	218	97	17214	14098	
114	8.38143e+006	394	539	55	119	60	29	15925	219	97	17311	14189	
115	8.38133e+006	392	546	55	118	61	29	16020	219	101	17411	14284	
116	8.38122e+006	397	545	54	117	61	28	16119	221	103	17514	14374	
117	8.38112e+006	399	541	54	120	60	28	16217	222	99	17613	14464	
118	8.38102e+006	403	539	53	119	57	26	16319	224	101	17714	14554	
119	8.38093e+006	397	539	52	125	55	25	16415	225	94	17808	14648	
120	8.38083e+006	389	543	55	118	55	25	16518	226	95	17903	14741	
121	8.38074e+006	387	537	56	121	53	24	16618	228	97	18000	14830	
122	8.38064e+006	383	541	57	121	53	23	16713	230	97	18097	14925	
123	8.38054e+006	386	541	54	117	54	24	16811	232	97	18194	15015	
124	8.38045e+006	385	536	56	117	56	25	16905	233	95	18289	15101	
125	8.38034e+006	396	530	58	115	58	26	17003	235	107	18396	15188	
126	8.38024e+006	401	525	58	119	55	25	17103	237	103	18498	15277	
127	8.38014e+006	405	525	56	118	54	24	17203	238	100	18599	15367	
128	8.38004e+006	406	519	56	120	57	26	17298	239	96	18695	15455	
129	8.37995e+006	386	529	59	119	59	27	17391	239	87	18782	15554	
130	8.37985e+006	384	538	57	118	60	28	17484	241	101	18883	15649	
131	8.37976e+006	382	543	56	117	60	28	17580	242	98	18981	15742	
132	8.37966e+006	386	540	57	116	61	29	17677	243	99	19080	15829	
133	8.37956e+006	399	531	56	114	60	28	17775	245	100	19180	15908	
134	8.37946e+006	394	538	56	109	59	28	17874	247	96	19276	16002	
135	8.37936e+006	395	528	57	110	58	26	17980	249	100	19376	16092	
136	8.37926e+006	393	524	58	110	60	28	18079	250	97	19473	16183	
137	8.37917e+006	389	524	58	109	60	28	18179	251	96	19569	16275	
138	8.37907e+006	386	526	56	110	57	26	18274	254	94	19663	16365	
139	8.37898e+006	383	536	58	107	56	26	18364	254	97	19760	16455	
140	8.37888e+006	385	530	60	111	54	25	18463	256	99	19858	16542	
141	8.37878e+006	388	528	60	110	53	24	18562	257	99	19957	16630	
142	8.37868e+006	393	522	60	110	52	24	18659	258	99	20056	16716	
143	8.37858e+006	395	520	60	113	51	23	18758	259	99	20155	16807	
144	8.37849e+006	392	523	59	112	50	23	18853	261	96	20250	16900	
145	8.37839e+006	391	525	56	116	49	22	18949	263	97	20348	16993	
146	8.37829e+006	387	528	55	112	49	21	19048	264	95	20443	17083	
147	8.3782e+006	386	530	56	112	47	21	19146	265	98	20540	17173	
148	8.3781e+006	390	532	56	113	48	22	19236	266	100	20640	17261	
149	8.378e+006	393	531	57	111	50	22	19332	267	101	20741	17350	
150	8.3779e+006	398	525	59	113	51	24	19426	268	100	20840	17437	
151	8.3778e+006	396	521	62	111	52	23	19526	269	96	20936	17524	
152	8.3777e+006	397	520	65	114	52	24	19622	269	101	21037	17614	
153	8.3776e+006	395	523	64	114	51	24	19719	271	98	21136	17708	
154	8.3775e+006	395	526	64	116	50	24	19812	272	100	21236	17798	
155	8.3774e+006	395	525	63	115	50	24	19910	273	96	21332	17888	
156	8.37731e+006	393	532	62	114	51	24	20004	274	99	21430	17982	
157	8.37721e+006	393	533	63	117	54	26	20094	275	98	21528	18071	
158	8.37711e+006	393	536	60	118	54	25	20191	276	101	21629	18164	
159	8.37701e+006	397	531	60	120	52	25	20291	277	99	21729	18252	
160	8.37691e+006	395	530	60	120	53	24	20390	278	96	21825	18342	
161	8.37682e+006	391	532	61	124	53	24	20480	279	94	21919	18433	
162	8.37672e+006	390	530	62	122	54	24	20580	280	100	22020	18525	
163	8.37663e+006	382	531	62	120	57	27	20677	281	91	22111	18615	
164	8.37653e+006	384	528	61	120	58	28	20775	283	99	22209	18704	
165	8.37643e+006	388	529	58	118	59	28	20871	284	98	22308	18793	
166	8.37633e+006	384	532	58	115	59	27	20970	286	96	22404	18887	
167	8.37623e+006	391	527	55	113	58	26	21071	287	99	22502	18973	
168	8.37614e+006	385	524	56	112	58	26	21171	289	92	22595	19062	
169	8.37605e+006	375	525	54	114	58	26	21267	289	88	22683	19152	
170	8.37596e+006	374	522	56	112	58	26	21365	291	95	22778	19240	
171	8.37586e+006	372	524	59	112	56	25	21458	292	96	22874	19331	
172	8.37577e+006	368	518	57	114	56	24	21557	293	89	22963	19417	
173	8.37568e+006	377	512	60	112	55	23	21649	295	97	23060	19496	
174	8.37558e+006	378	509	59	113	53	22	21747	296	96	23156	19582	
175	8.37549e+006	375	509	57	110	55	23	21845	297	92	23248	19673	
176	8.3754e+006	377	504	56	109	54	24	21942	299	91	23340	19755	
177	8.3753e+006	373	503	55	112	52	23	22037	301	93	23433	19846	
178	8.37521e+006	366	504	57	109	53	23	22131	302	89	23522	19933	
179	8.37512e+006	371	510	55	111	53	23	22216	303	98	23620	20020	
180	8.37503e+006	366	506	56	114	53	23	22307	304	86	23706	20103	
181	8.37493e+006	373	500	59	112	54	25	22403	304	100	23806	20186	
182	8.37483e+006	380	500	60	110	54	25	22494	305	96	23902	20267	
183	8.37474e+006	375	498	61	109	54	25	22590	307	93	23995	20355	
184	8.37465e+006	381	489	61	112	55	25	22682	307	93	24088	20434	
185	8.37455e+006	379	497	61	111	54	26	22775	308	97	24184	20527	
186	8.37446e+006	377	504	58	107	55	26	22866	311	95	24279	20617	
187	8.37436e+006	377	504	58	107	54	26	22960	312	93	24372	20701	
188	8.37427e+006	377	507	58	108	53	25	23047	314	92	24464	20786	
189	8.37418e+006	374	507	58	108	53	26	23143	316	94	24558	20875	
190	8.37409e+006	368	515	58	104	55	27	23230	318	89	24647	20961	
191	8.37399e+006	374	507	60	107	56	28	23325	318	99	24747	21047	
192	8.3739e+006	375	502	60	105	56	28	23421	319	93	24840	21131	
193	8.3738e+006	378	505	59	109	56	28	23510	320	96	24936	21217	
194	8.37371e+006	379	504	56	112	54	27	23600	321	91	25027	21301	
195	8.37361e+006	380	508	55	110	53	26	23699	323	100	25127	21394	
196	8.37352e+006	382	508	53	111	51	25	23793	324	95	25221	21480	
197	8.37342e+006	379	512	52	110	54	26	23884	325	94	25315	21571	
198	8.37332e+006	392	511	51	112	54	26	23972	326	103	25418	21654	
199	8.37322e+006	386	516	53	110	54	26	24067	328	95	25513	21745	
200	8.37313e+006	387	519	55	110	51	23	24157	330	96	25609	21833	
201	8.37303e+006	388	514	54	110	50	22	24256	331	94	25703	21920	
202	8.37294e+006	377	525	54	113	51	23	24344	332	93	25796	22016	
203	8.37285e+006	378	521	56	112	51	23	24439	334	95	25891	22103	
204	8.37275e+006	379	528	54	112	54	24	24527	334	96	25987	22193	
205	8.37266e+006	377	525	51	117	52	23	24622	335	93	26080	22282	
206	8.37257e+006	374	521	53	118	53	24	24714	336	90	26170	22365	
207	8.37247e+006	374	520	55	120	52	24	24805	338	96	26265	22453	
208	8.37238e+006	371	513	56	119	55	27	24905	340	93	26358	22542	
209	8.37229e+006	368	512	55	117	55	27	25000	340	90	26448	22627	
210	8.3722e+006	371	504	56	118	57	29	25092	341	92	26540	22709	
211	8.3721e+006	371	504	58	115	59	30	25188	342	96	26636	22796	
212	8.37201e+006	373	508	55	112	58	30	25282	344	95	26731	22882	
213	8.37191e+006	375	503	54	111	58	29	25376	346	92	26823	22965	
214	8.37182e+006	376	497	56	112	55	29	25474	347	94	26917	23048	
215	8.37172e+006	376	500	56	111	56	31	25564	348	96	27012	23137	
216	8.37163e+006	377	504	58	113	57	30	25650	350	97	27109	23224	
217	8.37153e+006	381	499	59	112	57	30	25745	351	96	27204	23308	
218	8.37144e+006	378	496	63	114	55	28	25837	352	90	27294	23391	
219	8.37135e+006	376	501	63	113	55	28	25927	354	94	27388	23478	
220	8.37125e+006	373	506	63	110	56	27	26020	355	94	27482	23568	
221	8.37116e+006	373	504	64	112	54	26	26114	356	95	27577	23654	
222	8.37107e+006	374	500	63	108	54	27	26211	358	91	27668	23736	
223	8.37097e+006	375	504	62	108	54	26	26302	359	95	27763	23823	
224	8.37088e+006	374	504	61	107	55	25	26394	360	93	27856	23906	
225	8.37078e+006	376	505	59	108	54	23	26488	362	97	27953	23994	
226	8.37069e+006	379	501	58	110	53	24	26582	364	94	28047	24078	
227	8.37059e+006	379	499	60	109	54	24	26676	365	96	28143	24162	
228	8.37051e+006	375	504	58	110	54	25	26764	366	88	28231	24248	
229	8.37041e+006	372	503	61	109	54	26	26857	368	94	28325	24334	
230	8.37031e+006	378	506	59	108	52	25	26953	370	101	28425	24421	
231	8.37022e+006	374	505	61	105	53	25	27048	370	91	28516	24508	
232	8.37012e+006	382	506	57	105	52	25	27140	371	96	28613	24593	
233	8.37003e+006	385	508	54	104	52	25	27236	372	96	28709	24680	
234	8.36993e+006	378	516	54	104	51	25	27327	374	94	28804	24773	
235	8.36984e+006	380	512	52	105	52	26	27420	376	93	28897	24858	
236	8.36975e+006	377	514	52	106	51	26	27513	376	93	28990	24946	
237	8.36965e+006	376	515	52	111	49	25	27605	378	96	29086	25036	
238	8.36955e+006	385	518	55	112	50	24	27690	380	103	29189	25122	
239	8.36945e+006	388	517	56	112	49	23	27783	381	95	29284	25209	
240	8.36936e+006	391	508	57	114	48	23	27881	382	96	29380	25294	
241	8.36927e+006	383	512	58	115	47	21	27971	384	89	29469	25382	
242	8.36917e+006	380	521	56	117	49	23	28062	384	100	29569	25480	
243	8.36907e+006	381	520	55	114	51	24	28160	385	96	29665	25568	
244	8.36898e+006	378	520	56	114	52	24	28252	386	93	29758	25654	
245	8.36888e+006	383	516	56	115	52	24	28343	388	94	29852	25737	
246	8.36879e+006	380	521	59	115	54	25	28432	388	97	29949	25827	
247	8.36869e+006	384	521	59	116	54	25	28527	389	100	30049	25915	
248	8.36859e+006	392	510	59	113	54	25	28631	391	101	30150	26001	
249	8.36849e+006	394	508	60	115	55	26	28723	392	96	30246	26087	
250	8.3684e+006	392	512	56	114	56	26	28817	393	95	30341	26178	
251	8.3683e+006	384	519	61	112	58	27	28906	394	92	30434	26267	
252	8.36821e+006	380	524	56	111	57	26	29005	397	96	30530	26362	
253	8.36811e+006	381	525	56	110	58	27	29099	399	97	30627	26451	
254	8.36801e+006	381	525	58	114	56	27	29188	400	95	30722	26538	
255	8.36792e+006	383	526	55	111	58	27	29282	402	94	30817	26624	
256	8.36782e+006	386	524	57	114	56	26	29376	404	99	30916	26712	
257	8.36772e+006	392	524	54	118	57	26	29469	404	103	31019	26803	
258	8.36762e+006	396	516	56	120	58	27	29565	407	99	31118	26889	
259	8.36752e+006	396	514	57	122	58	27	29658	408	95	31213	26976	
260	8.36743e+006	394	516	59	120	59	28	29753	409	97	31310	27066	
261	8.36733e+006	389	524	61	122	58	28	29843	411	97	31408	27160	
262	8.36723e+006	388	528	60	119	59	28	29940	412	99	31506	27251	
263	8.36713e+006	391	525	61	114	58	28	30041	414	98	31604	27340	
264	8.36704e+006	385	528	59	110	61	29	30136	415	91	31695	27430	
265	8.36694e+006	385	531	60	106	61	30	30233	416	97	31792	27519	
266	8.36685e+006	381	530	60	111	63	30	30326	417	95	31887	27608	
267	8.36676e+006	368	525	61	110	63	31	30428	418	86	31973	27698	
268	8.36667e+006	373	514	63	111	62	30	30524	421	95	32068	27778	
269	8.36658e+006	368	512	68	112	62	30	30617	422	93	32160	27863	
270	8.36648e+006	370	509	68	114	60	28	30713	424	97	32257	27951	
271	8.36639e+006	378	498	67	115	59	28	30809	425	94	32351	28028	
272	8.36629e+006	382	496	65	113	59	28	30907	427	99	32450	28114	
273	8.3662e+006	380	491	65	115	58	28	31004	428	91	32540	28198	
274	8.3661e+006	375	498	64	113	56	28	31096	430	91	32632	28287	
275	8.36601e+006	375	501	57	113	55	28	31193	431	94	32726	28376	
276	8.36591e+006	373	502	60	113	53	28	31288	433	97	32823	28464	
277	8.36582e+006	375	507	60	112	54	27	31372	435	92	32915	28548	
278	8.36573e+006	380	506	59	110	54	28	31468	436	96	33011	28631	
279	8.36563e+006	382	505	60	109	55	29	31559	437	96	33108	28716	
280	8.36554e+006	376	508	58	110	55	29	31654	438	91	33199	28807	
281	8.36544e+006	377	505	59	109	56	30	31746	440	93	33292	28892	
282	8.36535e+006	378	505	57	112	55	28	31841	442	98	33390	28981	
283	8.36525e+006	378	509	58	113	57	29	31927	443	96	33486	29068	
284	8.36516e+006	377	510	57	112	57	27	32020	444	90	33576	29153	
285	8.36506e+006	380	511	55	113	56	27	32111	445	96	33672	29240	
286	8.36497e+006	379	510	57	114	56	27	32205	447	96	33768	29329	
287	8.36487e+006	380	512	58	118	56	27	32293	448	98	33866	29418	
288	8.36478e+006	383	508	57	116	56	26	32389	450	93	33959	29502	
289	8.36468e+006	382	510	54	115	56	26	32486	450	96	34055	29591	
290	8.36459e+006	379	513	57	114	56	27	32577	452	92	34147	29678	
291	8.3645e+006	374	516	58	114	55	27	32669	453	93	34240	29767	
292	8.3644e+006	376	512	58	115	56	27	32765	454	95	34335	29853	
293	8.3643e+006	380	509	60	113	56	27	32861	456	100	34435	29938	
294	8.36421e+006	380	509	61	111	55	28	32953	457	93	34528	30021	
295	8.36411e+006	382	508	59	111	55	26	33048	459	95	34622	30110	
296	8.36402e+006	386	509	58	114	55	26	33140	460	99	34721	30198	
297	8.36392e+006	385	510	59	113	53	26	33239	461	98	34820	30287	
298	8.36382e+006	386	508	60	109	53	27	33335	462	94	34914	30370	
299	8.36373e+006	383	508	59	107	53	27	33433	463	92	35005	30456	
300	8.36364e+006	377	514	60	108	53	26	33523	463	93	35098	30545	
301	8.36354e+006	373	516	64	109	53	25	33613	464	94	35192	30636	
302	8.36345e+006	375	516	63	108	52	25	33710	466	97	35289	30724	
303	8.36335e+006	384	511	60	107	51	25	33810	467	100	35390	30809	
304	8.36325e+006	388	512	58	108	52	25	33900	467	97	35486	30896	
305	8.36316e+006	388	516	55	110	52	25	33990	469	94	35580	30984	
306	8.36306e+006	384	513	55	111	52	25	34086	471	94	35674	31072	
307	8.36297e+006	380	515	56	114	54	25	34180	472	96	35770	31165	
308	8.36287e+006	377	516	56	112	53	25	34275	474	94	35864	31255	
309	8.36278e+006	379	518	57	112	53	23	34366	475	95	35959	31341	
310	8.36268e+006	380	519	56	111	53	24	34459	475	95	36054	31427	
311	8.36258e+006	385	520	57	112	54	25	34550	476	100	36154	31517	
312	8.36249e+006	385	520	55	111	55	25	34645	478	95	36249	31604	
313	8.36239e+006	384	515	54	106	55	26	34750	479	94	36343	31691	
314	8.36229e+006	388	510	58	106	55	27	34844	480	99	36442	31775	
315	8.3622e+006	386	516	58	105	55	27	34938	482	98	36540	31868	
316	8.3621e+006	391	518	58	107	55	27	35029	482	100	36640	31956	
317	8.362e+006	394	516	58	107	55	27	35124	484	97	36736	32043	
318	8.36191e+006	387	521	57	108	55	27	35215	485	93	36829	32136	
319	8.36181e+006	389	525	56	113	55	28	35305	486	100	36929	32227	
320	8.36172e+006	380	533	53	115	54	28	35397	488	91	37020	32320	
321	8.36161e+006	388	527	55	119	53	27	35492	490	104	37124	32408	
322	8.36152e+006	391	527	53	115	51	26	35592	492	96	37221	32496	
323	8.36142e+006	385	535	52	118	51	27	35681	493	93	37314	32591	
324	8.36133e+006	386	525	53	117	52	27	35779	494	93	37407	32675	
325	8.36124e+006	375	530	55	115	52	26	35877	496	93	37500	32771	
326	8.36114e+006	380	525	56	113	52	27	35977	497	102	37601	32859	
327	8.36104e+006	385	525	52	115	52	26	36070	499	97	37698	32948	
328	8.36094e+006	387	523	55	118	51	25	36160	500	96	37794	33032	
329	8.36085e+006	390	513	57	114	52	25	36262	502	96	37890	33116	
330	8.36075e+006	381	524	57	113	52	24	36353	503	92	37982	33210	
331	8.36066e+006	379	519	55	115	53	25	36453	504	96	38078	33302	
332	8.36056e+006	380	519	54	114	53	25	36547	506	97	38174	33390	
333	8.36047e+006	378	516	60	110	53	24	36643	507	93	38268	33474	
334	8.36038e+006	378	515	61	110	53	23	36735	508	92	38360	33558	
335	8.36028e+006	376	518	60	110	54	23	36825	510	94	38454	33646	
336	8.36018e+006	379	513	60	113	54	23	36923	511	100	38553	33736	
337	8.36009e+006	383	509	60	113	55	24	37019	512	97	38650	33823	
338	8.36e+006	381	505	61	114	57	26	37110	513	91	38741	33906	
339	8.3599e+006	381	506	58	114	57	26	37204	515	94	38835	33992	
340	8.35981e+006	375	513	58	115	57	26	37294	516	93	38928	34084	
341	8.35971e+006	374	516	56	114	59	28	37388	517	97	39025	34176	
342	8.35961e+006	381	511	55	112	59	27	37485	519	98	39123	34260	
343	8.35952e+006	382	509	57	108	59	28	37581	520	94	39216	34344	
344	8.35942e+006	384	513	55	110	59	29	37670	521	96	39312	34431	
345	8.35932e+006	389	514	57	110	58	29	37763	522	102	39414	34519	
346	8.35923e+006	386	512	57	111	58	29	37861	524	95	39509	34608	
347	8.35913e+006	388	509	57	113	56	28	37957	525	95	39604	34696	
348	8.35903e+006	390	511	60	110	56	28	38049	526	98	39702	34781	
349	8.35893e+006	391	519	60	111	55	27	38142	528	103	39805	34874	
350	8.35884e+006	390	521	60	108	55	27	38236	529	94	39899	34963	
351	8.35875e+006	387	523	56	109	54	26	38331	531	92	39991	35053	
352	8.35865e+006	388	524	55	107	54	27	38429	532	99	40090	35143	
353	8.35855e+006	378	531	58	107	54	27	38523	533	93	40183	35238	
354	8.35846e+006	381	534	53	109	52	27	38617	535	97	40280	35328	
355	8.35836e+006	382	526	51	111	51	26	38716	536	92	40372	35413	
356	8.35826e+006	382	527	54	112	50	24	38809	538	99	40472	35503	
357	8.35817e+006	382	523	56	112	51	25	38902	539	94	40566	35589	
358	8.35808e+006	380	522	56	116	50	25	38995	541	94	40660	35678	
359	8.35797e+006	391	510	57	117	48	24	39099	542	104	40764	35761	
360	8.35788e+006	384	515	58	119	48	24	39189	543	92	40856	35852	
361	8.35779e+006	383	516	59	120	48	23	39279	544	93	40948	35939	
362	8.35769e+006	386	511	58	121	48	24	39376	546	98	41046	36024	
363	8.3576e+006	375	523	57	121	49	24	39467	547	92	41138	36121	
364	8.3575e+006	380	518	58	117	51	24	39565	548	97	41235	36205	
External infections start at day 1 and end at:	19	Number of imported cases each day	10	
Number of contacts per day:	2	
Number of contacts per day:	2	
Number of days asymptomatic patients are infectious before symptomatic	2	
Probability of transmission from exposed patients:	0.0418	
Probability of transmission from mild symptomatic patients:	0.0418	
Probability of transmission from hospitalized patients:	0	
Probability of transmission from ICU patients:	0	
Probability of testing for mild symptomatic patients:	0.75	

Adherence to Social Distancing parameters:
Day 0:	0.9	
Day 10:	0.9	
Day 20:	0.9	
Day 30:	0.9	
Day 40:	0.9	
Day 50:	0.9	
Day 60:	0.9	
