Day	Susceptible	Exposed	Current Detected Mild Infections	Current Undetected Mild Infections	Current Hospitalizations	Current ICU patients	ventilators	Recovered	Deaths	new infections today	total number of infections 	Confirmed total number of infections 	
0	8.39872e+006	16	0	0	0	0	0	0	0	0	16	0	
1	8.39856e+006	176	0	0	0	0	0	0	0	160	176	0	
2	8.3984e+006	336	0	0	0	0	0	0	0	160	336	0	
3	8.39818e+006	559	0	0	0	0	0	0	0	223	559	0	
4	8.3977e+006	1016	16	0	0	0	0	0	0	473	1032	16	
5	8.39699e+006	1572	136	40	0	0	0	0	0	717	1748	136	
6	8.39589e+006	2507	256	80	0	0	0	0	0	1095	2843	256	
7	8.39405e+006	4130	423	136	0	0	0	0	0	1846	4689	423	
8	8.39106e+006	6644	781	250	0	0	0	0	0	2987	7676	781	
9	8.38632e+006	10669	1317	431	0	0	0	0	0	4742	12418	1317	
10	8.37865e+006	17243	2134	693	0	0	0	16	0	7668	20086	2150	
11	8.36622e+006	27824	3400	1113	31	0	0	145	0	12426	32512	3542	
12	8.34664e+006	44420	5527	1814	61	0	0	275	0	19584	52096	5790	
13	8.3152e+006	71122	8903	2956	104	0	0	455	0	31444	83540	9340	
14	8.26463e+006	114018	14285	4769	193	0	0	839	0	50564	134104	15101	
15	8.18459e+006	181637	23031	7733	332	0	0	1416	0	80046	214149	24415	
16	8.05784e+006	288801	36877	12376	552	0	0	2291	0	126748	340897	39158	
17	7.85909e+006	456104	59058	19794	880	17	15	3791	0	198747	539644	62817	
18	7.5521e+006	712534	94718	31710	1427	28	20	6222	0	306994	846638	100851	
19	7.08845e+006	1.09614e+006	151244	50488	2295	39	26	10084	0	463649	1.31029e+006	161121	
20	6.41283e+006	1.64501e+006	240595	80216	3729	65	38	16293	0	675615	1.9859e+006	256583	
21	5.48234e+006	2.37676e+006	380331	126800	6012	106	58	26394	0	930499	2.9164e+006	406202	
22	4.30491e+006	3.24719e+006	595770	198771	9620	169	87	42308	0	1.17742e+006	4.09382e+006	637289	
23	2.9872e+006	4.10125e+006	919969	306778	15410	270	132	67860	0	1.31771e+006	5.41154e+006	986584	
24	1.75235e+006	4.66048e+006	1.38894e+006	462863	24668	440	210	108996	0	1.23485e+006	6.64638e+006	1.49587e+006	
25	832762	4.64957e+006	2.02683e+006	675423	39330	708	332	174112	0	919589	7.56597e+006	2.19772e+006	
26	313349	3.99156e+006	2.8145e+006	938429	62518	1156	537	277223	0	519413	8.08539e+006	3.0866e+006	
27	95332	2.89187e+006	3.65363e+006	1.21826e+006	98694	1842	863	439093	15	218017	8.3034e+006	4.08443e+006	
28	25132	1.72722e+006	4.34958e+006	1.45017e+006	154530	2913	1362	689176	18	70201	8.3736e+006	5.02543e+006	
29	6334	826429	4.69141e+006	1.56427e+006	238580	4670	2177	1.06702e+006	21	18798	8.3924e+006	5.73746e+006	
30	1678	311671	4.57419e+006	1.5253e+006	360179	7487	3483	1.61821e+006	27	4655	8.39706e+006	6.16002e+006	
31	512	94821	4.03984e+006	1.34716e+006	525632	11911	5492	2.37882e+006	37	1167	8.39822e+006	6.369e+006	
32	192	24940	3.20977e+006	1.07001e+006	729794	19004	8757	3.34497e+006	55	320	8.39854e+006	6.47902e+006	
33	95	6239	2.23573e+006	745140	947639	29999	13797	4.43382e+006	81	97	8.39864e+006	6.55675e+006	
34	60	1618	1.31315e+006	437523	1.12804e+006	46960	21592	5.47127e+006	119	34	8.39868e+006	6.62014e+006	
35	49	463	624427	207823	1.21647e+006	72658	33461	6.27666e+006	186	11	8.39869e+006	6.66597e+006	
36	44	148	235021	78136	1.18602e+006	109865	50547	6.78921e+006	295	5	8.39869e+006	6.69153e+006	
37	42	53	71474	23764	1.04737e+006	161095	74072	7.09447e+006	466	2	8.39869e+006	6.70223e+006	
38	41	19	18810	6262	832127	225664	103770	7.31508e+006	738	0	8.3987e+006	6.70565e+006	
39	41	8	4716	1569	579369	297557	136804	7.51432e+006	1154	0	8.3987e+006	6.70659e+006	
40	41	3	1226	408	340213	363707	167170	7.69128e+006	1853	0	8.3987e+006	6.70683e+006	
41	41	0	352	118	161819	410536	188693	7.82295e+006	2921	0	8.3987e+006	6.70689e+006	
42	41	0	108	43	60899	432336	198749	7.90065e+006	4655	0	8.3987e+006	6.70691e+006	
43	41	0	38	15	18540	433440	199254	7.93933e+006	7328	0	8.3987e+006	6.70692e+006	
44	41	0	13	5	4914	420203	193177	7.96208e+006	11476	0	8.3987e+006	6.70692e+006	
45	41	0	6	2	1230	395293	181667	7.98446e+006	17707	0	8.3987e+006	6.70692e+006	
46	41	0	2	1	324	357899	164496	8.01361e+006	26856	0	8.3987e+006	6.70692e+006	
47	41	0	0	0	90	306034	140660	8.05319e+006	39381	0	8.3987e+006	6.70692e+006	
48	41	0	0	0	30	240399	110466	8.10302e+006	55246	0	8.3987e+006	6.70692e+006	
49	41	0	0	0	10	166744	76615	8.15888e+006	73065	0	8.3987e+006	6.70692e+006	
50	41	0	0	0	4	97754	44932	8.21133e+006	89610	0	8.3987e+006	6.70692e+006	
51	41	0	0	0	2	46461	21380	8.25028e+006	101956	0	8.3987e+006	6.70692e+006	
52	41	0	0	0	1	17504	8030	8.27224e+006	108947	0	8.3987e+006	6.70692e+006	
53	41	0	0	0	0	5304	2440	8.28152e+006	111873	0	8.3987e+006	6.70692e+006	
54	41	0	0	0	0	1411	644	8.28447e+006	112816	0	8.3987e+006	6.70692e+006	
55	41	0	0	0	0	355	164	8.28527e+006	113068	0	8.3987e+006	6.70692e+006	
56	41	0	0	0	0	94	44	8.28546e+006	113136	0	8.3987e+006	6.70692e+006	
57	41	0	0	0	0	26	13	8.28552e+006	113153	0	8.3987e+006	6.70692e+006	
58	41	0	0	0	0	10	5	8.28553e+006	113155	0	8.3987e+006	6.70692e+006	
59	41	0	0	0	0	3	2	8.28554e+006	113157	0	8.3987e+006	6.70692e+006	
60	41	0	0	0	0	1	1	8.28554e+006	113157	0	8.3987e+006	6.70692e+006	
61	41	0	0	0	0	0	0	8.28554e+006	113157	0	8.3987e+006	6.70692e+006	
62	41	0	0	0	0	0	0	8.28554e+006	113157	0	8.3987e+006	6.70692e+006	
63	41	0	0	0	0	0	0	8.28554e+006	113157	0	8.3987e+006	6.70692e+006	
64	41	0	0	0	0	0	0	8.28554e+006	113157	0	8.3987e+006	6.70692e+006	
65	41	0	0	0	0	0	0	8.28554e+006	113157	0	8.3987e+006	6.70692e+006	
66	41	0	0	0	0	0	0	8.28554e+006	113157	0	8.3987e+006	6.70692e+006	
67	41	0	0	0	0	0	0	8.28554e+006	113157	0	8.3987e+006	6.70692e+006	
68	41	0	0	0	0	0	0	8.28554e+006	113157	0	8.3987e+006	6.70692e+006	
69	41	0	0	0	0	0	0	8.28554e+006	113157	0	8.3987e+006	6.70692e+006	
70	41	0	0	0	0	0	0	8.28554e+006	113157	0	8.3987e+006	6.70692e+006	
71	41	0	0	0	0	0	0	8.28554e+006	113157	0	8.3987e+006	6.70692e+006	
72	41	0	0	0	0	0	0	8.28554e+006	113157	0	8.3987e+006	6.70692e+006	
73	41	0	0	0	0	0	0	8.28554e+006	113157	0	8.3987e+006	6.70692e+006	
74	41	0	0	0	0	0	0	8.28554e+006	113157	0	8.3987e+006	6.70692e+006	
75	41	0	0	0	0	0	0	8.28554e+006	113157	0	8.3987e+006	6.70692e+006	
76	41	0	0	0	0	0	0	8.28554e+006	113157	0	8.3987e+006	6.70692e+006	
77	41	0	0	0	0	0	0	8.28554e+006	113157	0	8.3987e+006	6.70692e+006	
78	41	0	0	0	0	0	0	8.28554e+006	113157	0	8.3987e+006	6.70692e+006	
79	41	0	0	0	0	0	0	8.28554e+006	113157	0	8.3987e+006	6.70692e+006	
80	41	0	0	0	0	0	0	8.28554e+006	113157	0	8.3987e+006	6.70692e+006	
81	41	0	0	0	0	0	0	8.28554e+006	113157	0	8.3987e+006	6.70692e+006	
82	41	0	0	0	0	0	0	8.28554e+006	113157	0	8.3987e+006	6.70692e+006	
83	41	0	0	0	0	0	0	8.28554e+006	113157	0	8.3987e+006	6.70692e+006	
84	41	0	0	0	0	0	0	8.28554e+006	113157	0	8.3987e+006	6.70692e+006	
85	41	0	0	0	0	0	0	8.28554e+006	113157	0	8.3987e+006	6.70692e+006	
86	41	0	0	0	0	0	0	8.28554e+006	113157	0	8.3987e+006	6.70692e+006	
87	41	0	0	0	0	0	0	8.28554e+006	113157	0	8.3987e+006	6.70692e+006	
88	41	0	0	0	0	0	0	8.28554e+006	113157	0	8.3987e+006	6.70692e+006	
89	41	0	0	0	0	0	0	8.28554e+006	113157	0	8.3987e+006	6.70692e+006	
90	41	0	0	0	0	0	0	8.28554e+006	113157	0	8.3987e+006	6.70692e+006	
91	41	0	0	0	0	0	0	8.28554e+006	113157	0	8.3987e+006	6.70692e+006	
92	41	0	0	0	0	0	0	8.28554e+006	113157	0	8.3987e+006	6.70692e+006	
93	41	0	0	0	0	0	0	8.28554e+006	113157	0	8.3987e+006	6.70692e+006	
94	41	0	0	0	0	0	0	8.28554e+006	113157	0	8.3987e+006	6.70692e+006	
95	41	0	0	0	0	0	0	8.28554e+006	113157	0	8.3987e+006	6.70692e+006	
96	41	0	0	0	0	0	0	8.28554e+006	113157	0	8.3987e+006	6.70692e+006	
97	41	0	0	0	0	0	0	8.28554e+006	113157	0	8.3987e+006	6.70692e+006	
98	41	0	0	0	0	0	0	8.28554e+006	113157	0	8.3987e+006	6.70692e+006	
99	41	0	0	0	0	0	0	8.28554e+006	113157	0	8.3987e+006	6.70692e+006	
100	41	0	0	0	0	0	0	8.28554e+006	113157	0	8.3987e+006	6.70692e+006	
101	41	0	0	0	0	0	0	8.28554e+006	113157	0	8.3987e+006	6.70692e+006	
102	41	0	0	0	0	0	0	8.28554e+006	113157	0	8.3987e+006	6.70692e+006	
103	41	0	0	0	0	0	0	8.28554e+006	113157	0	8.3987e+006	6.70692e+006	
104	41	0	0	0	0	0	0	8.28554e+006	113157	0	8.3987e+006	6.70692e+006	
105	41	0	0	0	0	0	0	8.28554e+006	113157	0	8.3987e+006	6.70692e+006	
106	41	0	0	0	0	0	0	8.28554e+006	113157	0	8.3987e+006	6.70692e+006	
107	41	0	0	0	0	0	0	8.28554e+006	113157	0	8.3987e+006	6.70692e+006	
108	41	0	0	0	0	0	0	8.28554e+006	113157	0	8.3987e+006	6.70692e+006	
109	41	0	0	0	0	0	0	8.28554e+006	113157	0	8.3987e+006	6.70692e+006	
110	41	0	0	0	0	0	0	8.28554e+006	113157	0	8.3987e+006	6.70692e+006	
111	41	0	0	0	0	0	0	8.28554e+006	113157	0	8.3987e+006	6.70692e+006	
112	41	0	0	0	0	0	0	8.28554e+006	113157	0	8.3987e+006	6.70692e+006	
113	41	0	0	0	0	0	0	8.28554e+006	113157	0	8.3987e+006	6.70692e+006	
114	41	0	0	0	0	0	0	8.28554e+006	113157	0	8.3987e+006	6.70692e+006	
115	41	0	0	0	0	0	0	8.28554e+006	113157	0	8.3987e+006	6.70692e+006	
116	41	0	0	0	0	0	0	8.28554e+006	113157	0	8.3987e+006	6.70692e+006	
117	41	0	0	0	0	0	0	8.28554e+006	113157	0	8.3987e+006	6.70692e+006	
118	41	0	0	0	0	0	0	8.28554e+006	113157	0	8.3987e+006	6.70692e+006	
119	41	0	0	0	0	0	0	8.28554e+006	113157	0	8.3987e+006	6.70692e+006	
120	41	0	0	0	0	0	0	8.28554e+006	113157	0	8.3987e+006	6.70692e+006	
121	41	0	0	0	0	0	0	8.28554e+006	113157	0	8.3987e+006	6.70692e+006	
122	41	0	0	0	0	0	0	8.28554e+006	113157	0	8.3987e+006	6.70692e+006	
123	41	0	0	0	0	0	0	8.28554e+006	113157	0	8.3987e+006	6.70692e+006	
124	41	0	0	0	0	0	0	8.28554e+006	113157	0	8.3987e+006	6.70692e+006	
125	41	0	0	0	0	0	0	8.28554e+006	113157	0	8.3987e+006	6.70692e+006	
126	41	0	0	0	0	0	0	8.28554e+006	113157	0	8.3987e+006	6.70692e+006	
127	41	0	0	0	0	0	0	8.28554e+006	113157	0	8.3987e+006	6.70692e+006	
128	41	0	0	0	0	0	0	8.28554e+006	113157	0	8.3987e+006	6.70692e+006	
129	41	0	0	0	0	0	0	8.28554e+006	113157	0	8.3987e+006	6.70692e+006	
130	41	0	0	0	0	0	0	8.28554e+006	113157	0	8.3987e+006	6.70692e+006	
131	41	0	0	0	0	0	0	8.28554e+006	113157	0	8.3987e+006	6.70692e+006	
132	41	0	0	0	0	0	0	8.28554e+006	113157	0	8.3987e+006	6.70692e+006	
133	41	0	0	0	0	0	0	8.28554e+006	113157	0	8.3987e+006	6.70692e+006	
134	41	0	0	0	0	0	0	8.28554e+006	113157	0	8.3987e+006	6.70692e+006	
135	41	0	0	0	0	0	0	8.28554e+006	113157	0	8.3987e+006	6.70692e+006	
136	41	0	0	0	0	0	0	8.28554e+006	113157	0	8.3987e+006	6.70692e+006	
137	41	0	0	0	0	0	0	8.28554e+006	113157	0	8.3987e+006	6.70692e+006	
138	41	0	0	0	0	0	0	8.28554e+006	113157	0	8.3987e+006	6.70692e+006	
139	41	0	0	0	0	0	0	8.28554e+006	113157	0	8.3987e+006	6.70692e+006	
140	41	0	0	0	0	0	0	8.28554e+006	113157	0	8.3987e+006	6.70692e+006	
141	41	0	0	0	0	0	0	8.28554e+006	113157	0	8.3987e+006	6.70692e+006	
142	41	0	0	0	0	0	0	8.28554e+006	113157	0	8.3987e+006	6.70692e+006	
143	41	0	0	0	0	0	0	8.28554e+006	113157	0	8.3987e+006	6.70692e+006	
144	41	0	0	0	0	0	0	8.28554e+006	113157	0	8.3987e+006	6.70692e+006	
145	41	0	0	0	0	0	0	8.28554e+006	113157	0	8.3987e+006	6.70692e+006	
146	41	0	0	0	0	0	0	8.28554e+006	113157	0	8.3987e+006	6.70692e+006	
147	41	0	0	0	0	0	0	8.28554e+006	113157	0	8.3987e+006	6.70692e+006	
148	41	0	0	0	0	0	0	8.28554e+006	113157	0	8.3987e+006	6.70692e+006	
149	41	0	0	0	0	0	0	8.28554e+006	113157	0	8.3987e+006	6.70692e+006	
150	41	0	0	0	0	0	0	8.28554e+006	113157	0	8.3987e+006	6.70692e+006	
151	41	0	0	0	0	0	0	8.28554e+006	113157	0	8.3987e+006	6.70692e+006	
152	41	0	0	0	0	0	0	8.28554e+006	113157	0	8.3987e+006	6.70692e+006	
153	41	0	0	0	0	0	0	8.28554e+006	113157	0	8.3987e+006	6.70692e+006	
154	41	0	0	0	0	0	0	8.28554e+006	113157	0	8.3987e+006	6.70692e+006	
155	41	0	0	0	0	0	0	8.28554e+006	113157	0	8.3987e+006	6.70692e+006	
156	41	0	0	0	0	0	0	8.28554e+006	113157	0	8.3987e+006	6.70692e+006	
157	41	0	0	0	0	0	0	8.28554e+006	113157	0	8.3987e+006	6.70692e+006	
158	41	0	0	0	0	0	0	8.28554e+006	113157	0	8.3987e+006	6.70692e+006	
159	41	0	0	0	0	0	0	8.28554e+006	113157	0	8.3987e+006	6.70692e+006	
160	41	0	0	0	0	0	0	8.28554e+006	113157	0	8.3987e+006	6.70692e+006	
161	41	0	0	0	0	0	0	8.28554e+006	113157	0	8.3987e+006	6.70692e+006	
162	41	0	0	0	0	0	0	8.28554e+006	113157	0	8.3987e+006	6.70692e+006	
163	41	0	0	0	0	0	0	8.28554e+006	113157	0	8.3987e+006	6.70692e+006	
164	41	0	0	0	0	0	0	8.28554e+006	113157	0	8.3987e+006	6.70692e+006	
165	41	0	0	0	0	0	0	8.28554e+006	113157	0	8.3987e+006	6.70692e+006	
166	41	0	0	0	0	0	0	8.28554e+006	113157	0	8.3987e+006	6.70692e+006	
167	41	0	0	0	0	0	0	8.28554e+006	113157	0	8.3987e+006	6.70692e+006	
168	41	0	0	0	0	0	0	8.28554e+006	113157	0	8.3987e+006	6.70692e+006	
169	41	0	0	0	0	0	0	8.28554e+006	113157	0	8.3987e+006	6.70692e+006	
170	41	0	0	0	0	0	0	8.28554e+006	113157	0	8.3987e+006	6.70692e+006	
171	41	0	0	0	0	0	0	8.28554e+006	113157	0	8.3987e+006	6.70692e+006	
172	41	0	0	0	0	0	0	8.28554e+006	113157	0	8.3987e+006	6.70692e+006	
173	41	0	0	0	0	0	0	8.28554e+006	113157	0	8.3987e+006	6.70692e+006	
174	41	0	0	0	0	0	0	8.28554e+006	113157	0	8.3987e+006	6.70692e+006	
175	41	0	0	0	0	0	0	8.28554e+006	113157	0	8.3987e+006	6.70692e+006	
176	41	0	0	0	0	0	0	8.28554e+006	113157	0	8.3987e+006	6.70692e+006	
177	41	0	0	0	0	0	0	8.28554e+006	113157	0	8.3987e+006	6.70692e+006	
178	41	0	0	0	0	0	0	8.28554e+006	113157	0	8.3987e+006	6.70692e+006	
179	41	0	0	0	0	0	0	8.28554e+006	113157	0	8.3987e+006	6.70692e+006	
180	41	0	0	0	0	0	0	8.28554e+006	113157	0	8.3987e+006	6.70692e+006	
181	41	0	0	0	0	0	0	8.28554e+006	113157	0	8.3987e+006	6.70692e+006	
182	41	0	0	0	0	0	0	8.28554e+006	113157	0	8.3987e+006	6.70692e+006	
183	41	0	0	0	0	0	0	8.28554e+006	113157	0	8.3987e+006	6.70692e+006	
184	41	0	0	0	0	0	0	8.28554e+006	113157	0	8.3987e+006	6.70692e+006	
185	41	0	0	0	0	0	0	8.28554e+006	113157	0	8.3987e+006	6.70692e+006	
186	41	0	0	0	0	0	0	8.28554e+006	113157	0	8.3987e+006	6.70692e+006	
187	41	0	0	0	0	0	0	8.28554e+006	113157	0	8.3987e+006	6.70692e+006	
188	41	0	0	0	0	0	0	8.28554e+006	113157	0	8.3987e+006	6.70692e+006	
189	41	0	0	0	0	0	0	8.28554e+006	113157	0	8.3987e+006	6.70692e+006	
190	41	0	0	0	0	0	0	8.28554e+006	113157	0	8.3987e+006	6.70692e+006	
191	41	0	0	0	0	0	0	8.28554e+006	113157	0	8.3987e+006	6.70692e+006	
192	41	0	0	0	0	0	0	8.28554e+006	113157	0	8.3987e+006	6.70692e+006	
193	41	0	0	0	0	0	0	8.28554e+006	113157	0	8.3987e+006	6.70692e+006	
194	41	0	0	0	0	0	0	8.28554e+006	113157	0	8.3987e+006	6.70692e+006	
195	41	0	0	0	0	0	0	8.28554e+006	113157	0	8.3987e+006	6.70692e+006	
196	41	0	0	0	0	0	0	8.28554e+006	113157	0	8.3987e+006	6.70692e+006	
197	41	0	0	0	0	0	0	8.28554e+006	113157	0	8.3987e+006	6.70692e+006	
198	41	0	0	0	0	0	0	8.28554e+006	113157	0	8.3987e+006	6.70692e+006	
199	41	0	0	0	0	0	0	8.28554e+006	113157	0	8.3987e+006	6.70692e+006	
200	41	0	0	0	0	0	0	8.28554e+006	113157	0	8.3987e+006	6.70692e+006	
201	41	0	0	0	0	0	0	8.28554e+006	113157	0	8.3987e+006	6.70692e+006	
202	41	0	0	0	0	0	0	8.28554e+006	113157	0	8.3987e+006	6.70692e+006	
203	41	0	0	0	0	0	0	8.28554e+006	113157	0	8.3987e+006	6.70692e+006	
204	41	0	0	0	0	0	0	8.28554e+006	113157	0	8.3987e+006	6.70692e+006	
205	41	0	0	0	0	0	0	8.28554e+006	113157	0	8.3987e+006	6.70692e+006	
206	41	0	0	0	0	0	0	8.28554e+006	113157	0	8.3987e+006	6.70692e+006	
207	41	0	0	0	0	0	0	8.28554e+006	113157	0	8.3987e+006	6.70692e+006	
208	41	0	0	0	0	0	0	8.28554e+006	113157	0	8.3987e+006	6.70692e+006	
209	41	0	0	0	0	0	0	8.28554e+006	113157	0	8.3987e+006	6.70692e+006	
210	41	0	0	0	0	0	0	8.28554e+006	113157	0	8.3987e+006	6.70692e+006	
211	41	0	0	0	0	0	0	8.28554e+006	113157	0	8.3987e+006	6.70692e+006	
212	41	0	0	0	0	0	0	8.28554e+006	113157	0	8.3987e+006	6.70692e+006	
213	41	0	0	0	0	0	0	8.28554e+006	113157	0	8.3987e+006	6.70692e+006	
214	41	0	0	0	0	0	0	8.28554e+006	113157	0	8.3987e+006	6.70692e+006	
215	41	0	0	0	0	0	0	8.28554e+006	113157	0	8.3987e+006	6.70692e+006	
216	41	0	0	0	0	0	0	8.28554e+006	113157	0	8.3987e+006	6.70692e+006	
217	41	0	0	0	0	0	0	8.28554e+006	113157	0	8.3987e+006	6.70692e+006	
218	41	0	0	0	0	0	0	8.28554e+006	113157	0	8.3987e+006	6.70692e+006	
219	41	0	0	0	0	0	0	8.28554e+006	113157	0	8.3987e+006	6.70692e+006	
220	41	0	0	0	0	0	0	8.28554e+006	113157	0	8.3987e+006	6.70692e+006	
221	41	0	0	0	0	0	0	8.28554e+006	113157	0	8.3987e+006	6.70692e+006	
222	41	0	0	0	0	0	0	8.28554e+006	113157	0	8.3987e+006	6.70692e+006	
223	41	0	0	0	0	0	0	8.28554e+006	113157	0	8.3987e+006	6.70692e+006	
224	41	0	0	0	0	0	0	8.28554e+006	113157	0	8.3987e+006	6.70692e+006	
225	41	0	0	0	0	0	0	8.28554e+006	113157	0	8.3987e+006	6.70692e+006	
226	41	0	0	0	0	0	0	8.28554e+006	113157	0	8.3987e+006	6.70692e+006	
227	41	0	0	0	0	0	0	8.28554e+006	113157	0	8.3987e+006	6.70692e+006	
228	41	0	0	0	0	0	0	8.28554e+006	113157	0	8.3987e+006	6.70692e+006	
229	41	0	0	0	0	0	0	8.28554e+006	113157	0	8.3987e+006	6.70692e+006	
230	41	0	0	0	0	0	0	8.28554e+006	113157	0	8.3987e+006	6.70692e+006	
231	41	0	0	0	0	0	0	8.28554e+006	113157	0	8.3987e+006	6.70692e+006	
232	41	0	0	0	0	0	0	8.28554e+006	113157	0	8.3987e+006	6.70692e+006	
233	41	0	0	0	0	0	0	8.28554e+006	113157	0	8.3987e+006	6.70692e+006	
234	41	0	0	0	0	0	0	8.28554e+006	113157	0	8.3987e+006	6.70692e+006	
235	41	0	0	0	0	0	0	8.28554e+006	113157	0	8.3987e+006	6.70692e+006	
236	41	0	0	0	0	0	0	8.28554e+006	113157	0	8.3987e+006	6.70692e+006	
237	41	0	0	0	0	0	0	8.28554e+006	113157	0	8.3987e+006	6.70692e+006	
238	41	0	0	0	0	0	0	8.28554e+006	113157	0	8.3987e+006	6.70692e+006	
239	41	0	0	0	0	0	0	8.28554e+006	113157	0	8.3987e+006	6.70692e+006	
240	41	0	0	0	0	0	0	8.28554e+006	113157	0	8.3987e+006	6.70692e+006	
241	41	0	0	0	0	0	0	8.28554e+006	113157	0	8.3987e+006	6.70692e+006	
242	41	0	0	0	0	0	0	8.28554e+006	113157	0	8.3987e+006	6.70692e+006	
243	41	0	0	0	0	0	0	8.28554e+006	113157	0	8.3987e+006	6.70692e+006	
244	41	0	0	0	0	0	0	8.28554e+006	113157	0	8.3987e+006	6.70692e+006	
245	41	0	0	0	0	0	0	8.28554e+006	113157	0	8.3987e+006	6.70692e+006	
246	41	0	0	0	0	0	0	8.28554e+006	113157	0	8.3987e+006	6.70692e+006	
247	41	0	0	0	0	0	0	8.28554e+006	113157	0	8.3987e+006	6.70692e+006	
248	41	0	0	0	0	0	0	8.28554e+006	113157	0	8.3987e+006	6.70692e+006	
249	41	0	0	0	0	0	0	8.28554e+006	113157	0	8.3987e+006	6.70692e+006	
250	41	0	0	0	0	0	0	8.28554e+006	113157	0	8.3987e+006	6.70692e+006	
251	41	0	0	0	0	0	0	8.28554e+006	113157	0	8.3987e+006	6.70692e+006	
252	41	0	0	0	0	0	0	8.28554e+006	113157	0	8.3987e+006	6.70692e+006	
253	41	0	0	0	0	0	0	8.28554e+006	113157	0	8.3987e+006	6.70692e+006	
254	41	0	0	0	0	0	0	8.28554e+006	113157	0	8.3987e+006	6.70692e+006	
255	41	0	0	0	0	0	0	8.28554e+006	113157	0	8.3987e+006	6.70692e+006	
256	41	0	0	0	0	0	0	8.28554e+006	113157	0	8.3987e+006	6.70692e+006	
257	41	0	0	0	0	0	0	8.28554e+006	113157	0	8.3987e+006	6.70692e+006	
258	41	0	0	0	0	0	0	8.28554e+006	113157	0	8.3987e+006	6.70692e+006	
259	41	0	0	0	0	0	0	8.28554e+006	113157	0	8.3987e+006	6.70692e+006	
260	41	0	0	0	0	0	0	8.28554e+006	113157	0	8.3987e+006	6.70692e+006	
261	41	0	0	0	0	0	0	8.28554e+006	113157	0	8.3987e+006	6.70692e+006	
262	41	0	0	0	0	0	0	8.28554e+006	113157	0	8.3987e+006	6.70692e+006	
263	41	0	0	0	0	0	0	8.28554e+006	113157	0	8.3987e+006	6.70692e+006	
264	41	0	0	0	0	0	0	8.28554e+006	113157	0	8.3987e+006	6.70692e+006	
265	41	0	0	0	0	0	0	8.28554e+006	113157	0	8.3987e+006	6.70692e+006	
266	41	0	0	0	0	0	0	8.28554e+006	113157	0	8.3987e+006	6.70692e+006	
267	41	0	0	0	0	0	0	8.28554e+006	113157	0	8.3987e+006	6.70692e+006	
268	41	0	0	0	0	0	0	8.28554e+006	113157	0	8.3987e+006	6.70692e+006	
269	41	0	0	0	0	0	0	8.28554e+006	113157	0	8.3987e+006	6.70692e+006	
270	41	0	0	0	0	0	0	8.28554e+006	113157	0	8.3987e+006	6.70692e+006	
271	41	0	0	0	0	0	0	8.28554e+006	113157	0	8.3987e+006	6.70692e+006	
272	41	0	0	0	0	0	0	8.28554e+006	113157	0	8.3987e+006	6.70692e+006	
273	41	0	0	0	0	0	0	8.28554e+006	113157	0	8.3987e+006	6.70692e+006	
274	41	0	0	0	0	0	0	8.28554e+006	113157	0	8.3987e+006	6.70692e+006	
275	41	0	0	0	0	0	0	8.28554e+006	113157	0	8.3987e+006	6.70692e+006	
276	41	0	0	0	0	0	0	8.28554e+006	113157	0	8.3987e+006	6.70692e+006	
277	41	0	0	0	0	0	0	8.28554e+006	113157	0	8.3987e+006	6.70692e+006	
278	41	0	0	0	0	0	0	8.28554e+006	113157	0	8.3987e+006	6.70692e+006	
279	41	0	0	0	0	0	0	8.28554e+006	113157	0	8.3987e+006	6.70692e+006	
280	41	0	0	0	0	0	0	8.28554e+006	113157	0	8.3987e+006	6.70692e+006	
281	41	0	0	0	0	0	0	8.28554e+006	113157	0	8.3987e+006	6.70692e+006	
282	41	0	0	0	0	0	0	8.28554e+006	113157	0	8.3987e+006	6.70692e+006	
283	41	0	0	0	0	0	0	8.28554e+006	113157	0	8.3987e+006	6.70692e+006	
284	41	0	0	0	0	0	0	8.28554e+006	113157	0	8.3987e+006	6.70692e+006	
285	41	0	0	0	0	0	0	8.28554e+006	113157	0	8.3987e+006	6.70692e+006	
286	41	0	0	0	0	0	0	8.28554e+006	113157	0	8.3987e+006	6.70692e+006	
287	41	0	0	0	0	0	0	8.28554e+006	113157	0	8.3987e+006	6.70692e+006	
288	41	0	0	0	0	0	0	8.28554e+006	113157	0	8.3987e+006	6.70692e+006	
289	41	0	0	0	0	0	0	8.28554e+006	113157	0	8.3987e+006	6.70692e+006	
290	41	0	0	0	0	0	0	8.28554e+006	113157	0	8.3987e+006	6.70692e+006	
291	41	0	0	0	0	0	0	8.28554e+006	113157	0	8.3987e+006	6.70692e+006	
292	41	0	0	0	0	0	0	8.28554e+006	113157	0	8.3987e+006	6.70692e+006	
293	41	0	0	0	0	0	0	8.28554e+006	113157	0	8.3987e+006	6.70692e+006	
294	41	0	0	0	0	0	0	8.28554e+006	113157	0	8.3987e+006	6.70692e+006	
295	41	0	0	0	0	0	0	8.28554e+006	113157	0	8.3987e+006	6.70692e+006	
296	41	0	0	0	0	0	0	8.28554e+006	113157	0	8.3987e+006	6.70692e+006	
297	41	0	0	0	0	0	0	8.28554e+006	113157	0	8.3987e+006	6.70692e+006	
298	41	0	0	0	0	0	0	8.28554e+006	113157	0	8.3987e+006	6.70692e+006	
299	41	0	0	0	0	0	0	8.28554e+006	113157	0	8.3987e+006	6.70692e+006	
300	41	0	0	0	0	0	0	8.28554e+006	113157	0	8.3987e+006	6.70692e+006	
301	41	0	0	0	0	0	0	8.28554e+006	113157	0	8.3987e+006	6.70692e+006	
302	41	0	0	0	0	0	0	8.28554e+006	113157	0	8.3987e+006	6.70692e+006	
303	41	0	0	0	0	0	0	8.28554e+006	113157	0	8.3987e+006	6.70692e+006	
304	41	0	0	0	0	0	0	8.28554e+006	113157	0	8.3987e+006	6.70692e+006	
305	41	0	0	0	0	0	0	8.28554e+006	113157	0	8.3987e+006	6.70692e+006	
306	41	0	0	0	0	0	0	8.28554e+006	113157	0	8.3987e+006	6.70692e+006	
307	41	0	0	0	0	0	0	8.28554e+006	113157	0	8.3987e+006	6.70692e+006	
308	41	0	0	0	0	0	0	8.28554e+006	113157	0	8.3987e+006	6.70692e+006	
309	41	0	0	0	0	0	0	8.28554e+006	113157	0	8.3987e+006	6.70692e+006	
310	41	0	0	0	0	0	0	8.28554e+006	113157	0	8.3987e+006	6.70692e+006	
311	41	0	0	0	0	0	0	8.28554e+006	113157	0	8.3987e+006	6.70692e+006	
312	41	0	0	0	0	0	0	8.28554e+006	113157	0	8.3987e+006	6.70692e+006	
313	41	0	0	0	0	0	0	8.28554e+006	113157	0	8.3987e+006	6.70692e+006	
314	41	0	0	0	0	0	0	8.28554e+006	113157	0	8.3987e+006	6.70692e+006	
315	41	0	0	0	0	0	0	8.28554e+006	113157	0	8.3987e+006	6.70692e+006	
316	41	0	0	0	0	0	0	8.28554e+006	113157	0	8.3987e+006	6.70692e+006	
317	41	0	0	0	0	0	0	8.28554e+006	113157	0	8.3987e+006	6.70692e+006	
318	41	0	0	0	0	0	0	8.28554e+006	113157	0	8.3987e+006	6.70692e+006	
319	41	0	0	0	0	0	0	8.28554e+006	113157	0	8.3987e+006	6.70692e+006	
320	41	0	0	0	0	0	0	8.28554e+006	113157	0	8.3987e+006	6.70692e+006	
321	41	0	0	0	0	0	0	8.28554e+006	113157	0	8.3987e+006	6.70692e+006	
322	41	0	0	0	0	0	0	8.28554e+006	113157	0	8.3987e+006	6.70692e+006	
323	41	0	0	0	0	0	0	8.28554e+006	113157	0	8.3987e+006	6.70692e+006	
324	41	0	0	0	0	0	0	8.28554e+006	113157	0	8.3987e+006	6.70692e+006	
325	41	0	0	0	0	0	0	8.28554e+006	113157	0	8.3987e+006	6.70692e+006	
326	41	0	0	0	0	0	0	8.28554e+006	113157	0	8.3987e+006	6.70692e+006	
327	41	0	0	0	0	0	0	8.28554e+006	113157	0	8.3987e+006	6.70692e+006	
328	41	0	0	0	0	0	0	8.28554e+006	113157	0	8.3987e+006	6.70692e+006	
329	41	0	0	0	0	0	0	8.28554e+006	113157	0	8.3987e+006	6.70692e+006	
330	41	0	0	0	0	0	0	8.28554e+006	113157	0	8.3987e+006	6.70692e+006	
331	41	0	0	0	0	0	0	8.28554e+006	113157	0	8.3987e+006	6.70692e+006	
332	41	0	0	0	0	0	0	8.28554e+006	113157	0	8.3987e+006	6.70692e+006	
333	41	0	0	0	0	0	0	8.28554e+006	113157	0	8.3987e+006	6.70692e+006	
334	41	0	0	0	0	0	0	8.28554e+006	113157	0	8.3987e+006	6.70692e+006	
335	41	0	0	0	0	0	0	8.28554e+006	113157	0	8.3987e+006	6.70692e+006	
336	41	0	0	0	0	0	0	8.28554e+006	113157	0	8.3987e+006	6.70692e+006	
337	41	0	0	0	0	0	0	8.28554e+006	113157	0	8.3987e+006	6.70692e+006	
338	41	0	0	0	0	0	0	8.28554e+006	113157	0	8.3987e+006	6.70692e+006	
339	41	0	0	0	0	0	0	8.28554e+006	113157	0	8.3987e+006	6.70692e+006	
340	41	0	0	0	0	0	0	8.28554e+006	113157	0	8.3987e+006	6.70692e+006	
341	41	0	0	0	0	0	0	8.28554e+006	113157	0	8.3987e+006	6.70692e+006	
342	41	0	0	0	0	0	0	8.28554e+006	113157	0	8.3987e+006	6.70692e+006	
343	41	0	0	0	0	0	0	8.28554e+006	113157	0	8.3987e+006	6.70692e+006	
344	41	0	0	0	0	0	0	8.28554e+006	113157	0	8.3987e+006	6.70692e+006	
345	41	0	0	0	0	0	0	8.28554e+006	113157	0	8.3987e+006	6.70692e+006	
346	41	0	0	0	0	0	0	8.28554e+006	113157	0	8.3987e+006	6.70692e+006	
347	41	0	0	0	0	0	0	8.28554e+006	113157	0	8.3987e+006	6.70692e+006	
348	41	0	0	0	0	0	0	8.28554e+006	113157	0	8.3987e+006	6.70692e+006	
349	41	0	0	0	0	0	0	8.28554e+006	113157	0	8.3987e+006	6.70692e+006	
350	41	0	0	0	0	0	0	8.28554e+006	113157	0	8.3987e+006	6.70692e+006	
351	41	0	0	0	0	0	0	8.28554e+006	113157	0	8.3987e+006	6.70692e+006	
352	41	0	0	0	0	0	0	8.28554e+006	113157	0	8.3987e+006	6.70692e+006	
353	41	0	0	0	0	0	0	8.28554e+006	113157	0	8.3987e+006	6.70692e+006	
354	41	0	0	0	0	0	0	8.28554e+006	113157	0	8.3987e+006	6.70692e+006	
355	41	0	0	0	0	0	0	8.28554e+006	113157	0	8.3987e+006	6.70692e+006	
356	41	0	0	0	0	0	0	8.28554e+006	113157	0	8.3987e+006	6.70692e+006	
357	41	0	0	0	0	0	0	8.28554e+006	113157	0	8.3987e+006	6.70692e+006	
358	41	0	0	0	0	0	0	8.28554e+006	113157	0	8.3987e+006	6.70692e+006	
359	41	0	0	0	0	0	0	8.28554e+006	113157	0	8.3987e+006	6.70692e+006	
360	41	0	0	0	0	0	0	8.28554e+006	113157	0	8.3987e+006	6.70692e+006	
361	41	0	0	0	0	0	0	8.28554e+006	113157	0	8.3987e+006	6.70692e+006	
362	41	0	0	0	0	0	0	8.28554e+006	113157	0	8.3987e+006	6.70692e+006	
363	41	0	0	0	0	0	0	8.28554e+006	113157	0	8.3987e+006	6.70692e+006	
364	41	0	0	0	0	0	0	8.28554e+006	113157	0	8.3987e+006	6.70692e+006	
External infections start at day 1 and end at:	19	Number of imported cases each day	10	
Number of contacts per day:	0	
Number of contacts per day:	0	
Number of days asymptomatic patients are infectious before symptomatic	2	
Probability of transmission from exposed patients:	0.0418	
Probability of transmission from mild symptomatic patients:	0.0418	
Probability of transmission from hospitalized patients:	0	
Probability of transmission from ICU patients:	0	
Probability of testing for mild symptomatic patients:	0.75	

Adherence to Social Distancing parameters:
Day 0:	0	
Day 10:	0	
Day 20:	0	
Day 30:	0	
Day 40:	0	
Day 50:	0	
Day 60:	0	
