Day	Susceptible-LB	Susceptible-UB	Exposed-LB	Exposed-UB	Current Detected Mild Infections-LB	Current Detected Mild Infections-UB	Current Undetected Mild Infections-LB	Current Undetected Mild Infections-UB	Current Hospitalizations-LB	Current Hospitalizations-UB	Current ICU patients-LB	Current ICU patients-UB	ventilators-LB	ventilators-UB	Recovered-LB	Recovered-UB	Deaths-LB	Deaths-UB	new infections today-LB	new infections today-UB	total number of infections-LB	total number of infections-UB	Confirmed total number of infections-LB	Confirmed total number of infections-UB	
0	8.39872e+006	8.39872e+006	16	16	0	0	0	0	0	0	0	0	0	0	0	0	0	0	0	0	16	16	0	0	
1	8.39856e+006	8.39856e+006	176	176	0	0	0	0	0	0	0	0	0	0	0	0	0	0	160	160	176	176	0	0	
2	8.3984e+006	8.3984e+006	336	336	0	0	0	0	0	0	0	0	0	0	0	0	0	0	160	160	336	336	0	0	
3	8.39821e+006	8.39822e+006	521	526	0	0	0	0	0	0	0	0	0	0	0	0	0	0	185	190	521	526	0	0	
4	8.39788e+006	8.39791e+006	814	836	16	16	0	0	0	0	0	0	0	0	0	0	0	0	307	328	830	852	16	16	
5	8.39743e+006	8.39748e+006	1085	1127	131	140	36	45	0	0	0	0	0	0	0	0	0	0	425	456	1261	1303	131	140	
6	8.39683e+006	8.3969e+006	1503	1573	251	262	74	85	0	0	0	0	0	0	0	0	0	0	573	612	1839	1909	251	262	
7	8.39593e+006	8.39604e+006	2175	2282	390	406	119	134	0	0	0	0	0	0	0	0	0	0	851	904	2698	2806	390	406	
8	8.39466e+006	8.39483e+006	3075	3226	620	649	196	216	0	0	0	0	0	0	0	0	0	0	1202	1277	3911	4072	623	646	
9	8.39288e+006	8.39313e+006	4341	4556	946	994	300	323	0	0	0	0	0	0	0	0	0	0	1689	1788	5607	5853	951	989	
10	8.39039e+006	8.39074e+006	6156	6444	1362	1438	442	474	0	0	0	0	0	0	16	16	0	0	2383	2505	8001	8346	1388	1444	
11	8.3868e+006	8.38731e+006	8722	9133	1888	2004	608	651	27	35	0	0	0	0	141	149	0	0	3413	3598	11426	11933	2046	2131	
12	8.38186e+006	8.38258e+006	12235	12810	2668	2842	869	932	56	67	0	0	0	0	269	280	0	0	4710	4960	16152	16876	2959	3079	
13	8.37507e+006	8.37609e+006	17037	17823	3796	4053	1243	1321	90	103	0	0	0	0	420	435	0	0	6486	6805	22651	23669	4242	4427	
14	8.36539e+006	8.36685e+006	23878	25011	5352	5702	1753	1858	147	165	0	0	0	0	673	697	0	0	9221	9696	31886	33350	6060	6322	
15	8.35194e+006	8.35402e+006	33284	34874	7556	8053	2523	2663	238	260	0	0	0	0	1013	1053	0	0	12819	13462	44721	46796	8631	9015	
16	8.33507e+006	8.3379e+006	44680	46803	10614	11308	3585	3774	347	374	0	0	0	0	1483	1544	0	0	16107	16887	60840	63670	12173	12725	
17	8.31402e+006	8.31778e+006	58299	61061	14787	15746	5013	5269	487	522	15	19	14	17	2183	2277	0	0	20102	21066	80958	84721	17088	17857	
18	8.28839e+006	8.2933e+006	73540	77005	20726	22085	7051	7391	687	735	25	30	19	22	3183	3323	0	0	24468	25634	105438	110343	24053	25164	
19	8.25882e+006	8.26504e+006	88963	93133	28996	30902	9839	10319	989	1050	34	40	23	27	4570	4777	0	0	28241	29591	133693	139920	33766	35329	
20	8.22637e+006	8.23408e+006	103809	108705	39184	41765	13291	13922	1395	1471	51	60	31	36	6537	6833	0	0	30955	32457	164659	172366	45941	48085	
21	8.19312e+006	8.2023e+006	115471	120903	51600	54982	17457	18282	1967	2069	77	88	44	51	9362	9797	0	0	31771	33257	196441	205613	61173	64016	
22	8.16184e+006	8.17245e+006	120835	126563	66327	70655	22361	23410	2773	2917	109	122	58	67	13248	13858	0	0	29832	31294	226286	236893	79768	83491	
23	8.13663e+006	8.14834e+006	116696	122193	82510	87904	27781	29098	3893	4079	158	176	80	93	18576	19437	0	0	24105	25218	250400	262103	101292	106006	
24	8.10725e+006	8.12024e+006	113825	119130	98716	105177	33167	34729	5430	5697	223	247	110	125	26209	27430	0	0	28083	29395	278497	291483	124978	130841	
25	8.07447e+006	8.08889e+006	113396	118663	112797	120127	37932	39680	7608	7986	324	352	154	173	36766	38481	0	0	31342	32790	309851	324262	149419	156442	
26	8.03998e+006	8.05583e+006	116610	121872	123045	131075	41312	43236	10291	10784	458	491	213	237	50068	52417	0	0	33044	34505	342907	358754	172647	180785	
27	8.00356e+006	8.02093e+006	127394	133082	125990	134198	42326	44309	13529	14174	645	687	292	321	66749	69866	13	16	34884	36432	377806	395172	191687	200666	
28	7.96553e+006	7.98452e+006	135705	141732	128708	137066	43196	45229	17401	18209	896	954	405	441	87101	91184	17	20	36396	38045	414212	433205	213980	223968	
29	7.9263e+006	7.94696e+006	141916	148191	130984	139451	43998	46067	21575	22598	1256	1329	574	619	110817	115997	19	22	37551	39251	451779	472441	238809	249911	
30	7.88612e+006	7.90845e+006	147367	153872	132513	140938	44561	46625	25848	27089	1753	1852	814	869	137010	143425	22	26	38495	40187	490289	512612	265074	277350	
31	7.8453e+006	7.8693e+006	151621	158275	134831	143320	45331	47443	29487	30895	2462	2593	1147	1219	164437	172117	28	35	39135	40838	529440	553433	292793	306258	
32	7.80375e+006	7.82943e+006	155083	161798	139649	148332	47048	49208	32174	33751	3310	3480	1536	1626	190738	199649	35	42	39855	41570	569310	594988	321523	336279	
33	7.76101e+006	7.78838e+006	158564	165301	149726	159003	50342	52647	32943	34553	4381	4607	2040	2149	213001	222915	47	56	41036	42750	610359	637726	350910	366965	
34	7.71616e+006	7.74523e+006	163197	169979	157396	167066	53023	55436	33658	35300	5677	5954	2633	2766	239067	250185	63	75	43129	44863	653505	682572	381139	398477	
35	7.66979e+006	7.70059e+006	168689	175534	163246	173168	54944	57402	34259	35907	7147	7490	3321	3483	268326	280797	87	100	44627	46392	698149	728948	412017	430674	
36	7.62219e+006	7.65478e+006	174627	181576	168387	178576	56563	59111	34645	36274	8732	9161	4050	4250	299380	313219	118	134	45793	47611	743959	776542	443561	463537	
37	7.57331e+006	7.60765e+006	180705	187726	173008	183370	58067	60662	35248	36870	10295	10805	4753	4987	332058	347342	170	189	47108	48906	791085	825430	476045	497352	
38	7.52326e+006	7.55934e+006	185871	192928	178047	188495	59741	62376	36491	38137	11718	12299	5399	5670	365739	382551	230	253	48292	50069	839395	875481	510163	532812	
39	7.47218e+006	7.50999e+006	190576	197628	183294	193823	61541	64219	39059	40830	12698	13329	5841	6134	399662	417970	322	349	49329	51097	888744	926557	545478	569480	
40	7.4199e+006	7.45951e+006	195247	202318	188730	199384	63401	66085	41039	42890	13765	14435	6326	6637	434997	454838	451	486	50465	52299	939227	978839	581664	607086	
41	7.36655e+006	7.40783e+006	199801	206776	194705	205450	65393	68093	42567	44492	14769	15477	6777	7109	471431	492818	637	682	51662	53365	990910	1.03218e+006	618918	645753	
42	7.31213e+006	7.35505e+006	204263	211150	203457	214233	65138	67749	43880	45854	15728	16487	7243	7589	508825	531784	842	899	52756	54441	1.04369e+006	1.0866e+006	659525	687849	
43	7.25647e+006	7.30104e+006	208929	215731	212170	222967	64776	67304	45098	47109	16537	17318	7597	7957	547575	572149	1114	1184	53993	55679	1.0977e+006	1.14226e+006	700976	730752	
44	7.19983e+006	7.24596e+006	213521	220102	220272	231149	64053	66515	46372	48390	17204	18034	7893	8277	588464	614666	1430	1518	55057	56671	1.15278e+006	1.19891e+006	743478	774749	
45	7.14226e+006	7.19002e+006	217774	224322	228188	238969	63256	65583	47812	49839	17711	18572	8124	8534	630767	658659	1817	1920	55914	57585	1.20871e+006	1.25647e+006	786950	819646	
46	7.0838e+006	7.13307e+006	221955	228362	236209	246835	62268	64475	49237	51302	18146	19000	8320	8733	674310	703932	2223	2351	56924	58494	1.26567e+006	1.31494e+006	831438	865539	
47	7.05405e+006	7.10408e+006	196919	202455	244168	254656	61261	63361	50806	52878	18575	19428	8521	8940	719019	750369	2644	2796	28954	29775	1.29465e+006	1.34468e+006	876952	912471	
48	7.02395e+006	7.07471e+006	171216	175905	249609	259936	62599	64670	52475	54588	19129	19986	8770	9187	764708	797729	3043	3217	29352	30123	1.32403e+006	1.37478e+006	922917	959766	
49	6.99338e+006	7.04481e+006	145176	148922	254851	265073	63963	66000	54129	56244	20074	20973	9209	9654	811133	845824	3368	3556	29870	30607	1.35393e+006	1.40536e+006	969520	1.00774e+006	
50	6.96431e+006	7.01643e+006	116596	119527	260092	270013	65256	67180	55595	57726	20898	21812	9592	10045	858935	895381	3756	3962	28347	29095	1.38231e+006	1.43442e+006	1.01703e+006	1.05656e+006	
51	6.93687e+006	6.98957e+006	114465	117228	242039	251053	60699	62451	56928	59055	21651	22576	9932	10381	908096	946180	4190	4417	26829	27469	1.40916e+006	1.46187e+006	1.04221e+006	1.08242e+006	
52	6.91125e+006	6.96445e+006	110212	112754	223415	231485	56029	57592	58262	60355	22337	23283	10217	10684	958415	998141	4625	4872	25092	25656	1.43429e+006	1.48749e+006	1.06776e+006	1.10864e+006	
53	6.88747e+006	6.94112e+006	103634	105959	204199	211293	51221	52613	59660	61713	23044	24015	10560	11047	1.00987e+006	1.05123e+006	5084	5349	23296	23808	1.45761e+006	1.51127e+006	1.09376e+006	1.13525e+006	
54	6.86556e+006	6.91965e+006	96728	98801	182881	189077	45928	47155	60961	62948	23729	24712	10893	11383	1.06247e+006	1.10543e+006	5577	5866	21438	21941	1.47909e+006	1.53317e+006	1.11859e+006	1.16068e+006	
55	6.84587e+006	6.90031e+006	89212	91053	159813	164959	40019	41048	62217	64197	24415	25400	11214	11698	1.11596e+006	1.16053e+006	6079	6394	19305	19729	1.49842e+006	1.55287e+006	1.14231e+006	1.18493e+006	
56	6.82848e+006	6.88318e+006	81214	82821	134464	138595	33628	34483	63524	65465	25090	26080	11544	12019	1.17041e+006	1.2165e+006	6600	6936	17090	17428	1.51556e+006	1.57026e+006	1.1647e+006	1.20778e+006	
57	6.81374e+006	6.86862e+006	72447	73794	129977	133796	32492	33280	59122	60888	25787	26787	11889	12362	1.20256e+006	1.24957e+006	7133	7491	14526	14784	1.53012e+006	1.585e+006	1.18451e+006	1.228e+006	
58	6.7996e+006	6.85468e+006	64910	66024	123651	127184	30948	31665	54618	56192	26493	27501	12228	12716	1.23518e+006	1.28307e+006	7682	8067	13892	14179	1.54406e+006	1.59914e+006	1.20282e+006	1.24669e+006	
59	6.78637e+006	6.84161e+006	58644	59566	115253	118467	28809	29477	49866	51259	27261	28263	12573	13055	1.26851e+006	1.31723e+006	8239	8653	13030	13280	1.55713e+006	1.61237e+006	1.21949e+006	1.26366e+006	
60	6.77425e+006	6.82961e+006	53506	54296	106309	109084	26550	27139	44701	45908	27950	28951	12876	13352	1.30079e+006	1.35036e+006	8818	9249	11954	12157	1.56913e+006	1.62448e+006	1.23431e+006	1.2787e+006	
61	6.76311e+006	6.81859e+006	49962	50693	96484	98848	24125	24637	39011	40034	28622	29643	13172	13669	1.33205e+006	1.38237e+006	9424	9879	10980	11184	1.58015e+006	1.63562e+006	1.24702e+006	1.29157e+006	
62	6.75297e+006	6.80853e+006	46080	46705	87545	89627	21889	22354	32738	33570	29286	30267	13490	13966	1.36214e+006	1.41317e+006	10065	10542	10007	10194	1.59021e+006	1.64577e+006	1.25916e+006	1.30389e+006	
63	6.74371e+006	6.79936e+006	42162	42740	79352	81141	19858	20271	31640	32415	28272	29181	13007	13449	1.38693e+006	1.43851e+006	10712	11217	9115	9313	1.59938e+006	1.65503e+006	1.27049e+006	1.31538e+006	
64	6.73524e+006	6.79093e+006	38572	39118	71827	73288	17947	18293	30070	30802	27184	28020	12522	12926	1.41039e+006	1.46253e+006	11368	11892	8374	8525	1.6078e+006	1.6635e+006	1.28093e+006	1.32592e+006	
65	6.72767e+006	6.78341e+006	35073	35545	65186	66409	16304	16584	28028	28702	26105	26878	12004	12378	1.43217e+006	1.48477e+006	12048	12596	7478	7612	1.61532e+006	1.67107e+006	1.29049e+006	1.3356e+006	
66	6.72072e+006	6.7765e+006	31939	32336	59577	60642	14842	15104	25827	26442	24856	25592	11413	11776	1.45207e+006	1.50501e+006	12725	13295	6860	6998	1.62224e+006	1.67801e+006	1.29925e+006	1.34442e+006	
67	6.71451e+006	6.7703e+006	28959	29307	56185	57186	12842	13070	23474	23984	23444	24121	10752	11081	1.46971e+006	1.52295e+006	13424	14013	6141	6278	1.62844e+006	1.68423e+006	1.30808e+006	1.35334e+006	
68	6.70878e+006	6.76457e+006	26257	26562	52614	53468	10919	11110	21333	21780	21903	22511	10032	10336	1.48661e+006	1.54018e+006	14134	14742	5660	5792	1.63416e+006	1.68996e+006	1.31621e+006	1.36152e+006	
69	6.70348e+006	6.7593e+006	23996	24297	48954	49700	9035	9203	19383	19761	20137	20670	9222	9494	1.50266e+006	1.5565e+006	14877	15509	5229	5335	1.63943e+006	1.69525e+006	1.32349e+006	1.36886e+006	
70	6.69867e+006	6.75449e+006	21889	22175	45563	46255	7334	7487	17518	17853	18224	18704	8354	8606	1.51769e+006	1.57173e+006	15620	16271	4762	4869	1.64425e+006	1.70007e+006	1.33018e+006	1.37557e+006	
71	6.69427e+006	6.75007e+006	20097	20361	42322	42924	5761	5887	15883	16182	16141	16555	7407	7625	1.53164e+006	1.5859e+006	16395	17073	4352	4461	1.64867e+006	1.70446e+006	1.3362e+006	1.38161e+006	
72	6.69027e+006	6.74604e+006	18398	18642	39411	39920	4355	4459	14481	14737	13907	14261	6372	6569	1.54458e+006	1.59901e+006	17155	17845	3964	4069	1.6527e+006	1.70847e+006	1.34172e+006	1.38715e+006	
73	6.68665e+006	6.74244e+006	16732	16971	35903	36342	3972	4065	13398	13654	13094	13416	6007	6188	1.55526e+006	1.60983e+006	17531	18226	3564	3663	1.6563e+006	1.71209e+006	1.34663e+006	1.39209e+006	
74	6.6833e+006	6.73907e+006	15274	15520	32646	33060	3605	3701	12310	12549	12246	12551	5600	5770	1.56522e+006	1.61987e+006	17927	18631	3307	3415	1.65967e+006	1.71544e+006	1.35114e+006	1.39658e+006	
75	6.68032e+006	6.73607e+006	13852	14103	29820	30230	3295	3390	11200	11414	11295	11576	5165	5325	1.57439e+006	1.62913e+006	18339	19051	2943	3030	1.66267e+006	1.71841e+006	1.35525e+006	1.40068e+006	
76	6.67755e+006	6.73328e+006	12630	12855	27219	27597	3000	3094	10224	10413	10376	10630	4745	4897	1.58281e+006	1.63763e+006	18722	19447	2737	2826	1.66546e+006	1.72119e+006	1.35902e+006	1.40443e+006	
77	6.67504e+006	6.73075e+006	11531	11765	24896	25234	2752	2835	9295	9469	9503	9734	4352	4494	1.59044e+006	1.64533e+006	19084	19815	2477	2561	1.66799e+006	1.72369e+006	1.36239e+006	1.40781e+006	
78	6.67278e+006	6.72846e+006	10451	10676	22779	23112	2509	2589	8475	8633	8652	8852	3958	4089	1.59749e+006	1.65242e+006	19434	20170	2231	2322	1.67028e+006	1.72596e+006	1.36553e+006	1.41094e+006	
79	6.67066e+006	6.72632e+006	9601	9804	20718	21056	2271	2352	7716	7850	7878	8053	3603	3723	1.60398e+006	1.65896e+006	19754	20494	2089	2162	1.67241e+006	1.72808e+006	1.36835e+006	1.41373e+006	
80	6.66878e+006	6.72442e+006	8706	8923	18884	19214	2080	2152	7005	7140	7167	7323	3270	3379	1.60992e+006	1.66492e+006	20046	20795	1852	1934	1.67432e+006	1.72996e+006	1.37095e+006	1.41632e+006	
81	6.66704e+006	6.72265e+006	7948	8152	17177	17514	1898	1967	6414	6544	6492	6633	2971	3066	1.61534e+006	1.67034e+006	20307	21061	1719	1790	1.67609e+006	1.7317e+006	1.37331e+006	1.41865e+006	
82	6.66543e+006	6.72102e+006	7293	7487	15621	15938	1723	1794	5858	5979	5914	6047	2704	2790	1.62028e+006	1.67528e+006	20522	21283	1581	1653	1.67772e+006	1.7333e+006	1.37544e+006	1.42077e+006	
83	6.66398e+006	6.71954e+006	6635	6826	14285	14595	1578	1642	5352	5469	5449	5574	2490	2576	1.62467e+006	1.67969e+006	20710	21476	1433	1500	1.6792e+006	1.73475e+006	1.37744e+006	1.42275e+006	
84	6.66266e+006	6.7182e+006	6079	6258	12963	13272	1435	1495	4892	5006	4986	5107	2283	2366	1.62878e+006	1.68378e+006	20894	21665	1302	1360	1.68054e+006	1.73607e+006	1.37922e+006	1.4245e+006	
85	6.66146e+006	6.71697e+006	5545	5717	11848	12142	1325	1385	4477	4587	4539	4648	2076	2158	1.63247e+006	1.68745e+006	21072	21846	1187	1247	1.68177e+006	1.73728e+006	1.38085e+006	1.42611e+006	
86	6.66034e+006	6.71583e+006	5062	5220	10794	11093	1211	1273	4079	4189	4141	4241	1893	1970	1.63589e+006	1.69087e+006	21229	22009	1101	1152	1.6829e+006	1.7384e+006	1.38237e+006	1.42761e+006	
87	6.65935e+006	6.71482e+006	4604	4754	9862	10142	1100	1161	3703	3815	3767	3864	1721	1792	1.63903e+006	1.69399e+006	21372	22151	974	1035	1.68392e+006	1.73939e+006	1.38375e+006	1.42896e+006	
88	6.65842e+006	6.71387e+006	4211	4353	9026	9288	1002	1058	3362	3472	3442	3542	1583	1654	1.64184e+006	1.69678e+006	21511	22290	906	962	1.68486e+006	1.74031e+006	1.385e+006	1.43019e+006	
89	6.65755e+006	6.71299e+006	3873	4009	8209	8469	914	965	3065	3177	3127	3217	1442	1501	1.64446e+006	1.6994e+006	21633	22413	851	900	1.68575e+006	1.74118e+006	1.38614e+006	1.43132e+006	
90	6.6568e+006	6.71222e+006	3511	3644	7533	7770	837	884	2776	2876	2846	2928	1319	1370	1.64683e+006	1.70174e+006	21747	22530	738	788	1.68652e+006	1.74194e+006	1.38719e+006	1.43235e+006	
91	6.65608e+006	6.71149e+006	3233	3368	6872	7108	750	795	2530	2624	2596	2676	1201	1251	1.64899e+006	1.70388e+006	21851	22635	701	754	1.68725e+006	1.74266e+006	1.38815e+006	1.43328e+006	
92	6.65541e+006	6.71081e+006	2977	3104	6270	6490	676	722	2317	2406	2365	2439	1098	1145	1.65097e+006	1.70584e+006	21948	22734	652	696	1.68793e+006	1.74333e+006	1.38903e+006	1.43415e+006	
93	6.65481e+006	6.71019e+006	2706	2832	5749	5953	616	659	2117	2198	2162	2233	1001	1047	1.65277e+006	1.70761e+006	22034	22819	581	626	1.68854e+006	1.74392e+006	1.38985e+006	1.43495e+006	
94	6.65427e+006	6.70964e+006	2500	2616	5236	5429	571	607	1937	2013	1960	2032	908	954	1.65442e+006	1.70924e+006	22112	22898	533	573	1.6891e+006	1.74447e+006	1.39057e+006	1.43566e+006	
95	6.65377e+006	6.70912e+006	2284	2391	4794	4986	523	561	1768	1844	1789	1852	831	873	1.65592e+006	1.71072e+006	22181	22968	488	526	1.68962e+006	1.74497e+006	1.39125e+006	1.43633e+006	
96	6.65308e+006	6.70841e+006	2310	2423	4390	4580	476	514	1619	1695	1629	1688	754	797	1.6573e+006	1.71209e+006	22246	23032	680	726	1.69033e+006	1.74566e+006	1.39188e+006	1.43695e+006	
97	6.65245e+006	6.70776e+006	2337	2454	4029	4212	438	478	1476	1553	1485	1544	686	729	1.65854e+006	1.71331e+006	22305	23092	609	656	1.69097e+006	1.74628e+006	1.39245e+006	1.4375e+006	
98	6.65185e+006	6.70715e+006	2390	2513	3690	3860	404	440	1341	1416	1351	1406	620	659	1.6597e+006	1.71445e+006	22360	23145	586	631	1.69159e+006	1.74689e+006	1.39297e+006	1.43802e+006	
99	6.65129e+006	6.70658e+006	2443	2573	3362	3526	367	403	1213	1284	1228	1282	563	604	1.66079e+006	1.71552e+006	22410	23194	543	583	1.69216e+006	1.74744e+006	1.39345e+006	1.43848e+006	
100	6.65075e+006	6.70603e+006	2290	2413	3312	3478	357	390	1109	1174	1110	1165	508	549	1.66174e+006	1.71646e+006	22457	23240	526	567	1.69271e+006	1.74798e+006	1.39412e+006	1.43912e+006	
101	6.65024e+006	6.70549e+006	2183	2308	3227	3396	345	380	1010	1072	1016	1066	467	509	1.66264e+006	1.71733e+006	22498	23280	504	550	1.69325e+006	1.7485e+006	1.39471e+006	1.4397e+006	
102	6.64974e+006	6.70497e+006	2083	2212	3166	3336	340	373	926	984	931	982	428	468	1.66345e+006	1.71813e+006	22534	23316	487	534	1.69377e+006	1.749e+006	1.39527e+006	1.44025e+006	
103	6.64925e+006	6.70446e+006	2020	2144	3129	3300	337	370	855	910	849	897	388	425	1.66419e+006	1.71885e+006	22570	23350	480	517	1.69427e+006	1.74949e+006	1.3958e+006	1.44076e+006	
104	6.64877e+006	6.70397e+006	1952	2080	3115	3293	342	373	776	826	776	819	353	387	1.66487e+006	1.71953e+006	22597	23378	460	501	1.69476e+006	1.74996e+006	1.3963e+006	1.44125e+006	
105	6.64829e+006	6.70348e+006	1909	2039	3128	3314	344	377	720	767	713	752	324	357	1.66548e+006	1.72012e+006	22625	23405	462	507	1.69525e+006	1.75044e+006	1.39679e+006	1.44173e+006	
106	6.64781e+006	6.70298e+006	1896	2025	2955	3140	325	356	706	756	648	686	298	327	1.66625e+006	1.72086e+006	22654	23433	473	521	1.69576e+006	1.75093e+006	1.39728e+006	1.44219e+006	
107	6.64736e+006	6.70251e+006	1856	1988	2834	3015	315	344	691	745	589	628	270	299	1.66693e+006	1.72153e+006	22680	23460	438	481	1.69623e+006	1.75138e+006	1.39775e+006	1.44264e+006	
108	6.64692e+006	6.70205e+006	1821	1952	2726	2909	294	324	675	727	531	573	244	271	1.6676e+006	1.72218e+006	22704	23482	426	465	1.69668e+006	1.75182e+006	1.3982e+006	1.44309e+006	
109	6.64649e+006	6.70161e+006	1773	1907	2656	2841	283	315	659	712	488	525	226	249	1.66821e+006	1.72278e+006	22723	23500	416	460	1.69713e+006	1.75225e+006	1.39866e+006	1.44353e+006	
110	6.64607e+006	6.70117e+006	1706	1831	2615	2807	270	302	665	718	445	479	204	225	1.66878e+006	1.72334e+006	22742	23518	405	446	1.69756e+006	1.75266e+006	1.39913e+006	1.44398e+006	
111	6.64568e+006	6.70076e+006	1653	1772	2558	2749	260	293	667	721	403	439	186	208	1.66934e+006	1.72388e+006	22759	23536	386	421	1.69797e+006	1.75306e+006	1.39956e+006	1.4444e+006	
112	6.64528e+006	6.70035e+006	1613	1734	2499	2685	257	290	633	684	382	414	177	197	1.66991e+006	1.72443e+006	22770	23547	387	426	1.69839e+006	1.75346e+006	1.39998e+006	1.4448e+006	
113	6.6449e+006	6.69995e+006	1567	1683	2443	2636	249	282	604	655	362	393	166	187	1.67045e+006	1.72495e+006	22782	23560	369	410	1.69879e+006	1.75384e+006	1.40039e+006	1.4452e+006	
114	6.64452e+006	6.69955e+006	1530	1649	2393	2584	246	276	581	632	352	380	159	179	1.67097e+006	1.72545e+006	22793	23570	369	411	1.69919e+006	1.75422e+006	1.4008e+006	1.44559e+006	
115	6.64414e+006	6.69916e+006	1511	1634	2320	2507	240	271	567	617	339	365	152	171	1.67147e+006	1.72595e+006	22805	23581	367	406	1.69958e+006	1.7546e+006	1.40117e+006	1.44596e+006	
116	6.64377e+006	6.69876e+006	1486	1616	2241	2419	233	264	559	610	325	353	143	162	1.67199e+006	1.72644e+006	22815	23591	362	408	1.69998e+006	1.75497e+006	1.40156e+006	1.44632e+006	
117	6.64341e+006	6.69839e+006	1464	1591	2176	2351	231	259	541	592	315	345	140	159	1.67248e+006	1.72691e+006	22825	23601	348	384	1.70035e+006	1.75533e+006	1.40192e+006	1.44667e+006	
118	6.64307e+006	6.69803e+006	1427	1549	2126	2308	222	250	526	574	312	342	137	156	1.67294e+006	1.72736e+006	22833	23610	332	370	1.70071e+006	1.75567e+006	1.4023e+006	1.44703e+006	
119	6.64273e+006	6.69767e+006	1391	1513	2080	2254	221	249	510	557	307	337	132	151	1.6734e+006	1.7278e+006	22841	23618	331	369	1.70107e+006	1.75601e+006	1.40266e+006	1.44737e+006	
120	6.64239e+006	6.69732e+006	1351	1467	2036	2217	221	248	493	542	305	334	131	149	1.67385e+006	1.72823e+006	22847	23624	323	362	1.70142e+006	1.75635e+006	1.40302e+006	1.44771e+006	
121	6.64206e+006	6.69697e+006	1321	1438	1999	2181	220	246	481	526	305	334	130	148	1.67426e+006	1.72864e+006	22854	23632	318	355	1.70177e+006	1.75667e+006	1.40336e+006	1.44804e+006	
122	6.64175e+006	6.69663e+006	1299	1415	1946	2129	216	244	465	507	297	326	127	146	1.6747e+006	1.72905e+006	22862	23639	311	345	1.7021e+006	1.75699e+006	1.40369e+006	1.44836e+006	
123	6.64143e+006	6.6963e+006	1271	1382	1913	2096	209	237	456	499	284	314	123	143	1.67511e+006	1.72944e+006	22870	23648	302	338	1.70243e+006	1.7573e+006	1.40402e+006	1.44867e+006	
124	6.64113e+006	6.69598e+006	1246	1356	1867	2047	211	237	449	493	274	301	119	137	1.67552e+006	1.72983e+006	22881	23659	299	335	1.70276e+006	1.75761e+006	1.40435e+006	1.44898e+006	
125	6.64082e+006	6.69566e+006	1220	1335	1828	2003	202	228	443	488	260	288	113	131	1.67592e+006	1.73022e+006	22891	23669	293	332	1.70308e+006	1.75791e+006	1.40467e+006	1.44928e+006	
126	6.64053e+006	6.69535e+006	1191	1309	1784	1949	194	220	439	483	252	279	110	128	1.67632e+006	1.7306e+006	22899	23676	281	320	1.70339e+006	1.7582e+006	1.40498e+006	1.44958e+006	
127	6.64024e+006	6.69503e+006	1175	1291	1748	1918	182	208	435	479	246	270	108	125	1.6767e+006	1.73096e+006	22907	23684	285	321	1.7037e+006	1.7585e+006	1.40529e+006	1.44987e+006	
128	6.63995e+006	6.69472e+006	1160	1278	1721	1888	176	202	424	465	237	260	107	124	1.67707e+006	1.73132e+006	22915	23691	283	322	1.70402e+006	1.75879e+006	1.40559e+006	1.45016e+006	
129	6.63967e+006	6.69443e+006	1130	1246	1686	1854	174	198	416	459	232	254	106	123	1.67744e+006	1.73166e+006	22922	23698	264	299	1.7043e+006	1.75907e+006	1.40589e+006	1.45044e+006	
130	6.6394e+006	6.69414e+006	1114	1227	1649	1818	168	193	406	453	225	250	104	121	1.67779e+006	1.732e+006	22929	23706	266	299	1.7046e+006	1.75934e+006	1.40617e+006	1.4507e+006	
131	6.63913e+006	6.69385e+006	1089	1201	1618	1787	166	191	394	436	219	243	103	118	1.67815e+006	1.73235e+006	22935	23712	261	295	1.70488e+006	1.75961e+006	1.40646e+006	1.45097e+006	
132	6.63885e+006	6.69356e+006	1074	1187	1592	1763	166	191	385	424	210	234	96	111	1.67851e+006	1.73268e+006	22941	23717	269	308	1.70518e+006	1.75989e+006	1.40675e+006	1.45125e+006	
133	6.63859e+006	6.69328e+006	1059	1170	1555	1725	165	190	366	405	208	232	94	110	1.67885e+006	1.73301e+006	22947	23724	249	283	1.70545e+006	1.76015e+006	1.40702e+006	1.4515e+006	
134	6.63834e+006	6.69301e+006	1041	1152	1524	1696	161	185	358	398	202	229	93	108	1.67918e+006	1.73332e+006	22952	23729	247	281	1.70573e+006	1.7604e+006	1.40729e+006	1.45175e+006	
135	6.63809e+006	6.69275e+006	1016	1125	1492	1661	159	186	349	389	201	227	93	108	1.67951e+006	1.73363e+006	22958	23735	236	269	1.70599e+006	1.76065e+006	1.40755e+006	1.452e+006	
136	6.63784e+006	6.69249e+006	983	1090	1481	1649	158	185	342	383	197	222	89	103	1.67982e+006	1.73392e+006	22963	23739	237	270	1.70625e+006	1.76089e+006	1.40783e+006	1.45226e+006	
137	6.63761e+006	6.69224e+006	959	1065	1449	1615	154	181	342	381	195	220	88	103	1.68013e+006	1.73422e+006	22968	23744	226	257	1.7065e+006	1.76113e+006	1.40808e+006	1.45249e+006	
138	6.63737e+006	6.69198e+006	942	1051	1412	1576	154	179	333	374	194	218	86	102	1.68045e+006	1.73452e+006	22973	23750	231	268	1.70675e+006	1.76137e+006	1.40832e+006	1.45273e+006	
139	6.63714e+006	6.69174e+006	927	1037	1384	1546	155	179	335	379	186	211	82	98	1.68074e+006	1.73479e+006	22979	23756	221	255	1.707e+006	1.7616e+006	1.40856e+006	1.45295e+006	
140	6.6369e+006	6.69149e+006	917	1025	1359	1520	152	175	332	373	182	207	81	97	1.68103e+006	1.73507e+006	22984	23761	227	258	1.70725e+006	1.76183e+006	1.4088e+006	1.45318e+006	
141	6.63667e+006	6.69124e+006	919	1026	1332	1491	143	166	332	368	178	203	78	95	1.68132e+006	1.73534e+006	22989	23766	228	258	1.7075e+006	1.76207e+006	1.40904e+006	1.4534e+006	
142	6.63644e+006	6.691e+006	904	1005	1296	1456	140	163	325	361	175	200	78	95	1.68162e+006	1.73562e+006	22994	23771	216	247	1.70773e+006	1.7623e+006	1.40928e+006	1.45362e+006	
143	6.63622e+006	6.69077e+006	893	993	1271	1432	136	159	317	353	173	199	77	94	1.6819e+006	1.73588e+006	22998	23776	209	243	1.70797e+006	1.76252e+006	1.40951e+006	1.45384e+006	
144	6.636e+006	6.69053e+006	879	982	1256	1415	130	154	311	348	171	195	75	92	1.68218e+006	1.73614e+006	23003	23780	214	246	1.7082e+006	1.76274e+006	1.40974e+006	1.45406e+006	
145	6.63579e+006	6.69031e+006	854	957	1251	1406	127	151	301	337	167	193	74	91	1.68244e+006	1.7364e+006	23008	23785	201	235	1.70843e+006	1.76295e+006	1.40997e+006	1.45428e+006	
146	6.63558e+006	6.69009e+006	839	938	1231	1385	127	148	291	329	165	192	76	94	1.68271e+006	1.73665e+006	23013	23789	200	228	1.70865e+006	1.76316e+006	1.41019e+006	1.45448e+006	
147	6.63537e+006	6.68987e+006	828	925	1212	1369	129	150	284	323	158	184	72	90	1.68297e+006	1.73689e+006	23019	23795	199	230	1.70887e+006	1.76337e+006	1.4104e+006	1.45468e+006	
148	6.63517e+006	6.68965e+006	809	901	1199	1352	125	146	281	321	153	178	72	88	1.68323e+006	1.73714e+006	23023	23799	195	223	1.70909e+006	1.76357e+006	1.41062e+006	1.45489e+006	
149	6.63498e+006	6.68944e+006	791	882	1182	1330	125	145	272	313	154	178	73	88	1.68348e+006	1.73737e+006	23026	23801	184	214	1.70929e+006	1.76376e+006	1.41083e+006	1.45508e+006	
150	6.63478e+006	6.68923e+006	780	872	1157	1302	123	143	267	306	152	175	72	87	1.68374e+006	1.73761e+006	23028	23804	190	218	1.7095e+006	1.76396e+006	1.41103e+006	1.45527e+006	
151	6.63459e+006	6.68904e+006	759	849	1133	1278	118	138	271	311	146	170	70	85	1.68398e+006	1.73784e+006	23032	23808	179	205	1.7097e+006	1.76414e+006	1.41123e+006	1.45547e+006	
152	6.6344e+006	6.68882e+006	755	846	1113	1256	117	137	268	306	143	168	68	84	1.68422e+006	1.73807e+006	23037	23811	191	220	1.70991e+006	1.76434e+006	1.41143e+006	1.45566e+006	
153	6.63421e+006	6.68863e+006	746	835	1088	1229	116	136	260	299	137	161	64	79	1.68447e+006	1.7383e+006	23043	23817	176	203	1.71011e+006	1.76452e+006	1.41162e+006	1.45583e+006	
154	6.63403e+006	6.68843e+006	731	820	1066	1202	114	134	255	290	135	160	64	79	1.68471e+006	1.73853e+006	23047	23821	176	202	1.7103e+006	1.76471e+006	1.41182e+006	1.45601e+006	
155	6.63385e+006	6.68823e+006	730	821	1045	1176	111	132	249	283	133	156	63	77	1.68494e+006	1.73874e+006	23052	23825	177	208	1.7105e+006	1.76489e+006	1.412e+006	1.45618e+006	
156	6.63366e+006	6.68804e+006	718	805	1034	1170	110	133	246	280	128	149	59	72	1.68516e+006	1.73896e+006	23056	23829	178	205	1.7107e+006	1.76508e+006	1.41219e+006	1.45637e+006	
157	6.63348e+006	6.68784e+006	719	806	1011	1146	108	131	236	272	132	153	62	75	1.68538e+006	1.73917e+006	23060	23832	176	202	1.7109e+006	1.76526e+006	1.41238e+006	1.45654e+006	
158	6.63329e+006	6.68765e+006	716	807	995	1127	106	128	233	269	127	149	59	72	1.6856e+006	1.73937e+006	23064	23836	174	203	1.71109e+006	1.76544e+006	1.41255e+006	1.45671e+006	
159	6.63313e+006	6.68747e+006	702	787	990	1122	105	125	231	266	126	148	57	70	1.68581e+006	1.73956e+006	23069	23841	162	188	1.71127e+006	1.76561e+006	1.41274e+006	1.45688e+006	
160	6.63294e+006	6.68727e+006	699	783	978	1110	104	125	227	262	124	144	57	69	1.68602e+006	1.73976e+006	23072	23844	174	202	1.71146e+006	1.76579e+006	1.41292e+006	1.45705e+006	
161	6.63277e+006	6.68709e+006	683	766	977	1107	104	124	228	261	123	143	56	67	1.68622e+006	1.73995e+006	23075	23846	161	186	1.71164e+006	1.76596e+006	1.4131e+006	1.45722e+006	
162	6.6326e+006	6.68691e+006	678	759	964	1095	101	120	224	257	120	139	55	65	1.68644e+006	1.74015e+006	23079	23850	169	196	1.71183e+006	1.76614e+006	1.41328e+006	1.45739e+006	
163	6.63243e+006	6.68672e+006	678	763	950	1078	103	121	220	252	119	138	56	67	1.68663e+006	1.74033e+006	23083	23853	164	190	1.71201e+006	1.76631e+006	1.41345e+006	1.45754e+006	
164	6.63226e+006	6.68655e+006	660	747	948	1075	104	122	214	244	115	135	54	66	1.68684e+006	1.74052e+006	23087	23857	156	185	1.71219e+006	1.76647e+006	1.41362e+006	1.45771e+006	
165	6.6321e+006	6.68637e+006	657	742	933	1055	102	121	208	240	112	132	53	65	1.68704e+006	1.74071e+006	23091	23861	158	181	1.71237e+006	1.76664e+006	1.41378e+006	1.45786e+006	
166	6.63192e+006	6.68619e+006	654	736	920	1044	105	123	203	234	113	133	53	65	1.68724e+006	1.7409e+006	23093	23863	166	190	1.71255e+006	1.76681e+006	1.41395e+006	1.45802e+006	
167	6.63176e+006	6.68601e+006	650	736	907	1032	106	124	206	236	108	127	49	62	1.68743e+006	1.74108e+006	23096	23866	160	190	1.71273e+006	1.76698e+006	1.41412e+006	1.45818e+006	
168	6.6316e+006	6.68584e+006	642	722	890	1013	106	124	206	236	106	125	48	60	1.68763e+006	1.74126e+006	23099	23869	148	172	1.71289e+006	1.76714e+006	1.41429e+006	1.45833e+006	
169	6.63143e+006	6.68566e+006	647	730	884	1007	105	125	204	233	104	123	47	59	1.68781e+006	1.74144e+006	23103	23872	162	190	1.71308e+006	1.76731e+006	1.41444e+006	1.45848e+006	
170	6.63128e+006	6.6855e+006	627	709	879	1002	101	120	207	235	103	122	46	56	1.688e+006	1.74161e+006	23105	23874	144	170	1.71324e+006	1.76746e+006	1.41461e+006	1.45864e+006	
171	6.63112e+006	6.68533e+006	619	697	879	1006	101	119	206	232	104	123	47	58	1.68818e+006	1.74178e+006	23107	23876	152	179	1.71341e+006	1.76762e+006	1.41478e+006	1.45879e+006	
172	6.63096e+006	6.68516e+006	617	699	864	987	95	115	207	235	103	122	47	57	1.68836e+006	1.74195e+006	23110	23879	147	173	1.71357e+006	1.76777e+006	1.41493e+006	1.45894e+006	
173	6.63081e+006	6.685e+006	601	677	868	989	90	111	201	230	103	121	45	55	1.68855e+006	1.74213e+006	23112	23882	145	168	1.71373e+006	1.76793e+006	1.4151e+006	1.4591e+006	
174	6.63065e+006	6.68483e+006	607	684	857	975	89	109	196	225	99	118	42	53	1.68873e+006	1.7423e+006	23116	23885	152	176	1.7139e+006	1.76808e+006	1.41525e+006	1.45924e+006	
175	6.6305e+006	6.68466e+006	605	682	851	971	90	110	190	218	99	118	42	52	1.68891e+006	1.74247e+006	23119	23888	151	176	1.71407e+006	1.76824e+006	1.41541e+006	1.45938e+006	
176	6.63034e+006	6.6845e+006	605	682	833	955	89	109	184	214	97	115	41	52	1.68909e+006	1.74264e+006	23122	23891	147	173	1.71424e+006	1.7684e+006	1.41556e+006	1.45952e+006	
177	6.63019e+006	6.68434e+006	600	676	823	935	87	105	184	214	93	112	41	51	1.68928e+006	1.74281e+006	23125	23894	140	162	1.71439e+006	1.76854e+006	1.41571e+006	1.45967e+006	
178	6.63005e+006	6.68419e+006	588	666	823	938	89	108	177	205	92	111	39	50	1.68945e+006	1.74297e+006	23126	23895	140	166	1.71455e+006	1.76869e+006	1.41586e+006	1.45981e+006	
179	6.6299e+006	6.68403e+006	579	655	813	927	87	105	180	208	90	108	40	51	1.68963e+006	1.74314e+006	23129	23898	142	164	1.71471e+006	1.76884e+006	1.41602e+006	1.45996e+006	
180	6.62975e+006	6.68387e+006	572	643	816	931	86	105	179	209	87	105	39	50	1.68979e+006	1.7433e+006	23132	23901	138	164	1.71486e+006	1.76899e+006	1.41617e+006	1.4601e+006	
181	6.62961e+006	6.68373e+006	564	639	807	919	82	101	184	215	84	102	37	47	1.68995e+006	1.74345e+006	23135	23904	132	157	1.71501e+006	1.76913e+006	1.41632e+006	1.46024e+006	
182	6.62947e+006	6.68358e+006	560	629	798	910	84	102	186	218	84	101	36	47	1.69011e+006	1.7436e+006	23137	23906	136	156	1.71516e+006	1.76927e+006	1.41646e+006	1.46037e+006	
183	6.62932e+006	6.68342e+006	555	625	794	905	85	104	183	212	80	98	35	47	1.69028e+006	1.74376e+006	23140	23908	138	160	1.71531e+006	1.76942e+006	1.4166e+006	1.46051e+006	
184	6.62917e+006	6.68327e+006	558	628	785	896	81	99	184	215	79	97	35	46	1.69044e+006	1.74391e+006	23144	23912	140	166	1.71547e+006	1.76956e+006	1.41675e+006	1.46064e+006	
185	6.62903e+006	6.68311e+006	559	630	761	873	86	104	180	212	80	98	35	46	1.69061e+006	1.74407e+006	23146	23914	134	159	1.71562e+006	1.76971e+006	1.41688e+006	1.46077e+006	
186	6.62889e+006	6.68297e+006	557	627	752	855	85	103	180	211	80	98	35	46	1.69078e+006	1.74422e+006	23149	23916	134	153	1.71577e+006	1.76984e+006	1.41702e+006	1.4609e+006	
187	6.62875e+006	6.68281e+006	557	629	749	852	86	105	174	204	81	99	34	45	1.69094e+006	1.74437e+006	23151	23918	138	162	1.71592e+006	1.76999e+006	1.41716e+006	1.46103e+006	
188	6.6286e+006	6.68266e+006	560	625	750	853	87	105	170	201	81	98	35	46	1.69109e+006	1.74452e+006	23154	23921	142	163	1.71608e+006	1.77014e+006	1.4173e+006	1.46117e+006	
189	6.62845e+006	6.68251e+006	561	624	744	849	85	102	172	204	79	96	34	45	1.69125e+006	1.74467e+006	23157	23923	136	157	1.71623e+006	1.77028e+006	1.41744e+006	1.4613e+006	
190	6.62832e+006	6.68236e+006	555	621	738	840	85	102	173	203	80	96	34	44	1.6914e+006	1.74481e+006	23160	23926	127	150	1.71637e+006	1.77042e+006	1.41758e+006	1.46143e+006	
191	6.62818e+006	6.68222e+006	549	611	747	848	82	99	166	197	80	96	34	45	1.69155e+006	1.74496e+006	23162	23928	133	152	1.71652e+006	1.77056e+006	1.41772e+006	1.46156e+006	
192	6.62804e+006	6.68207e+006	541	605	753	855	82	100	163	191	79	95	34	45	1.69171e+006	1.7451e+006	23165	23930	133	157	1.71667e+006	1.7707e+006	1.41786e+006	1.4617e+006	
193	6.6279e+006	6.68192e+006	537	601	753	854	80	97	164	193	81	96	34	45	1.69186e+006	1.74524e+006	23166	23931	133	153	1.71681e+006	1.77084e+006	1.418e+006	1.46183e+006	
194	6.62776e+006	6.68178e+006	541	600	743	841	77	94	165	192	79	95	33	44	1.69201e+006	1.74539e+006	23168	23933	130	150	1.71696e+006	1.77097e+006	1.41814e+006	1.46196e+006	
195	6.62762e+006	6.68163e+006	544	604	743	834	77	93	163	190	77	92	34	44	1.69216e+006	1.74553e+006	23172	23937	135	157	1.71711e+006	1.77112e+006	1.41827e+006	1.46209e+006	
196	6.62748e+006	6.68148e+006	543	601	742	838	77	93	161	186	76	91	32	42	1.69231e+006	1.74567e+006	23175	23940	131	155	1.71725e+006	1.77126e+006	1.41841e+006	1.46222e+006	
197	6.62735e+006	6.68135e+006	534	594	737	830	76	93	165	190	75	91	33	42	1.69246e+006	1.74581e+006	23176	23941	125	146	1.71739e+006	1.77139e+006	1.41854e+006	1.46234e+006	
198	6.62721e+006	6.6812e+006	539	597	729	818	74	90	167	192	73	90	31	41	1.69261e+006	1.74596e+006	23179	23944	133	153	1.71754e+006	1.77153e+006	1.41867e+006	1.46247e+006	
199	6.62706e+006	6.68105e+006	536	598	727	816	75	92	170	194	74	91	31	41	1.69276e+006	1.7461e+006	23181	23945	135	156	1.71768e+006	1.77167e+006	1.41881e+006	1.4626e+006	
200	6.62693e+006	6.68091e+006	529	591	728	817	79	95	169	193	74	91	32	41	1.6929e+006	1.74623e+006	23184	23948	123	149	1.71782e+006	1.7718e+006	1.41894e+006	1.46273e+006	
201	6.6268e+006	6.68077e+006	533	595	720	811	79	95	166	190	74	91	32	41	1.69305e+006	1.74637e+006	23185	23949	129	151	1.71797e+006	1.77194e+006	1.41907e+006	1.46285e+006	
202	6.62666e+006	6.68063e+006	527	592	722	806	78	95	166	193	75	91	32	41	1.69319e+006	1.74651e+006	23188	23951	128	148	1.71811e+006	1.77208e+006	1.41921e+006	1.46298e+006	
203	6.62653e+006	6.68049e+006	515	582	724	809	78	95	163	190	75	91	32	41	1.69334e+006	1.74665e+006	23190	23953	123	146	1.71825e+006	1.77221e+006	1.41934e+006	1.46311e+006	
204	6.62638e+006	6.68034e+006	531	593	716	807	79	96	156	182	75	91	33	42	1.69349e+006	1.74679e+006	23192	23955	140	160	1.7184e+006	1.77235e+006	1.41947e+006	1.46323e+006	
205	6.62625e+006	6.68019e+006	531	593	711	804	76	94	150	175	76	93	33	43	1.69364e+006	1.74694e+006	23194	23957	129	150	1.71854e+006	1.77249e+006	1.4196e+006	1.46336e+006	
206	6.62611e+006	6.68005e+006	533	597	710	801	74	91	149	175	77	93	34	44	1.69379e+006	1.74708e+006	23196	23959	130	152	1.71869e+006	1.77263e+006	1.41973e+006	1.46348e+006	
207	6.62597e+006	6.6799e+006	542	605	708	799	75	92	147	172	76	92	34	44	1.69393e+006	1.74721e+006	23197	23960	133	154	1.71883e+006	1.77277e+006	1.41986e+006	1.4636e+006	
208	6.62583e+006	6.67976e+006	534	600	713	807	76	91	146	170	78	95	35	46	1.69407e+006	1.74735e+006	23199	23962	132	155	1.71898e+006	1.77291e+006	1.42e+006	1.46374e+006	
209	6.62569e+006	6.67961e+006	538	606	706	800	77	93	145	169	77	94	34	44	1.69422e+006	1.74749e+006	23203	23966	133	156	1.71913e+006	1.77305e+006	1.42013e+006	1.46386e+006	
210	6.62556e+006	6.67947e+006	536	598	713	804	76	92	150	176	76	92	33	44	1.69435e+006	1.74761e+006	23204	23967	126	145	1.71927e+006	1.77318e+006	1.42026e+006	1.46399e+006	
211	6.62543e+006	6.67934e+006	522	585	716	807	77	92	152	177	75	91	33	43	1.69449e+006	1.74775e+006	23206	23969	120	140	1.7194e+006	1.77331e+006	1.4204e+006	1.46412e+006	
212	6.62529e+006	6.67919e+006	521	581	721	815	76	91	152	176	75	91	33	42	1.69463e+006	1.74788e+006	23209	23972	130	152	1.71955e+006	1.77344e+006	1.42053e+006	1.46425e+006	
213	6.62516e+006	6.67905e+006	515	571	731	827	75	90	153	177	74	90	32	41	1.69477e+006	1.74801e+006	23211	23975	127	146	1.71968e+006	1.77358e+006	1.42067e+006	1.46438e+006	
214	6.62502e+006	6.67891e+006	517	576	717	809	76	92	151	175	74	90	32	41	1.69492e+006	1.74816e+006	23213	23977	129	149	1.71983e+006	1.77372e+006	1.4208e+006	1.4645e+006	
215	6.62488e+006	6.67877e+006	527	585	712	805	71	87	151	174	73	89	31	40	1.69506e+006	1.74829e+006	23216	23979	129	149	1.71997e+006	1.77385e+006	1.42092e+006	1.46462e+006	
216	6.62474e+006	6.67862e+006	529	589	711	802	73	89	156	179	71	87	30	40	1.6952e+006	1.74842e+006	23218	23982	132	155	1.72011e+006	1.77399e+006	1.42106e+006	1.46474e+006	
217	6.62461e+006	6.67848e+006	530	588	707	795	73	87	156	180	69	85	29	39	1.69534e+006	1.74856e+006	23220	23984	127	146	1.72025e+006	1.77413e+006	1.42118e+006	1.46487e+006	
218	6.62448e+006	6.67835e+006	523	578	701	787	75	91	154	180	69	84	29	38	1.69549e+006	1.7487e+006	23221	23985	122	139	1.72039e+006	1.77426e+006	1.42131e+006	1.46499e+006	
219	6.62435e+006	6.67821e+006	519	578	698	783	75	89	157	182	69	84	30	40	1.69564e+006	1.74884e+006	23224	23987	125	150	1.72053e+006	1.77439e+006	1.42144e+006	1.46512e+006	
220	6.62421e+006	6.67807e+006	514	573	707	795	71	86	155	181	67	81	30	39	1.69578e+006	1.74897e+006	23226	23989	128	149	1.72067e+006	1.77452e+006	1.42158e+006	1.46525e+006	
221	6.62408e+006	6.67793e+006	513	575	712	796	75	90	157	182	67	82	29	39	1.69591e+006	1.74909e+006	23227	23990	126	148	1.72081e+006	1.77466e+006	1.42171e+006	1.46537e+006	
222	6.62395e+006	6.67779e+006	511	579	705	784	74	88	152	177	69	84	30	40	1.69605e+006	1.74923e+006	23228	23992	121	142	1.72094e+006	1.77479e+006	1.42183e+006	1.46549e+006	
223	6.62382e+006	6.67766e+006	510	572	703	787	74	89	153	176	70	85	30	40	1.69619e+006	1.74937e+006	23230	23994	123	144	1.72108e+006	1.77492e+006	1.42196e+006	1.46562e+006	
224	6.62368e+006	6.67752e+006	509	570	704	791	71	86	153	176	70	85	31	41	1.69633e+006	1.7495e+006	23233	23996	127	147	1.72122e+006	1.77505e+006	1.42209e+006	1.46574e+006	
225	6.62356e+006	6.67738e+006	503	562	700	790	71	87	151	174	70	85	30	39	1.69647e+006	1.74964e+006	23236	23998	120	140	1.72135e+006	1.77518e+006	1.42222e+006	1.46586e+006	
226	6.62343e+006	6.67725e+006	502	559	691	779	69	86	156	178	70	85	31	40	1.69661e+006	1.74977e+006	23238	24000	120	140	1.72149e+006	1.77531e+006	1.42235e+006	1.46599e+006	
227	6.6233e+006	6.67711e+006	505	561	685	775	71	88	154	177	73	89	32	41	1.69675e+006	1.7499e+006	23239	24001	125	146	1.72163e+006	1.77544e+006	1.42247e+006	1.4661e+006	
228	6.62317e+006	6.67698e+006	495	549	689	784	70	89	151	174	72	88	31	41	1.69688e+006	1.75003e+006	23240	24003	117	136	1.72175e+006	1.77556e+006	1.4226e+006	1.46623e+006	
229	6.62305e+006	6.67685e+006	491	550	685	773	71	88	151	176	72	86	30	40	1.69702e+006	1.75016e+006	23243	24005	117	140	1.72189e+006	1.77569e+006	1.42272e+006	1.46634e+006	
230	6.62291e+006	6.67671e+006	502	557	674	761	73	90	151	177	74	89	32	42	1.69716e+006	1.7503e+006	23245	24007	128	148	1.72203e+006	1.77582e+006	1.42284e+006	1.46646e+006	
231	6.62278e+006	6.67657e+006	499	554	672	756	76	93	148	173	73	89	32	43	1.6973e+006	1.75043e+006	23246	24009	123	144	1.72216e+006	1.77596e+006	1.42297e+006	1.46658e+006	
232	6.62266e+006	6.67644e+006	502	557	665	746	80	96	141	164	74	89	32	43	1.69744e+006	1.75056e+006	23249	24012	120	138	1.7223e+006	1.77608e+006	1.42309e+006	1.46669e+006	
233	6.62253e+006	6.67631e+006	503	552	662	746	75	93	140	163	72	87	31	42	1.69758e+006	1.7507e+006	23251	24014	118	136	1.72242e+006	1.77621e+006	1.42321e+006	1.46681e+006	
234	6.6224e+006	6.67618e+006	500	551	669	747	73	89	145	169	72	87	31	42	1.69771e+006	1.75082e+006	23253	24016	127	145	1.72256e+006	1.77634e+006	1.42334e+006	1.46694e+006	
235	6.62227e+006	6.67604e+006	499	550	671	751	74	90	142	165	69	85	31	43	1.69785e+006	1.75095e+006	23254	24017	121	143	1.7227e+006	1.77647e+006	1.42347e+006	1.46706e+006	
236	6.62214e+006	6.67591e+006	493	547	672	750	73	89	139	160	70	84	31	42	1.69798e+006	1.75108e+006	23256	24019	115	134	1.72282e+006	1.77659e+006	1.42359e+006	1.46717e+006	
237	6.62202e+006	6.67579e+006	489	543	670	744	69	83	141	164	68	82	31	42	1.69812e+006	1.75121e+006	23259	24021	113	133	1.72295e+006	1.77671e+006	1.42371e+006	1.46729e+006	
238	6.6219e+006	6.67566e+006	480	534	680	756	68	82	145	169	67	82	31	42	1.69824e+006	1.75133e+006	23261	24023	118	135	1.72308e+006	1.77684e+006	1.42383e+006	1.46741e+006	
239	6.62177e+006	6.67553e+006	481	531	681	756	71	85	147	169	68	83	32	43	1.69837e+006	1.75146e+006	23262	24024	123	141	1.72321e+006	1.77697e+006	1.42396e+006	1.46753e+006	
240	6.62164e+006	6.6754e+006	486	535	666	742	71	86	143	163	68	82	31	41	1.69851e+006	1.75159e+006	23264	24026	119	138	1.72334e+006	1.7771e+006	1.42407e+006	1.46764e+006	
241	6.62152e+006	6.67527e+006	485	533	660	734	68	83	141	163	67	81	31	41	1.69865e+006	1.75173e+006	23265	24027	114	131	1.72347e+006	1.77722e+006	1.42419e+006	1.46776e+006	
242	6.62139e+006	6.67514e+006	487	538	656	731	68	85	142	164	61	75	29	38	1.69878e+006	1.75185e+006	23269	24031	121	139	1.7236e+006	1.77734e+006	1.4243e+006	1.46787e+006	
243	6.62126e+006	6.675e+006	487	537	657	733	72	87	140	162	63	76	30	40	1.69891e+006	1.75198e+006	23270	24032	123	140	1.72373e+006	1.77747e+006	1.42443e+006	1.46799e+006	
244	6.62114e+006	6.67488e+006	487	536	649	727	71	87	139	160	62	75	30	40	1.69905e+006	1.75211e+006	23272	24034	118	137	1.72386e+006	1.7776e+006	1.42455e+006	1.46811e+006	
245	6.621e+006	6.67474e+006	502	553	648	721	65	81	137	161	64	77	30	40	1.69918e+006	1.75224e+006	23274	24036	129	148	1.724e+006	1.77774e+006	1.42467e+006	1.46822e+006	
246	6.62088e+006	6.67461e+006	496	547	649	723	68	85	135	158	65	78	31	41	1.69931e+006	1.75236e+006	23275	24037	115	132	1.72413e+006	1.77786e+006	1.42479e+006	1.46833e+006	
247	6.62076e+006	6.67448e+006	489	540	657	728	69	87	135	158	66	80	31	41	1.69943e+006	1.75248e+006	23278	24039	117	134	1.72425e+006	1.77798e+006	1.42491e+006	1.46845e+006	
248	6.62063e+006	6.67435e+006	491	539	657	731	70	86	135	158	66	80	30	40	1.69955e+006	1.7526e+006	23279	24041	119	136	1.72438e+006	1.77811e+006	1.42503e+006	1.46857e+006	
249	6.62051e+006	6.67423e+006	477	525	664	738	69	84	141	164	63	76	28	38	1.69969e+006	1.75273e+006	23280	24042	115	134	1.72451e+006	1.77823e+006	1.42516e+006	1.46869e+006	
250	6.62039e+006	6.67411e+006	472	519	661	735	68	83	141	164	63	75	29	38	1.69981e+006	1.75285e+006	23283	24044	109	127	1.72463e+006	1.77835e+006	1.42527e+006	1.46881e+006	
251	6.62028e+006	6.67399e+006	462	510	661	732	73	87	139	160	65	78	29	38	1.69994e+006	1.75297e+006	23285	24046	107	125	1.72475e+006	1.77846e+006	1.42539e+006	1.46892e+006	
252	6.62016e+006	6.67386e+006	459	509	661	731	71	85	138	160	65	79	31	40	1.70007e+006	1.7531e+006	23286	24047	115	135	1.72488e+006	1.77858e+006	1.42551e+006	1.46904e+006	
253	6.62003e+006	6.67373e+006	462	513	655	728	68	82	138	161	65	79	30	40	1.7002e+006	1.75323e+006	23287	24048	119	138	1.72501e+006	1.77871e+006	1.42563e+006	1.46915e+006	
254	6.61991e+006	6.67361e+006	463	516	650	720	66	79	138	162	65	81	30	41	1.70033e+006	1.75335e+006	23289	24050	111	129	1.72513e+006	1.77883e+006	1.42574e+006	1.46926e+006	
255	6.61979e+006	6.67349e+006	466	519	628	696	66	80	138	160	65	82	30	40	1.70047e+006	1.75348e+006	23291	24051	110	128	1.72525e+006	1.77894e+006	1.42584e+006	1.46936e+006	
256	6.61968e+006	6.67337e+006	456	508	629	699	66	80	137	158	64	80	29	39	1.70059e+006	1.75361e+006	23294	24054	105	124	1.72537e+006	1.77905e+006	1.42596e+006	1.46948e+006	
257	6.61957e+006	6.67325e+006	447	500	630	703	66	80	138	156	65	81	30	40	1.70072e+006	1.75373e+006	23296	24055	110	130	1.72549e+006	1.77917e+006	1.42608e+006	1.46959e+006	
258	6.61944e+006	6.67312e+006	454	506	624	697	65	78	136	156	65	80	30	39	1.70085e+006	1.75385e+006	23297	24057	117	135	1.72562e+006	1.77929e+006	1.42619e+006	1.4697e+006	
259	6.61933e+006	6.673e+006	452	501	614	688	69	83	135	154	67	82	30	40	1.70097e+006	1.75398e+006	23298	24057	108	124	1.72574e+006	1.77941e+006	1.4263e+006	1.4698e+006	
260	6.61921e+006	6.67287e+006	458	513	611	685	68	83	132	150	67	83	29	39	1.70109e+006	1.75409e+006	23299	24058	112	136	1.72587e+006	1.77953e+006	1.42641e+006	1.46991e+006	
261	6.61909e+006	6.67275e+006	461	514	613	691	68	82	127	146	67	81	29	38	1.70121e+006	1.75421e+006	23300	24059	112	131	1.72599e+006	1.77964e+006	1.42652e+006	1.47001e+006	
262	6.61898e+006	6.67262e+006	453	507	613	689	70	84	127	147	69	84	28	38	1.70134e+006	1.75433e+006	23301	24061	110	127	1.72611e+006	1.77976e+006	1.42664e+006	1.47013e+006	
263	6.61886e+006	6.6725e+006	453	509	607	679	66	80	126	147	66	81	27	36	1.70147e+006	1.75446e+006	23304	24063	108	126	1.72623e+006	1.77987e+006	1.42675e+006	1.47023e+006	
264	6.61875e+006	6.67238e+006	451	502	605	682	68	83	128	148	65	80	26	35	1.70159e+006	1.75457e+006	23306	24064	110	128	1.72636e+006	1.77999e+006	1.42687e+006	1.47034e+006	
265	6.61863e+006	6.67225e+006	453	505	609	687	67	81	126	145	62	77	26	34	1.70172e+006	1.75469e+006	23308	24066	115	134	1.72648e+006	1.78011e+006	1.42698e+006	1.47045e+006	
266	6.61851e+006	6.67213e+006	459	511	611	688	69	83	129	149	61	75	25	34	1.70183e+006	1.7548e+006	23310	24069	115	133	1.72661e+006	1.78023e+006	1.4271e+006	1.47055e+006	
267	6.61839e+006	6.67201e+006	457	509	611	686	67	81	128	149	59	73	23	31	1.70195e+006	1.75492e+006	23313	24071	106	125	1.72673e+006	1.78034e+006	1.42721e+006	1.47066e+006	
268	6.61828e+006	6.67189e+006	457	508	605	681	65	80	129	148	59	72	24	32	1.70208e+006	1.75504e+006	23314	24072	109	128	1.72685e+006	1.78046e+006	1.42732e+006	1.47077e+006	
269	6.61816e+006	6.67177e+006	450	500	608	687	70	85	129	150	59	72	24	33	1.7022e+006	1.75515e+006	23316	24074	108	126	1.72697e+006	1.78057e+006	1.42744e+006	1.47087e+006	
270	6.61805e+006	6.67164e+006	446	495	613	688	68	81	132	155	58	72	25	33	1.70232e+006	1.75526e+006	23318	24076	111	128	1.72709e+006	1.78069e+006	1.42755e+006	1.47099e+006	
271	6.61793e+006	6.67153e+006	445	496	608	682	67	80	136	158	56	69	24	33	1.70244e+006	1.75538e+006	23319	24078	106	125	1.72721e+006	1.7808e+006	1.42766e+006	1.47109e+006	
272	6.61782e+006	6.6714e+006	447	498	612	685	64	76	132	153	54	68	23	33	1.70257e+006	1.7555e+006	23321	24080	111	131	1.72734e+006	1.78092e+006	1.42778e+006	1.4712e+006	
273	6.6177e+006	6.67128e+006	450	497	610	684	66	78	131	152	55	69	23	33	1.70268e+006	1.75561e+006	23323	24081	110	125	1.72746e+006	1.78104e+006	1.42789e+006	1.4713e+006	
274	6.61758e+006	6.67116e+006	452	502	612	685	64	77	130	152	54	68	23	32	1.70281e+006	1.75573e+006	23324	24083	113	134	1.72758e+006	1.78116e+006	1.428e+006	1.47141e+006	
275	6.61746e+006	6.67103e+006	458	505	604	676	63	76	131	154	56	69	24	34	1.70293e+006	1.75585e+006	23325	24084	111	129	1.7277e+006	1.78127e+006	1.42811e+006	1.47152e+006	
276	6.61735e+006	6.67092e+006	450	498	600	672	64	77	125	151	57	73	25	35	1.70306e+006	1.75597e+006	23326	24085	104	122	1.72782e+006	1.78139e+006	1.42822e+006	1.47162e+006	
277	6.61724e+006	6.6708e+006	447	498	604	674	63	76	125	150	60	76	26	36	1.70317e+006	1.75608e+006	23328	24087	107	125	1.72794e+006	1.7815e+006	1.42833e+006	1.47173e+006	
278	6.61712e+006	6.67068e+006	443	490	607	678	64	78	128	153	61	77	26	36	1.70329e+006	1.75619e+006	23329	24088	108	126	1.72806e+006	1.78162e+006	1.42845e+006	1.47184e+006	
279	6.61701e+006	6.67056e+006	441	488	610	680	65	79	130	154	62	77	28	37	1.7034e+006	1.7563e+006	23331	24090	109	126	1.72818e+006	1.78173e+006	1.42856e+006	1.47195e+006	
280	6.61689e+006	6.67044e+006	449	495	603	674	65	80	130	155	62	77	27	36	1.70352e+006	1.75641e+006	23332	24091	112	130	1.7283e+006	1.78185e+006	1.42867e+006	1.47205e+006	
281	6.61677e+006	6.67032e+006	447	494	607	676	63	76	127	150	63	78	27	37	1.70364e+006	1.75653e+006	23333	24092	105	123	1.72841e+006	1.78196e+006	1.42877e+006	1.47216e+006	
282	6.61666e+006	6.6702e+006	451	497	604	672	63	76	129	151	62	78	27	37	1.70377e+006	1.75664e+006	23334	24093	112	130	1.72854e+006	1.78208e+006	1.42888e+006	1.47226e+006	
283	6.61654e+006	6.67008e+006	454	502	601	672	65	77	129	151	63	79	28	38	1.70388e+006	1.75675e+006	23336	24094	113	131	1.72866e+006	1.7822e+006	1.42899e+006	1.47237e+006	
284	6.61642e+006	6.66996e+006	447	497	600	667	65	78	132	155	64	81	27	37	1.70401e+006	1.75687e+006	23337	24095	105	125	1.72878e+006	1.78231e+006	1.4291e+006	1.47248e+006	
285	6.61631e+006	6.66984e+006	453	501	596	664	63	76	131	151	63	80	27	37	1.70413e+006	1.75699e+006	23338	24097	110	128	1.7289e+006	1.78243e+006	1.42921e+006	1.47258e+006	
286	6.61619e+006	6.66972e+006	450	500	602	670	64	78	126	146	62	78	26	36	1.70425e+006	1.7571e+006	23340	24099	110	129	1.72902e+006	1.78255e+006	1.42932e+006	1.47269e+006	
287	6.61607e+006	6.6696e+006	445	498	609	676	63	77	127	148	60	75	24	34	1.70436e+006	1.75722e+006	23343	24101	108	128	1.72914e+006	1.78266e+006	1.42944e+006	1.4728e+006	
288	6.61596e+006	6.66948e+006	444	496	606	675	64	77	126	146	61	75	24	33	1.70448e+006	1.75733e+006	23345	24103	104	122	1.72926e+006	1.78278e+006	1.42955e+006	1.47291e+006	
289	6.61585e+006	6.66936e+006	440	493	610	681	61	73	123	146	60	74	23	32	1.70461e+006	1.75745e+006	23346	24104	106	126	1.72937e+006	1.78289e+006	1.42966e+006	1.47302e+006	
290	6.61573e+006	6.66924e+006	444	496	608	681	59	73	118	140	61	75	23	32	1.70473e+006	1.75757e+006	23347	24106	112	133	1.7295e+006	1.78301e+006	1.42978e+006	1.47312e+006	
291	6.61561e+006	6.66911e+006	447	498	611	686	58	73	118	140	63	76	23	31	1.70484e+006	1.75768e+006	23349	24107	112	130	1.72962e+006	1.78313e+006	1.42989e+006	1.47323e+006	
292	6.61549e+006	6.66899e+006	452	509	604	678	58	72	123	144	61	75	22	30	1.70496e+006	1.75779e+006	23350	24108	111	131	1.72974e+006	1.78325e+006	1.42999e+006	1.47334e+006	
293	6.61538e+006	6.66888e+006	448	505	595	670	59	76	124	144	60	74	22	30	1.70509e+006	1.75791e+006	23352	24110	102	122	1.72986e+006	1.78336e+006	1.4301e+006	1.47344e+006	
294	6.61526e+006	6.66876e+006	446	501	601	678	60	77	127	148	59	73	22	30	1.7052e+006	1.75802e+006	23354	24112	111	128	1.72998e+006	1.78347e+006	1.43021e+006	1.47355e+006	
295	6.61515e+006	6.66863e+006	441	499	602	679	61	78	129	150	60	75	21	30	1.70531e+006	1.75813e+006	23355	24113	109	127	1.7301e+006	1.78359e+006	1.43033e+006	1.47366e+006	
296	6.61504e+006	6.66852e+006	434	491	601	680	64	79	132	155	59	72	21	29	1.70543e+006	1.75825e+006	23357	24115	104	122	1.73022e+006	1.7837e+006	1.43044e+006	1.47377e+006	
297	6.61492e+006	6.6684e+006	442	497	594	675	64	79	133	154	59	73	22	30	1.70555e+006	1.75836e+006	23359	24117	109	128	1.73034e+006	1.78381e+006	1.43054e+006	1.47387e+006	
298	6.6148e+006	6.66827e+006	443	500	599	680	65	80	131	152	59	72	22	30	1.70567e+006	1.75847e+006	23360	24118	112	132	1.73047e+006	1.78393e+006	1.43066e+006	1.47397e+006	
299	6.61469e+006	6.66815e+006	441	496	604	685	62	77	128	149	58	72	22	30	1.70579e+006	1.75859e+006	23362	24120	106	124	1.73058e+006	1.78405e+006	1.43077e+006	1.47408e+006	
300	6.61458e+006	6.66804e+006	444	500	594	676	63	78	127	146	59	73	24	32	1.70591e+006	1.75871e+006	23364	24122	107	126	1.7307e+006	1.78416e+006	1.43087e+006	1.47418e+006	
301	6.61445e+006	6.66791e+006	451	504	591	673	63	78	125	146	60	73	24	33	1.70603e+006	1.75883e+006	23366	24124	115	132	1.73083e+006	1.78428e+006	1.43099e+006	1.47429e+006	
302	6.61434e+006	6.66779e+006	450	500	591	674	63	79	124	143	63	77	26	35	1.70615e+006	1.75894e+006	23367	24125	110	129	1.73095e+006	1.7844e+006	1.4311e+006	1.47439e+006	
303	6.61422e+006	6.66766e+006	456	506	593	673	66	80	126	149	62	75	26	34	1.70626e+006	1.75905e+006	23369	24127	111	131	1.73107e+006	1.78452e+006	1.43121e+006	1.4745e+006	
304	6.6141e+006	6.66754e+006	460	508	592	674	64	77	128	151	62	76	26	34	1.70638e+006	1.75916e+006	23370	24128	110	128	1.73119e+006	1.78464e+006	1.43132e+006	1.4746e+006	
305	6.61398e+006	6.66742e+006	457	508	596	674	67	80	132	156	60	74	25	34	1.7065e+006	1.75927e+006	23373	24130	113	133	1.73132e+006	1.78476e+006	1.43143e+006	1.47472e+006	
306	6.61387e+006	6.6673e+006	454	504	604	681	66	79	128	152	62	77	27	36	1.70661e+006	1.75938e+006	23374	24131	107	125	1.73144e+006	1.78487e+006	1.43154e+006	1.47482e+006	
307	6.61375e+006	6.66718e+006	454	504	607	682	67	80	129	153	62	76	27	36	1.70673e+006	1.75949e+006	23375	24132	112	130	1.73156e+006	1.78499e+006	1.43166e+006	1.47493e+006	
308	6.61363e+006	6.66705e+006	457	508	609	680	64	78	130	156	60	76	27	37	1.70685e+006	1.75961e+006	23376	24134	113	133	1.73168e+006	1.78511e+006	1.43177e+006	1.47504e+006	
309	6.61351e+006	6.66693e+006	455	505	616	690	63	78	127	151	59	75	27	36	1.70697e+006	1.75973e+006	23378	24135	111	130	1.73181e+006	1.78523e+006	1.43188e+006	1.47515e+006	
310	6.61338e+006	6.6668e+006	465	518	616	687	63	79	127	151	58	72	25	34	1.70709e+006	1.75984e+006	23381	24138	117	137	1.73194e+006	1.78535e+006	1.43199e+006	1.47526e+006	
311	6.61327e+006	6.66668e+006	458	511	615	687	61	76	129	153	57	71	25	34	1.70722e+006	1.75996e+006	23383	24140	105	123	1.73205e+006	1.78547e+006	1.43211e+006	1.47537e+006	
312	6.61315e+006	6.66656e+006	459	514	618	692	61	75	133	156	55	69	25	34	1.70733e+006	1.76008e+006	23384	24142	116	134	1.73218e+006	1.78559e+006	1.43222e+006	1.47548e+006	
313	6.61303e+006	6.66644e+006	456	507	617	690	61	76	133	155	56	68	25	34	1.70746e+006	1.76019e+006	23385	24143	108	124	1.7323e+006	1.7857e+006	1.43234e+006	1.47559e+006	
314	6.61291e+006	6.66631e+006	457	508	622	697	63	77	134	154	58	70	27	37	1.70757e+006	1.76031e+006	23387	24144	118	138	1.73243e+006	1.78583e+006	1.43245e+006	1.4757e+006	
315	6.61278e+006	6.66617e+006	475	530	615	691	61	75	133	155	58	70	27	36	1.7077e+006	1.76043e+006	23388	24146	122	145	1.73256e+006	1.78596e+006	1.43256e+006	1.47581e+006	
316	6.61265e+006	6.66605e+006	474	529	620	698	64	78	132	153	55	68	24	33	1.70782e+006	1.76054e+006	23390	24148	115	133	1.73269e+006	1.78608e+006	1.43268e+006	1.47592e+006	
317	6.61253e+006	6.66592e+006	484	541	614	689	66	81	131	151	58	71	25	34	1.70794e+006	1.76066e+006	23392	24149	117	137	1.73281e+006	1.78621e+006	1.43278e+006	1.47602e+006	
318	6.61241e+006	6.6658e+006	479	534	614	692	68	85	131	150	60	74	26	35	1.70806e+006	1.76077e+006	23393	24151	113	131	1.73294e+006	1.78633e+006	1.4329e+006	1.47613e+006	
319	6.61228e+006	6.66567e+006	473	529	625	707	69	85	129	150	61	75	27	35	1.70818e+006	1.76089e+006	23395	24152	117	140	1.73307e+006	1.78646e+006	1.43303e+006	1.47625e+006	
320	6.61216e+006	6.66555e+006	466	527	624	704	68	84	129	151	64	78	28	37	1.70831e+006	1.76101e+006	23397	24154	110	130	1.73319e+006	1.78657e+006	1.43314e+006	1.47637e+006	
321	6.61205e+006	6.66543e+006	459	520	634	712	72	88	130	152	63	78	27	36	1.70842e+006	1.76112e+006	23399	24156	110	129	1.73331e+006	1.78669e+006	1.43326e+006	1.47648e+006	
322	6.61193e+006	6.6653e+006	460	519	632	711	71	87	132	153	62	76	26	35	1.70854e+006	1.76124e+006	23400	24157	112	132	1.73344e+006	1.78681e+006	1.43337e+006	1.47659e+006	
323	6.61181e+006	6.66518e+006	452	506	637	723	74	91	133	152	63	78	27	37	1.70866e+006	1.76135e+006	23401	24158	109	127	1.73356e+006	1.78693e+006	1.43348e+006	1.47671e+006	
324	6.61168e+006	6.66505e+006	461	516	632	720	71	87	135	157	62	76	26	36	1.70878e+006	1.76148e+006	23404	24161	119	140	1.73369e+006	1.78705e+006	1.4336e+006	1.47682e+006	
325	6.61157e+006	6.66493e+006	460	514	620	704	70	86	135	158	63	77	28	38	1.70892e+006	1.7616e+006	23405	24163	108	127	1.73381e+006	1.78717e+006	1.43371e+006	1.47692e+006	
326	6.61145e+006	6.66481e+006	457	512	616	702	71	86	137	158	65	78	28	38	1.70904e+006	1.76172e+006	23406	24163	110	129	1.73393e+006	1.78729e+006	1.43382e+006	1.47703e+006	
327	6.61133e+006	6.66469e+006	459	515	611	694	70	84	137	159	61	75	28	37	1.70917e+006	1.76185e+006	23408	24166	111	130	1.73405e+006	1.78741e+006	1.43394e+006	1.47714e+006	
328	6.61121e+006	6.66456e+006	458	512	617	702	70	84	137	162	61	75	27	36	1.70929e+006	1.76197e+006	23410	24167	117	137	1.73418e+006	1.78753e+006	1.43406e+006	1.47726e+006	
329	6.6111e+006	6.66444e+006	452	509	614	695	65	78	137	161	60	74	27	37	1.70942e+006	1.76209e+006	23411	24168	103	123	1.7343e+006	1.78764e+006	1.43417e+006	1.47737e+006	
330	6.61098e+006	6.66432e+006	453	508	614	694	65	79	131	155	60	73	27	36	1.70954e+006	1.76222e+006	23413	24170	111	128	1.73442e+006	1.78776e+006	1.43428e+006	1.47747e+006	
331	6.61086e+006	6.66419e+006	455	510	616	694	65	80	131	155	58	71	27	36	1.70967e+006	1.76233e+006	23415	24172	114	132	1.73454e+006	1.78788e+006	1.43439e+006	1.47758e+006	
332	6.61074e+006	6.66407e+006	447	500	620	699	65	81	127	151	62	76	29	38	1.70979e+006	1.76245e+006	23416	24173	108	128	1.73466e+006	1.78799e+006	1.43451e+006	1.4777e+006	
333	6.61062e+006	6.66395e+006	457	512	612	697	64	81	125	147	63	77	28	38	1.70991e+006	1.76257e+006	23418	24174	114	134	1.73479e+006	1.78811e+006	1.43462e+006	1.4778e+006	
334	6.6105e+006	6.66382e+006	462	517	604	685	64	81	126	149	61	75	27	37	1.71004e+006	1.7627e+006	23419	24176	115	133	1.73492e+006	1.78824e+006	1.43473e+006	1.47791e+006	
335	6.61038e+006	6.66369e+006	461	517	612	692	63	79	127	150	60	74	26	34	1.71016e+006	1.76281e+006	23420	24177	114	131	1.73504e+006	1.78836e+006	1.43485e+006	1.47802e+006	
336	6.61026e+006	6.66357e+006	469	524	615	692	61	75	129	152	61	73	25	33	1.71027e+006	1.76292e+006	23422	24179	116	134	1.73517e+006	1.78848e+006	1.43496e+006	1.47813e+006	
337	6.61014e+006	6.66344e+006	465	518	618	699	60	73	127	150	61	75	26	34	1.7104e+006	1.76304e+006	23422	24179	109	129	1.73529e+006	1.7886e+006	1.43508e+006	1.47824e+006	
338	6.61002e+006	6.66332e+006	465	519	616	696	60	73	130	153	60	73	26	34	1.71052e+006	1.76316e+006	23424	24182	114	135	1.73542e+006	1.78872e+006	1.4352e+006	1.47835e+006	
339	6.6099e+006	6.66319e+006	465	521	624	704	61	74	130	154	60	73	25	34	1.71064e+006	1.76327e+006	23426	24183	114	134	1.73555e+006	1.78884e+006	1.43531e+006	1.47846e+006	
340	6.60978e+006	6.66307e+006	460	514	631	711	60	73	130	155	59	71	25	33	1.71076e+006	1.76339e+006	23428	24185	110	128	1.73567e+006	1.78895e+006	1.43543e+006	1.47858e+006	
341	6.60967e+006	6.66295e+006	455	510	624	704	63	76	133	157	61	74	24	33	1.71088e+006	1.76351e+006	23429	24186	106	124	1.73579e+006	1.78907e+006	1.43554e+006	1.47868e+006	
342	6.60955e+006	6.66283e+006	452	502	626	707	67	81	134	157	57	69	22	30	1.711e+006	1.76362e+006	23432	24189	110	128	1.73591e+006	1.78918e+006	1.43566e+006	1.47879e+006	
343	6.60943e+006	6.6627e+006	450	500	625	704	68	83	136	160	55	69	22	30	1.71112e+006	1.76374e+006	23434	24191	114	131	1.73603e+006	1.7893e+006	1.43578e+006	1.4789e+006	
344	6.60931e+006	6.66258e+006	453	504	620	697	69	83	134	159	54	69	20	29	1.71125e+006	1.76386e+006	23435	24191	112	133	1.73616e+006	1.78942e+006	1.43589e+006	1.47901e+006	
345	6.60919e+006	6.66245e+006	461	512	613	691	68	82	138	163	55	70	22	30	1.71137e+006	1.76397e+006	23436	24192	114	132	1.73628e+006	1.78954e+006	1.43599e+006	1.47912e+006	
346	6.60906e+006	6.66232e+006	471	524	606	684	69	84	134	160	54	69	22	31	1.7115e+006	1.7641e+006	23437	24194	120	140	1.73641e+006	1.78967e+006	1.43611e+006	1.47922e+006	
347	6.60894e+006	6.6622e+006	475	528	609	685	69	85	128	153	57	71	23	32	1.71162e+006	1.76422e+006	23439	24196	116	136	1.73654e+006	1.7898e+006	1.43622e+006	1.47933e+006	
348	6.60882e+006	6.66208e+006	470	521	611	686	66	80	126	151	57	71	23	32	1.71175e+006	1.76434e+006	23441	24197	107	126	1.73666e+006	1.78991e+006	1.43634e+006	1.47944e+006	
349	6.6087e+006	6.66195e+006	472	521	611	686	65	79	128	151	57	71	23	32	1.71188e+006	1.76446e+006	23443	24199	115	133	1.73678e+006	1.79004e+006	1.43645e+006	1.47955e+006	
350	6.60858e+006	6.66183e+006	468	515	620	696	66	81	127	149	59	72	25	33	1.712e+006	1.76458e+006	23445	24200	117	134	1.73691e+006	1.79016e+006	1.43657e+006	1.47967e+006	
351	6.60846e+006	6.6617e+006	465	515	634	708	65	78	123	146	59	72	26	34	1.71212e+006	1.76469e+006	23446	24202	115	134	1.73704e+006	1.79028e+006	1.43669e+006	1.47979e+006	
352	6.60834e+006	6.66158e+006	469	521	632	707	64	78	123	145	60	74	26	35	1.71224e+006	1.7648e+006	23447	24203	112	131	1.73716e+006	1.7904e+006	1.4368e+006	1.47989e+006	
353	6.60822e+006	6.66146e+006	465	514	631	707	65	80	125	146	57	72	25	34	1.71236e+006	1.76492e+006	23449	24204	110	127	1.73728e+006	1.79052e+006	1.43691e+006	1.48e+006	
354	6.6081e+006	6.66133e+006	462	512	636	707	66	80	125	147	56	70	26	34	1.71248e+006	1.76504e+006	23450	24206	114	131	1.7374e+006	1.79064e+006	1.43703e+006	1.48012e+006	
355	6.60798e+006	6.66121e+006	460	508	634	705	69	83	122	144	57	73	26	35	1.71261e+006	1.76516e+006	23452	24208	112	131	1.73753e+006	1.79076e+006	1.43714e+006	1.48023e+006	
356	6.60786e+006	6.66109e+006	459	509	627	699	68	81	125	147	57	72	26	35	1.71273e+006	1.76529e+006	23454	24210	112	132	1.73765e+006	1.79088e+006	1.43726e+006	1.48034e+006	
357	6.60774e+006	6.66097e+006	462	508	617	689	70	84	127	148	54	69	24	33	1.71286e+006	1.76541e+006	23456	24212	111	128	1.73777e+006	1.791e+006	1.43737e+006	1.48044e+006	
358	6.60762e+006	6.66084e+006	465	510	621	694	71	85	133	153	54	68	23	33	1.71297e+006	1.76552e+006	23458	24214	116	133	1.7379e+006	1.79112e+006	1.43748e+006	1.48055e+006	
359	6.6075e+006	6.66072e+006	465	512	619	690	71	87	133	154	54	69	23	33	1.7131e+006	1.76564e+006	23459	24215	113	131	1.73802e+006	1.79124e+006	1.43759e+006	1.48066e+006	
360	6.60738e+006	6.66059e+006	463	508	613	686	73	89	133	153	52	68	23	32	1.71322e+006	1.76576e+006	23461	24216	110	129	1.73814e+006	1.79136e+006	1.4377e+006	1.48077e+006	
361	6.60725e+006	6.66047e+006	469	517	613	681	71	86	136	157	51	66	21	30	1.71335e+006	1.76588e+006	23463	24219	117	136	1.73827e+006	1.79149e+006	1.43782e+006	1.48088e+006	
362	6.60713e+006	6.66035e+006	463	510	615	682	72	87	132	152	52	67	22	31	1.71347e+006	1.766e+006	23464	24220	109	128	1.73839e+006	1.7916e+006	1.43793e+006	1.48099e+006	
363	6.60701e+006	6.66023e+006	462	509	621	688	71	85	133	155	55	70	23	33	1.71359e+006	1.76611e+006	23466	24221	112	130	1.73851e+006	1.79172e+006	1.43805e+006	1.48111e+006	
364	6.60689e+006	6.6601e+006	471	520	619	686	70	84	128	149	59	75	25	34	1.71371e+006	1.76623e+006	23466	24222	121	138	1.73864e+006	1.79185e+006	1.43816e+006	1.48121e+006	
