Day	Susceptible-LB	Susceptible-UB	Exposed-LB	Exposed-UB	Current Detected Mild Infections-LB	Current Detected Mild Infections-UB	Current Undetected Mild Infections-LB	Current Undetected Mild Infections-UB	Current Hospitalizations-LB	Current Hospitalizations-UB	Current ICU patients-LB	Current ICU patients-UB	ventilators-LB	ventilators-UB	Recovered-LB	Recovered-UB	Deaths-LB	Deaths-UB	new infections today-LB	new infections today-UB	total number of infections-LB	total number of infections-UB	Confirmed total number of infections-LB	Confirmed total number of infections-UB	
0	8.39872e+006	8.39872e+006	16	16	0	0	0	0	0	0	0	0	0	0	0	0	0	0	0	0	16	16	0	0	
1	8.39856e+006	8.39856e+006	176	176	0	0	0	0	0	0	0	0	0	0	0	0	0	0	160	160	176	176	0	0	
2	8.3984e+006	8.3984e+006	336	336	0	0	0	0	0	0	0	0	0	0	0	0	0	0	160	160	336	336	0	0	
3	8.39821e+006	8.39822e+006	521	526	0	0	0	0	0	0	0	0	0	0	0	0	0	0	185	190	521	526	0	0	
4	8.39788e+006	8.39791e+006	814	836	16	16	0	0	0	0	0	0	0	0	0	0	0	0	307	328	830	852	16	16	
5	8.39743e+006	8.39748e+006	1085	1127	131	140	36	45	0	0	0	0	0	0	0	0	0	0	425	456	1261	1303	131	140	
6	8.39683e+006	8.3969e+006	1503	1573	251	262	74	85	0	0	0	0	0	0	0	0	0	0	573	612	1839	1909	251	262	
7	8.39593e+006	8.39604e+006	2175	2282	390	406	119	134	0	0	0	0	0	0	0	0	0	0	851	904	2698	2806	390	406	
8	8.39466e+006	8.39483e+006	3075	3226	620	649	196	216	0	0	0	0	0	0	0	0	0	0	1202	1277	3911	4072	623	646	
9	8.39288e+006	8.39313e+006	4341	4556	946	994	300	323	0	0	0	0	0	0	0	0	0	0	1689	1788	5607	5853	951	989	
10	8.39039e+006	8.39074e+006	6156	6444	1362	1438	442	474	0	0	0	0	0	0	16	16	0	0	2383	2505	8001	8346	1388	1444	
11	8.3868e+006	8.38731e+006	8722	9133	1888	2004	608	651	27	35	0	0	0	0	141	149	0	0	3413	3598	11426	11933	2046	2131	
12	8.38186e+006	8.38258e+006	12235	12810	2668	2842	869	932	56	67	0	0	0	0	269	280	0	0	4710	4960	16152	16876	2959	3079	
13	8.37507e+006	8.37609e+006	17037	17823	3796	4053	1243	1321	90	103	0	0	0	0	420	435	0	0	6486	6805	22651	23669	4242	4427	
14	8.36539e+006	8.36685e+006	23878	25011	5352	5702	1753	1858	147	165	0	0	0	0	673	697	0	0	9221	9696	31886	33350	6060	6322	
15	8.35194e+006	8.35402e+006	33284	34874	7556	8053	2523	2663	238	260	0	0	0	0	1013	1053	0	0	12819	13462	44721	46796	8631	9015	
16	8.33321e+006	8.33613e+006	46441	48654	10614	11308	3585	3774	347	374	0	0	0	0	1483	1544	0	0	17869	18738	62602	65522	12173	12725	
17	8.30694e+006	8.31101e+006	65067	68136	14787	15746	5013	5269	487	522	15	19	14	17	2183	2277	0	0	25109	26290	87727	91796	17088	17857	
18	8.27052e+006	8.27622e+006	90616	94874	20726	22085	7051	7391	687	735	25	30	19	22	3183	3323	0	0	34773	36430	122513	128213	24053	25164	
19	8.21977e+006	8.2278e+006	126211	132176	28996	30902	9839	10319	989	1050	34	40	23	27	4570	4777	0	0	48414	50763	170941	178963	33766	35329	
20	8.14995e+006	8.16108e+006	175049	183272	40486	43161	13736	14393	1395	1471	51	60	31	36	6537	6833	0	0	66706	69836	237660	248785	47259	49465	
21	8.0533e+006	8.06862e+006	242383	253649	56668	60364	19117	20014	1967	2069	77	88	44	51	9362	9797	0	0	92447	96662	330121	345434	66282	69358	
22	7.9207e+006	7.94174e+006	334474	349836	79017	84169	26627	27886	2773	2917	109	122	58	67	13248	13858	0	0	126865	132616	456999	478038	92575	96886	
23	7.7401e+006	7.76881e+006	458978	479680	110232	117470	37070	38812	3893	4079	158	176	80	93	18576	19437	0	0	172919	180606	629930	658632	129252	135334	
24	7.4967e+006	7.53509e+006	625982	653257	152996	162978	51417	53819	5430	5697	223	247	110	125	26209	27430	0	0	233706	243416	863651	902033	179728	188171	
25	7.17274e+006	7.22323e+006	845372	880568	212190	225855	71341	74652	7608	7986	324	352	154	173	36766	38481	0	0	311835	323976	1.1755e+006	1.22599e+006	249689	261293	
26	6.75019e+006	6.81566e+006	1.12607e+006	1.17052e+006	293247	311951	98579	103136	10634	11142	458	491	213	237	51487	53911	0	0	407558	422571	1.58308e+006	1.64854e+006	345733	361651	
27	6.21231e+006	6.29451e+006	1.47429e+006	1.52781e+006	403143	428583	135524	141789	14850	15551	645	687	292	321	72196	75564	13	16	521129	537907	2.10423e+006	2.18643e+006	476681	498321	
28	5.55177e+006	5.65072e+006	1.88434e+006	1.94496e+006	551132	584871	185334	193622	20711	21670	896	954	405	441	100864	105594	17	20	643748	660579	2.74802e+006	2.84697e+006	653544	682506	
29	4.77691e+006	4.89057e+006	2.33262e+006	2.39588e+006	747313	791153	251166	261960	28833	30213	1256	1329	574	619	140809	147423	19	22	760086	774916	3.50816e+006	3.62183e+006	889817	927949	
30	3.99483e+006	4.1164e+006	2.69917e+006	2.75545e+006	1.00123e+006	1.05731e+006	336426	350205	40106	41989	1753	1852	814	869	195756	204942	22	26	774057	782196	4.28234e+006	4.4039e+006	1.19871e+006	1.24821e+006	
31	3.25305e+006	3.37499e+006	2.91931e+006	2.95948e+006	1.32128e+006	1.3903e+006	443302	460233	55590	58147	2462	2593	1147	1219	272016	284685	28	35	740377	742821	5.02375e+006	5.14569e+006	1.59431e+006	1.65652e+006	
32	2.59402e+006	2.70894e+006	2.94112e+006	2.95841e+006	1.70744e+006	1.78785e+006	572472	592189	76671	80194	3406	3583	1583	1676	376856	394249	35	42	658839	666232	5.68979e+006	5.80472e+006	2.08333e+006	2.15834e+006	
33	2.05548e+006	2.15897e+006	2.72037e+006	2.73267e+006	2.1467e+006	2.23436e+006	719506	740864	105511	110310	4769	5015	2214	2336	519576	543278	47	56	538452	550063	6.23977e+006	6.34326e+006	2.6617e+006	2.74819e+006	
34	1.64677e+006	1.73746e+006	2.3477e+006	2.3793e+006	2.55218e+006	2.63806e+006	854728	875594	143978	150386	6632	6953	3077	3231	712947	744651	63	75	408655	421560	6.66127e+006	6.75197e+006	3.25336e+006	3.3463e+006	
35	1.35644e+006	1.43546e+006	1.89642e+006	1.93971e+006	2.8758e+006	2.94968e+006	962291	980177	195197	203438	9225	9682	4269	4479	970962	1.0128e+006	87	100	290300	302032	6.96328e+006	7.0423e+006	3.82433e+006	3.91821e+006	
36	1.16497e+006	1.23486e+006	1.42895e+006	1.47418e+006	3.07285e+006	3.12435e+006	1.02663e+006	1.03905e+006	261287	271821	12880	13497	5929	6217	1.30876e+006	1.36312e+006	118	134	191452	200613	7.16387e+006	7.23376e+006	4.34396e+006	4.43334e+006	
37	1.05256e+006	1.11635e+006	1.00286e+006	1.04267e+006	3.09738e+006	3.12096e+006	1.0341e+006	1.03993e+006	344614	357628	17856	18687	8242	8626	1.74156e+006	1.80996e+006	170	189	112399	118523	7.28238e+006	7.34618e+006	4.7816e+006	4.86314e+006	
38	955562	1.0135e+006	691178	723990	2.92501e+006	2.93749e+006	976090	979657	445359	460550	24630	25776	11347	11878	2.27777e+006	2.36042e+006	230	253	96988	102862	7.38523e+006	7.44317e+006	5.12894e+006	5.2018e+006	
39	875549	928070	480875	507407	2.55952e+006	2.59627e+006	855322	864472	559458	575980	33990	35546	15622	16356	2.91436e+006	3.00999e+006	322	349	80004	85442	7.47067e+006	7.52319e+006	5.39268e+006	5.45745e+006	
40	812684	860674	352275	374203	2.11459e+006	2.16843e+006	707592	720786	664515	680687	46454	48532	21362	22336	3.57087e+006	3.67424e+006	451	486	62853	67407	7.53806e+006	7.58605e+006	5.58061e+006	5.63883e+006	
41	764611	808812	287937	307554	1.64189e+006	1.70215e+006	550189	564890	747981	761905	63154	65866	29032	30303	4.21192e+006	4.31729e+006	637	682	48065	51871	7.58992e+006	7.63413e+006	5.70504e+006	5.75873e+006	
42	728897	769995	226652	243521	1.22547e+006	1.28431e+006	405058	419056	798541	808234	84903	88349	39024	40635	4.8054e+006	4.9073e+006	863	922	35703	38828	7.62874e+006	7.66984e+006	5.81966e+006	5.8683e+006	
43	703121	741839	172416	186243	886781	939305	286225	298517	804005	808451	112449	116759	51679	53681	5.3219e+006	5.41697e+006	1210	1286	25768	28164	7.6569e+006	7.69562e+006	5.91465e+006	5.9585e+006	
44	684973	721909	127701	138776	632014	675906	196517	206438	758768	761365	146558	151735	67334	69754	5.75207e+006	5.83928e+006	1682	1782	18142	19936	7.67683e+006	7.71376e+006	5.98916e+006	6.02865e+006	
45	672336	707924	92262	100901	454001	489710	133493	141274	664813	671953	186337	192182	85667	88418	6.10275e+006	6.18273e+006	2334	2472	12627	13996	7.69081e+006	7.7264e+006	6.04532e+006	6.08128e+006	
46	663487	698034	65398	71973	339922	369384	92767	98872	550273	560627	225558	231683	103704	106575	6.37449e+006	6.44834e+006	3244	3430	8842	9897	7.7007e+006	7.73525e+006	6.08618e+006	6.11923e+006	
47	657060	690843	46049	51007	276846	302449	69808	74852	427892	439421	261830	267729	120381	123101	6.57666e+006	6.64582e+006	4482	4723	6421	7197	7.70789e+006	7.74168e+006	6.11453e+006	6.14538e+006	
48	651994	685139	32967	36782	214174	235624	54079	58305	318417	329680	292047	297207	134273	136667	6.75732e+006	6.82108e+006	6175	6486	5060	5711	7.7136e+006	7.74674e+006	6.13455e+006	6.16375e+006	
49	648152	680790	24173	27145	160791	178083	40558	43927	229308	239412	313105	317238	143942	145870	6.90956e+006	6.96773e+006	8546	8947	3835	4356	7.71795e+006	7.75058e+006	6.14915e+006	6.17704e+006	
50	645276	677527	18202	20516	117910	131647	29794	32486	162089	170508	323625	326537	148714	150108	7.03215e+006	7.08525e+006	11717	12245	2870	3268	7.72121e+006	7.75346e+006	6.15975e+006	6.18661e+006	
51	643174	675099	13876	15755	84927	95578	21470	23544	115066	121874	322987	324630	148434	149271	7.12902e+006	7.17795e+006	15926	16603	2097	2434	7.72364e+006	7.75556e+006	6.16755e+006	6.19365e+006	
52	641644	673339	10339	11810	60665	68801	15352	16941	84787	90416	311256	312140	142973	143524	7.20523e+006	7.25099e+006	21453	22313	1524	1765	7.7254e+006	7.75709e+006	6.17365e+006	6.19912e+006	
53	640528	672049	7615	8750	43314	49541	10974	12188	68049	72940	287966	289430	132302	133045	7.26623e+006	7.30988e+006	28458	29560	1112	1295	7.72669e+006	7.75821e+006	6.17824e+006	6.20322e+006	
54	639739	671129	5528	6408	31250	36055	7920	8854	52759	56827	256466	259056	117838	119089	7.3239e+006	7.36601e+006	37117	38455	785	924	7.72761e+006	7.759e+006	6.18163e+006	6.20623e+006	
55	639167	670470	3999	4637	22937	26699	5809	6542	39629	42898	217694	221337	99961	101692	7.37919e+006	7.42007e+006	47428	48966	568	664	7.72827e+006	7.75957e+006	6.18414e+006	6.20843e+006	
56	638734	669968	2903	3378	17162	20096	4349	4930	29052	31655	177781	182082	81632	83654	7.42912e+006	7.46889e+006	57866	59508	428	507	7.72877e+006	7.76e+006	6.18591e+006	6.20999e+006	
57	638413	669588	2109	2467	12961	15296	3302	3767	20953	22982	139027	143513	63855	65904	7.47351e+006	7.51216e+006	67898	69524	318	383	7.72915e+006	7.76032e+006	6.18722e+006	6.21113e+006	
58	638170	669298	1563	1837	9599	11416	2442	2807	14968	16523	104199	108408	47851	49767	7.51178e+006	7.54916e+006	76885	78416	239	294	7.72944e+006	7.76057e+006	6.18818e+006	6.21196e+006	
59	637999	669093	1161	1382	7021	8405	1802	2077	10700	11898	75447	79158	34656	36367	7.54257e+006	7.57877e+006	84307	85681	167	208	7.72964e+006	7.76074e+006	6.18886e+006	6.21255e+006	
60	637866	668933	863	1039	5092	6153	1322	1534	7726	8666	53651	56730	24651	26082	7.56585e+006	7.60095e+006	89935	91164	129	163	7.7298e+006	7.76087e+006	6.18938e+006	6.213e+006	
61	637816	668875	592	718	3691	4475	972	1133	5686	6418	38222	40675	17526	18667	7.58255e+006	7.61664e+006	93960	95050	47	61	7.72986e+006	7.76092e+006	6.18978e+006	6.21334e+006	
62	637776	668829	389	474	2692	3286	707	831	4246	4823	27965	29957	12855	13779	7.5939e+006	7.62728e+006	96667	97647	37	49	7.72991e+006	7.76096e+006	6.19007e+006	6.21359e+006	
63	637752	668800	244	296	1949	2401	518	616	3205	3657	22071	23777	10152	10951	7.60093e+006	7.63381e+006	98272	99179	22	30	7.72994e+006	7.76098e+006	6.19028e+006	6.21377e+006	
64	637733	668775	131	162	1445	1791	378	454	2353	2702	16964	18358	7808	8459	7.60685e+006	7.63927e+006	99638	100477	17	27	7.72996e+006	7.761e+006	6.19045e+006	6.21391e+006	
65	637718	668759	95	119	1038	1302	273	332	1727	2000	12692	13801	5847	6364	7.61163e+006	7.64367e+006	100763	101550	12	18	7.72998e+006	7.76102e+006	6.19052e+006	6.21397e+006	
66	637706	668745	68	87	737	933	192	236	1243	1451	9330	10214	4298	4717	7.61535e+006	7.64709e+006	101675	102414	11	16	7.72999e+006	7.76103e+006	6.19058e+006	6.21402e+006	
67	637696	668734	53	69	509	649	129	162	902	1057	6763	7454	3104	3432	7.61819e+006	7.64968e+006	102361	103062	8	12	7.73e+006	7.76104e+006	6.19062e+006	6.21406e+006	
68	637689	668727	40	52	339	437	82	103	659	777	4844	5383	2221	2482	7.62031e+006	7.65161e+006	102873	103549	5	9	7.73001e+006	7.76105e+006	6.19066e+006	6.21409e+006	
69	637683	668719	33	43	220	284	49	63	476	566	3487	3894	1591	1787	7.62184e+006	7.65298e+006	103246	103897	5	9	7.73002e+006	7.76105e+006	6.19068e+006	6.2141e+006	
70	637678	668713	25	34	126	162	26	36	354	426	2524	2845	1155	1314	7.62293e+006	7.65396e+006	103498	104135	3	7	7.73002e+006	7.76106e+006	6.1907e+006	6.21412e+006	
71	637674	668709	20	27	98	127	14	22	260	315	1842	2090	847	972	7.62366e+006	7.65462e+006	103684	104311	3	6	7.73003e+006	7.76106e+006	6.19071e+006	6.21413e+006	
72	637672	668707	15	22	74	96	6	12	186	229	1380	1569	631	727	7.62418e+006	7.65508e+006	103813	104429	1	4	7.73003e+006	7.76106e+006	6.19072e+006	6.21414e+006	
73	637669	668703	12	18	58	77	5	10	120	150	1030	1179	472	549	7.62458e+006	7.65544e+006	103907	104516	2	4	7.73003e+006	7.76107e+006	6.19072e+006	6.21414e+006	
74	637667	668701	9	14	45	59	4	8	79	101	750	865	343	400	7.62489e+006	7.6557e+006	103991	104592	1	3	7.73004e+006	7.76107e+006	6.19073e+006	6.21415e+006	
75	637664	668698	8	13	36	48	3	6	52	68	557	648	254	300	7.6251e+006	7.65589e+006	104043	104641	2	4	7.73004e+006	7.76107e+006	6.19073e+006	6.21415e+006	
76	637662	668696	8	13	27	38	2	5	32	44	400	472	187	223	7.62527e+006	7.65604e+006	104082	104677	1	4	7.73004e+006	7.76107e+006	6.19074e+006	6.21416e+006	
77	637660	668694	7	12	21	30	2	4	23	33	287	341	136	165	7.62539e+006	7.65615e+006	104115	104707	1	3	7.73004e+006	7.76108e+006	6.19074e+006	6.21416e+006	
78	637658	668691	7	12	17	25	1	4	15	22	208	250	98	120	7.62548e+006	7.65622e+006	104136	104727	1	4	7.73005e+006	7.76108e+006	6.19074e+006	6.21416e+006	
79	637655	668688	7	12	14	22	1	3	13	20	152	185	70	89	7.62554e+006	7.65627e+006	104150	104740	2	4	7.73005e+006	7.76108e+006	6.19074e+006	6.21416e+006	
80	637654	668687	6	11	12	19	1	3	9	15	110	137	52	68	7.62559e+006	7.65631e+006	104159	104750	1	3	7.73005e+006	7.76108e+006	6.19075e+006	6.21417e+006	
81	637650	668683	8	12	9	16	1	3	7	12	80	100	36	47	7.62562e+006	7.65634e+006	104168	104759	2	4	7.73005e+006	7.76109e+006	6.19075e+006	6.21417e+006	
82	637648	668681	8	12	10	17	1	3	4	8	57	74	27	37	7.62564e+006	7.65637e+006	104176	104765	1	3	7.73006e+006	7.76109e+006	6.19075e+006	6.21417e+006	
83	637646	668679	7	11	10	16	1	2	3	7	39	52	17	24	7.62567e+006	7.65638e+006	104182	104771	1	3	7.73006e+006	7.76109e+006	6.19075e+006	6.21417e+006	
84	637643	668676	8	13	10	16	0	2	3	7	26	36	11	18	7.62568e+006	7.6564e+006	104185	104773	2	5	7.73006e+006	7.76109e+006	6.19076e+006	6.21417e+006	
85	637641	668673	7	12	10	16	0	2	2	5	16	24	7	12	7.62569e+006	7.65641e+006	104188	104776	1	4	7.73006e+006	7.7611e+006	6.19076e+006	6.21418e+006	
86	637639	668671	7	12	10	15	0	2	2	6	10	16	4	7	7.6257e+006	7.65641e+006	104190	104778	1	3	7.73007e+006	7.7611e+006	6.19076e+006	6.21418e+006	
87	637636	668669	7	13	11	16	0	1	2	5	7	12	3	6	7.62571e+006	7.65642e+006	104190	104779	1	4	7.73007e+006	7.7611e+006	6.19076e+006	6.21418e+006	
88	637635	668667	6	11	11	17	0	1	2	5	5	9	2	5	7.62571e+006	7.65642e+006	104191	104780	1	3	7.73007e+006	7.7611e+006	6.19077e+006	6.21418e+006	
89	637633	668664	6	11	11	17	0	1	2	5	4	8	2	4	7.62571e+006	7.65642e+006	104191	104780	1	4	7.73007e+006	7.7611e+006	6.19077e+006	6.21419e+006	
90	637631	668662	6	11	12	18	0	1	1	4	3	7	1	4	7.62572e+006	7.65643e+006	104192	104780	1	3	7.73007e+006	7.76111e+006	6.19077e+006	6.21419e+006	
91	637628	668659	7	11	11	17	-0	1	2	4	2	5	1	3	7.62572e+006	7.65643e+006	104192	104780	1	4	7.73008e+006	7.76111e+006	6.19077e+006	6.21419e+006	
92	637624	668656	8	14	11	17	-0	1	1	4	1	4	1	3	7.62572e+006	7.65643e+006	104192	104781	2	5	7.73008e+006	7.76111e+006	6.19078e+006	6.21419e+006	
93	637622	668653	8	14	10	17	0	1	2	5	1	3	1	2	7.62573e+006	7.65644e+006	104193	104781	1	4	7.73008e+006	7.76111e+006	6.19078e+006	6.21419e+006	
94	637619	668650	9	15	10	15	0	1	2	5	1	3	1	2	7.62573e+006	7.65644e+006	104193	104781	2	5	7.73009e+006	7.76112e+006	6.19078e+006	6.2142e+006	
95	637617	668647	9	14	10	16	0	1	2	5	1	2	0	2	7.62573e+006	7.65644e+006	104193	104781	1	3	7.73009e+006	7.76112e+006	6.19078e+006	6.2142e+006	
96	637614	668644	9	13	11	17	0	2	2	6	0	2	0	2	7.62574e+006	7.65644e+006	104193	104781	2	4	7.73009e+006	7.76112e+006	6.19079e+006	6.2142e+006	
97	637610	668641	10	15	11	17	0	2	2	6	1	2	0	2	7.62574e+006	7.65645e+006	104193	104781	2	5	7.7301e+006	7.76113e+006	6.19079e+006	6.2142e+006	
98	637607	668637	10	14	12	19	1	2	2	6	0	2	0	1	7.62574e+006	7.65645e+006	104193	104781	2	4	7.7301e+006	7.76113e+006	6.19079e+006	6.21421e+006	
99	637604	668634	10	16	12	19	0	2	2	5	1	2	-0	1	7.62574e+006	7.65645e+006	104193	104781	2	5	7.7301e+006	7.76113e+006	6.19079e+006	6.21421e+006	
100	637601	668631	10	15	13	19	1	2	2	5	1	3	0	1	7.62574e+006	7.65645e+006	104193	104781	1	4	7.73011e+006	7.76114e+006	6.1908e+006	6.21421e+006	
101	637599	668629	9	14	13	20	1	3	2	5	1	3	0	1	7.62575e+006	7.65646e+006	104193	104781	1	4	7.73011e+006	7.76114e+006	6.1908e+006	6.21421e+006	
102	637597	668626	8	13	13	19	1	2	2	5	1	3	-0	1	7.62575e+006	7.65646e+006	104193	104781	1	3	7.73011e+006	7.76114e+006	6.1908e+006	6.21422e+006	
103	637596	668625	6	11	14	20	1	3	2	5	1	3	-0	1	7.62575e+006	7.65646e+006	104193	104781	0	2	7.73011e+006	7.76114e+006	6.19081e+006	6.21422e+006	
104	637592	668621	7	12	13	19	1	3	2	4	1	3	-0	1	7.62576e+006	7.65646e+006	104193	104781	2	5	7.73012e+006	7.76114e+006	6.19081e+006	6.21422e+006	
105	637589	668619	7	12	13	19	1	3	2	5	1	3	-0	1	7.62576e+006	7.65647e+006	104193	104781	1	4	7.73012e+006	7.76115e+006	6.19081e+006	6.21422e+006	
106	637587	668616	8	13	12	19	1	3	2	5	1	3	-0	1	7.62576e+006	7.65647e+006	104193	104781	1	4	7.73012e+006	7.76115e+006	6.19081e+006	6.21423e+006	
107	637585	668614	8	14	10	16	1	3	3	6	1	3	-0	2	7.62576e+006	7.65647e+006	104193	104781	1	3	7.73012e+006	7.76115e+006	6.19081e+006	6.21423e+006	
108	637584	668612	6	11	11	17	1	3	2	6	1	3	-0	2	7.62577e+006	7.65648e+006	104193	104781	1	3	7.73012e+006	7.76115e+006	6.19082e+006	6.21423e+006	
109	637581	668610	6	11	10	16	1	3	3	5	0	2	-0	2	7.62577e+006	7.65648e+006	104193	104781	1	4	7.73013e+006	7.76116e+006	6.19082e+006	6.21423e+006	
110	637580	668609	5	10	10	16	1	3	3	6	0	2	0	1	7.62577e+006	7.65648e+006	104193	104781	1	3	7.73013e+006	7.76116e+006	6.19082e+006	6.21424e+006	
111	637577	668606	6	10	10	16	1	2	3	6	0	2	0	1	7.62578e+006	7.65648e+006	104193	104781	2	4	7.73013e+006	7.76116e+006	6.19082e+006	6.21424e+006	
112	637575	668604	6	11	9	15	1	2	2	6	0	2	0	1	7.62578e+006	7.65649e+006	104193	104781	1	3	7.73013e+006	7.76116e+006	6.19083e+006	6.21424e+006	
113	637573	668601	6	10	9	16	1	3	2	5	1	2	0	2	7.62578e+006	7.65649e+006	104193	104781	1	4	7.73014e+006	7.76116e+006	6.19083e+006	6.21424e+006	
114	637572	668600	6	10	8	14	1	3	2	5	1	3	0	2	7.62578e+006	7.65649e+006	104193	104781	0	2	7.73014e+006	7.76116e+006	6.19083e+006	6.21424e+006	
115	637569	668597	6	10	8	14	1	3	2	6	1	3	0	2	7.62579e+006	7.65649e+006	104193	104781	1	4	7.73014e+006	7.76117e+006	6.19083e+006	6.21424e+006	
116	637567	668595	7	11	7	13	1	3	2	5	1	3	0	2	7.62579e+006	7.65649e+006	104193	104782	1	4	7.73014e+006	7.76117e+006	6.19083e+006	6.21425e+006	
117	637564	668592	7	12	8	13	1	3	1	4	1	3	0	2	7.62579e+006	7.6565e+006	104193	104782	2	4	7.73014e+006	7.76117e+006	6.19083e+006	6.21425e+006	
118	637561	668589	8	14	8	13	1	3	1	4	1	3	0	2	7.62579e+006	7.6565e+006	104193	104782	2	4	7.73015e+006	7.76118e+006	6.19084e+006	6.21425e+006	
119	637559	668587	8	13	9	14	0	2	1	4	1	3	0	2	7.6258e+006	7.6565e+006	104193	104782	1	3	7.73015e+006	7.76118e+006	6.19084e+006	6.21425e+006	
120	637557	668584	8	13	9	15	0	2	1	4	1	3	0	2	7.6258e+006	7.6565e+006	104193	104782	1	4	7.73015e+006	7.76118e+006	6.19084e+006	6.21425e+006	
121	637554	668582	8	13	10	15	0	2	1	3	1	3	0	2	7.6258e+006	7.65651e+006	104193	104782	1	4	7.73015e+006	7.76118e+006	6.19084e+006	6.21426e+006	
122	637552	668579	7	12	11	17	0	1	1	3	1	3	0	1	7.6258e+006	7.65651e+006	104193	104782	1	4	7.73016e+006	7.76118e+006	6.19085e+006	6.21426e+006	
123	637549	668576	8	13	10	17	-0	2	1	3	1	3	0	1	7.62581e+006	7.65651e+006	104194	104782	2	4	7.73016e+006	7.76119e+006	6.19085e+006	6.21426e+006	
124	637546	668573	9	14	11	18	-0	1	1	2	1	3	-0	1	7.62581e+006	7.65651e+006	104194	104782	2	5	7.73016e+006	7.76119e+006	6.19085e+006	6.21426e+006	
125	637544	668571	8	13	11	18	0	2	1	3	1	3	-0	1	7.62581e+006	7.65651e+006	104194	104782	1	3	7.73017e+006	7.76119e+006	6.19085e+006	6.21427e+006	
126	637542	668569	8	13	11	18	0	2	1	3	0	2	-0	1	7.62581e+006	7.65652e+006	104194	104782	1	3	7.73017e+006	7.76119e+006	6.19086e+006	6.21427e+006	
127	637539	668566	7	12	11	17	0	2	1	3	0	2	-0	1	7.62582e+006	7.65652e+006	104194	104782	1	3	7.73017e+006	7.7612e+006	6.19086e+006	6.21427e+006	
128	637537	668564	7	11	12	18	0	2	1	4	0	2	-0	1	7.62582e+006	7.65652e+006	104194	104782	1	4	7.73017e+006	7.7612e+006	6.19086e+006	6.21427e+006	
129	637532	668560	9	13	11	18	0	2	1	4	0	2	-0	1	7.62582e+006	7.65652e+006	104194	104783	3	6	7.73018e+006	7.7612e+006	6.19086e+006	6.21428e+006	
130	637531	668558	8	13	11	17	1	2	2	4	0	1	-0	0	7.62582e+006	7.65653e+006	104194	104783	1	3	7.73018e+006	7.76121e+006	6.19087e+006	6.21428e+006	
131	637528	668555	9	14	11	17	0	2	2	4	0	2	-0	1	7.62582e+006	7.65653e+006	104194	104783	2	4	7.73018e+006	7.76121e+006	6.19087e+006	6.21428e+006	
132	637525	668552	9	14	11	17	0	2	1	4	0	2	-0	1	7.62583e+006	7.65653e+006	104194	104783	1	4	7.73018e+006	7.76121e+006	6.19087e+006	6.21428e+006	
133	637523	668550	7	12	12	18	0	2	2	4	0	2	-0	1	7.62583e+006	7.65653e+006	104194	104783	1	4	7.73019e+006	7.76121e+006	6.19087e+006	6.21429e+006	
134	637520	668547	8	13	11	17	0	2	2	4	1	2	0	1	7.62583e+006	7.65654e+006	104194	104783	1	4	7.73019e+006	7.76122e+006	6.19088e+006	6.21429e+006	
135	637517	668544	8	14	11	17	1	2	2	5	1	2	0	1	7.62583e+006	7.65654e+006	104194	104783	2	5	7.73019e+006	7.76122e+006	6.19088e+006	6.21429e+006	
136	637515	668541	8	13	12	18	1	2	2	5	0	2	0	1	7.62584e+006	7.65654e+006	104194	104783	1	4	7.7302e+006	7.76122e+006	6.19088e+006	6.21429e+006	
137	637512	668538	9	14	12	19	0	2	2	5	1	2	0	1	7.62584e+006	7.65654e+006	104194	104783	2	5	7.7302e+006	7.76122e+006	6.19088e+006	6.21429e+006	
138	637506	668533	12	17	12	19	0	2	2	4	0	2	0	1	7.62584e+006	7.65654e+006	104194	104783	3	7	7.7302e+006	7.76123e+006	6.19089e+006	6.2143e+006	
139	637504	668530	11	16	11	18	0	2	2	5	1	2	0	1	7.62585e+006	7.65655e+006	104194	104783	1	4	7.73021e+006	7.76123e+006	6.19089e+006	6.2143e+006	
140	637501	668527	11	17	11	18	1	3	2	4	1	3	0	1	7.62585e+006	7.65655e+006	104194	104783	2	4	7.73021e+006	7.76124e+006	6.19089e+006	6.2143e+006	
141	637498	668524	11	17	12	19	1	2	1	4	1	3	0	1	7.62585e+006	7.65655e+006	104194	104783	2	4	7.73021e+006	7.76124e+006	6.19089e+006	6.21431e+006	
142	637494	668520	10	15	15	21	1	2	1	3	1	2	0	1	7.62585e+006	7.65656e+006	104194	104783	2	5	7.73022e+006	7.76124e+006	6.1909e+006	6.21431e+006	
143	637491	668517	10	16	14	21	1	3	2	5	1	2	0	1	7.62586e+006	7.65656e+006	104194	104783	2	4	7.73022e+006	7.76125e+006	6.1909e+006	6.21431e+006	
144	637488	668514	10	15	14	21	1	3	2	5	0	2	0	1	7.62586e+006	7.65656e+006	104194	104783	2	4	7.73022e+006	7.76125e+006	6.1909e+006	6.21432e+006	
145	637484	668510	10	17	14	21	1	3	2	5	1	3	0	1	7.62586e+006	7.65656e+006	104194	104783	2	5	7.73023e+006	7.76125e+006	6.19091e+006	6.21432e+006	
146	637480	668506	11	17	15	23	1	3	2	5	1	3	0	1	7.62586e+006	7.65657e+006	104194	104783	3	6	7.73023e+006	7.76126e+006	6.19091e+006	6.21432e+006	
147	637477	668503	10	17	14	23	1	3	2	6	1	2	0	1	7.62587e+006	7.65657e+006	104194	104783	2	4	7.73023e+006	7.76126e+006	6.19091e+006	6.21432e+006	
148	637474	668500	11	17	12	20	1	3	3	6	1	3	0	1	7.62587e+006	7.65657e+006	104194	104783	2	4	7.73024e+006	7.76126e+006	6.19092e+006	6.21433e+006	
149	637471	668496	11	17	14	22	1	3	2	5	1	3	0	1	7.62587e+006	7.65658e+006	104194	104783	2	5	7.73024e+006	7.76127e+006	6.19092e+006	6.21433e+006	
150	637469	668494	9	14	15	23	1	3	2	6	1	3	0	1	7.62588e+006	7.65658e+006	104194	104783	1	3	7.73024e+006	7.76127e+006	6.19092e+006	6.21433e+006	
151	637467	668492	8	12	14	23	1	3	2	5	1	3	0	1	7.62588e+006	7.65658e+006	104194	104783	1	2	7.73024e+006	7.76127e+006	6.19093e+006	6.21434e+006	
152	637465	668490	7	11	14	22	1	3	2	5	1	3	0	1	7.62588e+006	7.65659e+006	104194	104783	1	3	7.73025e+006	7.76127e+006	6.19093e+006	6.21434e+006	
153	637462	668487	6	11	14	22	2	4	2	5	1	3	-0	1	7.62589e+006	7.65659e+006	104194	104783	2	4	7.73025e+006	7.76127e+006	6.19093e+006	6.21434e+006	
154	637459	668485	7	11	13	21	1	4	2	5	1	3	-0	1	7.62589e+006	7.65659e+006	104194	104783	2	4	7.73025e+006	7.76128e+006	6.19093e+006	6.21434e+006	
155	637456	668482	8	13	11	18	1	4	2	5	1	3	-0	1	7.62589e+006	7.6566e+006	104194	104783	2	4	7.73025e+006	7.76128e+006	6.19094e+006	6.21435e+006	
156	637454	668480	8	13	10	16	1	3	2	5	1	3	-0	1	7.6259e+006	7.6566e+006	104194	104783	1	3	7.73026e+006	7.76128e+006	6.19094e+006	6.21435e+006	
157	637451	668477	8	13	11	16	1	3	2	5	1	3	-0	1	7.6259e+006	7.6566e+006	104194	104783	2	4	7.73026e+006	7.76129e+006	6.19094e+006	6.21435e+006	
158	637447	668472	9	15	10	16	1	3	3	6	1	3	-0	1	7.6259e+006	7.65661e+006	104195	104783	3	6	7.73026e+006	7.76129e+006	6.19094e+006	6.21435e+006	
159	637444	668469	10	15	11	16	0	2	3	6	0	2	-0	1	7.62591e+006	7.65661e+006	104195	104783	2	5	7.73027e+006	7.76129e+006	6.19095e+006	6.21436e+006	
160	637442	668467	9	15	10	16	0	2	3	5	0	2	-0	1	7.62591e+006	7.65661e+006	104195	104783	1	3	7.73027e+006	7.76129e+006	6.19095e+006	6.21436e+006	
161	637440	668464	9	15	10	17	1	3	2	5	0	2	0	1	7.62591e+006	7.65661e+006	104195	104783	2	4	7.73027e+006	7.7613e+006	6.19095e+006	6.21436e+006	
162	637437	668461	8	13	12	19	1	4	2	5	0	2	0	1	7.62591e+006	7.65662e+006	104195	104783	1	4	7.73028e+006	7.7613e+006	6.19095e+006	6.21436e+006	
163	637435	668459	7	12	12	19	1	4	2	5	0	2	0	1	7.62592e+006	7.65662e+006	104195	104783	1	4	7.73028e+006	7.7613e+006	6.19096e+006	6.21437e+006	
164	637432	668456	8	13	12	19	1	4	2	5	0	2	0	1	7.62592e+006	7.65662e+006	104195	104783	1	4	7.73028e+006	7.7613e+006	6.19096e+006	6.21437e+006	
165	637430	668454	7	12	12	19	1	3	1	4	1	3	0	2	7.62592e+006	7.65662e+006	104195	104783	1	3	7.73028e+006	7.76131e+006	6.19096e+006	6.21437e+006	
166	637428	668451	7	12	12	19	1	3	1	4	1	3	0	1	7.62593e+006	7.65663e+006	104195	104783	1	4	7.73029e+006	7.76131e+006	6.19096e+006	6.21437e+006	
167	637425	668448	8	13	12	19	0	2	2	5	1	2	0	1	7.62593e+006	7.65663e+006	104195	104783	1	4	7.73029e+006	7.76131e+006	6.19097e+006	6.21438e+006	
168	637422	668445	8	13	11	18	0	2	2	5	1	2	0	1	7.62593e+006	7.65663e+006	104195	104783	2	4	7.73029e+006	7.76131e+006	6.19097e+006	6.21438e+006	
169	637420	668443	9	13	10	16	0	2	1	4	0	2	0	1	7.62594e+006	7.65664e+006	104195	104784	1	4	7.73029e+006	7.76132e+006	6.19097e+006	6.21438e+006	
170	637417	668440	8	13	11	17	0	2	1	4	0	2	0	1	7.62594e+006	7.65664e+006	104195	104784	1	4	7.7303e+006	7.76132e+006	6.19097e+006	6.21438e+006	
171	637415	668438	8	13	11	17	0	2	1	4	0	1	-0	1	7.62594e+006	7.65664e+006	104195	104784	1	4	7.7303e+006	7.76132e+006	6.19098e+006	6.21438e+006	
172	637413	668435	7	12	11	17	0	2	2	4	0	1	-0	1	7.62594e+006	7.65664e+006	104195	104784	1	3	7.7303e+006	7.76132e+006	6.19098e+006	6.21439e+006	
173	637411	668433	7	11	11	17	0	2	1	4	-0	1	-0	1	7.62595e+006	7.65665e+006	104195	104784	1	3	7.7303e+006	7.76133e+006	6.19098e+006	6.21439e+006	
174	637409	668431	6	11	11	17	1	3	1	4	0	1	-0	1	7.62595e+006	7.65665e+006	104195	104784	1	3	7.73031e+006	7.76133e+006	6.19098e+006	6.21439e+006	
175	637406	668428	7	11	11	17	1	3	1	4	-0	1	-0	0	7.62595e+006	7.65665e+006	104195	104784	2	4	7.73031e+006	7.76133e+006	6.19099e+006	6.21439e+006	
176	637403	668425	8	13	11	17	0	2	1	4	-0	1	-0	1	7.62595e+006	7.65665e+006	104195	104784	2	4	7.73031e+006	7.76133e+006	6.19099e+006	6.2144e+006	
177	637401	668422	9	13	10	16	0	2	1	4	0	1	-0	1	7.62596e+006	7.65666e+006	104195	104784	1	4	7.73031e+006	7.76134e+006	6.19099e+006	6.2144e+006	
178	637398	668420	9	13	10	16	0	2	2	4	0	2	0	1	7.62596e+006	7.65666e+006	104195	104784	1	4	7.73032e+006	7.76134e+006	6.19099e+006	6.2144e+006	
179	637396	668418	8	13	10	17	0	1	2	5	0	2	0	1	7.62596e+006	7.65666e+006	104195	104784	1	3	7.73032e+006	7.76134e+006	6.19099e+006	6.2144e+006	
180	637393	668414	8	13	11	17	0	1	2	5	0	2	0	1	7.62596e+006	7.65666e+006	104195	104784	2	5	7.73032e+006	7.76134e+006	6.191e+006	6.21441e+006	
181	637390	668411	9	14	11	16	0	2	2	5	0	2	0	1	7.62597e+006	7.65667e+006	104195	104784	2	4	7.73033e+006	7.76135e+006	6.191e+006	6.21441e+006	
182	637387	668408	9	14	11	17	1	2	2	5	0	2	0	1	7.62597e+006	7.65667e+006	104195	104784	2	4	7.73033e+006	7.76135e+006	6.191e+006	6.21441e+006	
183	637384	668405	10	15	11	17	1	2	2	5	0	2	0	1	7.62597e+006	7.65667e+006	104195	104784	2	4	7.73033e+006	7.76135e+006	6.191e+006	6.21441e+006	
184	637382	668402	9	14	12	18	0	3	1	4	0	2	0	2	7.62597e+006	7.65667e+006	104195	104784	1	4	7.73033e+006	7.76135e+006	6.19101e+006	6.21441e+006	
185	637379	668399	9	14	12	18	1	3	1	4	1	3	0	2	7.62598e+006	7.65667e+006	104195	104784	2	4	7.73034e+006	7.76136e+006	6.19101e+006	6.21442e+006	
186	637375	668396	9	14	12	18	1	3	1	4	0	2	0	1	7.62598e+006	7.65668e+006	104195	104784	2	5	7.73034e+006	7.76136e+006	6.19101e+006	6.21442e+006	
187	637372	668393	10	14	13	19	1	3	1	4	1	2	0	1	7.62598e+006	7.65668e+006	104196	104784	2	5	7.73034e+006	7.76136e+006	6.19102e+006	6.21442e+006	
188	637368	668389	10	16	13	19	1	3	2	4	0	2	0	1	7.62598e+006	7.65668e+006	104196	104784	2	5	7.73035e+006	7.76137e+006	6.19102e+006	6.21442e+006	
189	637366	668387	10	15	12	19	1	3	2	4	0	2	0	1	7.62599e+006	7.65668e+006	104196	104784	1	4	7.73035e+006	7.76137e+006	6.19102e+006	6.21443e+006	
190	637362	668383	10	16	12	19	1	3	2	5	0	2	0	1	7.62599e+006	7.65669e+006	104196	104784	2	5	7.73035e+006	7.76137e+006	6.19102e+006	6.21443e+006	
191	637361	668381	9	14	12	19	1	3	2	5	1	2	0	2	7.62599e+006	7.65669e+006	104196	104784	1	3	7.73036e+006	7.76138e+006	6.19103e+006	6.21443e+006	
192	637358	668378	9	14	12	19	2	4	2	5	1	3	0	1	7.626e+006	7.65669e+006	104196	104784	2	5	7.73036e+006	7.76138e+006	6.19103e+006	6.21444e+006	
193	637355	668375	9	14	12	19	1	3	2	5	1	3	0	1	7.626e+006	7.6567e+006	104196	104784	2	4	7.73036e+006	7.76138e+006	6.19103e+006	6.21444e+006	
194	637352	668371	9	14	13	21	1	3	2	5	0	2	0	1	7.626e+006	7.6567e+006	104196	104784	2	4	7.73037e+006	7.76138e+006	6.19104e+006	6.21444e+006	
195	637350	668369	9	14	13	20	1	3	2	5	1	3	0	2	7.626e+006	7.6567e+006	104196	104785	1	3	7.73037e+006	7.76139e+006	6.19104e+006	6.21444e+006	
196	637348	668367	8	13	13	20	1	2	2	5	1	3	0	2	7.62601e+006	7.6567e+006	104196	104785	1	3	7.73037e+006	7.76139e+006	6.19104e+006	6.21445e+006	
197	637345	668365	8	12	13	19	1	3	2	5	1	3	0	2	7.62601e+006	7.65671e+006	104196	104785	1	4	7.73037e+006	7.76139e+006	6.19104e+006	6.21445e+006	
198	637342	668362	7	12	13	19	1	2	2	5	1	3	0	2	7.62601e+006	7.65671e+006	104196	104785	2	4	7.73037e+006	7.76139e+006	6.19105e+006	6.21445e+006	
199	637339	668358	9	14	12	18	1	3	2	5	1	4	1	2	7.62602e+006	7.65671e+006	104196	104785	2	5	7.73038e+006	7.7614e+006	6.19105e+006	6.21445e+006	
200	637336	668356	9	15	11	16	1	3	2	6	1	4	1	2	7.62602e+006	7.65672e+006	104196	104785	2	4	7.73038e+006	7.7614e+006	6.19105e+006	6.21446e+006	
201	637333	668352	10	16	11	17	1	3	2	5	1	3	0	2	7.62602e+006	7.65672e+006	104196	104785	2	5	7.73038e+006	7.7614e+006	6.19105e+006	6.21446e+006	
202	637330	668349	10	16	10	17	1	3	2	5	1	3	1	2	7.62602e+006	7.65672e+006	104196	104785	2	4	7.73039e+006	7.76141e+006	6.19105e+006	6.21446e+006	
203	637327	668346	10	14	11	17	1	3	1	4	1	3	1	2	7.62603e+006	7.65672e+006	104196	104785	1	4	7.73039e+006	7.76141e+006	6.19106e+006	6.21446e+006	
204	637323	668343	10	15	10	17	1	3	1	4	1	4	1	2	7.62603e+006	7.65673e+006	104196	104785	2	5	7.73039e+006	7.76141e+006	6.19106e+006	6.21447e+006	
205	637321	668340	9	14	12	19	1	3	1	4	1	3	0	2	7.62603e+006	7.65673e+006	104196	104785	2	4	7.7304e+006	7.76142e+006	6.19106e+006	6.21447e+006	
206	637319	668338	8	13	13	19	1	4	1	3	1	3	0	1	7.62604e+006	7.65673e+006	104196	104785	1	3	7.7304e+006	7.76142e+006	6.19107e+006	6.21447e+006	
207	637316	668335	8	13	13	20	1	3	1	3	1	3	0	1	7.62604e+006	7.65674e+006	104196	104785	1	4	7.7304e+006	7.76142e+006	6.19107e+006	6.21447e+006	
208	637314	668332	8	13	13	20	1	3	1	3	1	3	0	1	7.62604e+006	7.65674e+006	104196	104785	1	4	7.7304e+006	7.76142e+006	6.19107e+006	6.21448e+006	
209	637310	668328	8	14	13	19	1	3	1	4	1	2	0	1	7.62605e+006	7.65674e+006	104197	104785	2	5	7.73041e+006	7.76143e+006	6.19107e+006	6.21448e+006	
210	637307	668325	10	15	13	19	1	2	1	4	1	3	0	1	7.62605e+006	7.65674e+006	104197	104785	2	5	7.73041e+006	7.76143e+006	6.19108e+006	6.21448e+006	
211	637303	668322	10	16	12	19	0	2	1	4	0	2	-0	1	7.62605e+006	7.65675e+006	104197	104785	2	4	7.73041e+006	7.76143e+006	6.19108e+006	6.21448e+006	
212	637300	668318	11	16	12	18	0	2	1	5	0	2	-0	1	7.62605e+006	7.65675e+006	104197	104786	2	5	7.73042e+006	7.76144e+006	6.19108e+006	6.21449e+006	
213	637298	668315	10	15	13	19	0	2	2	4	0	2	0	1	7.62606e+006	7.65675e+006	104197	104786	2	4	7.73042e+006	7.76144e+006	6.19109e+006	6.21449e+006	
214	637296	668313	9	14	13	19	0	2	2	5	0	1	-0	1	7.62606e+006	7.65676e+006	104197	104786	1	3	7.73042e+006	7.76144e+006	6.19109e+006	6.21449e+006	
215	637293	668310	8	14	13	20	1	3	2	5	0	2	-0	1	7.62606e+006	7.65676e+006	104197	104786	2	4	7.73043e+006	7.76144e+006	6.19109e+006	6.2145e+006	
216	637289	668307	9	14	14	21	1	3	1	4	0	2	0	1	7.62607e+006	7.65676e+006	104197	104786	2	5	7.73043e+006	7.76145e+006	6.19109e+006	6.2145e+006	
217	637286	668304	9	14	13	20	1	4	1	4	0	2	0	1	7.62607e+006	7.65676e+006	104197	104786	2	4	7.73043e+006	7.76145e+006	6.1911e+006	6.2145e+006	
218	637283	668301	10	15	13	20	1	3	2	4	0	2	0	1	7.62607e+006	7.65676e+006	104197	104786	1	4	7.73044e+006	7.76145e+006	6.1911e+006	6.2145e+006	
219	637280	668298	10	15	12	19	1	3	2	4	0	2	0	1	7.62607e+006	7.65677e+006	104197	104786	2	5	7.73044e+006	7.76146e+006	6.1911e+006	6.21451e+006	
220	637277	668296	9	14	12	19	1	4	2	5	0	2	0	1	7.62608e+006	7.65677e+006	104197	104786	1	4	7.73044e+006	7.76146e+006	6.1911e+006	6.21451e+006	
221	637274	668292	9	15	12	19	1	4	2	5	0	2	0	1	7.62608e+006	7.65677e+006	104197	104786	2	5	7.73044e+006	7.76146e+006	6.19111e+006	6.21451e+006	
222	637271	668289	10	15	11	18	1	4	2	5	0	2	0	1	7.62608e+006	7.65678e+006	104197	104786	2	4	7.73045e+006	7.76147e+006	6.19111e+006	6.21451e+006	
223	637268	668286	10	15	12	19	1	4	2	5	0	2	-0	1	7.62609e+006	7.65678e+006	104197	104786	2	5	7.73045e+006	7.76147e+006	6.19111e+006	6.21452e+006	
224	637265	668283	9	15	12	19	1	4	2	5	1	3	0	1	7.62609e+006	7.65678e+006	104197	104786	1	4	7.73045e+006	7.76147e+006	6.19111e+006	6.21452e+006	
225	637261	668279	10	15	12	20	1	4	2	4	1	3	0	1	7.62609e+006	7.65679e+006	104197	104786	2	5	7.73046e+006	7.76148e+006	6.19112e+006	6.21452e+006	
226	637258	668276	10	16	12	19	1	4	2	4	1	3	0	1	7.6261e+006	7.65679e+006	104197	104786	2	5	7.73046e+006	7.76148e+006	6.19112e+006	6.21453e+006	
227	637255	668272	10	16	13	20	1	3	2	4	1	3	0	2	7.6261e+006	7.65679e+006	104197	104786	2	5	7.73046e+006	7.76148e+006	6.19112e+006	6.21453e+006	
228	637251	668269	11	18	13	20	1	3	1	4	1	3	0	2	7.6261e+006	7.6568e+006	104197	104786	2	5	7.73047e+006	7.76149e+006	6.19113e+006	6.21453e+006	
229	637248	668266	11	16	13	20	1	3	2	4	1	3	0	2	7.6261e+006	7.6568e+006	104197	104786	2	4	7.73047e+006	7.76149e+006	6.19113e+006	6.21453e+006	
230	637246	668263	10	15	14	21	1	3	2	4	1	3	0	2	7.62611e+006	7.6568e+006	104197	104786	1	4	7.73047e+006	7.76149e+006	6.19113e+006	6.21454e+006	
231	637242	668260	10	15	14	21	1	4	2	5	1	3	0	2	7.62611e+006	7.6568e+006	104197	104786	2	5	7.73048e+006	7.76149e+006	6.19114e+006	6.21454e+006	
232	637240	668257	9	14	14	21	1	4	2	5	1	3	0	2	7.62611e+006	7.65681e+006	104197	104786	1	4	7.73048e+006	7.7615e+006	6.19114e+006	6.21454e+006	
233	637237	668255	9	13	13	20	2	4	2	6	1	3	0	2	7.62611e+006	7.65681e+006	104197	104786	1	4	7.73048e+006	7.7615e+006	6.19114e+006	6.21455e+006	
234	637233	668251	10	15	13	21	1	4	3	6	1	3	0	2	7.62612e+006	7.65681e+006	104197	104786	3	5	7.73049e+006	7.7615e+006	6.19114e+006	6.21455e+006	
235	637230	668247	10	15	14	20	1	3	3	6	1	3	0	2	7.62612e+006	7.65682e+006	104197	104786	2	5	7.73049e+006	7.76151e+006	6.19115e+006	6.21455e+006	
236	637227	668244	10	15	13	19	1	3	3	6	0	2	-0	1	7.62613e+006	7.65682e+006	104198	104786	1	4	7.73049e+006	7.76151e+006	6.19115e+006	6.21455e+006	
237	637224	668241	10	16	13	19	1	2	2	6	0	2	-0	1	7.62613e+006	7.65682e+006	104198	104786	2	4	7.7305e+006	7.76151e+006	6.19115e+006	6.21456e+006	
238	637221	668238	10	15	13	19	1	3	3	6	0	2	-0	1	7.62613e+006	7.65683e+006	104198	104786	2	4	7.7305e+006	7.76152e+006	6.19116e+006	6.21456e+006	
239	637218	668235	10	14	14	20	1	3	3	5	0	2	-0	1	7.62614e+006	7.65683e+006	104198	104786	2	5	7.7305e+006	7.76152e+006	6.19116e+006	6.21456e+006	
240	637216	668233	9	14	14	20	1	3	2	5	1	2	0	1	7.62614e+006	7.65683e+006	104198	104786	1	3	7.7305e+006	7.76152e+006	6.19116e+006	6.21456e+006	
241	637213	668230	8	14	13	20	1	3	2	5	1	3	0	1	7.62614e+006	7.65683e+006	104198	104786	1	4	7.73051e+006	7.76152e+006	6.19116e+006	6.21457e+006	
242	637211	668227	8	14	14	21	1	3	3	6	1	3	0	1	7.62614e+006	7.65684e+006	104198	104786	2	5	7.73051e+006	7.76153e+006	6.19117e+006	6.21457e+006	
243	637208	668224	8	13	14	21	1	3	3	6	1	3	0	1	7.62615e+006	7.65684e+006	104198	104786	1	4	7.73051e+006	7.76153e+006	6.19117e+006	6.21457e+006	
244	637206	668222	8	13	13	20	0	2	2	6	1	3	0	1	7.62615e+006	7.65684e+006	104198	104786	1	3	7.73051e+006	7.76153e+006	6.19117e+006	6.21458e+006	
245	637203	668219	9	14	12	19	0	2	3	6	1	3	0	1	7.62615e+006	7.65685e+006	104198	104786	2	4	7.73052e+006	7.76153e+006	6.19118e+006	6.21458e+006	
246	637200	668216	8	13	13	20	-0	2	3	5	1	3	0	2	7.62616e+006	7.65685e+006	104198	104786	1	4	7.73052e+006	7.76154e+006	6.19118e+006	6.21458e+006	
247	637197	668213	9	13	12	19	0	2	3	6	1	4	0	2	7.62616e+006	7.65685e+006	104198	104786	1	4	7.73052e+006	7.76154e+006	6.19118e+006	6.21458e+006	
248	637196	668211	8	13	11	18	0	2	2	5	1	4	0	2	7.62616e+006	7.65686e+006	104198	104786	1	3	7.73053e+006	7.76154e+006	6.19118e+006	6.21459e+006	
249	637193	668209	8	13	11	17	1	3	3	5	1	3	0	2	7.62616e+006	7.65686e+006	104198	104786	1	4	7.73053e+006	7.76154e+006	6.19119e+006	6.21459e+006	
250	637191	668206	7	12	11	18	1	3	3	6	1	4	0	1	7.62617e+006	7.65686e+006	104198	104786	1	3	7.73053e+006	7.76155e+006	6.19119e+006	6.21459e+006	
251	637187	668203	8	13	12	18	1	3	2	5	1	3	0	1	7.62617e+006	7.65686e+006	104198	104787	2	5	7.73053e+006	7.76155e+006	6.19119e+006	6.21459e+006	
252	637185	668201	8	13	11	16	1	3	3	6	1	3	0	1	7.62617e+006	7.65687e+006	104198	104787	1	3	7.73054e+006	7.76155e+006	6.19119e+006	6.21459e+006	
253	637182	668197	9	14	10	17	1	3	2	5	1	3	0	2	7.62618e+006	7.65687e+006	104198	104787	2	5	7.73054e+006	7.76155e+006	6.1912e+006	6.2146e+006	
254	637180	668195	9	14	10	17	1	3	2	5	1	3	0	1	7.62618e+006	7.65687e+006	104198	104787	1	3	7.73054e+006	7.76156e+006	6.1912e+006	6.2146e+006	
255	637178	668193	7	12	11	18	1	3	2	4	1	4	0	2	7.62618e+006	7.65687e+006	104198	104787	1	3	7.73054e+006	7.76156e+006	6.1912e+006	6.2146e+006	
256	637175	668190	8	13	10	17	1	3	2	4	1	4	0	2	7.62618e+006	7.65688e+006	104198	104787	1	4	7.73055e+006	7.76156e+006	6.1912e+006	6.2146e+006	
257	637172	668187	8	13	11	17	1	3	2	5	1	4	0	2	7.62619e+006	7.65688e+006	104198	104787	2	5	7.73055e+006	7.76156e+006	6.19121e+006	6.21461e+006	
258	637170	668185	8	13	11	17	1	3	2	5	1	4	0	2	7.62619e+006	7.65688e+006	104198	104787	1	3	7.73055e+006	7.76157e+006	6.19121e+006	6.21461e+006	
259	637167	668181	9	14	11	17	1	3	2	5	1	4	0	2	7.62619e+006	7.65688e+006	104198	104787	2	5	7.73056e+006	7.76157e+006	6.19121e+006	6.21461e+006	
260	637163	668177	10	15	11	17	1	3	2	5	1	3	0	2	7.62619e+006	7.65689e+006	104198	104787	2	5	7.73056e+006	7.76157e+006	6.19121e+006	6.21461e+006	
261	637160	668174	9	15	11	17	1	3	2	5	1	3	0	2	7.6262e+006	7.65689e+006	104198	104787	1	4	7.73056e+006	7.76158e+006	6.19121e+006	6.21462e+006	
262	637157	668171	10	16	11	18	0	2	1	4	1	3	0	2	7.6262e+006	7.65689e+006	104198	104787	2	5	7.73057e+006	7.76158e+006	6.19122e+006	6.21462e+006	
263	637154	668168	10	16	12	18	0	2	1	4	1	3	0	2	7.6262e+006	7.6569e+006	104198	104787	2	5	7.73057e+006	7.76158e+006	6.19122e+006	6.21462e+006	
264	637152	668166	9	14	13	20	0	2	2	4	1	3	0	2	7.62621e+006	7.6569e+006	104198	104787	1	3	7.73057e+006	7.76158e+006	6.19122e+006	6.21462e+006	
265	637150	668163	8	14	13	20	1	2	1	4	1	3	0	2	7.62621e+006	7.6569e+006	104198	104787	1	3	7.73057e+006	7.76159e+006	6.19123e+006	6.21463e+006	
266	637147	668160	8	13	14	20	1	2	2	4	0	2	0	1	7.62621e+006	7.6569e+006	104198	104787	2	5	7.73058e+006	7.76159e+006	6.19123e+006	6.21463e+006	
267	637144	668157	8	13	14	21	1	2	2	5	0	2	0	2	7.62621e+006	7.65691e+006	104198	104787	2	4	7.73058e+006	7.76159e+006	6.19123e+006	6.21463e+006	
268	637142	668155	8	13	14	21	1	2	2	5	0	2	0	1	7.62622e+006	7.65691e+006	104198	104787	1	3	7.73058e+006	7.76159e+006	6.19123e+006	6.21463e+006	
269	637139	668152	9	14	12	19	1	2	2	6	0	2	0	1	7.62622e+006	7.65691e+006	104198	104787	2	4	7.73058e+006	7.7616e+006	6.19124e+006	6.21464e+006	
270	637136	668148	9	14	12	19	1	2	2	5	0	2	0	1	7.62622e+006	7.65691e+006	104198	104787	2	5	7.73059e+006	7.7616e+006	6.19124e+006	6.21464e+006	
271	637133	668145	8	14	13	19	0	2	2	5	1	2	0	1	7.62623e+006	7.65692e+006	104198	104787	2	4	7.73059e+006	7.7616e+006	6.19124e+006	6.21464e+006	
272	637131	668143	9	14	11	18	0	2	2	5	0	2	0	1	7.62623e+006	7.65692e+006	104198	104787	1	3	7.73059e+006	7.76161e+006	6.19125e+006	6.21464e+006	
273	637128	668140	9	14	11	17	0	2	2	5	0	2	0	1	7.62623e+006	7.65692e+006	104198	104787	2	4	7.7306e+006	7.76161e+006	6.19125e+006	6.21465e+006	
274	637127	668138	7	12	12	18	0	2	2	5	0	2	0	1	7.62623e+006	7.65693e+006	104199	104787	1	3	7.7306e+006	7.76161e+006	6.19125e+006	6.21465e+006	
275	637124	668135	7	12	12	19	1	3	2	4	0	2	0	1	7.62624e+006	7.65693e+006	104199	104787	2	4	7.7306e+006	7.76161e+006	6.19125e+006	6.21465e+006	
276	637120	668131	8	14	11	18	1	3	2	5	0	2	0	1	7.62624e+006	7.65693e+006	104199	104787	2	5	7.73061e+006	7.76162e+006	6.19126e+006	6.21465e+006	
277	637118	668129	8	13	11	18	1	3	2	5	0	2	-0	1	7.62624e+006	7.65693e+006	104199	104787	1	3	7.73061e+006	7.76162e+006	6.19126e+006	6.21466e+006	
278	637116	668127	9	14	11	18	1	3	2	4	0	2	0	1	7.62625e+006	7.65694e+006	104199	104787	1	4	7.73061e+006	7.76162e+006	6.19126e+006	6.21466e+006	
279	637113	668124	8	13	11	18	1	3	2	4	1	3	0	1	7.62625e+006	7.65694e+006	104199	104787	1	4	7.73061e+006	7.76162e+006	6.19126e+006	6.21466e+006	
280	637111	668121	7	12	11	18	1	3	2	5	1	3	0	1	7.62625e+006	7.65694e+006	104199	104787	1	4	7.73062e+006	7.76163e+006	6.19127e+006	6.21466e+006	
281	637109	668120	7	12	11	17	1	2	2	5	0	2	0	1	7.62626e+006	7.65694e+006	104199	104787	1	3	7.73062e+006	7.76163e+006	6.19127e+006	6.21467e+006	
282	637107	668118	6	11	11	18	0	2	1	4	1	3	0	2	7.62626e+006	7.65695e+006	104199	104787	1	3	7.73062e+006	7.76163e+006	6.19127e+006	6.21467e+006	
283	637104	668115	6	11	11	17	0	2	1	4	1	2	0	1	7.62626e+006	7.65695e+006	104199	104787	2	4	7.73062e+006	7.76163e+006	6.19127e+006	6.21467e+006	
284	637102	668113	6	11	12	18	0	2	1	3	1	2	0	1	7.62626e+006	7.65695e+006	104199	104787	1	3	7.73062e+006	7.76163e+006	6.19128e+006	6.21467e+006	
285	637099	668110	7	12	11	17	0	1	1	4	1	3	0	1	7.62627e+006	7.65695e+006	104199	104787	2	4	7.73063e+006	7.76164e+006	6.19128e+006	6.21467e+006	
286	637096	668107	8	13	10	16	0	1	2	4	1	3	0	1	7.62627e+006	7.65696e+006	104199	104787	2	4	7.73063e+006	7.76164e+006	6.19128e+006	6.21468e+006	
287	637093	668104	9	14	10	17	0	1	1	4	1	2	0	1	7.62627e+006	7.65696e+006	104199	104787	2	4	7.73063e+006	7.76164e+006	6.19128e+006	6.21468e+006	
288	637091	668101	9	14	9	16	0	2	2	4	0	2	0	1	7.62627e+006	7.65696e+006	104199	104787	1	4	7.73064e+006	7.76165e+006	6.19128e+006	6.21468e+006	
289	637089	668099	8	13	10	16	0	2	2	4	0	2	0	1	7.62628e+006	7.65696e+006	104199	104787	1	4	7.73064e+006	7.76165e+006	6.19129e+006	6.21468e+006	
290	637087	668098	7	11	10	16	1	3	2	6	0	2	0	1	7.62628e+006	7.65697e+006	104199	104787	0	2	7.73064e+006	7.76165e+006	6.19129e+006	6.21469e+006	
291	637084	668094	8	12	11	17	1	3	2	5	0	2	0	1	7.62628e+006	7.65697e+006	104199	104787	2	5	7.73064e+006	7.76165e+006	6.19129e+006	6.21469e+006	
292	637081	668091	8	13	11	18	1	3	2	5	0	2	-0	1	7.62628e+006	7.65697e+006	104199	104787	2	5	7.73065e+006	7.76166e+006	6.19129e+006	6.21469e+006	
293	637078	668088	8	13	11	17	1	3	2	5	0	2	-0	1	7.62629e+006	7.65697e+006	104199	104787	2	4	7.73065e+006	7.76166e+006	6.1913e+006	6.21469e+006	
294	637074	668085	10	16	11	17	1	3	2	5	1	2	-0	1	7.62629e+006	7.65697e+006	104199	104787	2	5	7.73065e+006	7.76166e+006	6.1913e+006	6.21469e+006	
295	637072	668082	9	15	11	17	1	3	1	4	0	2	-0	1	7.62629e+006	7.65698e+006	104199	104788	2	4	7.73065e+006	7.76166e+006	6.1913e+006	6.2147e+006	
296	637068	668078	10	15	12	17	0	2	1	4	0	2	-0	1	7.62629e+006	7.65698e+006	104199	104788	2	5	7.73066e+006	7.76167e+006	6.1913e+006	6.2147e+006	
297	637065	668076	10	15	11	17	1	2	1	3	0	2	-0	1	7.6263e+006	7.65698e+006	104199	104788	2	4	7.73066e+006	7.76167e+006	6.19131e+006	6.2147e+006	
298	637062	668072	10	15	11	18	1	3	1	3	1	2	-0	1	7.6263e+006	7.65699e+006	104199	104788	2	5	7.73066e+006	7.76167e+006	6.19131e+006	6.21471e+006	
299	637059	668069	10	16	12	18	1	3	1	3	0	2	-0	1	7.6263e+006	7.65699e+006	104199	104788	1	4	7.73067e+006	7.76168e+006	6.19131e+006	6.21471e+006	
300	637057	668067	9	14	13	20	1	3	1	3	1	2	-0	1	7.6263e+006	7.65699e+006	104199	104788	1	4	7.73067e+006	7.76168e+006	6.19132e+006	6.21471e+006	
301	637053	668063	10	15	13	20	1	4	2	4	1	2	-0	1	7.62631e+006	7.65699e+006	104199	104788	3	6	7.73067e+006	7.76168e+006	6.19132e+006	6.21471e+006	
302	637050	668060	10	15	13	20	1	4	2	5	1	2	-0	0	7.62631e+006	7.657e+006	104199	104788	2	4	7.73068e+006	7.76169e+006	6.19132e+006	6.21472e+006	
303	637046	668055	11	17	13	20	1	3	2	5	1	2	-0	0	7.62631e+006	7.657e+006	104199	104788	3	6	7.73068e+006	7.76169e+006	6.19132e+006	6.21472e+006	
304	637043	668052	12	17	13	19	1	3	2	6	1	3	-0	1	7.62631e+006	7.657e+006	104199	104788	2	4	7.73068e+006	7.76169e+006	6.19133e+006	6.21472e+006	
305	637040	668049	11	16	13	21	1	3	3	6	1	3	-0	1	7.62632e+006	7.657e+006	104199	104788	2	5	7.73069e+006	7.7617e+006	6.19133e+006	6.21473e+006	
306	637039	668047	9	14	13	20	1	3	3	7	1	3	0	1	7.62632e+006	7.65701e+006	104199	104788	1	3	7.73069e+006	7.7617e+006	6.19133e+006	6.21473e+006	
307	637036	668044	8	13	15	22	1	3	4	7	1	3	0	1	7.62632e+006	7.65701e+006	104199	104788	2	4	7.73069e+006	7.7617e+006	6.19134e+006	6.21473e+006	
308	637033	668040	9	14	14	21	1	3	3	7	1	3	0	1	7.62633e+006	7.65701e+006	104199	104788	2	5	7.7307e+006	7.7617e+006	6.19134e+006	6.21473e+006	
309	637030	668037	9	13	14	21	1	3	3	6	1	4	0	1	7.62633e+006	7.65701e+006	104199	104788	2	4	7.7307e+006	7.76171e+006	6.19134e+006	6.21474e+006	
310	637028	668036	9	13	14	20	1	3	3	6	1	3	0	1	7.62633e+006	7.65702e+006	104199	104788	1	3	7.7307e+006	7.76171e+006	6.19134e+006	6.21474e+006	
311	637025	668032	9	14	13	19	0	2	2	5	1	4	0	1	7.62634e+006	7.65702e+006	104199	104788	2	5	7.7307e+006	7.76171e+006	6.19135e+006	6.21474e+006	
312	637023	668030	8	13	14	20	0	2	2	5	1	3	0	2	7.62634e+006	7.65703e+006	104200	104788	1	3	7.73071e+006	7.76171e+006	6.19135e+006	6.21474e+006	
313	637020	668026	8	13	13	19	0	2	1	4	1	4	0	2	7.62634e+006	7.65703e+006	104200	104788	2	5	7.73071e+006	7.76172e+006	6.19135e+006	6.21475e+006	
314	637016	668023	10	15	12	18	0	1	1	4	1	4	0	2	7.62635e+006	7.65703e+006	104200	104788	2	5	7.73071e+006	7.76172e+006	6.19136e+006	6.21475e+006	
315	637014	668020	9	14	12	18	0	1	1	4	1	4	0	2	7.62635e+006	7.65704e+006	104200	104788	1	4	7.73072e+006	7.76172e+006	6.19136e+006	6.21475e+006	
316	637012	668018	9	14	12	18	0	2	1	3	1	4	0	1	7.62635e+006	7.65704e+006	104200	104788	1	3	7.73072e+006	7.76172e+006	6.19136e+006	6.21475e+006	
317	637008	668014	9	14	13	19	0	2	1	3	1	3	0	1	7.62636e+006	7.65704e+006	104200	104788	2	5	7.73072e+006	7.76173e+006	6.19136e+006	6.21476e+006	
318	637006	668012	8	13	12	19	1	3	1	4	1	3	0	1	7.62636e+006	7.65704e+006	104200	104789	1	4	7.73072e+006	7.76173e+006	6.19137e+006	6.21476e+006	
319	637004	668010	8	12	12	18	0	2	2	5	1	3	0	1	7.62636e+006	7.65705e+006	104200	104789	1	3	7.73073e+006	7.76173e+006	6.19137e+006	6.21476e+006	
320	637001	668007	9	13	12	18	1	3	2	5	1	3	0	1	7.62636e+006	7.65705e+006	104200	104789	2	5	7.73073e+006	7.76174e+006	6.19137e+006	6.21476e+006	
321	636998	668004	8	13	13	19	0	2	2	5	1	3	0	1	7.62637e+006	7.65705e+006	104200	104789	2	4	7.73073e+006	7.76174e+006	6.19138e+006	6.21477e+006	
322	636996	668002	7	12	13	20	0	2	2	5	1	3	0	1	7.62637e+006	7.65705e+006	104200	104789	1	3	7.73073e+006	7.76174e+006	6.19138e+006	6.21477e+006	
323	636994	667999	8	13	12	18	0	1	2	5	1	2	0	1	7.62637e+006	7.65706e+006	104200	104789	2	4	7.73074e+006	7.76174e+006	6.19138e+006	6.21477e+006	
324	636990	667995	9	14	12	18	-0	1	2	4	1	3	0	2	7.62638e+006	7.65706e+006	104200	104789	2	5	7.73074e+006	7.76175e+006	6.19138e+006	6.21478e+006	
325	636988	667993	8	14	12	19	0	1	1	4	1	3	0	2	7.62638e+006	7.65706e+006	104200	104789	1	4	7.73074e+006	7.76175e+006	6.19139e+006	6.21478e+006	
326	636985	667990	9	14	12	18	0	1	1	4	1	3	0	2	7.62638e+006	7.65706e+006	104200	104789	1	4	7.73075e+006	7.76175e+006	6.19139e+006	6.21478e+006	
327	636983	667987	9	14	10	17	1	2	1	4	1	3	0	1	7.62638e+006	7.65707e+006	104200	104789	2	4	7.73075e+006	7.76175e+006	6.19139e+006	6.21478e+006	
328	636980	667984	8	13	11	18	1	3	2	4	1	3	0	2	7.62639e+006	7.65707e+006	104200	104789	1	4	7.73075e+006	7.76176e+006	6.19139e+006	6.21478e+006	
329	636978	667982	7	13	11	18	1	3	1	4	1	3	0	2	7.62639e+006	7.65707e+006	104200	104789	1	3	7.73075e+006	7.76176e+006	6.1914e+006	6.21479e+006	
330	636974	667978	9	14	10	17	1	4	1	4	1	3	0	2	7.62639e+006	7.65707e+006	104200	104789	2	6	7.73076e+006	7.76176e+006	6.1914e+006	6.21479e+006	
331	636973	667976	8	13	10	17	1	3	1	3	1	3	0	2	7.6264e+006	7.65708e+006	104200	104789	1	3	7.73076e+006	7.76176e+006	6.1914e+006	6.21479e+006	
332	636971	667974	7	12	11	19	1	3	1	3	1	3	0	2	7.6264e+006	7.65708e+006	104200	104789	1	3	7.73076e+006	7.76177e+006	6.1914e+006	6.21479e+006	
333	636969	667972	8	12	11	18	0	2	2	4	1	3	0	2	7.6264e+006	7.65708e+006	104200	104789	1	4	7.73076e+006	7.76177e+006	6.19141e+006	6.2148e+006	
334	636966	667969	6	11	12	20	-0	1	2	5	1	3	-0	1	7.6264e+006	7.65708e+006	104200	104789	1	4	7.73077e+006	7.76177e+006	6.19141e+006	6.2148e+006	
335	636964	667967	7	11	12	19	-0	1	2	5	0	2	-0	1	7.62641e+006	7.65709e+006	104200	104789	1	4	7.73077e+006	7.76177e+006	6.19141e+006	6.2148e+006	
336	636962	667964	8	12	12	18	-0	0	2	5	0	2	-0	1	7.62641e+006	7.65709e+006	104200	104789	1	3	7.73077e+006	7.76177e+006	6.19141e+006	6.2148e+006	
337	636959	667962	8	11	11	17	0	1	2	5	0	2	-0	1	7.62641e+006	7.65709e+006	104200	104789	1	3	7.73077e+006	7.76178e+006	6.19142e+006	6.21481e+006	
338	636957	667960	7	11	11	17	0	2	2	5	0	1	-0	1	7.62641e+006	7.65709e+006	104201	104789	1	3	7.73078e+006	7.76178e+006	6.19142e+006	6.21481e+006	
339	636955	667958	7	11	11	17	0	2	2	4	0	2	-0	1	7.62642e+006	7.6571e+006	104201	104789	1	4	7.73078e+006	7.76178e+006	6.19142e+006	6.21481e+006	
340	636952	667954	7	12	10	15	0	2	1	4	1	2	-0	1	7.62642e+006	7.6571e+006	104201	104789	2	5	7.73078e+006	7.76178e+006	6.19142e+006	6.21481e+006	
341	636949	667951	8	13	10	15	0	2	2	4	1	2	-0	1	7.62642e+006	7.6571e+006	104201	104790	1	4	7.73079e+006	7.76179e+006	6.19143e+006	6.21481e+006	
342	636947	667949	8	13	10	16	0	2	2	5	0	2	-0	1	7.62642e+006	7.6571e+006	104201	104790	1	4	7.73079e+006	7.76179e+006	6.19143e+006	6.21482e+006	
343	636944	667946	8	13	10	16	-0	2	2	4	0	2	-0	1	7.62643e+006	7.65711e+006	104201	104790	1	4	7.73079e+006	7.76179e+006	6.19143e+006	6.21482e+006	
344	636942	667944	8	13	11	16	0	2	2	4	1	2	-0	1	7.62643e+006	7.65711e+006	104201	104790	2	4	7.73079e+006	7.76179e+006	6.19143e+006	6.21482e+006	
345	636938	667941	8	13	11	16	0	2	2	4	1	2	-0	1	7.62643e+006	7.65711e+006	104201	104790	2	4	7.7308e+006	7.7618e+006	6.19144e+006	6.21482e+006	
346	636937	667938	8	13	10	16	1	3	2	4	1	3	-0	1	7.62643e+006	7.65711e+006	104201	104790	1	3	7.7308e+006	7.7618e+006	6.19144e+006	6.21483e+006	
347	636934	667936	8	13	10	17	1	3	2	5	1	3	-0	1	7.62644e+006	7.65711e+006	104201	104790	1	3	7.7308e+006	7.7618e+006	6.19144e+006	6.21483e+006	
348	636932	667933	8	12	11	17	1	3	2	4	1	3	-0	1	7.62644e+006	7.65712e+006	104201	104790	1	4	7.7308e+006	7.7618e+006	6.19144e+006	6.21483e+006	
349	636929	667931	8	12	12	18	1	3	2	4	1	3	-0	1	7.62644e+006	7.65712e+006	104201	104790	2	4	7.73081e+006	7.76181e+006	6.19145e+006	6.21483e+006	
350	636927	667928	8	12	11	18	1	2	2	5	1	2	-0	1	7.62644e+006	7.65712e+006	104201	104790	1	3	7.73081e+006	7.76181e+006	6.19145e+006	6.21484e+006	
351	636924	667926	8	13	11	17	1	2	3	5	1	2	-0	1	7.62645e+006	7.65712e+006	104201	104790	2	4	7.73081e+006	7.76181e+006	6.19145e+006	6.21484e+006	
352	636921	667923	8	13	11	17	1	2	2	5	1	3	0	1	7.62645e+006	7.65713e+006	104201	104790	2	4	7.73081e+006	7.76182e+006	6.19145e+006	6.21484e+006	
353	636919	667920	7	13	11	17	1	2	2	4	1	3	0	1	7.62645e+006	7.65713e+006	104201	104790	1	3	7.73082e+006	7.76182e+006	6.19145e+006	6.21484e+006	
354	636916	667918	8	13	11	17	1	2	2	5	1	3	0	1	7.62645e+006	7.65713e+006	104201	104790	2	4	7.73082e+006	7.76182e+006	6.19146e+006	6.21484e+006	
355	636914	667915	8	13	10	16	1	3	2	4	1	3	0	1	7.62646e+006	7.65714e+006	104201	104790	1	4	7.73082e+006	7.76182e+006	6.19146e+006	6.21485e+006	
356	636911	667913	8	12	10	17	1	3	2	4	1	3	0	1	7.62646e+006	7.65714e+006	104201	104790	1	4	7.73082e+006	7.76183e+006	6.19146e+006	6.21485e+006	
357	636909	667910	8	13	11	17	1	3	1	4	1	3	0	1	7.62646e+006	7.65714e+006	104201	104790	1	4	7.73083e+006	7.76183e+006	6.19146e+006	6.21485e+006	
358	636906	667908	8	12	11	18	1	3	1	4	1	3	0	1	7.62646e+006	7.65714e+006	104201	104790	2	4	7.73083e+006	7.76183e+006	6.19147e+006	6.21485e+006	
359	636903	667905	8	13	11	17	0	2	2	4	1	3	0	1	7.62647e+006	7.65715e+006	104201	104790	1	4	7.73083e+006	7.76183e+006	6.19147e+006	6.21486e+006	
360	636901	667903	8	12	11	17	1	2	1	4	1	3	0	1	7.62647e+006	7.65715e+006	104201	104790	1	3	7.73083e+006	7.76184e+006	6.19147e+006	6.21486e+006	
361	636899	667901	7	12	11	17	0	2	1	4	1	3	-0	1	7.62647e+006	7.65715e+006	104201	104790	1	3	7.73084e+006	7.76184e+006	6.19147e+006	6.21486e+006	
362	636896	667898	7	13	11	17	0	2	1	3	1	3	-0	1	7.62648e+006	7.65715e+006	104201	104790	2	4	7.73084e+006	7.76184e+006	6.19148e+006	6.21486e+006	
363	636893	667895	7	12	12	18	0	2	1	4	1	3	-0	0	7.62648e+006	7.65716e+006	104201	104790	1	4	7.73084e+006	7.76184e+006	6.19148e+006	6.21487e+006	
364	636890	667892	8	14	11	17	0	2	1	3	1	3	-0	1	7.62648e+006	7.65716e+006	104201	104790	2	5	7.73084e+006	7.76185e+006	6.19148e+006	6.21487e+006	
