Day	Susceptible	Exposed	Current Detected Mild Infections	Current Undetected Mild Infections	Current Hospitalizations	Current ICU patients	ventilators	Recovered	Deaths	new infections today	total number of infections 	Confirmed total number of infections 	
0	8.39872e+006	16	0	0	0	0	0	0	0	0	16	0	
1	8.39856e+006	176	0	0	0	0	0	0	0	160	176	0	
2	8.3984e+006	336	0	0	0	0	0	0	0	160	336	0	
3	8.39821e+006	524	0	0	0	0	0	0	0	188	524	0	
4	8.3979e+006	825	16	0	0	0	0	0	0	317	841	16	
5	8.39745e+006	1106	136	40	0	0	0	0	0	441	1282	136	
6	8.39686e+006	1538	256	80	0	0	0	0	0	592	1874	256	
7	8.39598e+006	2228	398	126	0	0	0	0	0	878	2752	398	
8	8.39474e+006	3151	635	206	0	0	0	0	0	1240	3992	635	
9	8.39301e+006	4448	970	312	0	0	0	0	0	1739	5730	970	
10	8.39056e+006	6300	1400	458	0	0	0	16	0	2444	8174	1416	
11	8.38706e+006	8928	1946	630	31	0	0	145	0	3505	11679	2088	
12	8.38222e+006	12523	2755	900	61	0	0	275	0	4835	16514	3019	
13	8.37558e+006	17430	3924	1282	96	0	0	427	0	6646	23160	4335	
14	8.36612e+006	24444	5527	1806	156	0	0	685	0	9458	32618	6191	
15	8.35298e+006	34079	7805	2593	249	0	0	1033	0	13140	45759	8823	
16	8.33648e+006	45741	10961	3680	360	0	0	1514	0	16497	62255	12449	
17	8.3159e+006	59680	15267	5141	504	17	15	2230	0	20584	82840	17473	
18	8.29085e+006	75272	21406	7221	711	28	20	3253	0	25051	107891	24609	
19	8.26193e+006	91048	29949	10079	1019	37	25	4674	0	28916	136806	34548	
20	8.23022e+006	106257	40475	13607	1433	56	34	6685	0	31706	168512	47013	
21	8.19771e+006	118187	53291	17869	2018	82	47	9579	0	32514	201027	62595	
22	8.16715e+006	123699	68491	22885	2845	116	63	13553	0	30563	231590	81629	
23	8.14249e+006	119445	85207	28440	3986	167	86	19006	0	24661	256251	103649	
24	8.11375e+006	116478	101946	33948	5563	235	118	26820	0	28739	284990	127909	
25	8.08168e+006	116030	116462	38806	7797	338	164	37624	0	32066	317056	152930	
26	8.04791e+006	119241	127060	42274	10538	475	225	51243	0	33775	350831	176716	
27	8.01225e+006	130238	130094	43318	13852	666	307	68307	15	35658	386489	196176	
28	7.97503e+006	138719	132887	44212	17805	925	423	89142	18	37220	423709	218974	
29	7.93663e+006	145053	135218	45032	22087	1292	596	113407	21	38401	462110	244360	
30	7.89729e+006	150620	136725	45593	26469	1803	842	140217	24	39341	501450	271212	
31	7.8573e+006	154948	139075	46387	30191	2527	1183	168277	31	39986	541437	299525	
32	7.81659e+006	158440	143991	48128	32963	3395	1581	195193	39	40713	582149	328901	
33	7.77469e+006	161932	154364	51494	33748	4494	2094	217958	51	41893	624042	358938	
34	7.7307e+006	166588	162231	54229	34479	5816	2699	244626	69	43996	668038	389808	
35	7.68519e+006	172112	168207	56173	35083	7319	3402	274561	94	45510	713548	421345	
36	7.63849e+006	178101	173481	57837	35459	8946	4150	306299	126	46702	760250	453549	
37	7.59048e+006	184215	178189	59365	36059	10550	4870	339700	179	48007	808257	486698	
38	7.5413e+006	189400	183271	61059	37314	12008	5535	374145	241	49180	857438	521488	
39	7.49109e+006	194102	188559	62880	39945	13014	5988	408816	335	50213	907651	557479	
40	7.4397e+006	198782	194057	64743	41965	14100	6481	444918	468	51382	959033	594375	
41	7.38719e+006	203289	200078	66743	43530	15123	6943	482124	659	52513	1.01155e+006	632336	
42	7.33359e+006	207707	208845	66444	44867	16107	7416	520304	870	53599	1.06515e+006	673687	
43	7.27876e+006	212330	217569	66040	46104	16928	7777	559862	1149	54836	1.11998e+006	715864	
44	7.22289e+006	216812	225710	65284	47381	17619	8085	601565	1474	55864	1.17584e+006	759113	
45	7.16614e+006	221048	233579	64419	48825	18142	8329	644713	1868	56750	1.23259e+006	803298	
46	7.10843e+006	225159	241522	63372	50270	18573	8527	689121	2287	57709	1.2903e+006	848488	
47	7.07907e+006	199687	249412	62311	51842	19002	8731	734694	2720	29364	1.31967e+006	894711	
48	7.04933e+006	173561	254772	63634	53532	19557	8978	781219	3130	29737	1.34941e+006	941342	
49	7.01909e+006	147049	259962	64981	55186	20524	9432	828479	3462	30238	1.37964e+006	988632	
50	6.99037e+006	118062	265052	66218	56661	21355	9818	877158	3859	28721	1.40837e+006	1.0368e+006	
51	6.96322e+006	115846	246546	61575	57992	22113	10157	927138	4303	27149	1.43551e+006	1.06231e+006	
52	6.93785e+006	111483	227450	56810	59308	22810	10450	978278	4748	25374	1.46089e+006	1.0882e+006	
53	6.9143e+006	104796	207746	51917	60687	23530	10804	1.03055e+006	5216	23552	1.48444e+006	1.1145e+006	
54	6.89261e+006	97764	185979	46541	61954	24221	11138	1.08395e+006	5722	21689	1.50613e+006	1.13963e+006	
55	6.87309e+006	90132	162386	40533	63207	24907	11456	1.13824e+006	6236	19517	1.52565e+006	1.16362e+006	
56	6.85583e+006	82017	136529	34056	64495	25585	11782	1.19346e+006	6768	17259	1.54291e+006	1.18624e+006	
57	6.84118e+006	73120	131887	32886	60005	26287	12126	1.22606e+006	7312	14655	1.55756e+006	1.20626e+006	
58	6.82714e+006	65467	125418	31306	55405	26997	12472	1.25913e+006	7875	14036	1.5716e+006	1.22476e+006	
59	6.81399e+006	59105	116860	29143	50563	27762	12814	1.29287e+006	8446	13155	1.58475e+006	1.24157e+006	
60	6.80193e+006	53901	107696	26844	45304	28451	13114	1.32558e+006	9034	12055	1.59681e+006	1.25651e+006	
61	6.79085e+006	50327	97666	24381	39523	29133	13420	1.35721e+006	9651	11082	1.60789e+006	1.26929e+006	
62	6.78075e+006	46392	88586	22122	33154	29776	13728	1.38766e+006	10303	10100	1.61799e+006	1.28153e+006	
63	6.77153e+006	42451	80247	20064	32027	28726	13228	1.41272e+006	10965	9214	1.6272e+006	1.29294e+006	
64	6.76308e+006	38845	72557	18120	30436	27602	12724	1.43646e+006	11630	8450	1.63565e+006	1.30342e+006	
65	6.75554e+006	35309	65798	16444	28365	26492	12191	1.45847e+006	12322	7545	1.6432e+006	1.31305e+006	
66	6.74861e+006	32138	60110	14973	26135	25224	11595	1.47854e+006	13010	6929	1.65013e+006	1.32184e+006	
67	6.7424e+006	29133	56686	12956	23729	23782	10916	1.49633e+006	13719	6209	1.65634e+006	1.33071e+006	
68	6.73668e+006	26409	53041	11015	21556	22207	10184	1.5134e+006	14438	5726	1.66206e+006	1.33887e+006	
69	6.73139e+006	24146	49327	9119	19572	20404	9358	1.52958e+006	15193	5282	1.66734e+006	1.34618e+006	
70	6.72658e+006	22032	45909	7411	17685	18464	8480	1.54471e+006	15946	4815	1.67216e+006	1.35288e+006	
71	6.72217e+006	20229	42623	5824	16033	16348	7516	1.55877e+006	16734	4406	1.67656e+006	1.35891e+006	
72	6.71816e+006	18520	39666	4407	14609	14084	6470	1.5718e+006	17500	4016	1.68058e+006	1.36443e+006	
73	6.71454e+006	16852	36122	4019	13526	13255	6098	1.58254e+006	17878	3614	1.68419e+006	1.36936e+006	
74	6.71118e+006	15397	32853	3653	12430	12398	5685	1.59255e+006	18279	3361	1.68756e+006	1.37386e+006	
75	6.70819e+006	13977	30025	3343	11307	11435	5245	1.60176e+006	18695	2987	1.69054e+006	1.37797e+006	
76	6.70541e+006	12743	27408	3047	10318	10503	4821	1.61022e+006	19084	2781	1.69332e+006	1.38172e+006	
77	6.70289e+006	11648	25065	2794	9382	9619	4423	1.61789e+006	19449	2519	1.69584e+006	1.3851e+006	
78	6.70062e+006	10564	22945	2549	8554	8752	4023	1.62495e+006	19802	2277	1.69812e+006	1.38824e+006	
79	6.69849e+006	9703	20887	2312	7783	7966	3663	1.63147e+006	20124	2126	1.70024e+006	1.39104e+006	
80	6.6966e+006	8814	19049	2116	7072	7245	3324	1.63742e+006	20420	1893	1.70214e+006	1.39363e+006	
81	6.69484e+006	8050	17345	1932	6479	6562	3018	1.64284e+006	20684	1755	1.70389e+006	1.39598e+006	
82	6.69323e+006	7390	15780	1758	5919	5980	2747	1.64778e+006	20903	1617	1.70551e+006	1.39811e+006	
83	6.69176e+006	6731	14440	1610	5411	5512	2533	1.65218e+006	21093	1466	1.70698e+006	1.40009e+006	
84	6.69043e+006	6168	13117	1465	4949	5047	2324	1.65628e+006	21280	1331	1.70831e+006	1.40186e+006	
85	6.68921e+006	5631	11995	1355	4532	4593	2117	1.65996e+006	21459	1217	1.70952e+006	1.40348e+006	
86	6.68809e+006	5141	10944	1242	4134	4191	1932	1.66338e+006	21619	1127	1.71065e+006	1.40499e+006	
87	6.68708e+006	4679	10002	1131	3759	3816	1756	1.66651e+006	21762	1005	1.71165e+006	1.40635e+006	
88	6.68615e+006	4282	9157	1030	3417	3492	1619	1.66931e+006	21900	934	1.71259e+006	1.4076e+006	
89	6.68527e+006	3941	8339	940	3121	3172	1472	1.67193e+006	22023	876	1.71346e+006	1.40873e+006	
90	6.68451e+006	3578	7652	860	2826	2887	1344	1.67429e+006	22139	763	1.71423e+006	1.40977e+006	
91	6.68378e+006	3300	6990	772	2577	2636	1226	1.67644e+006	22243	728	1.71496e+006	1.41071e+006	
92	6.68311e+006	3041	6380	699	2361	2402	1121	1.67841e+006	22341	674	1.71563e+006	1.41159e+006	
93	6.6825e+006	2769	5851	638	2158	2197	1024	1.68019e+006	22426	604	1.71623e+006	1.4124e+006	
94	6.68195e+006	2558	5332	589	1975	1996	931	1.68183e+006	22505	553	1.71679e+006	1.41311e+006	
95	6.68144e+006	2338	4890	542	1806	1820	852	1.68332e+006	22575	507	1.71729e+006	1.41379e+006	
96	6.68074e+006	2366	4485	495	1657	1659	776	1.6847e+006	22639	703	1.718e+006	1.41442e+006	
97	6.68011e+006	2396	4120	458	1515	1514	708	1.68593e+006	22699	633	1.71863e+006	1.41498e+006	
98	6.6795e+006	2451	3775	422	1379	1379	640	1.68708e+006	22752	609	1.71924e+006	1.4155e+006	
99	6.67894e+006	2508	3444	385	1248	1255	584	1.68816e+006	22802	563	1.7198e+006	1.41597e+006	
100	6.67839e+006	2351	3395	373	1141	1137	528	1.6891e+006	22848	547	1.72035e+006	1.41662e+006	
101	6.67786e+006	2245	3311	362	1041	1041	488	1.68998e+006	22889	527	1.72087e+006	1.4172e+006	
102	6.67735e+006	2147	3251	357	955	956	448	1.69079e+006	22925	510	1.72138e+006	1.41776e+006	
103	6.67685e+006	2082	3214	353	883	873	407	1.69152e+006	22960	498	1.72188e+006	1.41828e+006	
104	6.67637e+006	2016	3204	358	801	797	370	1.6922e+006	22988	481	1.72236e+006	1.41878e+006	
105	6.67589e+006	1974	3221	360	743	732	340	1.6928e+006	23015	484	1.72285e+006	1.41926e+006	
106	6.67539e+006	1960	3048	341	731	667	313	1.69355e+006	23044	497	1.72334e+006	1.41973e+006	
107	6.67493e+006	1922	2924	330	718	608	284	1.69423e+006	23070	460	1.7238e+006	1.42019e+006	
108	6.67449e+006	1886	2817	309	701	552	257	1.69489e+006	23093	446	1.72425e+006	1.42065e+006	
109	6.67405e+006	1840	2748	299	686	506	237	1.6955e+006	23112	438	1.72469e+006	1.42109e+006	
110	6.67362e+006	1769	2711	286	692	462	215	1.69606e+006	23130	426	1.72511e+006	1.42155e+006	
111	6.67322e+006	1713	2653	277	694	421	197	1.69661e+006	23148	404	1.72552e+006	1.42198e+006	
112	6.67281e+006	1674	2592	274	659	398	187	1.69717e+006	23159	407	1.72592e+006	1.42239e+006	
113	6.67242e+006	1625	2540	265	629	378	176	1.6977e+006	23171	389	1.72631e+006	1.4228e+006	
114	6.67203e+006	1590	2488	261	607	366	169	1.69821e+006	23181	390	1.7267e+006	1.42319e+006	
115	6.67165e+006	1572	2414	255	592	352	162	1.69871e+006	23193	386	1.72709e+006	1.42356e+006	
116	6.67126e+006	1551	2330	248	585	339	153	1.69922e+006	23203	385	1.72747e+006	1.42394e+006	
117	6.6709e+006	1527	2264	245	567	330	149	1.69969e+006	23213	366	1.72784e+006	1.4243e+006	
118	6.67055e+006	1488	2217	236	550	327	146	1.70015e+006	23221	351	1.72819e+006	1.42466e+006	
119	6.6702e+006	1452	2167	235	534	322	142	1.7006e+006	23230	350	1.72854e+006	1.42501e+006	
120	6.66985e+006	1409	2126	235	517	319	140	1.70104e+006	23236	342	1.72888e+006	1.42537e+006	
121	6.66952e+006	1380	2090	233	504	320	139	1.70145e+006	23243	336	1.72922e+006	1.4257e+006	
122	6.66919e+006	1357	2038	230	486	312	136	1.70188e+006	23250	328	1.72955e+006	1.42602e+006	
123	6.66887e+006	1327	2005	223	478	299	133	1.70228e+006	23259	320	1.72987e+006	1.42635e+006	
124	6.66855e+006	1301	1957	224	471	288	128	1.70267e+006	23270	317	1.73018e+006	1.42666e+006	
125	6.66824e+006	1277	1915	215	466	274	122	1.70307e+006	23280	312	1.7305e+006	1.42697e+006	
126	6.66794e+006	1250	1867	207	461	266	119	1.70346e+006	23287	300	1.7308e+006	1.42728e+006	
127	6.66764e+006	1233	1833	195	457	258	116	1.70383e+006	23295	303	1.7311e+006	1.42758e+006	
128	6.66733e+006	1219	1804	189	444	248	115	1.7042e+006	23303	303	1.7314e+006	1.42787e+006	
129	6.66705e+006	1188	1770	186	437	243	114	1.70455e+006	23310	282	1.73168e+006	1.42816e+006	
130	6.66677e+006	1170	1734	180	429	238	113	1.7049e+006	23317	283	1.73197e+006	1.42844e+006	
131	6.66649e+006	1145	1702	179	415	231	110	1.70525e+006	23324	278	1.73225e+006	1.42872e+006	
132	6.6662e+006	1131	1677	178	404	222	104	1.70559e+006	23329	288	1.73253e+006	1.429e+006	
133	6.66594e+006	1115	1640	177	385	220	102	1.70593e+006	23335	266	1.7328e+006	1.42926e+006	
134	6.66567e+006	1096	1610	173	378	216	101	1.70625e+006	23340	264	1.73306e+006	1.42952e+006	
135	6.66542e+006	1071	1576	172	369	214	100	1.70657e+006	23346	252	1.73332e+006	1.42978e+006	
136	6.66517e+006	1036	1565	172	362	209	96	1.70687e+006	23351	254	1.73357e+006	1.43004e+006	
137	6.66493e+006	1012	1532	167	362	207	96	1.70718e+006	23356	241	1.73381e+006	1.43029e+006	
138	6.66468e+006	997	1494	166	354	206	94	1.70748e+006	23361	249	1.73406e+006	1.43053e+006	
139	6.66444e+006	982	1465	167	357	198	90	1.70776e+006	23367	238	1.7343e+006	1.43076e+006	
140	6.6642e+006	971	1439	164	353	195	89	1.70805e+006	23373	243	1.73454e+006	1.43099e+006	
141	6.66395e+006	972	1412	155	350	190	86	1.70833e+006	23377	243	1.73478e+006	1.43122e+006	
142	6.66372e+006	955	1376	151	343	188	86	1.70862e+006	23382	231	1.73502e+006	1.43145e+006	
143	6.6635e+006	943	1351	147	335	186	86	1.70889e+006	23387	226	1.73524e+006	1.43167e+006	
144	6.66327e+006	930	1335	142	329	183	84	1.70916e+006	23392	230	1.73547e+006	1.4319e+006	
145	6.66305e+006	905	1328	139	319	180	82	1.70942e+006	23396	218	1.73569e+006	1.43212e+006	
146	6.66283e+006	888	1308	137	310	178	85	1.70968e+006	23401	214	1.7359e+006	1.43233e+006	
147	6.66262e+006	877	1290	140	304	171	81	1.70993e+006	23407	214	1.73612e+006	1.43254e+006	
148	6.66241e+006	855	1275	135	301	166	80	1.71018e+006	23411	209	1.73633e+006	1.43276e+006	
149	6.66221e+006	836	1256	135	293	166	80	1.71043e+006	23413	199	1.73653e+006	1.43296e+006	
150	6.66201e+006	826	1230	133	286	163	79	1.71068e+006	23416	204	1.73673e+006	1.43315e+006	
151	6.66182e+006	804	1206	128	291	158	77	1.71091e+006	23420	192	1.73692e+006	1.43335e+006	
152	6.66161e+006	800	1185	127	287	156	76	1.71115e+006	23424	205	1.73713e+006	1.43354e+006	
153	6.66142e+006	790	1159	126	279	149	72	1.71138e+006	23430	189	1.73732e+006	1.43373e+006	
154	6.66123e+006	776	1134	124	273	147	72	1.71162e+006	23434	189	1.73751e+006	1.43391e+006	
155	6.66104e+006	776	1111	121	266	144	70	1.71184e+006	23438	192	1.7377e+006	1.43409e+006	
156	6.66085e+006	762	1102	121	263	139	66	1.71206e+006	23442	191	1.73789e+006	1.43428e+006	
157	6.66066e+006	762	1079	120	254	143	68	1.71228e+006	23446	189	1.73808e+006	1.43446e+006	
158	6.66047e+006	762	1061	117	251	138	65	1.71249e+006	23450	189	1.73827e+006	1.43463e+006	
159	6.6603e+006	744	1056	115	248	137	63	1.71269e+006	23455	175	1.73844e+006	1.43481e+006	
160	6.66011e+006	741	1044	115	244	134	63	1.71289e+006	23458	188	1.73863e+006	1.43498e+006	
161	6.65993e+006	725	1042	114	245	133	62	1.71308e+006	23460	173	1.7388e+006	1.43516e+006	
162	6.65975e+006	718	1029	110	241	130	60	1.71329e+006	23464	182	1.73898e+006	1.43533e+006	
163	6.65957e+006	721	1014	112	236	128	62	1.71348e+006	23468	177	1.73916e+006	1.43549e+006	
164	6.6594e+006	703	1012	113	229	125	60	1.71368e+006	23472	171	1.73933e+006	1.43566e+006	
165	6.65923e+006	700	994	111	224	122	59	1.71388e+006	23476	169	1.7395e+006	1.43582e+006	
166	6.65906e+006	695	982	114	219	123	59	1.71407e+006	23478	178	1.73968e+006	1.43599e+006	
167	6.65888e+006	693	970	115	221	118	56	1.71426e+006	23481	175	1.73986e+006	1.43615e+006	
168	6.65872e+006	682	952	115	221	116	54	1.71445e+006	23484	160	1.74002e+006	1.43631e+006	
169	6.65855e+006	689	946	115	219	113	53	1.71462e+006	23487	176	1.74019e+006	1.43646e+006	
170	6.65839e+006	668	940	110	221	113	51	1.71481e+006	23490	157	1.74035e+006	1.43663e+006	
171	6.65822e+006	658	943	110	219	113	52	1.71498e+006	23491	165	1.74051e+006	1.43679e+006	
172	6.65806e+006	658	926	105	221	112	52	1.71516e+006	23494	160	1.74067e+006	1.43693e+006	
173	6.65791e+006	639	928	100	215	112	50	1.71534e+006	23497	156	1.74083e+006	1.4371e+006	
174	6.65774e+006	646	916	99	211	109	48	1.71551e+006	23501	164	1.74099e+006	1.43724e+006	
175	6.65758e+006	644	911	100	204	109	47	1.71569e+006	23504	163	1.74116e+006	1.43739e+006	
176	6.65742e+006	644	894	99	199	106	47	1.71587e+006	23506	160	1.74132e+006	1.43754e+006	
177	6.65727e+006	638	879	96	199	102	46	1.71604e+006	23509	151	1.74147e+006	1.43769e+006	
178	6.65712e+006	627	880	98	191	102	45	1.71621e+006	23511	153	1.74162e+006	1.43784e+006	
179	6.65696e+006	617	870	96	194	99	46	1.71638e+006	23513	153	1.74177e+006	1.43799e+006	
180	6.65681e+006	608	874	96	194	96	44	1.71654e+006	23516	151	1.74192e+006	1.43814e+006	
181	6.65667e+006	601	863	91	199	93	42	1.7167e+006	23519	144	1.74207e+006	1.43828e+006	
182	6.65652e+006	594	854	93	202	93	41	1.71686e+006	23521	146	1.74221e+006	1.43842e+006	
183	6.65637e+006	590	849	94	198	89	41	1.71702e+006	23524	149	1.74236e+006	1.43856e+006	
184	6.65622e+006	593	841	90	200	88	41	1.71718e+006	23528	153	1.74252e+006	1.4387e+006	
185	6.65607e+006	595	817	95	196	89	40	1.71734e+006	23530	146	1.74266e+006	1.43883e+006	
186	6.65593e+006	592	804	94	196	89	40	1.7175e+006	23532	143	1.74281e+006	1.43896e+006	
187	6.65578e+006	593	800	96	189	90	39	1.71765e+006	23535	150	1.74296e+006	1.4391e+006	
188	6.65563e+006	592	801	96	186	89	41	1.71781e+006	23538	153	1.74311e+006	1.43924e+006	
189	6.65548e+006	592	796	94	188	88	39	1.71796e+006	23540	146	1.74326e+006	1.43937e+006	
190	6.65534e+006	588	789	93	188	88	39	1.71811e+006	23543	139	1.7434e+006	1.4395e+006	
191	6.6552e+006	580	797	91	181	88	40	1.71825e+006	23545	142	1.74354e+006	1.43964e+006	
192	6.65505e+006	573	804	91	177	87	39	1.7184e+006	23548	145	1.74368e+006	1.43978e+006	
193	6.65491e+006	569	804	89	178	88	40	1.71855e+006	23548	143	1.74383e+006	1.43992e+006	
194	6.65477e+006	570	792	85	179	87	38	1.7187e+006	23551	140	1.74397e+006	1.44005e+006	
195	6.65463e+006	574	788	85	176	84	39	1.71885e+006	23555	146	1.74411e+006	1.44018e+006	
196	6.65448e+006	572	790	85	174	83	37	1.71899e+006	23557	143	1.74425e+006	1.44031e+006	
197	6.65435e+006	564	784	84	177	83	38	1.71914e+006	23559	136	1.74439e+006	1.44044e+006	
198	6.6542e+006	568	774	82	180	81	36	1.71929e+006	23561	143	1.74453e+006	1.44057e+006	
199	6.65406e+006	567	771	84	182	82	36	1.71943e+006	23563	145	1.74468e+006	1.44071e+006	
200	6.65392e+006	560	773	87	181	83	36	1.71957e+006	23566	136	1.74481e+006	1.44084e+006	
201	6.65378e+006	564	766	87	178	83	36	1.71971e+006	23567	140	1.74495e+006	1.44096e+006	
202	6.65364e+006	559	764	86	179	83	37	1.71985e+006	23570	138	1.74509e+006	1.44109e+006	
203	6.65351e+006	548	766	87	177	83	37	1.72e+006	23571	135	1.74523e+006	1.44123e+006	
204	6.65336e+006	562	761	88	169	83	37	1.72014e+006	23574	150	1.74538e+006	1.44135e+006	
205	6.65322e+006	562	757	85	163	85	38	1.72029e+006	23575	140	1.74552e+006	1.44148e+006	
206	6.65308e+006	565	755	83	162	85	39	1.72043e+006	23577	141	1.74566e+006	1.44161e+006	
207	6.65294e+006	573	754	83	160	84	39	1.72057e+006	23578	143	1.7458e+006	1.44173e+006	
208	6.65279e+006	567	760	84	158	86	40	1.72071e+006	23581	143	1.74594e+006	1.44187e+006	
209	6.65265e+006	572	753	85	157	85	39	1.72085e+006	23584	144	1.74609e+006	1.44199e+006	
210	6.65251e+006	567	759	84	163	84	39	1.72098e+006	23585	136	1.74622e+006	1.44213e+006	
211	6.65238e+006	553	762	85	164	83	38	1.72112e+006	23588	130	1.74635e+006	1.44226e+006	
212	6.65224e+006	551	768	84	164	83	37	1.72126e+006	23591	141	1.74649e+006	1.44239e+006	
213	6.65211e+006	543	779	83	165	82	37	1.72139e+006	23593	136	1.74663e+006	1.44252e+006	
214	6.65197e+006	547	763	84	163	82	36	1.72154e+006	23595	139	1.74677e+006	1.44265e+006	
215	6.65183e+006	556	759	79	163	81	36	1.72168e+006	23597	139	1.74691e+006	1.44277e+006	
216	6.65168e+006	559	757	81	167	79	35	1.72181e+006	23600	144	1.74705e+006	1.4429e+006	
217	6.65155e+006	559	751	80	168	77	34	1.72195e+006	23602	136	1.74719e+006	1.44302e+006	
218	6.65142e+006	550	744	83	167	77	34	1.7221e+006	23603	131	1.74732e+006	1.44315e+006	
219	6.65128e+006	548	740	82	169	77	35	1.72224e+006	23605	137	1.74746e+006	1.44328e+006	
220	6.65114e+006	544	751	79	168	74	34	1.72237e+006	23607	139	1.7476e+006	1.44342e+006	
221	6.651e+006	544	754	82	170	74	34	1.7225e+006	23608	137	1.74773e+006	1.44354e+006	
222	6.65087e+006	545	745	81	164	76	35	1.72264e+006	23610	132	1.74787e+006	1.44366e+006	
223	6.65074e+006	541	745	82	165	78	35	1.72278e+006	23612	134	1.748e+006	1.44379e+006	
224	6.6506e+006	539	748	79	164	77	36	1.72291e+006	23614	137	1.74814e+006	1.44392e+006	
225	6.65047e+006	532	745	79	163	78	35	1.72305e+006	23617	130	1.74827e+006	1.44404e+006	
226	6.65034e+006	531	735	77	167	77	36	1.72319e+006	23619	130	1.7484e+006	1.44417e+006	
227	6.6502e+006	533	730	79	166	81	36	1.72332e+006	23620	136	1.74853e+006	1.44429e+006	
228	6.65008e+006	522	736	79	163	80	36	1.72346e+006	23621	126	1.74866e+006	1.44441e+006	
229	6.64995e+006	521	729	79	164	79	35	1.72359e+006	23624	129	1.74879e+006	1.44453e+006	
230	6.64981e+006	529	718	82	164	82	37	1.72373e+006	23626	138	1.74893e+006	1.44465e+006	
231	6.64968e+006	527	714	84	160	81	37	1.72387e+006	23627	133	1.74906e+006	1.44477e+006	
232	6.64955e+006	529	705	88	153	81	37	1.724e+006	23631	129	1.74919e+006	1.44489e+006	
233	6.64942e+006	528	704	84	151	80	37	1.72414e+006	23632	127	1.74932e+006	1.44501e+006	
234	6.64929e+006	526	708	81	157	80	37	1.72427e+006	23634	136	1.74945e+006	1.44514e+006	
235	6.64915e+006	525	711	82	154	77	37	1.7244e+006	23636	132	1.74958e+006	1.44526e+006	
236	6.64903e+006	520	711	81	150	77	37	1.72453e+006	23638	124	1.74971e+006	1.44538e+006	
237	6.64891e+006	516	707	76	153	75	36	1.72466e+006	23640	123	1.74983e+006	1.4455e+006	
238	6.64878e+006	507	718	75	157	74	36	1.72479e+006	23642	127	1.74996e+006	1.44562e+006	
239	6.64865e+006	506	718	78	158	76	37	1.72491e+006	23643	132	1.75009e+006	1.44574e+006	
240	6.64852e+006	510	704	79	153	75	36	1.72505e+006	23645	128	1.75022e+006	1.44586e+006	
241	6.6484e+006	509	697	75	152	74	36	1.72519e+006	23646	122	1.75034e+006	1.44597e+006	
242	6.64827e+006	512	693	76	153	68	33	1.72532e+006	23650	130	1.75047e+006	1.44609e+006	
243	6.64813e+006	512	695	80	151	70	35	1.72544e+006	23651	132	1.7506e+006	1.44621e+006	
244	6.64801e+006	512	688	79	149	68	35	1.72558e+006	23653	128	1.75073e+006	1.44633e+006	
245	6.64787e+006	528	684	73	149	71	35	1.72571e+006	23655	138	1.75087e+006	1.44644e+006	
246	6.64774e+006	521	686	76	147	72	36	1.72583e+006	23656	124	1.75099e+006	1.44656e+006	
247	6.64762e+006	515	693	78	147	73	36	1.72595e+006	23658	125	1.75112e+006	1.44668e+006	
248	6.64749e+006	515	694	78	146	73	35	1.72608e+006	23660	128	1.75124e+006	1.4468e+006	
249	6.64737e+006	501	701	77	152	70	33	1.72621e+006	23661	124	1.75137e+006	1.44692e+006	
250	6.64725e+006	495	698	76	152	69	33	1.72633e+006	23664	118	1.75149e+006	1.44704e+006	
251	6.64713e+006	486	696	80	149	71	34	1.72646e+006	23665	116	1.7516e+006	1.44715e+006	
252	6.64701e+006	484	696	78	149	72	35	1.72658e+006	23667	125	1.75173e+006	1.44727e+006	
253	6.64688e+006	488	692	75	149	72	35	1.72671e+006	23668	128	1.75186e+006	1.44739e+006	
254	6.64676e+006	490	685	72	150	73	35	1.72684e+006	23669	120	1.75198e+006	1.4475e+006	
255	6.64664e+006	492	662	73	149	73	35	1.72697e+006	23671	119	1.7521e+006	1.4476e+006	
256	6.64653e+006	482	664	73	148	72	34	1.7271e+006	23674	115	1.75221e+006	1.44772e+006	
257	6.64641e+006	474	666	73	147	73	35	1.72722e+006	23676	120	1.75233e+006	1.44784e+006	
258	6.64628e+006	480	660	72	146	72	34	1.72735e+006	23677	126	1.75246e+006	1.44795e+006	
259	6.64616e+006	476	651	76	144	74	35	1.72747e+006	23678	116	1.75257e+006	1.44805e+006	
260	6.64604e+006	486	648	76	141	75	34	1.72759e+006	23679	124	1.7527e+006	1.44816e+006	
261	6.64592e+006	487	652	75	136	74	34	1.72771e+006	23680	122	1.75282e+006	1.44827e+006	
262	6.6458e+006	480	651	77	137	76	33	1.72784e+006	23681	118	1.75294e+006	1.44838e+006	
263	6.64568e+006	481	643	73	137	74	31	1.72796e+006	23684	117	1.75305e+006	1.44849e+006	
264	6.64556e+006	476	644	76	138	72	31	1.72808e+006	23685	119	1.75317e+006	1.44861e+006	
265	6.64544e+006	479	648	74	136	69	30	1.7282e+006	23687	124	1.7533e+006	1.44872e+006	
266	6.64532e+006	485	649	76	139	68	29	1.72831e+006	23689	124	1.75342e+006	1.44882e+006	
267	6.6452e+006	483	649	74	139	66	27	1.72843e+006	23692	116	1.75354e+006	1.44893e+006	
268	6.64508e+006	482	643	73	139	65	28	1.72856e+006	23693	118	1.75366e+006	1.44904e+006	
269	6.64496e+006	475	648	77	140	66	29	1.72867e+006	23695	117	1.75377e+006	1.44915e+006	
270	6.64485e+006	470	650	74	144	65	29	1.72879e+006	23697	119	1.75389e+006	1.44927e+006	
271	6.64473e+006	470	645	74	147	62	28	1.72891e+006	23699	116	1.75401e+006	1.44938e+006	
272	6.64461e+006	473	649	70	142	61	28	1.72903e+006	23701	121	1.75413e+006	1.44949e+006	
273	6.64449e+006	473	647	72	141	62	28	1.72915e+006	23702	118	1.75425e+006	1.4496e+006	
274	6.64437e+006	477	648	71	141	61	28	1.72927e+006	23704	124	1.75437e+006	1.44971e+006	
275	6.64425e+006	482	640	70	142	63	29	1.72939e+006	23705	120	1.75449e+006	1.44981e+006	
276	6.64413e+006	474	636	71	138	65	30	1.72951e+006	23706	113	1.7546e+006	1.44992e+006	
277	6.64402e+006	473	639	70	137	68	31	1.72962e+006	23708	116	1.75472e+006	1.45003e+006	
278	6.6439e+006	466	643	71	141	69	31	1.72974e+006	23708	117	1.75484e+006	1.45014e+006	
279	6.64378e+006	464	645	72	142	70	32	1.72985e+006	23711	118	1.75495e+006	1.45025e+006	
280	6.64366e+006	472	638	72	143	70	31	1.72997e+006	23712	121	1.75507e+006	1.45036e+006	
281	6.64355e+006	470	642	69	138	71	32	1.73009e+006	23712	114	1.75519e+006	1.45047e+006	
282	6.64343e+006	474	638	69	140	70	32	1.7302e+006	23713	121	1.75531e+006	1.45057e+006	
283	6.64331e+006	478	637	71	140	71	33	1.73032e+006	23715	122	1.75543e+006	1.45068e+006	
284	6.64319e+006	472	633	72	144	72	32	1.73044e+006	23716	115	1.75555e+006	1.45079e+006	
285	6.64307e+006	477	630	69	141	71	32	1.73056e+006	23717	119	1.75567e+006	1.4509e+006	
286	6.64295e+006	475	636	71	136	70	31	1.73068e+006	23720	119	1.75578e+006	1.45101e+006	
287	6.64283e+006	471	643	70	137	67	29	1.73079e+006	23722	118	1.7559e+006	1.45112e+006	
288	6.64272e+006	470	640	70	136	68	28	1.73091e+006	23724	113	1.75602e+006	1.45123e+006	
289	6.64261e+006	467	645	67	134	67	27	1.73103e+006	23725	116	1.75613e+006	1.45134e+006	
290	6.64248e+006	470	645	66	129	68	28	1.73115e+006	23727	122	1.75625e+006	1.45145e+006	
291	6.64236e+006	473	648	66	129	69	27	1.73126e+006	23728	121	1.75638e+006	1.45156e+006	
292	6.64224e+006	480	641	65	134	68	26	1.73138e+006	23729	121	1.7565e+006	1.45166e+006	
293	6.64213e+006	476	633	68	134	67	26	1.7315e+006	23731	112	1.75661e+006	1.45177e+006	
294	6.64201e+006	474	640	69	138	66	26	1.73161e+006	23733	120	1.75673e+006	1.45188e+006	
295	6.64189e+006	470	640	70	139	68	25	1.73172e+006	23734	118	1.75685e+006	1.45199e+006	
296	6.64178e+006	463	640	72	143	66	25	1.73184e+006	23736	113	1.75696e+006	1.4521e+006	
297	6.64166e+006	469	634	72	144	66	26	1.73196e+006	23738	118	1.75708e+006	1.45221e+006	
298	6.64154e+006	472	640	72	141	65	26	1.73207e+006	23739	122	1.7572e+006	1.45231e+006	
299	6.64142e+006	468	644	70	139	65	26	1.73219e+006	23741	115	1.75731e+006	1.45242e+006	
300	6.64131e+006	472	635	70	136	66	28	1.73231e+006	23743	117	1.75743e+006	1.45253e+006	
301	6.64118e+006	477	632	70	136	67	29	1.73243e+006	23745	124	1.75755e+006	1.45264e+006	
302	6.64106e+006	475	632	71	134	70	30	1.73255e+006	23746	120	1.75767e+006	1.45275e+006	
303	6.64094e+006	481	633	73	138	69	30	1.73265e+006	23748	121	1.7578e+006	1.45285e+006	
304	6.64082e+006	484	633	70	139	69	30	1.73277e+006	23749	119	1.75791e+006	1.45296e+006	
305	6.6407e+006	483	635	73	144	67	29	1.73288e+006	23752	123	1.75804e+006	1.45307e+006	
306	6.64058e+006	479	642	73	140	69	32	1.733e+006	23752	116	1.75815e+006	1.45318e+006	
307	6.64046e+006	479	644	73	141	69	32	1.73311e+006	23754	121	1.75827e+006	1.45329e+006	
308	6.64034e+006	483	644	71	143	68	32	1.73323e+006	23755	123	1.7584e+006	1.45341e+006	
309	6.64022e+006	480	653	70	139	67	32	1.73335e+006	23757	120	1.75852e+006	1.45352e+006	
310	6.64009e+006	491	651	71	139	65	30	1.73347e+006	23759	127	1.75864e+006	1.45362e+006	
311	6.63998e+006	484	651	68	141	64	30	1.73359e+006	23762	114	1.75876e+006	1.45374e+006	
312	6.63985e+006	486	655	68	144	62	29	1.7337e+006	23763	125	1.75888e+006	1.45385e+006	
313	6.63974e+006	482	654	69	144	62	30	1.73382e+006	23764	116	1.759e+006	1.45396e+006	
314	6.63961e+006	482	660	70	144	64	32	1.73394e+006	23766	128	1.75913e+006	1.45408e+006	
315	6.63948e+006	502	653	68	144	64	31	1.73406e+006	23767	134	1.75926e+006	1.45418e+006	
316	6.63935e+006	502	659	71	143	62	29	1.73418e+006	23769	124	1.75938e+006	1.4543e+006	
317	6.63923e+006	512	652	73	141	64	30	1.7343e+006	23770	127	1.75951e+006	1.4544e+006	
318	6.6391e+006	506	653	77	140	67	31	1.73442e+006	23772	122	1.75963e+006	1.45452e+006	
319	6.63898e+006	501	666	77	139	68	31	1.73454e+006	23774	128	1.75976e+006	1.45464e+006	
320	6.63886e+006	497	664	76	140	71	32	1.73466e+006	23776	120	1.75988e+006	1.45476e+006	
321	6.63874e+006	489	673	80	141	70	32	1.73477e+006	23777	119	1.76e+006	1.45487e+006	
322	6.63861e+006	489	671	79	143	69	31	1.73489e+006	23779	122	1.76012e+006	1.45498e+006	
323	6.6385e+006	479	680	83	142	70	32	1.73501e+006	23780	118	1.76024e+006	1.4551e+006	
324	6.63837e+006	489	676	79	146	69	31	1.73513e+006	23782	129	1.76037e+006	1.45521e+006	
325	6.63825e+006	487	662	78	146	70	33	1.73526e+006	23784	118	1.76049e+006	1.45532e+006	
326	6.63813e+006	484	659	79	148	72	33	1.73538e+006	23785	120	1.76061e+006	1.45543e+006	
327	6.63801e+006	487	652	77	148	68	32	1.73551e+006	23787	121	1.76073e+006	1.45554e+006	
328	6.63788e+006	485	660	77	150	68	32	1.73563e+006	23789	127	1.76086e+006	1.45566e+006	
329	6.63777e+006	480	654	72	149	67	32	1.73576e+006	23790	113	1.76097e+006	1.45577e+006	
330	6.63765e+006	480	654	72	143	66	32	1.73588e+006	23792	120	1.76109e+006	1.45588e+006	
331	6.63753e+006	483	655	72	143	65	32	1.736e+006	23793	123	1.76121e+006	1.45599e+006	
332	6.63741e+006	474	660	73	139	69	33	1.73612e+006	23795	118	1.76133e+006	1.4561e+006	
333	6.63728e+006	485	654	73	136	70	33	1.73624e+006	23796	124	1.76145e+006	1.45621e+006	
334	6.63716e+006	489	645	73	137	68	32	1.73637e+006	23798	124	1.76158e+006	1.45632e+006	
335	6.63704e+006	489	652	71	139	67	30	1.73648e+006	23799	123	1.7617e+006	1.45643e+006	
336	6.63691e+006	496	653	68	141	67	29	1.7366e+006	23800	125	1.76182e+006	1.45654e+006	
337	6.63679e+006	491	658	67	139	68	30	1.73672e+006	23801	119	1.76194e+006	1.45666e+006	
338	6.63667e+006	492	656	66	142	67	30	1.73684e+006	23803	125	1.76207e+006	1.45678e+006	
339	6.63654e+006	493	664	68	142	67	30	1.73696e+006	23804	124	1.76219e+006	1.45689e+006	
340	6.63642e+006	487	671	66	142	65	29	1.73707e+006	23806	119	1.76231e+006	1.457e+006	
341	6.63631e+006	483	664	69	145	67	29	1.73719e+006	23808	115	1.76243e+006	1.45711e+006	
342	6.63619e+006	477	666	74	145	63	26	1.73731e+006	23810	119	1.76255e+006	1.45723e+006	
343	6.63607e+006	475	664	76	148	62	26	1.73743e+006	23812	122	1.76267e+006	1.45734e+006	
344	6.63595e+006	479	659	76	147	62	25	1.73756e+006	23813	122	1.76279e+006	1.45745e+006	
345	6.63582e+006	487	652	75	151	63	26	1.73767e+006	23814	123	1.76291e+006	1.45755e+006	
346	6.63569e+006	498	645	76	147	62	26	1.7378e+006	23816	130	1.76304e+006	1.45766e+006	
347	6.63557e+006	501	647	77	140	64	28	1.73792e+006	23817	126	1.76317e+006	1.45777e+006	
348	6.63545e+006	496	649	73	139	64	27	1.73805e+006	23819	117	1.76329e+006	1.45789e+006	
349	6.63533e+006	496	648	72	140	64	28	1.73817e+006	23821	124	1.76341e+006	1.458e+006	
350	6.6352e+006	492	658	74	138	66	29	1.73829e+006	23823	125	1.76354e+006	1.45812e+006	
351	6.63508e+006	490	671	71	134	65	30	1.7384e+006	23824	124	1.76366e+006	1.45824e+006	
352	6.63496e+006	495	669	71	134	67	31	1.73852e+006	23825	122	1.76378e+006	1.45835e+006	
353	6.63484e+006	490	669	72	136	64	29	1.73864e+006	23826	118	1.7639e+006	1.45846e+006	
354	6.63472e+006	487	672	73	136	63	30	1.73876e+006	23828	122	1.76402e+006	1.45857e+006	
355	6.63459e+006	484	670	76	133	65	31	1.73889e+006	23830	121	1.76414e+006	1.45868e+006	
356	6.63447e+006	484	663	75	136	64	31	1.73901e+006	23832	122	1.76427e+006	1.4588e+006	
357	6.63435e+006	485	653	77	137	62	28	1.73914e+006	23834	119	1.76438e+006	1.4589e+006	
358	6.63423e+006	487	658	78	143	61	28	1.73925e+006	23836	124	1.76451e+006	1.45902e+006	
359	6.63411e+006	488	654	79	144	61	28	1.73937e+006	23837	122	1.76463e+006	1.45913e+006	
360	6.63399e+006	486	649	81	143	60	27	1.73949e+006	23839	120	1.76475e+006	1.45924e+006	
361	6.63386e+006	493	647	78	147	59	26	1.73961e+006	23841	127	1.76488e+006	1.45935e+006	
362	6.63374e+006	487	649	79	142	60	27	1.73974e+006	23842	119	1.765e+006	1.45946e+006	
363	6.63362e+006	485	654	78	144	63	28	1.73985e+006	23843	121	1.76512e+006	1.45958e+006	
364	6.63349e+006	496	652	77	138	67	29	1.73997e+006	23844	130	1.76525e+006	1.45969e+006	
External infections start at day 1 and end at:	19	Number of imported cases each day	10	
Number of contacts per day:	6	
Number of contacts per day:	6	
Number of days asymptomatic patients are infectious before symptomatic	2	
Probability of transmission from exposed patients:	0.0418	
Probability of transmission from mild symptomatic patients:	0.0418	
Probability of transmission from hospitalized patients:	0	
Probability of transmission from ICU patients:	0	
Probability of testing for mild symptomatic patients:	0.75	

Adherence to Social Distancing parameters:
Day 0:	0	
Day 10:	0	
Day 20:	0.5	
Day 30:	0.8	
Day 40:	0.8	
Day 50:	0.9	
Day 60:	0.9	
