Day	Susceptible-LB	Susceptible-UB	Exposed-LB	Exposed-UB	Current Detected Mild Infections-LB	Current Detected Mild Infections-UB	Current Undetected Mild Infections-LB	Current Undetected Mild Infections-UB	Current Hospitalizations-LB	Current Hospitalizations-UB	Current ICU patients-LB	Current ICU patients-UB	ventilators-LB	ventilators-UB	Recovered-LB	Recovered-UB	Deaths-LB	Deaths-UB	new infections today-LB	new infections today-UB	total number of infections-LB	total number of infections-UB	Confirmed total number of infections-LB	Confirmed total number of infections-UB	
0	8.39872e+006	8.39872e+006	16	16	0	0	0	0	0	0	0	0	0	0	0	0	0	0	0	0	16	16	0	0	
1	8.39856e+006	8.39856e+006	176	176	0	0	0	0	0	0	0	0	0	0	0	0	0	0	160	160	176	176	0	0	
2	8.3984e+006	8.3984e+006	336	336	0	0	0	0	0	0	0	0	0	0	0	0	0	0	160	160	336	336	0	0	
3	8.39821e+006	8.39822e+006	521	526	0	0	0	0	0	0	0	0	0	0	0	0	0	0	185	190	521	526	0	0	
4	8.39788e+006	8.39791e+006	814	836	16	16	0	0	0	0	0	0	0	0	0	0	0	0	307	328	830	852	16	16	
5	8.39743e+006	8.39748e+006	1085	1127	131	140	36	45	0	0	0	0	0	0	0	0	0	0	425	456	1261	1303	131	140	
6	8.39683e+006	8.3969e+006	1503	1573	251	262	74	85	0	0	0	0	0	0	0	0	0	0	573	612	1839	1909	251	262	
7	8.39593e+006	8.39604e+006	2175	2282	390	406	119	134	0	0	0	0	0	0	0	0	0	0	851	904	2698	2806	390	406	
8	8.39466e+006	8.39483e+006	3075	3226	620	649	196	216	0	0	0	0	0	0	0	0	0	0	1202	1277	3911	4072	623	646	
9	8.39305e+006	8.39329e+006	4184	4392	946	994	300	323	0	0	0	0	0	0	0	0	0	0	1532	1624	5451	5688	951	989	
10	8.391e+006	8.39132e+006	5575	5833	1362	1438	442	474	0	0	0	0	0	0	16	16	0	0	1959	2058	7421	7735	1388	1444	
11	8.38845e+006	8.38889e+006	7145	7484	1888	2004	608	651	27	35	0	0	0	0	141	149	0	0	2419	2558	9849	10284	2046	2131	
12	8.38551e+006	8.38607e+006	8746	9158	2668	2842	869	932	56	67	0	0	0	0	269	280	0	0	2804	2950	12663	13224	2959	3079	
13	8.38224e+006	8.38294e+006	10342	10818	3675	3924	1208	1285	90	103	0	0	0	0	420	435	0	0	3122	3290	15800	16498	4120	4298	
14	8.37883e+006	8.37967e+006	11635	12176	4921	5239	1608	1706	147	165	0	0	0	0	673	697	0	0	3253	3416	19064	19903	5625	5863	
15	8.3756e+006	8.37658e+006	12296	12863	6393	6816	2120	2240	238	260	0	0	0	0	1013	1053	0	0	3077	3247	22154	23137	7458	7788	
16	8.37293e+006	8.37403e+006	12028	12594	8043	8568	2690	2837	347	374	0	0	0	0	1483	1544	0	0	2538	2679	24703	25805	9581	10007	
17	8.36975e+006	8.37099e+006	11933	12499	9706	10334	3290	3465	487	522	15	19	14	17	2183	2277	0	0	3027	3194	27743	28988	11960	12493	
18	8.36615e+006	8.36756e+006	12101	12693	11242	11958	3796	3988	687	735	25	30	19	22	3183	3323	0	0	3422	3609	31176	32586	14483	15123	
19	8.36241e+006	8.364e+006	12576	13200	12376	13166	4198	4413	957	1016	34	40	23	27	4446	4646	0	0	3555	3751	34741	36326	16865	17609	
20	8.35848e+006	8.36023e+006	13786	14463	12780	13615	4366	4591	1286	1354	51	60	31	36	6067	6337	0	0	3745	3945	38502	40256	18847	19680	
21	8.35432e+006	8.35626e+006	14722	15442	13236	14097	4521	4743	1661	1751	77	88	44	51	8093	8463	0	0	3965	4172	42478	44417	21227	22177	
22	8.34998e+006	8.35212e+006	15425	16181	13699	14603	4672	4902	2093	2206	109	122	58	67	10440	10917	0	0	4128	4345	46616	48752	23923	25005	
23	8.34547e+006	8.3478e+006	16174	16959	14028	14969	4767	5006	2548	2685	158	176	80	93	13073	13657	0	0	4305	4528	50933	53268	26741	27970	
24	8.3408e+006	8.34336e+006	16865	17694	14383	15355	4903	5149	2958	3113	223	247	110	125	15858	16569	0	0	4438	4677	55381	57934	29719	31079	
25	8.33593e+006	8.33871e+006	17534	18403	15054	16074	5106	5370	3265	3436	316	342	150	169	18549	19383	0	0	4633	4883	60027	62805	32861	34363	
26	8.33093e+006	8.33392e+006	18187	19072	16260	17359	5479	5761	3371	3555	425	456	200	222	20885	21816	0	0	4778	5017	64818	67808	36099	37754	
27	8.32555e+006	8.32877e+006	19020	19933	17212	18369	5798	6092	3491	3679	548	586	247	274	23667	24729	13	16	5138	5390	69968	73187	39475	41290	
28	8.31992e+006	8.32342e+006	19926	20891	17957	19178	6054	6364	3614	3812	699	745	314	346	26823	28033	17	20	5343	5635	75321	78812	42969	44956	
29	8.3141e+006	8.31784e+006	20857	21852	18767	20044	6314	6639	3683	3885	866	922	392	426	30148	31522	19	22	5564	5844	80900	84640	46619	48790	
30	8.30797e+006	8.31198e+006	21925	22977	19531	20845	6582	6911	3771	3987	1034	1099	472	512	33647	35171	22	26	5849	6139	86759	90770	50388	52727	
31	8.30163e+006	8.3059e+006	22853	23935	20418	21770	6872	7200	3944	4166	1181	1256	536	582	37299	38987	28	35	6064	6351	92835	97108	54459	56989	
32	8.29495e+006	8.29952e+006	23882	24988	21303	22735	7189	7538	4264	4489	1295	1376	593	639	40996	42869	35	42	6374	6687	99219	103784	58671	61411	
33	8.28797e+006	8.29286e+006	24962	26136	22250	23737	7493	7859	4546	4778	1418	1508	656	705	44899	46950	47	56	6646	6990	105876	110762	63085	66017	
34	8.28081e+006	8.286e+006	25963	27174	23327	24868	7819	8199	4742	4984	1540	1639	716	769	49009	51265	63	75	6848	7180	112737	117929	67723	70863	
35	8.27324e+006	8.27876e+006	27127	28403	24393	25972	8181	8565	4937	5185	1648	1750	770	826	53329	55800	85	98	7223	7583	119974	125498	72498	75850	
36	8.2653e+006	8.27118e+006	28322	29666	25571	27231	8585	8990	5139	5393	1754	1863	823	883	57783	60453	113	127	7566	7952	127557	133434	77506	81081	
37	8.25702e+006	8.26328e+006	29566	30972	26692	28449	8952	9390	5362	5615	1847	1961	871	931	62581	65475	148	166	7889	8297	135459	141718	82769	86585	
38	8.24833e+006	8.25499e+006	30997	32490	27806	29604	9336	9786	5599	5878	1914	2027	900	963	67593	70726	187	209	8281	8696	143751	150402	88159	92217	
39	8.23934e+006	8.24638e+006	32360	33918	29020	30897	9772	10243	5830	6117	1980	2097	927	991	72833	76206	226	251	8585	9012	152352	159398	93849	98164	
40	8.23462e+006	8.24189e+006	29275	30694	30291	32260	10204	10707	6112	6414	2040	2161	948	1015	78305	81928	271	298	4485	4724	156847	164112	99828	104414	
41	8.22972e+006	8.23721e+006	26046	27317	31650	33742	10650	11191	6384	6694	2113	2239	987	1057	83992	87863	314	344	4663	4917	161522	169018	106033	110918	
42	8.22459e+006	8.2323e+006	22659	23769	33498	35688	10713	11252	6707	7045	2240	2372	1045	1120	89890	94015	351	383	4893	5147	166432	174150	112970	118196	
43	8.21964e+006	8.22757e+006	18790	19714	35386	37652	10769	11305	7001	7364	2351	2487	1090	1162	96099	100512	394	429	4717	4955	171162	179092	120180	125739	
44	8.21483e+006	8.22297e+006	18905	19807	33863	36034	9951	10445	7271	7630	2467	2614	1140	1215	102533	107245	435	472	4598	4821	175770	183902	124098	129851	
45	8.21021e+006	8.21855e+006	18644	19529	32225	34291	9048	9505	7593	7963	2592	2744	1200	1276	109273	114296	485	526	4403	4639	180184	188529	128215	134158	
46	8.20578e+006	8.21431e+006	17981	18820	30496	32420	8138	8537	7930	8317	2716	2871	1256	1334	116336	121693	541	585	4229	4440	184430	192953	132509	138660	
47	8.20169e+006	8.21038e+006	17173	17975	28392	30146	7099	7440	8281	8694	2817	2977	1291	1373	123726	129431	601	648	3908	4111	188353	197049	136677	143018	
48	8.19787e+006	8.20674e+006	16212	16985	25467	27028	6359	6664	8645	9077	2960	3127	1359	1445	131458	137529	655	703	3638	3830	192001	200868	140676	147206	
49	8.19442e+006	8.20344e+006	15095	15805	22113	23482	5551	5818	9012	9472	3081	3252	1420	1506	139509	145943	714	766	3285	3458	195299	204314	144523	151248	
50	8.19135e+006	8.2005e+006	13786	14456	21916	23243	5501	5764	8570	9021	3212	3387	1486	1574	144254	150906	778	833	2924	3088	198237	207388	148087	154968	
51	8.18832e+006	8.1976e+006	12759	13383	21292	22564	5378	5629	8074	8507	3385	3560	1561	1651	149194	156085	837	898	2880	3039	201132	210412	151396	158422	
52	8.1854e+006	8.1948e+006	11913	12492	20297	21514	5115	5362	7554	7975	3531	3714	1631	1725	154409	161527	904	967	2791	2939	203936	213338	154528	161701	
53	8.1827e+006	8.19222e+006	11197	11746	19154	20307	4831	5067	6956	7339	3675	3863	1702	1800	159526	166886	972	1037	2568	2715	206520	216036	157360	164654	
54	8.18012e+006	8.18975e+006	10727	11249	17837	18931	4476	4709	6223	6562	3843	4036	1776	1879	164623	172215	1049	1120	2453	2591	208986	218614	159899	167303	
55	8.17769e+006	8.18744e+006	10149	10650	16644	17653	4157	4376	5407	5701	3997	4203	1838	1948	169622	177463	1123	1197	2303	2439	211301	221042	162389	169908	
56	8.17539e+006	8.18524e+006	9539	10025	15509	16468	3847	4068	5356	5647	3901	4110	1790	1898	173932	181955	1203	1279	2181	2314	213494	223344	164801	172424	
57	8.17326e+006	8.18321e+006	8990	9458	14455	15352	3572	3775	5205	5489	3834	4038	1766	1869	177992	186197	1283	1365	2020	2147	215527	225477	167026	174751	
58	8.17127e+006	8.18131e+006	8416	8871	13501	14339	3352	3539	4953	5213	3737	3942	1724	1826	181901	190292	1372	1461	1884	2000	217422	227466	169144	176962	
59	8.1694e+006	8.17952e+006	7896	8314	12707	13507	3169	3347	4678	4924	3632	3835	1672	1771	185491	194040	1460	1553	1778	1888	219216	229337	171123	179032	
60	8.16765e+006	8.17785e+006	7373	7763	12108	12873	3036	3197	4354	4587	3515	3716	1609	1705	188777	197477	1550	1647	1661	1760	220888	231086	172989	180998	
61	8.16598e+006	8.17626e+006	6932	7298	11419	12154	2865	3022	4061	4282	3340	3536	1527	1624	192030	200873	1661	1761	1580	1681	222480	232755	174735	182828	
62	8.16442e+006	8.17476e+006	6531	6874	10690	11398	2686	2839	3779	3984	3164	3349	1436	1527	195195	204184	1757	1862	1482	1576	223978	234315	176361	184531	
63	8.16295e+006	8.17335e+006	6145	6467	10066	10732	2530	2669	3500	3693	2965	3138	1340	1425	198147	207266	1868	1979	1392	1480	225382	235782	177888	186130	
64	8.16158e+006	8.17205e+006	5778	6090	9418	10050	2385	2522	3277	3463	2698	2851	1220	1299	200994	210245	1976	2096	1293	1384	226688	237154	179312	187617	
65	8.16029e+006	8.17081e+006	5427	5711	8843	9440	2240	2369	3092	3266	2400	2538	1086	1158	203685	213064	2086	2212	1225	1306	227930	238442	180672	189046	
66	8.15905e+006	8.16961e+006	5126	5399	8295	8851	2092	2217	2955	3124	2321	2457	1055	1122	206038	215528	2142	2272	1182	1263	229128	239690	181960	190387	
67	8.15789e+006	8.1685e+006	4829	5093	7942	8461	1824	1934	2799	2962	2216	2350	1005	1076	208266	217865	2207	2340	1095	1174	230236	240851	183301	191791	
68	8.15683e+006	8.16749e+006	4538	4780	7599	8092	1583	1681	2615	2778	2096	2220	945	1011	210403	220101	2268	2406	1000	1073	231250	241910	184548	193100	
69	8.15581e+006	8.16651e+006	4270	4508	7289	7747	1344	1440	2483	2636	1976	2091	893	957	212388	222182	2328	2469	961	1029	232223	242927	185739	194334	
70	8.15485e+006	8.16559e+006	3999	4220	7046	7477	1119	1202	2316	2465	1856	1965	841	902	214282	224163	2391	2535	912	974	233149	243888	186885	195527	
71	8.15396e+006	8.16474e+006	3739	3953	6777	7184	910	981	2174	2312	1745	1847	787	845	216070	226033	2452	2600	840	902	234000	244780	187944	196636	
72	8.15311e+006	8.16393e+006	3537	3744	6496	6883	714	774	2041	2170	1627	1724	735	793	217760	227799	2510	2661	800	862	234811	245631	188925	197657	
73	8.15229e+006	8.16314e+006	3349	3544	6110	6479	669	728	1916	2034	1517	1615	685	741	219345	229453	2566	2718	774	828	235595	246448	189832	198602	
74	8.15154e+006	8.16242e+006	3146	3330	5764	6106	635	690	1807	1919	1414	1510	638	691	220811	230994	2614	2770	709	760	236317	247197	190688	199488	
75	8.15081e+006	8.16172e+006	3000	3167	5406	5741	602	658	1699	1806	1337	1424	600	654	222199	232437	2656	2815	690	743	237021	247925	191469	200305	
76	8.15013e+006	8.16106e+006	2846	3002	5060	5381	565	618	1612	1707	1265	1349	564	616	223518	233816	2695	2855	644	699	237680	248609	192220	201094	
77	8.14948e+006	8.16043e+006	2687	2833	4778	5080	525	573	1523	1616	1198	1276	534	585	224740	235100	2736	2898	615	661	238305	249259	192957	201864	
78	8.14887e+006	8.15984e+006	2552	2694	4518	4802	493	539	1412	1503	1131	1208	504	551	225893	236300	2774	2937	575	620	238892	249868	193629	202560	
79	8.14831e+006	8.15931e+006	2387	2526	4276	4542	466	512	1317	1405	1077	1152	477	520	226983	237438	2806	2971	527	573	239431	250429	194283	203235	
80	8.14778e+006	8.15879e+006	2244	2372	4039	4294	438	481	1238	1320	1007	1079	450	493	228030	238522	2836	3004	503	542	239943	250961	194891	203865	
81	8.14726e+006	8.1583e+006	2110	2230	3853	4087	402	443	1146	1226	946	1015	421	463	228999	239534	2872	3043	481	519	240433	251472	195478	204476	
82	8.14678e+006	8.15784e+006	1985	2110	3659	3872	375	413	1061	1138	891	956	398	439	229923	240502	2899	3072	452	498	240895	251959	196026	205047	
83	8.14631e+006	8.15739e+006	1898	2015	3430	3638	358	390	995	1070	832	891	370	408	230802	241425	2928	3101	440	479	241347	252427	196527	205569	
84	8.14586e+006	8.15695e+006	1821	1931	3240	3441	340	370	945	1016	784	837	347	382	231597	242254	2953	3128	424	460	241782	252875	197003	206065	
85	8.14544e+006	8.15655e+006	1735	1846	3053	3240	320	346	898	965	733	789	323	359	232376	243058	2975	3152	395	434	242187	253299	197457	206539	
86	8.14504e+006	8.15616e+006	1659	1760	2876	3059	302	328	850	915	682	735	302	337	233105	243816	3004	3182	374	412	242575	253698	197880	206986	
87	8.14466e+006	8.1558e+006	1571	1669	2711	2887	293	319	818	879	635	685	278	310	233788	244527	3027	3206	352	389	242938	254076	198297	207416	
88	8.1443e+006	8.15545e+006	1480	1577	2564	2734	286	313	779	837	590	639	260	291	234438	245203	3047	3226	333	367	243282	254432	198696	207827	
89	8.14397e+006	8.15513e+006	1400	1492	2443	2605	274	304	735	787	547	595	243	271	235047	245836	3066	3247	316	348	243608	254770	199071	208216	
90	8.14365e+006	8.15482e+006	1320	1408	2325	2482	264	296	699	752	514	562	229	256	235613	246421	3081	3263	296	326	243915	255086	199428	208581	
91	8.14335e+006	8.15453e+006	1249	1329	2208	2361	255	285	662	713	485	532	217	244	236152	246985	3097	3280	283	309	244206	255387	199764	208931	
92	8.14305e+006	8.15424e+006	1192	1271	2105	2247	240	268	625	673	452	495	202	227	236668	247528	3114	3299	278	307	244492	255685	200079	209259	
93	8.14277e+006	8.15397e+006	1137	1217	1993	2131	226	254	588	635	429	470	192	217	237162	248043	3131	3315	263	292	244765	255967	200379	209572	
94	8.1425e+006	8.15371e+006	1090	1167	1880	2012	213	239	562	606	408	449	185	208	237633	248526	3143	3329	249	276	245025	256233	200662	209864	
95	8.14225e+006	8.15346e+006	1048	1120	1782	1904	199	223	532	573	388	425	176	198	238077	248994	3155	3342	239	264	245273	256487	200934	210146	
96	8.14169e+006	8.15292e+006	1302	1387	1694	1814	188	209	505	545	370	405	167	188	238498	249431	3166	3354	531	575	245820	257046	201200	210423	
97	8.14116e+006	8.15239e+006	1547	1643	1610	1728	180	200	474	512	353	386	162	182	238901	249849	3176	3364	507	550	246342	257581	201450	210683	
98	8.14064e+006	8.1519e+006	1782	1890	1535	1647	171	190	449	488	337	369	157	176	239277	250236	3185	3373	484	523	246835	258094	201690	210930	
99	8.14009e+006	8.15137e+006	2062	2195	1467	1573	161	182	428	465	323	353	153	172	239628	250601	3196	3384	521	568	247371	258647	201922	211166	
100	8.13952e+006	8.1508e+006	2075	2213	1679	1799	182	206	407	441	308	337	147	165	239961	250948	3205	3394	544	592	247933	259221	202420	211676	
101	8.13888e+006	8.15019e+006	2169	2315	1878	2009	210	233	383	417	288	318	137	156	240286	251283	3215	3403	600	653	248550	259857	202892	212161	
102	8.13819e+006	8.14952e+006	2341	2500	2064	2206	228	253	361	396	274	302	131	148	240599	251608	3224	3413	654	710	249221	260550	203345	212631	
103	8.13745e+006	8.1488e+006	2517	2687	2296	2455	253	281	348	385	259	286	124	141	240890	251908	3233	3423	697	753	249937	261285	203830	213133	
104	8.13664e+006	8.148e+006	2746	2931	2567	2745	277	307	334	370	244	271	115	132	241169	252196	3242	3432	773	837	250733	262098	204346	213659	
105	8.13571e+006	8.1471e+006	3026	3229	2893	3098	311	344	317	350	232	258	108	124	241439	252471	3252	3442	879	952	251637	263025	204907	214238	
106	8.13472e+006	8.14613e+006	3314	3537	3003	3224	322	356	354	389	222	247	102	119	241950	252996	3259	3448	944	1016	252604	264019	205526	214875	
107	8.13369e+006	8.14513e+006	3593	3837	3174	3409	341	375	405	444	209	234	97	112	242426	253480	3267	3457	977	1053	253605	265047	206180	215545	
108	8.13253e+006	8.144e+006	3921	4189	3434	3690	370	408	444	484	195	220	90	106	242890	253960	3273	3464	1101	1189	254737	266205	206903	216287	
109	8.1313e+006	8.1428e+006	4215	4499	3756	4035	406	447	483	525	184	206	81	96	243391	254476	3281	3472	1172	1262	255938	267438	207724	217127	
110	8.12999e+006	8.14153e+006	4507	4830	4111	4415	448	494	540	584	174	196	74	88	243899	254995	3288	3479	1235	1348	257210	268749	208601	218033	
111	8.12853e+006	8.14011e+006	4913	5264	4450	4780	484	531	605	653	164	186	68	82	244452	255568	3295	3485	1381	1489	258625	270203	209518	218973	
112	8.12694e+006	8.13855e+006	5333	5700	4852	5215	525	579	636	687	173	196	73	87	245076	256213	3300	3490	1519	1628	260182	271793	210555	220036	
113	8.12524e+006	8.1369e+006	5779	6180	5276	5672	575	631	663	718	184	210	79	94	245746	256900	3305	3496	1617	1743	261840	273495	211646	221154	
114	8.12341e+006	8.1351e+006	6289	6711	5687	6131	625	684	720	775	198	223	88	104	246467	257637	3310	3501	1748	1875	263632	275326	212800	222345	
115	8.12141e+006	8.13316e+006	6805	7270	6143	6621	670	732	794	855	207	232	91	107	247283	258473	3314	3505	1898	2047	265575	277329	214095	223673	
116	8.11927e+006	8.13109e+006	7308	7834	6658	7165	733	796	870	935	218	243	96	112	248159	259373	3317	3508	2024	2190	267647	279471	215512	225118	
117	8.11695e+006	8.12883e+006	7903	8459	7234	7789	794	867	952	1021	235	263	102	120	249052	260293	3323	3513	2212	2368	269911	281786	217029	226675	
118	8.11443e+006	8.12639e+006	8538	9155	7817	8415	855	930	1038	1111	262	292	112	132	250066	261331	3326	3517	2382	2572	272349	284302	218672	228352	
119	8.1117e+006	8.12374e+006	9239	9885	8477	9133	918	1000	1135	1218	285	317	129	149	251138	262431	3331	3521	2597	2779	274995	287032	220454	230188	
120	8.10874e+006	8.12087e+006	10020	10725	9184	9901	993	1081	1235	1325	313	348	144	166	252275	263605	3333	3524	2805	3031	277868	289995	222341	232142	
121	8.10553e+006	8.11775e+006	10864	11625	9923	10687	1082	1177	1341	1439	351	385	163	186	253541	264908	3336	3527	3053	3270	280983	293203	224404	234254	
122	8.1021e+006	8.11443e+006	11735	12553	10697	11548	1160	1271	1438	1551	374	409	172	194	254963	266362	3344	3534	3255	3498	284303	296636	226626	236551	
123	8.09842e+006	8.11086e+006	12635	13529	11566	12468	1274	1384	1553	1680	399	436	184	208	256465	267908	3352	3543	3495	3756	287873	300317	229028	239033	
124	8.09441e+006	8.10695e+006	13656	14591	12512	13511	1381	1501	1679	1814	435	473	198	223	258087	269560	3359	3551	3826	4094	291783	304326	231654	241739	
125	8.09011e+006	8.1028e+006	14673	15699	13547	14612	1498	1625	1833	1980	475	518	218	246	259823	271351	3366	3558	4072	4375	295935	308622	234501	244674	
126	8.08543e+006	8.09829e+006	15853	16964	14662	15802	1612	1745	1988	2146	514	562	238	267	261687	273282	3374	3566	4436	4763	300450	313306	237537	247814	
127	8.08039e+006	8.09343e+006	17122	18336	15822	17064	1733	1875	2142	2311	554	606	258	289	263746	275381	3382	3575	4764	5129	305306	318343	240802	251179	
128	8.07494e+006	8.08817e+006	18466	19788	17117	18435	1881	2026	2322	2506	594	650	274	307	265950	277648	3394	3587	5173	5542	310564	323800	244364	254838	
129	8.06904e+006	8.08248e+006	19995	21399	18440	19886	2022	2182	2531	2724	644	704	294	327	268330	280096	3402	3596	5600	5987	316253	329697	248150	258756	
130	8.06272e+006	8.0764e+006	21536	23052	19893	21444	2192	2364	2736	2949	700	766	322	358	270924	282769	3412	3606	5979	6414	322332	336012	252266	263032	
131	8.05586e+006	8.06977e+006	23306	24886	21419	23113	2377	2554	2944	3173	754	822	347	383	273765	285686	3424	3618	6533	6964	328962	342879	256683	267628	
132	8.04854e+006	8.06274e+006	25064	26758	23119	24943	2588	2775	3189	3426	817	892	378	417	276766	288783	3435	3629	6929	7416	335992	350194	261469	272602	
133	8.04059e+006	8.05511e+006	26993	28831	24986	26943	2815	3016	3448	3704	887	965	413	453	279986	292108	3449	3644	7529	8059	343624	358150	266641	277973	
134	8.03195e+006	8.04684e+006	29185	31159	26914	29042	3032	3245	3725	3995	956	1041	447	490	283530	295740	3465	3659	8168	8746	351898	366789	272179	283738	
135	8.02271e+006	8.03798e+006	31405	33540	29138	31391	3261	3493	4015	4312	1034	1122	483	527	287284	299629	3483	3677	8754	9345	360759	376028	278231	290014	
136	8.01273e+006	8.02842e+006	33921	36220	31371	33787	3512	3760	4324	4639	1123	1216	524	571	291378	303877	3502	3697	9444	10095	370316	386009	284633	296689	
137	8.00197e+006	8.01813e+006	36569	39032	33864	36446	3770	4046	4643	4977	1224	1320	566	617	295794	308457	3519	3715	10176	10874	380605	396771	291605	303964	
138	7.99046e+006	8.00713e+006	39290	41909	36535	39321	4085	4382	5000	5361	1328	1431	616	670	300568	313407	3536	3734	10885	11626	391611	408276	299127	311829	
139	7.97809e+006	7.99534e+006	42211	45053	39389	42381	4376	4691	5405	5800	1441	1555	665	723	305704	318729	3560	3758	11676	12489	403400	420651	307220	320272	
140	7.96477e+006	7.98268e+006	45318	48375	42492	45698	4725	5066	5834	6259	1541	1667	709	774	311221	324452	3586	3784	12551	13417	416056	433963	315929	329387	
141	7.95037e+006	7.96894e+006	48762	52027	45742	49209	5108	5476	6272	6721	1675	1814	773	846	317254	330687	3610	3809	13623	14523	429797	448368	325298	339198	
142	7.93489e+006	7.95422e+006	52490	55988	49286	53000	5512	5903	6771	7259	1810	1957	831	909	323620	337292	3638	3837	14615	15585	444519	463846	335323	349702	
143	7.91829e+006	7.93843e+006	56493	60203	52987	56984	5949	6357	7329	7852	1936	2093	894	975	330533	344488	3672	3872	15677	16705	460305	480442	346059	360994	
144	7.90056e+006	7.92155e+006	60707	64634	56938	61224	6365	6804	7889	8454	2082	2247	960	1045	338061	352339	3708	3908	16765	17848	477188	498172	357594	373145	
145	7.88133e+006	7.90327e+006	65257	69452	61294	65897	6859	7328	8503	9093	2242	2423	1040	1135	346108	360725	3745	3948	18174	19339	495469	517404	370126	386295	
146	7.86092e+006	7.88389e+006	69924	74373	65944	70865	7363	7866	9163	9804	2426	2617	1124	1224	354783	369763	3783	3987	19279	20509	514845	537817	383557	400436	
147	7.83888e+006	7.86302e+006	75017	79809	70929	76182	7862	8398	9889	10575	2613	2815	1213	1320	364113	379516	3825	4031	20768	22143	535719	559854	398001	415639	
148	7.81524e+006	7.84059e+006	80588	85700	76204	81803	8449	9017	10657	11376	2821	3038	1313	1427	374092	389947	3873	4081	22337	23738	558151	583497	413383	431817	
149	7.79005e+006	7.81673e+006	86175	91642	82058	88016	9075	9674	11453	12227	3046	3277	1408	1529	384810	401180	3924	4133	23756	25286	582004	608686	430059	449397	
150	7.76308e+006	7.79113e+006	92398	98211	88095	94414	9746	10388	12331	13161	3290	3542	1514	1641	396294	413240	3976	4185	25507	27072	607609	635661	447732	468032	
151	7.73414e+006	7.76366e+006	99005	105100	94496	101285	10468	11159	13279	14171	3549	3812	1626	1756	408764	426300	4038	4250	27377	29031	635079	664599	466783	488159	
152	7.70323e+006	7.73438e+006	105852	112359	101437	108659	11229	11959	14274	15220	3812	4102	1753	1894	422165	440375	4101	4316	29184	30997	664357	695502	487271	509777	
153	7.67044e+006	7.70331e+006	113080	119953	108628	116350	12095	12870	15338	16334	4121	4430	1880	2029	436518	455459	4165	4383	30985	32879	695430	728293	509020	532763	
154	7.63533e+006	7.66992e+006	120883	128071	116490	124702	12947	13771	16455	17518	4435	4767	2024	2183	451899	471600	4233	4454	33308	35194	728817	763407	532397	557411	
155	7.59789e+006	7.63434e+006	128984	136580	124750	133448	13860	14746	17707	18855	4794	5144	2183	2347	468497	489044	4305	4529	35479	37539	764393	800849	557478	583855	
156	7.55817e+006	7.59664e+006	137422	145385	133620	142910	14862	15806	19012	20235	5158	5527	2351	2526	486119	507607	4388	4615	37621	39803	802100	840566	584183	612064	
157	7.51602e+006	7.55658e+006	146405	154745	142776	152593	15890	16891	20414	21730	5569	5957	2541	2731	505095	527624	4476	4708	39967	42241	842152	882721	612535	642006	
158	7.47117e+006	7.51395e+006	155654	164479	152570	162875	17042	18089	21932	23340	5989	6400	2730	2925	525494	549102	4578	4813	42555	44930	884789	927569	642973	674041	
159	7.42354e+006	7.46866e+006	165386	174654	163128	173967	18173	19283	23518	25031	6433	6872	2943	3152	547221	572027	4675	4914	45211	47713	930081	975201	675490	708269	
160	7.37322e+006	7.42068e+006	175666	185250	174001	185457	19365	20573	25234	26844	6933	7393	3163	3385	570503	596547	4785	5030	47898	50401	978061	1.02552e+006	709953	744548	
161	7.31993e+006	7.36984e+006	186456	196376	185301	197378	20618	21899	27029	28712	7441	7930	3388	3628	595557	622954	4903	5152	50758	53366	1.0289e+006	1.07881e+006	746554	783075	
162	7.26359e+006	7.31604e+006	197631	207860	197282	209920	21986	23311	28949	30724	8008	8523	3655	3911	622220	651112	5035	5288	53733	56412	1.0827e+006	1.13515e+006	785463	824030	
163	7.20426e+006	7.25926e+006	209122	219541	210049	223299	23407	24803	30884	32747	8629	9174	3937	4208	650600	681074	5179	5437	56697	59399	1.13947e+006	1.19447e+006	826803	867512	
164	7.14174e+006	7.19941e+006	221003	231745	223170	237039	24838	26308	33063	35018	9283	9867	4256	4545	681008	713069	5327	5591	59778	62606	1.19933e+006	1.257e+006	870616	913475	
165	7.07607e+006	7.13649e+006	233100	244115	236861	251272	26420	27910	35320	37383	9958	10573	4566	4872	713484	747266	5493	5765	62854	65737	1.26225e+006	1.32267e+006	917025	962163	
166	7.0071e+006	7.07025e+006	245522	256757	251345	266252	28036	29549	37671	39870	10680	11334	4895	5219	747964	783565	5651	5932	66153	69056	1.32849e+006	1.39164e+006	966187	1.01366e+006	
167	6.93499e+006	7.00089e+006	258120	269527	266367	281703	29721	31281	40110	42440	11443	12145	5245	5594	784629	822142	5836	6127	69288	72176	1.39785e+006	1.46375e+006	1.01806e+006	1.06786e+006	
168	6.85994e+006	6.92863e+006	270531	282048	281917	297709	31364	32981	42719	45186	12270	13012	5613	5979	823632	863170	6036	6332	72188	75126	1.47011e+006	1.5388e+006	1.0728e+006	1.12507e+006	
169	6.78139e+006	6.85286e+006	283355	294944	297823	313990	33083	34742	45475	48097	13091	13864	5994	6371	865137	906816	6249	6554	75680	78632	1.54587e+006	1.61735e+006	1.13033e+006	1.18511e+006	
170	6.69944e+006	6.77371e+006	296283	307915	314310	330867	34847	36524	48317	51061	14007	14836	6421	6823	909127	952942	6486	6804	79079	82029	1.62503e+006	1.6993e+006	1.19094e+006	1.24825e+006	
171	6.6147e+006	6.69165e+006	308959	320569	330981	347809	36687	38410	51263	54111	14980	15867	6889	7318	955806	1.00189e+006	6727	7057	81961	84833	1.70709e+006	1.78403e+006	1.25431e+006	1.31416e+006	
172	6.52686e+006	6.60642e+006	321928	333361	347524	364616	38582	40336	54426	57356	15986	16931	7347	7808	1.00518e+006	1.05365e+006	6991	7334	85154	87921	1.79232e+006	1.87188e+006	1.32036e+006	1.38279e+006	
173	6.43599e+006	6.518e+006	334579	345687	364634	381968	40450	42222	57691	60674	17016	18025	7829	8316	1.05737e+006	1.10825e+006	7279	7633	88325	90964	1.88074e+006	1.96275e+006	1.38968e+006	1.45467e+006	
174	6.34224e+006	6.4267e+006	346713	357494	381995	399439	42394	44170	61105	64143	18149	19214	8347	8860	1.11238e+006	1.1658e+006	7582	7954	91214	93835	1.97204e+006	2.05649e+006	1.46209e+006	1.52967e+006	
175	6.24602e+006	6.33275e+006	358607	368982	399171	416596	44342	46093	64597	67708	19341	20488	8897	9449	1.17028e+006	1.22628e+006	7918	8303	93851	96324	2.06599e+006	2.15272e+006	1.53715e+006	1.60722e+006	
176	6.1476e+006	6.23635e+006	369749	379587	416217	433500	46300	48050	68135	71304	20588	21792	9475	10050	1.2314e+006	1.28999e+006	8263	8662	96298	98525	2.16239e+006	2.25114e+006	1.61514e+006	1.68762e+006	
177	6.04699e+006	6.13761e+006	380053	389341	433491	450519	48075	49808	71767	74967	21865	23133	10074	10675	1.29548e+006	1.35669e+006	8637	9059	98613	100734	2.26113e+006	2.35175e+006	1.6962e+006	1.77096e+006	
178	5.94448e+006	6.03682e+006	389501	398134	450611	467314	50001	51700	75286	78540	23247	24566	10719	11335	1.36243e+006	1.42631e+006	9040	9483	100651	102638	2.36192e+006	2.45425e+006	1.77973e+006	1.85674e+006	
179	5.84035e+006	5.93404e+006	398293	406081	467018	483221	51805	53447	78992	82304	24748	26122	11423	12055	1.43257e+006	1.4991e+006	9464	9927	102623	104291	2.4647e+006	2.55838e+006	1.8658e+006	1.94492e+006	
180	5.73479e+006	5.82967e+006	406196	413286	482523	497993	53550	55139	82769	86167	26298	27710	12134	12788	1.50594e+006	1.57513e+006	9915	10399	104187	105744	2.56906e+006	2.66395e+006	1.9541e+006	2.03509e+006	
181	5.62836e+006	5.72409e+006	412964	419185	497598	512279	55186	56696	86399	89803	27825	29290	12831	13516	1.58234e+006	1.65413e+006	10416	10923	105350	106665	2.67465e+006	2.77038e+006	2.04457e+006	2.12734e+006	
182	5.52128e+006	5.61765e+006	418525	423850	511608	525485	56713	58166	90024	93403	29438	30920	13550	14244	1.66183e+006	1.73621e+006	10917	11450	106205	107309	2.78109e+006	2.87746e+006	2.13694e+006	2.22129e+006	
183	5.41359e+006	5.51024e+006	422999	427563	524400	537249	58298	59651	93650	97020	31064	32573	14274	14991	1.74444e+006	1.82125e+006	11467	12022	107054	108048	2.8885e+006	2.98515e+006	2.2311e+006	2.31672e+006	
184	5.30632e+006	5.40292e+006	425708	429506	536208	547928	59561	60783	97391	100708	32674	34215	15016	15753	1.8298e+006	1.90906e+006	12054	12637	106832	107752	2.99582e+006	3.09241e+006	2.32679e+006	2.41358e+006	
185	5.19924e+006	5.29551e+006	427122	430571	546531	556977	60841	61969	100953	104176	34397	35927	15812	16543	1.91785e+006	1.99946e+006	12667	13286	106719	107774	3.10322e+006	3.1995e+006	2.42356e+006	2.51116e+006	
186	5.09282e+006	5.18842e+006	427085	430609	555609	564868	61767	62767	104340	107391	36139	37716	16622	17370	2.00846e+006	2.0922e+006	13320	13969	106183	107332	3.21032e+006	3.30592e+006	2.5213e+006	2.60953e+006	
187	4.98758e+006	5.08229e+006	425051	428912	563256	571246	62696	63567	107655	110513	37863	39451	17385	18143	2.10147e+006	2.18726e+006	13991	14673	105060	106310	3.31645e+006	3.41116e+006	2.61985e+006	2.70839e+006	
188	4.88357e+006	4.97711e+006	421989	426576	568977	575654	63337	64093	110665	113354	39618	41204	18218	18979	2.19675e+006	2.28441e+006	14725	15441	103830	105356	3.42162e+006	3.51517e+006	2.71839e+006	2.80693e+006	
189	4.78119e+006	4.87324e+006	417479	422850	572922	578669	63672	64376	113502	116008	41346	42935	18986	19752	2.2942e+006	2.38338e+006	15481	16230	102251	104005	3.5255e+006	3.61755e+006	2.81712e+006	2.90539e+006	
190	4.68088e+006	4.77113e+006	411457	417766	574833	579989	63866	64534	116003	118337	42975	44577	19738	20510	2.39359e+006	2.48414e+006	16306	17087	100178	102232	3.62761e+006	3.71785e+006	2.91554e+006	3.00323e+006	
191	4.58258e+006	4.67087e+006	404593	411826	574531	579627	63895	64526	118220	120321	44700	46284	20523	21284	2.49436e+006	2.58601e+006	17155	17980	98217	100349	3.72787e+006	3.81616e+006	3.01302e+006	3.09995e+006	
192	4.4869e+006	4.57298e+006	396314	404483	572222	578031	63659	64339	120052	121952	46419	48009	21325	22075	2.5963e+006	2.68882e+006	18065	18927	95581	97983	3.82575e+006	3.91184e+006	3.10981e+006	3.19571e+006	
193	4.39385e+006	4.47753e+006	387010	396030	567709	574521	63199	63976	121720	123403	48109	49649	22133	22855	2.69938e+006	2.79249e+006	18997	19893	92955	95545	3.92121e+006	4.00488e+006	3.20534e+006	3.28992e+006	
194	4.30394e+006	4.38503e+006	376653	386385	561651	569801	62440	63340	122923	124387	49695	51184	22828	23537	2.80289e+006	2.89628e+006	19968	20903	89836	92572	4.0137e+006	4.0948e+006	3.29941e+006	3.38237e+006	
195	4.21685e+006	4.29519e+006	365442	375961	553810	563228	61613	62654	123798	125033	51143	52580	23515	24201	2.90687e+006	3.00033e+006	21003	21967	87007	89924	4.10355e+006	4.18189e+006	3.39176e+006	3.47298e+006	
196	4.13315e+006	4.20857e+006	353496	364666	544111	554868	60593	61783	124228	125327	52548	53897	24148	24802	3.01093e+006	3.10418e+006	22063	23068	83638	86685	4.19016e+006	4.26559e+006	3.48189e+006	3.56113e+006	
197	4.05247e+006	4.12498e+006	341158	352781	533282	545465	59213	60524	124168	125232	53857	55117	24742	25352	3.11455e+006	3.20731e+006	23167	24214	80619	83657	4.27376e+006	4.34627e+006	3.56997e+006	3.64702e+006	
198	3.97515e+006	4.04467e+006	328585	340561	520541	534013	57853	59298	123613	124803	55019	56186	25237	25821	3.21772e+006	3.30976e+006	24307	25384	77265	80350	4.35406e+006	4.42358e+006	3.6553e+006	3.73001e+006	
199	3.90135e+006	3.96782e+006	315315	327557	506871	521531	56216	57762	122726	124138	56057	57138	25703	26261	3.31995e+006	3.41092e+006	25506	26622	73744	76913	4.43091e+006	4.49739e+006	3.73823e+006	3.81044e+006	
200	3.8309e+006	3.8943e+006	302071	314445	491743	507438	54723	56389	121493	123175	57009	57967	26147	26649	3.4208e+006	3.51043e+006	26719	27870	70397	73570	4.50444e+006	4.56783e+006	3.81807e+006	3.88765e+006	
201	3.76412e+006	3.82442e+006	288187	300719	475856	492465	52971	54710	119906	121811	57748	58598	26488	26944	3.52035e+006	3.60847e+006	27980	29162	66741	69927	4.57432e+006	4.63461e+006	3.89524e+006	3.96217e+006	
202	3.70044e+006	3.7577e+006	274543	287145	459422	476728	51064	52841	117791	119975	58261	58985	26764	27151	3.6182e+006	3.70458e+006	29292	30501	63623	66775	4.64104e+006	4.69829e+006	3.96946e+006	4.03365e+006	
203	3.64023e+006	3.69451e+006	260957	273467	442072	459976	49159	51004	115454	117885	58589	59269	26919	27278	3.714e+006	3.7984e+006	30630	31863	60159	63233	4.70422e+006	4.7585e+006	4.04047e+006	4.10189e+006	
204	3.58337e+006	3.63469e+006	247376	259764	424456	442807	47305	49203	112788	115448	58781	59446	27016	27360	3.8073e+006	3.88952e+006	31978	33233	56817	59867	4.76404e+006	4.81537e+006	4.10833e+006	4.16693e+006	
205	3.52968e+006	3.57808e+006	234275	246500	406126	424771	45342	47267	109696	112588	58875	59517	27031	27365	3.89845e+006	3.9783e+006	33368	34639	53642	56660	4.82065e+006	4.86906e+006	4.17292e+006	4.22869e+006	
206	3.47923e+006	3.52484e+006	221045	233018	388192	406955	43254	45180	106418	109535	58683	59328	26951	27261	3.98681e+006	4.06413e+006	34784	36068	50395	53291	4.87389e+006	4.9195e+006	4.23465e+006	4.28763e+006	
207	3.43177e+006	3.47469e+006	208302	219990	369743	388547	41249	43156	102864	106159	58263	58965	26790	27126	4.07268e+006	4.1474e+006	36192	37498	47420	50201	4.92405e+006	4.96697e+006	4.29305e+006	4.34329e+006	
208	3.3872e+006	3.42753e+006	196000	207332	351276	370048	39261	41179	99325	102749	57626	58447	26525	26903	4.15548e+006	4.22752e+006	37589	38911	44514	47210	4.97121e+006	5.01153e+006	4.3484e+006	4.39593e+006	
209	3.34548e+006	3.38329e+006	184027	194967	333141	351777	37294	39197	95521	99055	56857	57779	26183	26613	4.23522e+006	4.30446e+006	39037	40370	41666	44297	5.01545e+006	5.05326e+006	4.40077e+006	4.44562e+006	
210	3.30655e+006	3.34196e+006	172519	183051	315233	333595	35217	37083	91718	95311	55876	56921	25731	26226	4.31185e+006	4.37824e+006	40509	41837	38883	41379	5.05678e+006	5.09219e+006	4.45008e+006	4.49238e+006	
211	3.2699e+006	3.30307e+006	161687	171799	297837	315792	33303	35149	87753	91398	54789	55962	25238	25801	4.38515e+006	4.44864e+006	41958	43293	36590	38946	5.09567e+006	5.12884e+006	4.4965e+006	4.53635e+006	
212	3.23596e+006	3.26701e+006	151054	160711	280654	298149	31415	33190	83926	87582	53513	54778	24639	25243	4.45542e+006	4.51598e+006	43398	44734	33883	36120	5.13173e+006	5.16278e+006	4.54022e+006	4.57768e+006	
213	3.20421e+006	3.23328e+006	141072	150198	264048	281106	29544	31281	79999	83630	52148	53496	24011	24647	4.52239e+006	4.58007e+006	44840	46159	31686	33782	5.16545e+006	5.19452e+006	4.58123e+006	4.6164e+006	
214	3.1747e+006	3.20187e+006	131647	140291	247972	264469	27727	29390	76095	79699	50672	52100	23330	24012	4.58612e+006	4.64091e+006	46252	47560	29462	31469	5.19687e+006	5.22404e+006	4.6196e+006	4.65256e+006	
215	3.14733e+006	3.1727e+006	122369	130574	232715	248543	25971	27563	72226	75809	48975	50484	22529	23254	4.64681e+006	4.69879e+006	47664	48952	27311	29229	5.22604e+006	5.25141e+006	4.65573e+006	4.68661e+006	
216	3.12197e+006	3.14563e+006	113789	121577	217910	233074	24310	25816	68350	71900	47253	48864	21758	22530	4.70418e+006	4.75344e+006	49064	50336	25306	27122	5.2531e+006	5.27677e+006	4.68924e+006	4.71816e+006	
217	3.09836e+006	3.12044e+006	105649	113053	203820	218300	22704	24133	64606	68090	45537	47203	20951	21747	4.75846e+006	4.80504e+006	50418	51661	23546	25258	5.2783e+006	5.30038e+006	4.72052e+006	4.74763e+006	
218	3.07644e+006	3.09708e+006	98036	105011	190344	204140	21156	22524	60872	64257	43824	45523	20141	20959	4.8098e+006	4.85378e+006	51739	52950	21850	23425	5.30166e+006	5.32229e+006	4.74975e+006	4.77511e+006	
219	3.05609e+006	3.07536e+006	91006	97571	177503	190586	19676	20976	57316	60621	41933	43658	19271	20092	4.85823e+006	4.89968e+006	53040	54227	20282	21789	5.32337e+006	5.34265e+006	4.77689e+006	4.8006e+006	
220	3.03724e+006	3.05532e+006	84470	90573	165361	177767	18262	19516	53811	57030	40113	41857	18431	19251	4.9037e+006	4.94273e+006	54288	55438	18771	20122	5.34342e+006	5.3615e+006	4.80209e+006	4.82425e+006	
221	3.01981e+006	3.03674e+006	78284	83966	153625	165387	16992	18170	50461	53540	38226	39975	17573	18386	4.94674e+006	4.98343e+006	55512	56625	17359	18652	5.362e+006	5.37893e+006	4.82551e+006	4.84622e+006	
222	3.00375e+006	3.01961e+006	72413	77746	142797	153902	15809	16937	47208	50156	36404	38165	16710	17542	4.98684e+006	5.02131e+006	56668	57757	15978	17206	5.37912e+006	5.39499e+006	4.8472e+006	4.86659e+006	
223	2.98878e+006	3.00366e+006	67027	71990	132564	143078	14675	15732	44186	46987	34544	36284	15838	16663	5.0245e+006	5.05686e+006	57778	58830	14895	16035	5.39508e+006	5.40996e+006	4.86739e+006	4.88553e+006	
224	2.975e+006	2.98901e+006	61942	66601	122943	132797	13634	14635	41235	43905	32740	34451	15018	15830	5.05976e+006	5.0901e+006	58854	59865	13687	14731	5.40973e+006	5.42373e+006	4.88601e+006	4.90306e+006	
225	2.96233e+006	2.97553e+006	57169	61521	114009	123232	12657	13583	38424	40975	30993	32668	14245	15041	5.09261e+006	5.12102e+006	59887	60866	12588	13570	5.42321e+006	5.43641e+006	4.90328e+006	4.91929e+006	
226	2.95056e+006	2.96305e+006	52866	56887	105601	114238	11763	12634	35780	38189	29265	30892	13420	14196	5.12326e+006	5.1498e+006	60874	61814	11675	12571	5.43568e+006	5.44818e+006	4.9192e+006	4.93424e+006	
227	2.93966e+006	2.95154e+006	48778	52464	97851	105913	10885	11714	33300	35573	27565	29153	12642	13393	5.15186e+006	5.17667e+006	61822	62731	10802	11616	5.4472e+006	5.45908e+006	4.93404e+006	4.9482e+006	
228	2.92962e+006	2.94092e+006	45034	48442	90579	98106	10029	10793	31037	33174	25844	27369	11877	12599	5.17849e+006	5.20168e+006	62738	63613	9943	10710	5.45782e+006	5.46912e+006	4.9477e+006	4.96106e+006	
229	2.92047e+006	2.93122e+006	41502	44672	83699	90697	9244	9955	28830	30858	24296	25768	11156	11850	5.20329e+006	5.22498e+006	63575	64420	9056	9799	5.46752e+006	5.47827e+006	4.96024e+006	4.97287e+006	
230	2.91198e+006	2.92226e+006	38214	41162	77371	83913	8500	9163	26750	28646	22760	24178	10459	11126	5.22633e+006	5.24665e+006	64391	65205	8387	9061	5.47648e+006	5.48676e+006	4.97185e+006	4.98387e+006	
231	2.9041e+006	2.91396e+006	35181	37946	71472	77530	7869	8483	24803	26577	21276	22617	9757	10386	5.24776e+006	5.26678e+006	65167	65945	7774	8396	5.48478e+006	5.49463e+006	4.98255e+006	4.99401e+006	
232	2.89686e+006	2.90634e+006	32383	34951	66074	71666	7263	7822	22950	24606	19919	21197	9142	9734	5.26756e+006	5.28535e+006	65887	66642	7144	7718	5.49239e+006	5.50188e+006	4.99244e+006	5.00338e+006	
233	2.89017e+006	2.89934e+006	29910	32259	60842	66036	6678	7195	21291	22849	18634	19845	8558	9123	5.28597e+006	5.30262e+006	66555	67279	6581	7109	5.4994e+006	5.50856e+006	5.00148e+006	5.01193e+006	
234	2.88408e+006	2.89294e+006	27520	29694	56049	60871	6185	6673	19677	21140	17376	18523	7969	8500	5.30302e+006	5.31865e+006	67191	67885	5997	6496	5.50579e+006	5.51466e+006	5.00981e+006	5.01985e+006	
235	2.8784e+006	2.88701e+006	25318	27333	51704	56163	5733	6191	18145	19520	16159	17246	7393	7899	5.31881e+006	5.33349e+006	67787	68457	5572	6034	5.51172e+006	5.52034e+006	5.01749e+006	5.02717e+006	
236	2.87322e+006	2.88163e+006	23244	25109	47626	51759	5304	5717	16751	18042	15030	16043	6890	7361	5.33342e+006	5.34726e+006	68334	68980	5071	5492	5.51711e+006	5.52551e+006	5.02458e+006	5.03393e+006	
237	2.86841e+006	2.87662e+006	21372	23111	43840	47693	4876	5270	15490	16689	13969	14924	6408	6851	5.3469e+006	5.35999e+006	68848	69474	4712	5109	5.52212e+006	5.53033e+006	5.03109e+006	5.04016e+006	
238	2.86398e+006	2.87204e+006	19705	21299	40273	43857	4507	4881	14308	15426	12952	13858	5929	6351	5.35937e+006	5.37177e+006	69321	69930	4327	4687	5.5267e+006	5.53476e+006	5.03702e+006	5.04584e+006	
239	2.8599e+006	2.86782e+006	18118	19581	37143	40445	4169	4512	13160	14187	12036	12885	5524	5923	5.37083e+006	5.38257e+006	69764	70355	3986	4317	5.53092e+006	5.53884e+006	5.04254e+006	5.05114e+006	
240	2.85618e+006	2.86399e+006	16671	18009	34180	37226	3833	4145	12122	13069	11151	11940	5111	5482	5.38144e+006	5.39258e+006	70182	70757	3622	3922	5.53475e+006	5.54256e+006	5.04756e+006	5.05597e+006	
241	2.85273e+006	2.86044e+006	15313	16547	31469	34291	3497	3778	11193	12053	10333	11083	4729	5080	5.39122e+006	5.40184e+006	70563	71123	3356	3645	5.5383e+006	5.54601e+006	5.05223e+006	5.06047e+006	
242	2.84956e+006	2.85719e+006	14061	15203	28923	31528	3239	3497	10338	11140	9525	10222	4356	4681	5.40025e+006	5.4104e+006	70930	71473	3071	3346	5.54155e+006	5.54917e+006	5.05648e+006	5.06458e+006	
243	2.84664e+006	2.85419e+006	12918	13971	26603	29014	2975	3207	9508	10268	8794	9446	4031	4338	5.40856e+006	5.41831e+006	71276	71804	2843	3084	5.54455e+006	5.5521e+006	5.06041e+006	5.06839e+006	
244	2.84398e+006	2.85146e+006	11875	12864	24494	26697	2721	2937	8763	9473	8101	8719	3717	4009	5.41616e+006	5.42554e+006	71590	72110	2582	2813	5.54728e+006	5.55476e+006	5.06397e+006	5.07187e+006	
245	2.8415e+006	2.84892e+006	10918	11829	22501	24534	2502	2707	8066	8723	7483	8058	3432	3703	5.42321e+006	5.43225e+006	71879	72391	2399	2609	5.54982e+006	5.55724e+006	5.06727e+006	5.07508e+006	
246	2.83922e+006	2.8466e+006	10049	10880	20705	22584	2305	2503	7392	8002	6890	7429	3156	3409	5.42968e+006	5.43844e+006	72143	72648	2203	2396	5.55213e+006	5.55952e+006	5.07029e+006	5.07803e+006	
247	2.83716e+006	2.8445e+006	9200	9969	19016	20742	2128	2319	6799	7377	6370	6872	2920	3159	5.43563e+006	5.44413e+006	72383	72881	1993	2173	5.55424e+006	5.56158e+006	5.07308e+006	5.08075e+006	
248	2.83523e+006	2.84253e+006	8482	9188	17455	19053	1945	2133	6246	6778	5902	6365	2701	2923	5.44108e+006	5.44938e+006	72608	73097	1865	2031	5.5562e+006	5.56351e+006	5.07562e+006	5.08323e+006	
249	2.83346e+006	2.84074e+006	7786	8437	16032	17509	1787	1963	5747	6233	5439	5874	2485	2697	5.44611e+006	5.45422e+006	72826	73307	1703	1859	5.558e+006	5.56527e+006	5.07798e+006	5.08554e+006	
250	2.83187e+006	2.83912e+006	7113	7725	14755	16129	1649	1814	5284	5727	5007	5419	2289	2490	5.4507e+006	5.45865e+006	73023	73498	1529	1684	5.55962e+006	5.56687e+006	5.08013e+006	5.08766e+006	
251	2.83037e+006	2.83759e+006	6571	7125	13536	14799	1512	1665	4878	5289	4618	4994	2123	2309	5.45493e+006	5.46274e+006	73197	73665	1449	1575	5.56114e+006	5.56837e+006	5.0821e+006	5.0896e+006	
252	2.82897e+006	2.83616e+006	6054	6573	12459	13617	1387	1528	4492	4875	4242	4594	1949	2123	5.45882e+006	5.46651e+006	73364	73829	1350	1478	5.56257e+006	5.56977e+006	5.08393e+006	5.09139e+006	
253	2.82772e+006	2.83489e+006	5554	6035	11443	12513	1271	1399	4129	4481	3902	4229	1785	1943	5.46241e+006	5.47e+006	73519	73976	1204	1320	5.56384e+006	5.57102e+006	5.0856e+006	5.09305e+006	
254	2.82657e+006	2.83373e+006	5123	5556	10506	11499	1162	1279	3783	4110	3593	3899	1642	1785	5.46569e+006	5.47321e+006	73652	74106	1100	1203	5.565e+006	5.57216e+006	5.08711e+006	5.09454e+006	
255	2.82549e+006	2.83263e+006	4709	5126	9656	10564	1063	1178	3464	3770	3315	3600	1521	1657	5.46873e+006	5.47616e+006	73780	74230	1036	1145	5.5661e+006	5.57324e+006	5.08854e+006	5.09593e+006	
256	2.82452e+006	2.83164e+006	4299	4677	8888	9732	981	1089	3179	3460	3058	3323	1396	1524	5.47151e+006	5.47889e+006	73896	74341	941	1028	5.56709e+006	5.57422e+006	5.08986e+006	5.09723e+006	
257	2.82361e+006	2.83072e+006	3965	4315	8175	8956	909	1007	2903	3165	2809	3056	1274	1393	5.47405e+006	5.48138e+006	74003	74449	870	958	5.56801e+006	5.57513e+006	5.09104e+006	5.09839e+006	
258	2.82277e+006	2.82988e+006	3669	3991	7498	8214	827	915	2693	2941	2577	2808	1167	1274	5.47638e+006	5.48366e+006	74102	74548	802	880	5.56886e+006	5.57597e+006	5.09213e+006	5.09947e+006	
259	2.82202e+006	2.82911e+006	3351	3642	6895	7569	765	844	2484	2708	2352	2564	1071	1171	5.47854e+006	5.48578e+006	74199	74645	719	796	5.56962e+006	5.57672e+006	5.09316e+006	5.10048e+006	
260	2.82132e+006	2.8284e+006	3086	3360	6366	6977	706	780	2285	2492	2143	2337	970	1060	5.4805e+006	5.4877e+006	74291	74736	675	745	5.57034e+006	5.57742e+006	5.09408e+006	5.10139e+006	
261	2.82065e+006	2.82772e+006	2852	3113	5845	6417	650	720	2102	2289	1967	2153	885	972	5.48233e+006	5.48949e+006	74366	74810	639	708	5.57102e+006	5.57809e+006	5.09493e+006	5.10223e+006	
262	2.82004e+006	2.82712e+006	2622	2865	5356	5875	597	658	1960	2139	1816	1990	815	895	5.48399e+006	5.49112e+006	74436	74882	572	634	5.57162e+006	5.57869e+006	5.09573e+006	5.10301e+006	
263	2.8195e+006	2.82657e+006	2422	2645	4925	5405	547	601	1817	1976	1665	1827	741	818	5.48551e+006	5.49262e+006	74503	74947	518	576	5.57217e+006	5.57924e+006	5.09645e+006	5.10372e+006	
264	2.81898e+006	2.82604e+006	2243	2447	4541	4988	507	559	1664	1807	1534	1681	685	759	5.48691e+006	5.494e+006	74565	75008	496	547	5.57269e+006	5.57976e+006	5.09712e+006	5.10438e+006	
265	2.8185e+006	2.82557e+006	2057	2243	4185	4596	465	514	1521	1658	1407	1541	623	688	5.48823e+006	5.4953e+006	74623	75065	451	506	5.57317e+006	5.58024e+006	5.09775e+006	5.105e+006	
266	2.81806e+006	2.82512e+006	1899	2073	3854	4241	429	474	1398	1526	1291	1419	574	637	5.48942e+006	5.49647e+006	74675	75118	413	465	5.57361e+006	5.58067e+006	5.09831e+006	5.10556e+006	
267	2.81767e+006	2.82473e+006	1753	1915	3545	3903	387	429	1281	1400	1184	1303	525	583	5.49053e+006	5.49756e+006	74721	75163	374	416	5.57401e+006	5.58106e+006	5.09882e+006	5.10607e+006	
268	2.81731e+006	2.82436e+006	1604	1756	3278	3608	348	390	1149	1251	1107	1217	491	547	5.49156e+006	5.49858e+006	74762	75203	346	389	5.57438e+006	5.58143e+006	5.09932e+006	5.10656e+006	
269	2.81696e+006	2.824e+006	1479	1622	3035	3342	324	366	1063	1161	1018	1121	447	499	5.49247e+006	5.49947e+006	74801	75242	327	370	5.57473e+006	5.58177e+006	5.09976e+006	5.107e+006	
270	2.81664e+006	2.82368e+006	1370	1499	2792	3077	308	348	976	1071	948	1043	418	466	5.49331e+006	5.5003e+006	74839	75280	305	341	5.57506e+006	5.5821e+006	5.10017e+006	5.1074e+006	
271	2.81636e+006	2.82339e+006	1266	1385	2552	2810	284	322	901	991	881	963	388	430	5.4941e+006	5.50108e+006	74874	75315	270	303	5.57534e+006	5.58238e+006	5.10054e+006	5.10777e+006	
272	2.81609e+006	2.82312e+006	1169	1283	2353	2592	259	293	836	922	806	883	357	397	5.49482e+006	5.5018e+006	74906	75346	252	284	5.57561e+006	5.58265e+006	5.10089e+006	5.10811e+006	
273	2.81585e+006	2.82288e+006	1066	1165	2178	2404	243	276	768	847	745	819	332	371	5.49547e+006	5.50245e+006	74936	75375	224	253	5.57585e+006	5.58289e+006	5.10121e+006	5.10843e+006	
274	2.81562e+006	2.82265e+006	984	1074	2004	2215	227	258	709	784	683	752	302	337	5.49609e+006	5.50307e+006	74962	75401	223	250	5.57609e+006	5.58312e+006	5.10152e+006	5.10873e+006	
275	2.8154e+006	2.82243e+006	914	999	1847	2038	204	231	661	728	626	691	279	314	5.49666e+006	5.50363e+006	74985	75423	200	228	5.5763e+006	5.58334e+006	5.10179e+006	5.109e+006	
276	2.81521e+006	2.82224e+006	845	924	1708	1882	181	206	604	669	584	642	263	294	5.49718e+006	5.50415e+006	75008	75446	181	210	5.5765e+006	5.58353e+006	5.10204e+006	5.10925e+006	
277	2.81502e+006	2.82204e+006	800	875	1574	1736	166	188	554	611	534	589	243	275	5.49766e+006	5.50462e+006	75031	75469	179	204	5.57669e+006	5.58372e+006	5.10226e+006	5.10947e+006	
278	2.81485e+006	2.82187e+006	738	808	1460	1610	155	176	506	559	484	534	222	252	5.49812e+006	5.50507e+006	75051	75489	159	185	5.57687e+006	5.58389e+006	5.10248e+006	5.10969e+006	
279	2.81469e+006	2.82171e+006	683	754	1348	1482	141	161	475	524	443	491	207	233	5.49853e+006	5.50547e+006	75068	75509	148	171	5.57703e+006	5.58405e+006	5.10268e+006	5.10989e+006	
280	2.81453e+006	2.82155e+006	646	712	1233	1359	133	152	436	485	403	450	189	214	5.49891e+006	5.50585e+006	75086	75528	144	167	5.57718e+006	5.5842e+006	5.10286e+006	5.11006e+006	
281	2.8144e+006	2.82141e+006	593	656	1148	1266	127	146	390	433	372	418	175	201	5.49926e+006	5.5062e+006	75103	75544	128	147	5.57732e+006	5.58434e+006	5.10304e+006	5.11024e+006	
282	2.81427e+006	2.82128e+006	556	615	1063	1172	120	139	361	400	346	395	163	191	5.49958e+006	5.50651e+006	75115	75555	123	143	5.57746e+006	5.58447e+006	5.1032e+006	5.1104e+006	
283	2.81415e+006	2.82116e+006	516	574	997	1100	111	130	325	364	323	366	152	178	5.49987e+006	5.5068e+006	75129	75569	109	129	5.57758e+006	5.58459e+006	5.10335e+006	5.11054e+006	
284	2.81404e+006	2.82105e+006	475	527	930	1027	100	119	303	340	301	341	142	167	5.50014e+006	5.50707e+006	75139	75578	103	121	5.57769e+006	5.5847e+006	5.1035e+006	5.11069e+006	
285	2.81394e+006	2.82094e+006	440	491	858	954	97	114	275	307	278	314	127	151	5.5004e+006	5.50733e+006	75149	75588	93	110	5.57779e+006	5.5848e+006	5.10362e+006	5.11081e+006	
286	2.81383e+006	2.82084e+006	413	463	805	896	89	107	252	282	254	289	116	138	5.50064e+006	5.50756e+006	75160	75599	96	114	5.5779e+006	5.5849e+006	5.10375e+006	5.11093e+006	
287	2.81374e+006	2.82074e+006	393	442	744	830	82	98	238	269	234	266	105	126	5.50086e+006	5.50777e+006	75169	75608	91	106	5.578e+006	5.585e+006	5.10386e+006	5.11105e+006	
288	2.81365e+006	2.82065e+006	372	419	691	771	77	94	220	249	216	247	97	116	5.50106e+006	5.50798e+006	75178	75616	82	98	5.57809e+006	5.58509e+006	5.10396e+006	5.11115e+006	
289	2.81357e+006	2.82057e+006	350	395	640	720	70	87	207	237	202	230	89	107	5.50124e+006	5.50815e+006	75185	75624	71	87	5.57817e+006	5.58517e+006	5.10406e+006	5.11124e+006	
290	2.81349e+006	2.82049e+006	323	365	595	671	67	84	193	222	188	216	83	100	5.50142e+006	5.50833e+006	75192	75630	69	84	5.57825e+006	5.58524e+006	5.10416e+006	5.11134e+006	
291	2.81342e+006	2.82042e+006	297	338	563	636	62	77	181	212	166	190	74	89	5.50158e+006	5.50849e+006	75199	75637	64	80	5.57832e+006	5.58532e+006	5.10425e+006	5.11143e+006	
292	2.81335e+006	2.82035e+006	274	315	530	598	55	70	170	201	149	172	66	80	5.50174e+006	5.50865e+006	75206	75643	60	75	5.57839e+006	5.58538e+006	5.10434e+006	5.11151e+006	
293	2.81329e+006	2.82028e+006	261	302	493	560	52	67	156	185	135	156	58	71	5.50188e+006	5.50879e+006	75212	75649	58	74	5.57846e+006	5.58545e+006	5.10441e+006	5.11158e+006	
294	2.81323e+006	2.82022e+006	248	285	466	531	46	59	145	173	123	144	53	66	5.50201e+006	5.50892e+006	75216	75653	55	68	5.57852e+006	5.58551e+006	5.10448e+006	5.11166e+006	
295	2.81317e+006	2.82016e+006	234	271	440	502	43	56	137	163	113	132	49	61	5.50213e+006	5.50904e+006	75220	75657	52	64	5.57858e+006	5.58556e+006	5.10455e+006	5.11172e+006	
296	2.81312e+006	2.82011e+006	220	255	407	466	41	53	128	152	104	123	45	56	5.50226e+006	5.50916e+006	75224	75661	46	57	5.57863e+006	5.58562e+006	5.10461e+006	5.11178e+006	
297	2.81306e+006	2.82005e+006	213	246	377	435	39	50	120	142	97	115	42	52	5.50237e+006	5.50927e+006	75227	75664	51	65	5.57869e+006	5.58567e+006	5.10468e+006	5.11184e+006	
298	2.81301e+006	2.82e+006	205	236	352	407	37	48	112	133	89	106	38	48	5.50247e+006	5.50937e+006	75231	75668	47	58	5.57874e+006	5.58572e+006	5.10473e+006	5.1119e+006	
299	2.81297e+006	2.81995e+006	192	220	334	389	35	45	106	126	85	103	37	47	5.50256e+006	5.50946e+006	75233	75670	39	49	5.57879e+006	5.58577e+006	5.10479e+006	5.11195e+006	
300	2.81292e+006	2.81991e+006	185	215	312	362	34	45	99	119	76	93	33	42	5.50265e+006	5.50954e+006	75237	75674	40	52	5.57883e+006	5.58581e+006	5.10483e+006	5.112e+006	
301	2.81288e+006	2.81986e+006	174	200	298	349	34	44	91	111	73	89	30	39	5.50273e+006	5.50962e+006	75239	75676	40	50	5.57888e+006	5.58586e+006	5.10489e+006	5.11205e+006	
302	2.81284e+006	2.81982e+006	162	186	288	336	30	41	84	102	67	83	27	36	5.50281e+006	5.5097e+006	75241	75679	34	45	5.57892e+006	5.5859e+006	5.10494e+006	5.1121e+006	
303	2.8128e+006	2.81978e+006	161	186	271	313	28	38	79	97	62	77	25	33	5.50289e+006	5.50977e+006	75244	75681	38	49	5.57896e+006	5.58594e+006	5.10498e+006	5.11214e+006	
304	2.81276e+006	2.81974e+006	157	180	257	298	28	37	74	90	59	73	24	32	5.50296e+006	5.50984e+006	75246	75683	35	45	5.579e+006	5.58598e+006	5.10502e+006	5.11218e+006	
305	2.81272e+006	2.8197e+006	149	172	247	284	27	36	70	84	56	69	23	31	5.50302e+006	5.50991e+006	75247	75685	33	42	5.57904e+006	5.58602e+006	5.10506e+006	5.11222e+006	
306	2.81268e+006	2.81966e+006	148	173	236	274	25	34	65	80	50	62	21	28	5.50308e+006	5.50997e+006	75250	75687	34	44	5.57908e+006	5.58606e+006	5.1051e+006	5.11226e+006	
307	2.81264e+006	2.81962e+006	143	169	224	261	23	32	63	76	47	59	20	28	5.50315e+006	5.51003e+006	75252	75689	33	44	5.57912e+006	5.5861e+006	5.10514e+006	5.1123e+006	
308	2.81261e+006	2.81959e+006	137	161	213	248	23	32	58	73	45	56	19	27	5.50321e+006	5.51008e+006	75254	75691	29	38	5.57915e+006	5.58613e+006	5.10518e+006	5.11233e+006	
309	2.81257e+006	2.81955e+006	134	155	208	241	23	31	54	67	39	50	17	24	5.50326e+006	5.51014e+006	75256	75693	29	37	5.57918e+006	5.58616e+006	5.10521e+006	5.11237e+006	
310	2.81254e+006	2.81952e+006	129	149	200	234	23	32	52	65	38	49	16	22	5.50331e+006	5.51018e+006	75256	75694	29	38	5.57922e+006	5.5862e+006	5.10525e+006	5.1124e+006	
311	2.81251e+006	2.81949e+006	122	142	194	230	22	31	48	61	35	46	15	22	5.50336e+006	5.51024e+006	75257	75696	27	36	5.57925e+006	5.58623e+006	5.10528e+006	5.11244e+006	
312	2.81247e+006	2.81945e+006	123	144	191	226	20	29	46	59	32	42	15	21	5.5034e+006	5.51028e+006	75259	75697	31	40	5.57928e+006	5.58626e+006	5.10531e+006	5.11247e+006	
313	2.81244e+006	2.81942e+006	123	144	182	215	20	28	45	57	31	40	14	21	5.50345e+006	5.51032e+006	75260	75698	29	37	5.57932e+006	5.5863e+006	5.10534e+006	5.1125e+006	
314	2.81241e+006	2.81939e+006	121	143	177	208	19	27	42	53	28	38	14	21	5.50349e+006	5.51037e+006	75262	75700	27	37	5.57935e+006	5.58633e+006	5.10538e+006	5.11253e+006	
315	2.81238e+006	2.81936e+006	120	141	172	202	19	27	41	53	27	36	13	19	5.50353e+006	5.51041e+006	75263	75701	26	34	5.57938e+006	5.58636e+006	5.1054e+006	5.11256e+006	
316	2.81235e+006	2.81933e+006	113	133	172	201	16	23	38	50	26	34	12	18	5.50357e+006	5.51045e+006	75265	75702	24	32	5.57941e+006	5.58639e+006	5.10544e+006	5.11259e+006	
317	2.81232e+006	2.8193e+006	109	128	167	195	16	22	39	50	24	31	11	17	5.50361e+006	5.51049e+006	75265	75704	25	33	5.57943e+006	5.58642e+006	5.10547e+006	5.11262e+006	
318	2.81229e+006	2.81927e+006	108	127	164	193	17	23	36	47	22	29	10	16	5.50365e+006	5.51052e+006	75267	75705	27	35	5.57946e+006	5.58645e+006	5.1055e+006	5.11265e+006	
319	2.81226e+006	2.81925e+006	104	123	162	192	15	22	33	44	21	28	9	15	5.50369e+006	5.51056e+006	75267	75706	22	31	5.57949e+006	5.58647e+006	5.10553e+006	5.11268e+006	
320	2.81223e+006	2.81922e+006	107	125	158	187	14	20	33	44	19	26	9	15	5.50372e+006	5.51059e+006	75268	75706	25	34	5.57952e+006	5.5865e+006	5.10555e+006	5.11271e+006	
321	2.8122e+006	2.81919e+006	108	128	157	185	13	19	32	44	19	26	9	14	5.50375e+006	5.51063e+006	75268	75707	27	36	5.57955e+006	5.58654e+006	5.10558e+006	5.11274e+006	
322	2.81217e+006	2.81916e+006	105	125	153	180	12	19	33	44	19	26	10	16	5.50379e+006	5.51066e+006	75269	75707	23	32	5.57958e+006	5.58656e+006	5.10561e+006	5.11276e+006	
323	2.81214e+006	2.81913e+006	110	128	147	174	12	19	31	41	17	24	8	14	5.50383e+006	5.5107e+006	75270	75708	26	34	5.57961e+006	5.58659e+006	5.10563e+006	5.11279e+006	
324	2.81212e+006	2.8191e+006	108	127	145	171	12	18	31	41	17	23	8	13	5.50386e+006	5.51073e+006	75270	75709	24	32	5.57964e+006	5.58662e+006	5.10566e+006	5.11282e+006	
325	2.81209e+006	2.81907e+006	104	121	147	174	11	17	31	41	16	23	8	12	5.50389e+006	5.51076e+006	75271	75709	23	30	5.57966e+006	5.58665e+006	5.10569e+006	5.11285e+006	
326	2.81206e+006	2.81905e+006	101	120	147	173	12	18	31	41	16	22	7	12	5.50391e+006	5.51079e+006	75272	75710	21	30	5.57969e+006	5.58668e+006	5.10571e+006	5.11287e+006	
327	2.81203e+006	2.81902e+006	100	119	145	171	14	21	30	39	16	22	8	12	5.50394e+006	5.51082e+006	75272	75710	25	33	5.57972e+006	5.5867e+006	5.10574e+006	5.1129e+006	
328	2.812e+006	2.81899e+006	100	119	143	169	15	21	30	38	16	22	7	12	5.50398e+006	5.51085e+006	75272	75710	24	33	5.57974e+006	5.58673e+006	5.10577e+006	5.11293e+006	
329	2.81198e+006	2.81897e+006	99	120	144	169	14	21	31	39	14	21	7	12	5.504e+006	5.51088e+006	75273	75711	22	31	5.57977e+006	5.58676e+006	5.10579e+006	5.11295e+006	
330	2.81195e+006	2.81894e+006	98	118	139	166	14	21	32	41	14	20	7	12	5.50403e+006	5.5109e+006	75273	75711	21	27	5.57979e+006	5.58679e+006	5.10581e+006	5.11298e+006	
331	2.81193e+006	2.81892e+006	96	113	136	162	15	22	32	41	13	20	7	11	5.50406e+006	5.51094e+006	75273	75712	22	29	5.57982e+006	5.58681e+006	5.10584e+006	5.113e+006	
332	2.8119e+006	2.8189e+006	89	106	137	163	15	21	31	41	12	19	5	10	5.50409e+006	5.51097e+006	75274	75712	18	25	5.57984e+006	5.58683e+006	5.10586e+006	5.11303e+006	
333	2.81187e+006	2.81887e+006	93	109	136	163	12	18	30	40	12	18	5	9	5.50412e+006	5.511e+006	75274	75712	26	33	5.57987e+006	5.58686e+006	5.10589e+006	5.11306e+006	
334	2.81185e+006	2.81884e+006	95	113	133	159	11	17	28	38	12	18	4	9	5.50415e+006	5.51103e+006	75274	75712	23	31	5.5799e+006	5.58689e+006	5.10591e+006	5.11308e+006	
335	2.81182e+006	2.81882e+006	94	113	132	157	11	17	30	40	10	16	4	8	5.50417e+006	5.51105e+006	75275	75713	21	29	5.57992e+006	5.58692e+006	5.10593e+006	5.1131e+006	
336	2.8118e+006	2.81879e+006	98	118	129	154	11	17	27	38	11	17	4	8	5.5042e+006	5.51108e+006	75275	75713	22	31	5.57995e+006	5.58694e+006	5.10595e+006	5.11312e+006	
337	2.81177e+006	2.81876e+006	96	117	128	152	12	19	28	37	11	16	4	8	5.50423e+006	5.51111e+006	75276	75714	24	32	5.57998e+006	5.58697e+006	5.10598e+006	5.11315e+006	
338	2.81174e+006	2.81874e+006	96	114	125	151	13	19	28	38	11	17	4	8	5.50426e+006	5.51114e+006	75276	75714	22	29	5.58e+006	5.587e+006	5.106e+006	5.11317e+006	
339	2.81171e+006	2.81871e+006	99	118	124	148	13	20	28	38	10	16	4	7	5.50428e+006	5.51116e+006	75277	75715	24	32	5.58003e+006	5.58702e+006	5.10603e+006	5.1132e+006	
340	2.81169e+006	2.81868e+006	101	118	125	150	14	21	29	39	10	16	4	7	5.50431e+006	5.51119e+006	75277	75715	24	32	5.58006e+006	5.58705e+006	5.10605e+006	5.11322e+006	
341	2.81166e+006	2.81865e+006	99	116	127	154	14	21	26	35	11	18	4	8	5.50433e+006	5.51122e+006	75278	75716	22	30	5.58008e+006	5.58708e+006	5.10608e+006	5.11325e+006	
342	2.81164e+006	2.81863e+006	97	113	130	156	15	22	24	33	12	19	4	9	5.50436e+006	5.51124e+006	75278	75716	19	27	5.58011e+006	5.5871e+006	5.1061e+006	5.11327e+006	
343	2.81161e+006	2.8186e+006	94	113	131	157	13	20	23	32	13	19	5	9	5.50438e+006	5.51127e+006	75279	75717	22	30	5.58013e+006	5.58713e+006	5.10613e+006	5.11329e+006	
344	2.81158e+006	2.81858e+006	91	110	132	158	13	20	21	30	12	19	5	10	5.50441e+006	5.5113e+006	75279	75717	21	29	5.58016e+006	5.58715e+006	5.10615e+006	5.11332e+006	
345	2.81156e+006	2.81855e+006	91	109	135	159	12	19	22	31	13	19	6	10	5.50444e+006	5.51132e+006	75279	75717	22	30	5.58018e+006	5.58718e+006	5.10618e+006	5.11335e+006	
346	2.81153e+006	2.81853e+006	93	110	131	156	12	19	21	29	13	19	6	10	5.50446e+006	5.51135e+006	75280	75718	20	27	5.58021e+006	5.5872e+006	5.1062e+006	5.11337e+006	
347	2.81151e+006	2.8185e+006	92	111	129	155	11	18	23	32	13	19	6	11	5.50449e+006	5.51137e+006	75280	75718	23	31	5.58023e+006	5.58723e+006	5.10622e+006	5.11339e+006	
348	2.81148e+006	2.81848e+006	93	111	128	153	12	19	24	33	13	19	6	10	5.50451e+006	5.5114e+006	75280	75718	22	29	5.58026e+006	5.58725e+006	5.10624e+006	5.11341e+006	
349	2.81146e+006	2.81845e+006	93	110	126	151	13	19	26	35	14	20	6	10	5.50454e+006	5.51142e+006	75280	75719	22	29	5.58028e+006	5.58728e+006	5.10627e+006	5.11344e+006	
350	2.81143e+006	2.81843e+006	93	110	121	146	13	20	27	37	14	20	7	11	5.50456e+006	5.51145e+006	75281	75719	20	28	5.58031e+006	5.5873e+006	5.10629e+006	5.11346e+006	
351	2.81141e+006	2.8184e+006	92	108	122	147	13	20	26	35	13	20	6	11	5.50459e+006	5.51148e+006	75281	75719	21	29	5.58033e+006	5.58733e+006	5.10631e+006	5.11348e+006	
352	2.81139e+006	2.81838e+006	89	106	124	149	14	20	27	36	12	19	6	10	5.50461e+006	5.5115e+006	75282	75720	20	27	5.58036e+006	5.58735e+006	5.10633e+006	5.1135e+006	
353	2.81136e+006	2.81836e+006	87	104	123	147	14	21	27	36	11	18	5	9	5.50464e+006	5.51153e+006	75282	75720	19	27	5.58038e+006	5.58738e+006	5.10636e+006	5.11353e+006	
354	2.81133e+006	2.81833e+006	91	108	123	147	13	19	26	35	11	17	4	8	5.50467e+006	5.51155e+006	75282	75721	24	31	5.58041e+006	5.5874e+006	5.10638e+006	5.11355e+006	
355	2.81131e+006	2.8183e+006	93	110	124	147	12	17	24	33	11	18	5	9	5.50469e+006	5.51158e+006	75283	75721	23	31	5.58044e+006	5.58743e+006	5.1064e+006	5.11357e+006	
356	2.81128e+006	2.81828e+006	93	109	125	148	11	16	24	32	11	18	4	8	5.50472e+006	5.5116e+006	75283	75722	20	27	5.58046e+006	5.58745e+006	5.10643e+006	5.1136e+006	
357	2.81126e+006	2.81825e+006	96	111	122	145	10	16	25	34	11	18	4	8	5.50474e+006	5.51163e+006	75284	75722	22	30	5.58048e+006	5.58748e+006	5.10645e+006	5.11362e+006	
358	2.81123e+006	2.81823e+006	93	109	124	148	10	16	25	33	11	17	5	8	5.50477e+006	5.51165e+006	75284	75722	21	28	5.58051e+006	5.58751e+006	5.10647e+006	5.11364e+006	
359	2.81121e+006	2.81821e+006	89	107	125	148	11	17	25	34	11	16	4	8	5.50479e+006	5.51168e+006	75284	75722	21	28	5.58053e+006	5.58753e+006	5.1065e+006	5.11367e+006	
360	2.81118e+006	2.81818e+006	90	107	125	148	10	16	25	34	10	16	4	7	5.50482e+006	5.5117e+006	75285	75723	20	28	5.58056e+006	5.58755e+006	5.10652e+006	5.11369e+006	
361	2.81116e+006	2.81816e+006	87	105	126	147	11	17	25	34	11	16	4	7	5.50484e+006	5.51173e+006	75285	75723	20	27	5.58058e+006	5.58758e+006	5.10654e+006	5.11371e+006	
362	2.81114e+006	2.81814e+006	85	101	126	149	11	18	25	33	10	16	3	7	5.50486e+006	5.51175e+006	75285	75724	18	25	5.5806e+006	5.5876e+006	5.10656e+006	5.11374e+006	
363	2.81111e+006	2.81811e+006	86	102	126	149	12	18	23	32	10	16	5	8	5.50489e+006	5.51178e+006	75286	75724	21	29	5.58063e+006	5.58762e+006	5.10659e+006	5.11376e+006	
364	2.81109e+006	2.81808e+006	89	106	123	146	11	18	24	32	11	17	5	9	5.50492e+006	5.5118e+006	75286	75724	23	32	5.58065e+006	5.58765e+006	5.10661e+006	5.11378e+006	
