Day	Susceptible-LB	Susceptible-UB	Exposed-LB	Exposed-UB	Current Detected Mild Infections-LB	Current Detected Mild Infections-UB	Current Undetected Mild Infections-LB	Current Undetected Mild Infections-UB	Current Hospitalizations-LB	Current Hospitalizations-UB	Current ICU patients-LB	Current ICU patients-UB	ventilators-LB	ventilators-UB	Recovered-LB	Recovered-UB	Deaths-LB	Deaths-UB	new infections today-LB	new infections today-UB	total number of infections-LB	total number of infections-UB	Confirmed total number of infections-LB	Confirmed total number of infections-UB	
0	8.39872e+006	8.39872e+006	16	16	0	0	0	0	0	0	0	0	0	0	0	0	0	0	0	0	16	16	0	0	
1	8.39856e+006	8.39856e+006	176	176	0	0	0	0	0	0	0	0	0	0	0	0	0	0	160	160	176	176	0	0	
2	8.3984e+006	8.3984e+006	336	336	0	0	0	0	0	0	0	0	0	0	0	0	0	0	160	160	336	336	0	0	
3	8.39821e+006	8.39822e+006	521	526	0	0	0	0	0	0	0	0	0	0	0	0	0	0	185	190	521	526	0	0	
4	8.39788e+006	8.39791e+006	814	836	16	16	0	0	0	0	0	0	0	0	0	0	0	0	307	328	830	852	16	16	
5	8.39743e+006	8.39748e+006	1085	1127	131	140	36	45	0	0	0	0	0	0	0	0	0	0	425	456	1261	1303	131	140	
6	8.39683e+006	8.3969e+006	1503	1573	251	262	74	85	0	0	0	0	0	0	0	0	0	0	573	612	1839	1909	251	262	
7	8.39593e+006	8.39604e+006	2175	2282	390	406	119	134	0	0	0	0	0	0	0	0	0	0	851	904	2698	2806	390	406	
8	8.39466e+006	8.39483e+006	3075	3226	620	649	196	216	0	0	0	0	0	0	0	0	0	0	1202	1277	3911	4072	623	646	
9	8.39305e+006	8.39329e+006	4184	4392	946	994	300	323	0	0	0	0	0	0	0	0	0	0	1532	1624	5451	5688	951	989	
10	8.391e+006	8.39132e+006	5575	5833	1362	1438	442	474	0	0	0	0	0	0	16	16	0	0	1959	2058	7421	7735	1388	1444	
11	8.38845e+006	8.38889e+006	7145	7484	1888	2004	608	651	27	35	0	0	0	0	141	149	0	0	2419	2558	9849	10284	2046	2131	
12	8.38551e+006	8.38607e+006	8746	9158	2668	2842	869	932	56	67	0	0	0	0	269	280	0	0	2804	2950	12663	13224	2959	3079	
13	8.38224e+006	8.38294e+006	10342	10818	3675	3924	1208	1285	90	103	0	0	0	0	420	435	0	0	3122	3290	15800	16498	4120	4298	
14	8.37883e+006	8.37967e+006	11635	12176	4921	5239	1608	1706	147	165	0	0	0	0	673	697	0	0	3253	3416	19064	19903	5625	5863	
15	8.3756e+006	8.37658e+006	12296	12863	6393	6816	2120	2240	238	260	0	0	0	0	1013	1053	0	0	3077	3247	22154	23137	7458	7788	
16	8.37293e+006	8.37403e+006	12028	12594	8043	8568	2690	2837	347	374	0	0	0	0	1483	1544	0	0	2538	2679	24703	25805	9581	10007	
17	8.36975e+006	8.37099e+006	11933	12499	9706	10334	3290	3465	487	522	15	19	14	17	2183	2277	0	0	3027	3194	27743	28988	11960	12493	
18	8.36615e+006	8.36756e+006	12101	12693	11242	11958	3796	3988	687	735	25	30	19	22	3183	3323	0	0	3422	3609	31176	32586	14483	15123	
19	8.36241e+006	8.364e+006	12576	13200	12376	13166	4198	4413	957	1016	34	40	23	27	4446	4646	0	0	3555	3751	34741	36326	16865	17609	
20	8.35848e+006	8.36023e+006	13786	14463	12780	13615	4366	4591	1286	1354	51	60	31	36	6067	6337	0	0	3745	3945	38502	40256	18847	19680	
21	8.35432e+006	8.35626e+006	14722	15442	13236	14097	4521	4743	1661	1751	77	88	44	51	8093	8463	0	0	3965	4172	42478	44417	21227	22177	
22	8.34998e+006	8.35212e+006	15425	16181	13699	14603	4672	4902	2093	2206	109	122	58	67	10440	10917	0	0	4128	4345	46616	48752	23923	25005	
23	8.34547e+006	8.3478e+006	16174	16959	14028	14969	4767	5006	2548	2685	158	176	80	93	13073	13657	0	0	4305	4528	50933	53268	26741	27970	
24	8.3408e+006	8.34336e+006	16865	17694	14383	15355	4903	5149	2958	3113	223	247	110	125	15858	16569	0	0	4438	4677	55381	57934	29719	31079	
25	8.33593e+006	8.33871e+006	17534	18403	15054	16074	5106	5370	3265	3436	316	342	150	169	18549	19383	0	0	4633	4883	60027	62805	32861	34363	
26	8.33093e+006	8.33392e+006	18187	19072	16260	17359	5479	5761	3371	3555	425	456	200	222	20885	21816	0	0	4778	5017	64818	67808	36099	37754	
27	8.32555e+006	8.32877e+006	19020	19933	17212	18369	5798	6092	3491	3679	548	586	247	274	23667	24729	13	16	5138	5390	69968	73187	39475	41290	
28	8.31992e+006	8.32342e+006	19926	20891	17957	19178	6054	6364	3614	3812	699	745	314	346	26823	28033	17	20	5343	5635	75321	78812	42969	44956	
29	8.3141e+006	8.31784e+006	20857	21852	18767	20044	6314	6639	3683	3885	866	922	392	426	30148	31522	19	22	5564	5844	80900	84640	46619	48790	
30	8.30797e+006	8.31198e+006	21925	22977	19531	20845	6582	6911	3771	3987	1034	1099	472	512	33647	35171	22	26	5849	6139	86759	90770	50388	52727	
31	8.30163e+006	8.3059e+006	22853	23935	20418	21770	6872	7200	3944	4166	1181	1256	536	582	37299	38987	28	35	6064	6351	92835	97108	54459	56989	
32	8.29495e+006	8.29952e+006	23882	24988	21303	22735	7189	7538	4264	4489	1295	1376	593	639	40996	42869	35	42	6374	6687	99219	103784	58671	61411	
33	8.28797e+006	8.29286e+006	24962	26136	22250	23737	7493	7859	4546	4778	1418	1508	656	705	44899	46950	47	56	6646	6990	105876	110762	63085	66017	
34	8.28081e+006	8.286e+006	25963	27174	23327	24868	7819	8199	4742	4984	1540	1639	716	769	49009	51265	63	75	6848	7180	112737	117929	67723	70863	
35	8.27324e+006	8.27876e+006	27127	28403	24393	25972	8181	8565	4937	5185	1648	1750	770	826	53329	55800	85	98	7223	7583	119974	125498	72498	75850	
36	8.2653e+006	8.27118e+006	28322	29666	25571	27231	8585	8990	5139	5393	1754	1863	823	883	57783	60453	113	127	7566	7952	127557	133434	77506	81081	
37	8.25702e+006	8.26328e+006	29566	30972	26692	28449	8952	9390	5362	5615	1847	1961	871	931	62581	65475	148	166	7889	8297	135459	141718	82769	86585	
38	8.24833e+006	8.25499e+006	30997	32490	27806	29604	9336	9786	5599	5878	1914	2027	900	963	67593	70726	187	209	8281	8696	143751	150402	88159	92217	
39	8.23934e+006	8.24638e+006	32360	33918	29020	30897	9772	10243	5830	6117	1980	2097	927	991	72833	76206	226	251	8585	9012	152352	159398	93849	98164	
40	8.23462e+006	8.24189e+006	29275	30694	30291	32260	10204	10707	6112	6414	2040	2161	948	1015	78305	81928	271	298	4485	4724	156847	164112	99828	104414	
41	8.22972e+006	8.23721e+006	26046	27317	31650	33742	10650	11191	6384	6694	2113	2239	987	1057	83992	87863	314	344	4663	4917	161522	169018	106033	110918	
42	8.22459e+006	8.2323e+006	22659	23769	33498	35688	10713	11252	6707	7045	2240	2372	1045	1120	89890	94015	351	383	4893	5147	166432	174150	112970	118196	
43	8.21964e+006	8.22757e+006	18790	19714	35386	37652	10769	11305	7001	7364	2351	2487	1090	1162	96099	100512	394	429	4717	4955	171162	179092	120180	125739	
44	8.21483e+006	8.22297e+006	18905	19807	33863	36034	9951	10445	7271	7630	2467	2614	1140	1215	102533	107245	435	472	4598	4821	175770	183902	124098	129851	
45	8.21021e+006	8.21855e+006	18644	19529	32225	34291	9048	9505	7593	7963	2592	2744	1200	1276	109273	114296	485	526	4403	4639	180184	188529	128215	134158	
46	8.20578e+006	8.21431e+006	17981	18820	30496	32420	8138	8537	7930	8317	2716	2871	1256	1334	116336	121693	541	585	4229	4440	184430	192953	132509	138660	
47	8.20169e+006	8.21038e+006	17173	17975	28392	30146	7099	7440	8281	8694	2817	2977	1291	1373	123726	129431	601	648	3908	4111	188353	197049	136677	143018	
48	8.19787e+006	8.20674e+006	16212	16985	25467	27028	6359	6664	8645	9077	2960	3127	1359	1445	131458	137529	655	703	3638	3830	192001	200868	140676	147206	
49	8.19442e+006	8.20344e+006	15095	15805	22113	23482	5551	5818	9012	9472	3081	3252	1420	1506	139509	145943	714	766	3285	3458	195299	204314	144523	151248	
50	8.19135e+006	8.2005e+006	13786	14456	21916	23243	5501	5764	8570	9021	3212	3387	1486	1574	144254	150906	778	833	2924	3088	198237	207388	148087	154968	
51	8.18832e+006	8.1976e+006	12759	13383	21292	22564	5378	5629	8074	8507	3385	3560	1561	1651	149194	156085	837	898	2880	3039	201132	210412	151396	158422	
52	8.1854e+006	8.1948e+006	11913	12492	20297	21514	5115	5362	7554	7975	3531	3714	1631	1725	154409	161527	904	967	2791	2939	203936	213338	154528	161701	
53	8.1827e+006	8.19222e+006	11197	11746	19154	20307	4831	5067	6956	7339	3675	3863	1702	1800	159526	166886	972	1037	2568	2715	206520	216036	157360	164654	
54	8.18012e+006	8.18975e+006	10727	11249	17837	18931	4476	4709	6223	6562	3843	4036	1776	1879	164623	172215	1049	1120	2453	2591	208986	218614	159899	167303	
55	8.17769e+006	8.18744e+006	10149	10650	16644	17653	4157	4376	5407	5701	3997	4203	1838	1948	169622	177463	1123	1197	2303	2439	211301	221042	162389	169908	
56	8.17539e+006	8.18524e+006	9539	10025	15509	16468	3847	4068	5356	5647	3901	4110	1790	1898	173932	181955	1203	1279	2181	2314	213494	223344	164801	172424	
57	8.17326e+006	8.18321e+006	8990	9458	14455	15352	3572	3775	5205	5489	3834	4038	1766	1869	177992	186197	1283	1365	2020	2147	215527	225477	167026	174751	
58	8.17127e+006	8.18131e+006	8416	8871	13501	14339	3352	3539	4953	5213	3737	3942	1724	1826	181901	190292	1372	1461	1884	2000	217422	227466	169144	176962	
59	8.1694e+006	8.17952e+006	7896	8314	12707	13507	3169	3347	4678	4924	3632	3835	1672	1771	185491	194040	1460	1553	1778	1888	219216	229337	171123	179032	
60	8.16765e+006	8.17785e+006	7373	7763	12108	12873	3036	3197	4354	4587	3515	3716	1609	1705	188777	197477	1550	1647	1661	1760	220888	231086	172989	180998	
61	8.16598e+006	8.17626e+006	6932	7298	11419	12154	2865	3022	4061	4282	3340	3536	1527	1624	192030	200873	1661	1761	1580	1681	222480	232755	174735	182828	
62	8.16442e+006	8.17476e+006	6531	6874	10690	11398	2686	2839	3779	3984	3164	3349	1436	1527	195195	204184	1757	1862	1482	1576	223978	234315	176361	184531	
63	8.16295e+006	8.17335e+006	6145	6467	10066	10732	2530	2669	3500	3693	2965	3138	1340	1425	198147	207266	1868	1979	1392	1480	225382	235782	177888	186130	
64	8.16158e+006	8.17205e+006	5778	6090	9418	10050	2385	2522	3277	3463	2698	2851	1220	1299	200994	210245	1976	2096	1293	1384	226688	237154	179312	187617	
65	8.16029e+006	8.17081e+006	5427	5711	8843	9440	2240	2369	3092	3266	2400	2538	1086	1158	203685	213064	2086	2212	1225	1306	227930	238442	180672	189046	
66	8.15905e+006	8.16961e+006	5126	5399	8295	8851	2092	2217	2955	3124	2321	2457	1055	1122	206038	215528	2142	2272	1182	1263	229128	239690	181960	190387	
67	8.15789e+006	8.1685e+006	4829	5093	7942	8461	1824	1934	2799	2962	2216	2350	1005	1076	208266	217865	2207	2340	1095	1174	230236	240851	183301	191791	
68	8.15683e+006	8.16749e+006	4538	4780	7599	8092	1583	1681	2615	2778	2096	2220	945	1011	210403	220101	2268	2406	1000	1073	231250	241910	184548	193100	
69	8.15581e+006	8.16651e+006	4270	4508	7289	7747	1344	1440	2483	2636	1976	2091	893	957	212388	222182	2328	2469	961	1029	232223	242927	185739	194334	
70	8.15485e+006	8.16559e+006	3999	4220	7046	7477	1119	1202	2316	2465	1856	1965	841	902	214282	224163	2391	2535	912	974	233149	243888	186885	195527	
71	8.15396e+006	8.16474e+006	3739	3953	6777	7184	910	981	2174	2312	1745	1847	787	845	216070	226033	2452	2600	840	902	234000	244780	187944	196636	
72	8.15311e+006	8.16393e+006	3537	3744	6496	6883	714	774	2041	2170	1627	1724	735	793	217760	227799	2510	2661	800	862	234811	245631	188925	197657	
73	8.15229e+006	8.16314e+006	3349	3544	6110	6479	669	728	1916	2034	1517	1615	685	741	219345	229453	2566	2718	774	828	235595	246448	189832	198602	
74	8.15154e+006	8.16242e+006	3146	3330	5764	6106	635	690	1807	1919	1414	1510	638	691	220811	230994	2614	2770	709	760	236317	247197	190688	199488	
75	8.15081e+006	8.16172e+006	3000	3167	5406	5741	602	658	1699	1806	1337	1424	600	654	222199	232437	2656	2815	690	743	237021	247925	191469	200305	
76	8.15013e+006	8.16106e+006	2846	3002	5060	5381	565	618	1612	1707	1265	1349	564	616	223518	233816	2695	2855	644	699	237680	248609	192220	201094	
77	8.14948e+006	8.16043e+006	2687	2833	4778	5080	525	573	1523	1616	1198	1276	534	585	224740	235100	2736	2898	615	661	238305	249259	192957	201864	
78	8.14887e+006	8.15984e+006	2552	2694	4518	4802	493	539	1412	1503	1131	1208	504	551	225893	236300	2774	2937	575	620	238892	249868	193629	202560	
79	8.14831e+006	8.15931e+006	2387	2526	4276	4542	466	512	1317	1405	1077	1152	477	520	226983	237438	2806	2971	527	573	239431	250429	194283	203235	
80	8.14778e+006	8.15879e+006	2244	2372	4039	4294	438	481	1238	1320	1007	1079	450	493	228030	238522	2836	3004	503	542	239943	250961	194891	203865	
81	8.14726e+006	8.1583e+006	2110	2230	3853	4087	402	443	1146	1226	946	1015	421	463	228999	239534	2872	3043	481	519	240433	251472	195478	204476	
82	8.14678e+006	8.15784e+006	1985	2110	3659	3872	375	413	1061	1138	891	956	398	439	229923	240502	2899	3072	452	498	240895	251959	196026	205047	
83	8.14631e+006	8.15739e+006	1898	2015	3430	3638	358	390	995	1070	832	891	370	408	230802	241425	2928	3101	440	479	241347	252427	196527	205569	
84	8.14586e+006	8.15695e+006	1821	1931	3240	3441	340	370	945	1016	784	837	347	382	231597	242254	2953	3128	424	460	241782	252875	197003	206065	
85	8.14544e+006	8.15655e+006	1735	1846	3053	3240	320	346	898	965	733	789	323	359	232376	243058	2975	3152	395	434	242187	253299	197457	206539	
86	8.14504e+006	8.15616e+006	1659	1760	2876	3059	302	328	850	915	682	735	302	337	233105	243816	3004	3182	374	412	242575	253698	197880	206986	
87	8.14466e+006	8.1558e+006	1571	1669	2711	2887	293	319	818	879	635	685	278	310	233788	244527	3027	3206	352	389	242938	254076	198297	207416	
88	8.1443e+006	8.15545e+006	1480	1577	2564	2734	286	313	779	837	590	639	260	291	234438	245203	3047	3226	333	367	243282	254432	198696	207827	
89	8.14397e+006	8.15513e+006	1400	1492	2443	2605	274	304	735	787	547	595	243	271	235047	245836	3066	3247	316	348	243608	254770	199071	208216	
90	8.14365e+006	8.15482e+006	1320	1408	2325	2482	264	296	699	752	514	562	229	256	235613	246421	3081	3263	296	326	243915	255086	199428	208581	
91	8.14335e+006	8.15453e+006	1249	1329	2208	2361	255	285	662	713	485	532	217	244	236152	246985	3097	3280	283	309	244206	255387	199764	208931	
92	8.14305e+006	8.15424e+006	1192	1271	2105	2247	240	268	625	673	452	495	202	227	236668	247528	3114	3299	278	307	244492	255685	200079	209259	
93	8.14277e+006	8.15397e+006	1137	1217	1993	2131	226	254	588	635	429	470	192	217	237162	248043	3131	3315	263	292	244765	255967	200379	209572	
94	8.1425e+006	8.15371e+006	1090	1167	1880	2012	213	239	562	606	408	449	185	208	237633	248526	3143	3329	249	276	245025	256233	200662	209864	
95	8.14225e+006	8.15346e+006	1048	1120	1782	1904	199	223	532	573	388	425	176	198	238077	248994	3155	3342	239	264	245273	256487	200934	210146	
96	8.14201e+006	8.15323e+006	995	1062	1694	1814	188	209	505	545	370	405	167	188	238498	249431	3166	3354	225	250	245508	256727	201200	210423	
97	8.14178e+006	8.153e+006	949	1011	1610	1728	180	200	474	512	353	386	162	182	238901	249849	3176	3364	216	241	245735	256958	201450	210683	
98	8.14156e+006	8.15279e+006	903	963	1535	1647	171	190	449	488	337	369	157	176	239277	250236	3185	3373	204	227	245949	257175	201690	210930	
99	8.14134e+006	8.15257e+006	870	929	1467	1573	161	182	428	465	323	353	153	172	239628	250601	3196	3384	205	230	246164	257395	201922	211166	
100	8.14113e+006	8.15237e+006	838	895	1405	1508	150	172	407	441	308	337	147	165	239961	250948	3205	3394	194	214	246367	257602	202140	211391	
101	8.14094e+006	8.15218e+006	803	858	1344	1443	146	167	383	417	288	318	137	156	240286	251283	3215	3403	182	203	246557	257797	202349	211604	
102	8.14075e+006	8.15199e+006	777	832	1278	1369	140	159	361	396	274	302	131	148	240599	251608	3224	3413	179	200	246743	257990	202547	211805	
103	8.14056e+006	8.15181e+006	746	794	1226	1314	134	153	348	385	259	286	124	141	240890	251908	3233	3423	174	193	246925	258174	202745	212007	
104	8.14039e+006	8.15164e+006	714	764	1179	1261	127	145	334	370	244	271	115	132	241169	252196	3242	3432	163	184	247096	258351	202933	212199	
105	8.14021e+006	8.15147e+006	693	744	1128	1209	119	137	317	350	232	258	108	124	241439	252471	3252	3442	161	183	247266	258525	203109	212381	
106	8.14005e+006	8.15131e+006	668	718	1083	1162	117	135	295	326	222	247	102	119	241699	252738	3259	3448	155	173	247429	258690	203280	212558	
107	8.13989e+006	8.15115e+006	645	694	1044	1118	114	131	285	315	209	234	97	112	241940	252987	3267	3457	150	169	247587	258851	203450	212728	
108	8.13974e+006	8.151e+006	619	666	1003	1079	113	129	271	301	195	220	90	106	242175	253224	3273	3464	138	157	247732	259000	203603	212886	
109	8.13959e+006	8.15086e+006	594	642	966	1039	106	121	256	283	184	206	81	96	242411	253467	3281	3472	137	157	247879	259149	203760	213048	
110	8.13944e+006	8.15072e+006	573	621	931	1003	101	116	246	271	174	196	74	88	242628	253687	3288	3479	134	151	248020	259293	203912	213201	
111	8.1393e+006	8.15058e+006	553	600	900	970	100	114	228	256	164	186	68	82	242837	253903	3295	3485	131	148	248158	259433	204056	213349	
112	8.13916e+006	8.15043e+006	552	598	865	934	92	108	223	249	156	178	65	79	243033	254104	3300	3490	136	154	248302	259580	204193	213488	
113	8.13902e+006	8.1503e+006	543	588	834	905	86	103	211	239	146	168	61	75	243232	254303	3305	3496	130	147	248439	259719	204329	213626	
114	8.13888e+006	8.15017e+006	533	580	813	880	79	94	203	229	140	162	60	73	243412	254490	3310	3501	124	144	248570	259856	204461	213761	
115	8.13875e+006	8.15003e+006	528	574	784	850	75	91	198	223	133	154	56	69	243591	254674	3314	3505	125	143	248703	259991	204589	213892	
116	8.13862e+006	8.14991e+006	512	557	765	833	75	90	187	209	127	147	55	68	243768	254856	3317	3508	120	138	248830	260121	204722	214026	
117	8.13849e+006	8.14978e+006	501	545	746	813	73	89	183	206	121	141	54	66	243929	255021	3323	3513	119	135	248957	260248	204848	214155	
118	8.13836e+006	8.14966e+006	493	533	734	800	73	87	178	201	120	138	54	65	244078	255173	3326	3517	115	131	249080	260372	204971	214282	
119	8.13806e+006	8.14936e+006	649	707	722	786	72	87	172	195	114	131	52	63	244232	255330	3331	3521	282	316	249378	260672	205093	214406	
120	8.13777e+006	8.14907e+006	809	879	709	773	71	86	164	187	109	128	50	62	244384	255483	3333	3524	278	312	249668	260971	205211	214527	
121	8.13747e+006	8.14878e+006	970	1050	696	759	72	87	157	178	104	122	48	60	244533	255633	3336	3527	279	307	249960	261265	205325	214641	
122	8.13714e+006	8.14846e+006	1160	1260	679	740	68	82	158	181	99	116	44	56	244678	255780	3339	3530	305	341	250280	261592	205442	214758	
123	8.13677e+006	8.14809e+006	1224	1335	816	892	84	100	153	176	98	114	43	55	244818	255924	3343	3534	347	391	250645	261965	205712	215030	
124	8.13636e+006	8.14769e+006	1332	1451	950	1039	104	121	146	168	91	107	39	51	244960	256071	3346	3537	383	429	251047	262375	205972	215299	
125	8.1359e+006	8.14723e+006	1489	1627	1090	1189	117	136	144	167	87	102	38	49	245096	256211	3348	3539	435	483	251505	262835	206240	215568	
126	8.13539e+006	8.14672e+006	1674	1822	1253	1370	138	159	146	170	81	96	35	45	245223	256343	3350	3542	490	538	252016	263351	206528	215863	
127	8.1348e+006	8.14615e+006	1877	2038	1460	1603	158	184	143	166	78	94	32	42	245352	256475	3352	3544	550	607	252588	263936	206860	216203	
128	8.13415e+006	8.1455e+006	2110	2294	1700	1868	187	216	137	158	76	90	30	39	245483	256607	3355	3546	619	683	253236	264590	207224	216574	
129	8.13338e+006	8.14475e+006	2397	2605	1839	2021	201	230	161	184	74	87	28	38	245756	256883	3357	3548	721	794	253988	265353	207642	216995	
130	8.13257e+006	8.14395e+006	2671	2910	2033	2228	218	249	190	215	70	82	26	35	246017	257155	3360	3551	762	845	254787	266162	208108	217465	
131	8.13167e+006	8.14306e+006	2972	3242	2275	2498	247	280	221	247	69	82	27	36	246276	257416	3362	3553	851	939	255672	267067	208627	217996	
132	8.13065e+006	8.14206e+006	3316	3619	2556	2809	277	313	258	288	70	84	28	37	246555	257699	3364	3555	962	1062	256676	268087	209215	218590	
133	8.12951e+006	8.14093e+006	3680	4016	2897	3177	310	348	299	334	66	81	27	36	246879	258028	3366	3557	1085	1191	257807	269231	209904	219289	
134	8.12824e+006	8.13969e+006	4110	4487	3236	3552	347	392	350	390	66	81	28	38	247227	258384	3367	3558	1192	1317	259051	270495	210629	220023	
135	8.12684e+006	8.1383e+006	4594	5007	3609	3964	389	436	384	427	73	88	31	41	247643	258798	3368	3559	1335	1459	260439	271901	211435	220848	
136	8.12522e+006	8.13671e+006	5174	5613	4034	4440	436	485	431	474	81	95	36	46	248098	259259	3369	3560	1541	1668	262031	273518	212350	221778	
137	8.12342e+006	8.13494e+006	5789	6281	4512	4965	491	546	490	541	88	102	41	51	248601	259769	3371	3562	1701	1857	263796	275312	213379	222818	
138	8.12144e+006	8.13299e+006	6473	7020	5022	5533	551	614	553	608	101	117	48	60	249167	260344	3373	3564	1877	2054	265747	277292	214508	223965	
139	8.11927e+006	8.13085e+006	7193	7817	5577	6140	608	674	632	694	115	132	56	69	249820	261008	3375	3566	2056	2255	267885	279465	215784	225255	
140	8.1168e+006	8.12843e+006	7989	8705	6268	6874	695	764	703	775	129	147	63	76	250527	261723	3376	3568	2339	2555	270307	281937	217225	226719	
141	8.11408e+006	8.12578e+006	8865	9640	7029	7707	776	857	787	871	145	166	69	84	251304	262517	3379	3570	2575	2794	272959	284654	218833	228353	
142	8.11102e+006	8.12278e+006	9887	10741	7845	8602	872	959	886	980	162	185	77	93	252186	263411	3381	3572	2897	3158	275954	287714	220606	230155	
143	8.10759e+006	8.11943e+006	11080	12030	8720	9574	960	1059	987	1088	193	219	90	108	253179	264418	3382	3573	3248	3545	279310	291151	222556	232141	
144	8.10374e+006	8.11568e+006	12369	13433	9743	10691	1077	1187	1097	1210	220	248	100	120	254277	265535	3383	3575	3629	3957	283053	294993	224752	234386	
145	8.09957e+006	8.11162e+006	13743	14922	10846	11889	1206	1332	1219	1340	250	281	117	138	255508	266779	3386	3577	3948	4283	287113	299164	227166	236860	
146	8.09487e+006	8.10704e+006	15297	16604	12070	13248	1328	1472	1377	1506	281	316	129	152	256904	268196	3389	3581	4451	4839	291698	303870	229897	239651	
147	8.08967e+006	8.102e+006	16944	18402	13458	14772	1486	1636	1542	1690	316	356	146	171	258453	269772	3394	3585	4894	5344	296739	309068	232948	242782	
148	8.08384e+006	8.09635e+006	18817	20420	15038	16503	1649	1817	1713	1879	353	396	163	189	260182	271527	3398	3590	5499	5977	302386	314898	236359	246287	
149	8.07733e+006	8.09004e+006	21016	22813	16731	18330	1842	2025	1899	2082	396	442	180	207	262077	273453	3404	3597	6150	6673	308696	321411	240052	250088	
150	8.07012e+006	8.08312e+006	23330	25337	18629	20397	2052	2246	2121	2321	442	493	202	232	264218	275636	3410	3602	6766	7362	315620	328616	244223	254378	
151	8.06207e+006	8.07539e+006	26000	28215	20706	22708	2281	2499	2357	2581	496	555	228	261	266564	278037	3416	3608	7566	8221	323351	336671	248815	259117	
152	8.05312e+006	8.06681e+006	28895	31368	23040	25261	2540	2775	2628	2878	554	617	253	288	269218	280739	3421	3613	8393	9131	331931	345615	253947	264436	
153	8.04327e+006	8.05738e+006	31998	34712	25628	28075	2840	3104	2935	3205	613	683	281	319	272193	283782	3429	3621	9252	10019	341354	355463	259682	270369	
154	8.03218e+006	8.04682e+006	35620	38610	28427	31140	3167	3455	3288	3584	689	767	317	358	275497	287158	3437	3628	10388	11260	351912	366553	265974	276935	
155	8.0199e+006	8.03516e+006	39536	42851	31660	34701	3535	3849	3660	3982	758	840	347	390	279098	290853	3447	3639	11480	12463	363575	378834	273001	284269	
156	8.00625e+006	8.02219e+006	43932	47551	35182	38574	3936	4285	4076	4433	843	935	393	439	283160	295016	3457	3649	12789	13832	376542	392488	280792	292415	
157	7.99115e+006	8.0079e+006	48778	52829	39096	42807	4363	4744	4539	4935	937	1038	435	485	287614	299607	3473	3665	14099	15295	390836	407588	289371	301408	
158	7.97444e+006	7.99215e+006	53984	58433	43453	47560	4872	5296	5040	5485	1037	1147	479	534	292632	304774	3488	3681	15594	16864	406589	424293	298961	311497	
159	7.95574e+006	7.97452e+006	59957	64848	48240	52806	5390	5865	5585	6072	1157	1275	533	592	298251	310568	3503	3696	17452	18879	424218	442996	309564	322690	
160	7.93516e+006	7.95519e+006	66330	71764	53633	58647	5999	6515	6169	6714	1293	1424	594	658	304427	316972	3521	3715	19164	20746	443545	463579	321336	335115	
161	7.91237e+006	7.93382e+006	73446	79416	59490	65043	6652	7217	6868	7479	1441	1583	659	730	311281	324095	3540	3734	21213	22950	464921	486366	334333	348889	
162	7.88718e+006	7.91016e+006	81352	87898	65956	72046	7363	7971	7640	8323	1605	1764	738	816	318896	332005	3559	3754	23497	25348	488576	511556	348666	364130	
163	7.85923e+006	7.88402e+006	89901	97113	73295	80048	8192	8861	8475	9219	1787	1961	827	912	327285	340733	3581	3777	26002	28093	514719	539508	364693	381167	
164	7.82831e+006	7.85513e+006	99492	107414	81149	88617	9075	9817	9408	10227	1983	2172	921	1011	336683	350583	3607	3803	28753	31050	543607	570423	382256	399908	
165	7.79437e+006	7.8234e+006	109875	118538	89893	98112	10028	10845	10437	11350	2219	2427	1036	1137	347045	361463	3636	3832	31598	34071	575333	604366	401717	420683	
166	7.75695e+006	7.78845e+006	121203	130734	99523	108553	11064	11962	11622	12634	2461	2690	1141	1256	358552	373534	3670	3866	34825	37544	610286	641783	423265	443672	
167	7.71575e+006	7.74997e+006	133566	143953	110189	120121	12249	13244	12861	13973	2733	2990	1266	1392	371301	386954	3708	3905	38364	41313	648763	682982	447062	469151	
168	7.67026e+006	7.70748e+006	147207	158496	121969	132930	13568	14681	14282	15488	3044	3330	1413	1552	385283	401757	3750	3947	42395	45592	691259	728473	473346	497308	
169	7.62067e+006	7.66111e+006	161876	174115	134661	146675	14961	16188	15868	17210	3392	3705	1577	1730	400933	418319	3795	3992	46269	49689	737629	778062	502251	528260	
170	7.56635e+006	7.61031e+006	177746	190995	148740	161891	16491	17824	17577	19042	3763	4102	1740	1903	418143	436615	3841	4042	50694	54425	788426	832384	534092	562381	
171	7.50683e+006	7.55461e+006	194993	209297	164047	178420	18268	19725	19458	21056	4173	4545	1933	2112	437179	456876	3898	4100	55612	59614	844128	891908	569080	599860	
172	7.44162e+006	7.49356e+006	213558	229007	180963	196692	20174	21773	21518	23247	4633	5041	2127	2323	458253	479311	3963	4166	60962	65301	905177	957121	607780	641308	
173	7.37085e+006	7.42726e+006	233509	250161	199133	216197	22199	23935	23872	25776	5115	5563	2340	2552	481491	504126	4038	4245	66218	70843	971476	1.02788e+006	650015	686501	
174	7.29385e+006	7.35498e+006	255001	272831	218796	237304	24392	26287	26357	28475	5709	6197	2612	2842	507230	531618	4117	4326	72183	77098	1.04375e+006	1.10489e+006	696282	735992	
175	7.21022e+006	7.27633e+006	277967	296916	240251	260297	26866	28924	29096	31417	6341	6884	2896	3150	535509	561838	4200	4413	78575	83703	1.1224e+006	1.18852e+006	746974	790171	
176	7.11989e+006	7.19119e+006	302086	322015	263667	285350	29474	31738	32194	34740	7024	7621	3203	3482	566591	595100	4292	4507	85078	90403	1.20755e+006	1.27885e+006	802612	849579	
177	7.02245e+006	7.09923e+006	327750	348679	288678	312043	32235	34659	35572	38343	7787	8430	3556	3858	600835	631775	4393	4611	91882	97508	1.2995e+006	1.37629e+006	863005	914060	
178	6.9178e+006	7.00021e+006	354530	376298	315437	340521	35183	37767	39300	42362	8616	9312	3932	4262	638661	672223	4517	4742	98965	104716	1.39853e+006	1.48094e+006	928917	984319	
179	6.80527e+006	6.89355e+006	382539	405191	344466	371264	38368	41131	43179	46489	9542	10313	4353	4714	680106	716534	4648	4878	106582	112597	1.50518e+006	1.59347e+006	1.00063e+006	1.06058e+006	
180	6.6854e+006	6.7797e+006	411245	434726	375338	403729	41804	44719	47534	51117	10556	11415	4823	5234	725392	764966	4795	5035	113784	119938	1.61904e+006	1.71333e+006	1.07822e+006	1.14291e+006	
181	6.55801e+006	6.65834e+006	440655	464682	408012	438029	45323	48388	52227	56092	11697	12632	5348	5799	775115	818133	4947	5193	121290	127466	1.7404e+006	1.84073e+006	1.16211e+006	1.23181e+006	
182	6.42266e+006	6.52885e+006	471103	495389	442163	473593	49118	52298	57282	61485	12956	13975	5944	6425	829703	876431	5105	5361	129408	135427	1.86989e+006	1.97608e+006	1.25242e+006	1.32729e+006	
183	6.27984e+006	6.39201e+006	501289	525679	478455	511277	53113	56444	62720	67266	14367	15482	6607	7139	888970	939704	5293	5559	136768	142888	2.00672e+006	2.11889e+006	1.34971e+006	1.42994e+006	
184	6.12995e+006	6.24776e+006	531679	555707	515796	549860	57316	60757	68430	73316	15812	17045	7262	7860	953872	1.00885e+006	5517	5795	144171	149969	2.15098e+006	2.26878e+006	1.45355e+006	1.53933e+006	
185	5.97361e+006	6.0966e+006	561468	584668	554216	589323	61578	65091	74770	79984	17412	18755	7994	8642	1.02435e+006	1.08385e+006	5755	6046	151072	156433	2.30213e+006	2.42513e+006	1.56436e+006	1.6557e+006	
186	5.81085e+006	5.93873e+006	589827	612105	594070	629868	66016	69609	81383	86887	19218	20688	8828	9530	1.10083e+006	1.16507e+006	6012	6314	157759	162873	2.46e+006	2.58789e+006	1.68255e+006	1.77926e+006	
187	5.64276e+006	5.77512e+006	616578	637398	634453	670740	70502	74133	88523	94374	21145	22750	9735	10502	1.18342e+006	1.25265e+006	6302	6622	163508	168192	2.62362e+006	2.75598e+006	1.80758e+006	1.9098e+006	
188	5.46995e+006	5.60598e+006	641415	660378	675126	711451	75028	78683	95862	101951	23248	24996	10691	11527	1.2727e+006	1.34714e+006	6618	6958	168996	172960	2.79276e+006	2.92879e+006	1.93935e+006	2.04676e+006	
189	5.29324e+006	5.43244e+006	663719	680812	715217	750869	79467	83060	103683	110042	25510	27407	11746	12645	1.3689e+006	1.44877e+006	6985	7349	173362	176880	2.9663e+006	3.1055e+006	2.07749e+006	2.18967e+006	
190	5.1139e+006	5.25553e+006	682660	697482	754846	789430	83872	87376	111887	118507	27976	30029	12894	13859	1.47171e+006	1.55714e+006	7368	7760	176669	179575	3.1432e+006	3.28483e+006	2.22178e+006	2.33849e+006	
191	4.93278e+006	5.07591e+006	698491	710695	792844	825897	88184	91543	120208	127087	30602	32815	14095	15122	1.5817e+006	1.6727e+006	7794	8216	179288	181456	3.32283e+006	3.46596e+006	2.37136e+006	2.49224e+006	
192	4.75076e+006	4.8945e+006	710504	720156	828582	859522	92173	95312	128865	135905	33416	35776	15378	16475	1.69925e+006	1.79577e+006	8264	8723	180873	182556	3.50424e+006	3.64797e+006	2.52606e+006	2.65037e+006	
193	4.56954e+006	4.71304e+006	717913	725189	861599	889867	95919	98789	137460	144577	36399	38927	16751	17936	1.82398e+006	1.92619e+006	8796	9294	180541	182143	3.6857e+006	3.82919e+006	2.68488e+006	2.81218e+006	
194	4.39012e+006	4.53247e+006	720355	726496	891015	916273	99210	101781	146323	153453	39569	42223	18217	19458	1.95563e+006	2.06331e+006	9353	9890	178936	181058	3.86627e+006	4.00862e+006	2.84686e+006	2.97646e+006	
195	4.21371e+006	4.35394e+006	717128	723914	916613	938476	102104	104326	154963	161965	42926	45708	19767	21062	2.09417e+006	2.207e+006	9979	10558	176139	178796	4.0448e+006	4.18503e+006	3.01144e+006	3.14252e+006	
196	4.04081e+006	4.17805e+006	708734	717665	937768	955768	104472	106307	163520	170228	46468	49395	21396	22771	2.23921e+006	2.35707e+006	10687	11312	172700	176087	4.22068e+006	4.35793e+006	3.17775e+006	3.30948e+006	
197	3.87322e+006	4.00672e+006	695474	707163	953703	967812	106165	107620	171788	178179	50093	53147	23041	24463	2.39017e+006	2.51265e+006	11446	12127	167438	171483	4.39201e+006	4.52552e+006	3.34434e+006	3.47598e+006	
198	3.71126e+006	3.84022e+006	678258	692849	963455	974383	107166	108333	179479	185478	53935	57091	24810	26278	2.54695e+006	2.67335e+006	12269	13002	161840	166624	4.55852e+006	4.68748e+006	3.51017e+006	3.64084e+006	
199	3.55599e+006	3.67982e+006	657253	674589	966558	975604	107400	108468	186702	192227	57821	61045	26587	28085	2.70846e+006	2.83841e+006	13170	13958	155174	160496	4.71891e+006	4.84275e+006	3.67428e+006	3.80313e+006	
200	3.40824e+006	3.52639e+006	632202	652035	962693	972704	107006	108171	192989	197895	61846	65124	28409	29933	2.87405e+006	3.00697e+006	14155	15009	147671	153511	4.87235e+006	4.9905e+006	3.836e+006	3.9622e+006	
201	3.26806e+006	3.38018e+006	604869	626828	951296	964463	105772	107219	198644	202880	65864	69141	30239	31771	3.0429e+006	3.17798e+006	15222	16148	140122	146260	5.01855e+006	5.13068e+006	3.99371e+006	4.11657e+006	
202	3.13612e+006	3.24185e+006	574901	598612	933606	950895	103727	105557	203066	206550	69903	73148	32127	33662	3.21466e+006	3.35113e+006	16378	17379	131884	138395	5.15689e+006	5.26262e+006	4.14716e+006	4.26594e+006	
203	3.01256e+006	3.11179e+006	543222	568242	910238	931824	101246	103462	206387	209121	73923	77097	33978	35478	3.38745e+006	3.52458e+006	17628	18708	123504	130117	5.28695e+006	5.38618e+006	4.29501e+006	4.40918e+006	
204	2.89693e+006	2.98959e+006	511131	536978	881647	907328	98183	100800	208398	210514	77870	80964	35765	37234	3.56058e+006	3.69751e+006	18949	20105	115585	122243	5.40915e+006	5.50181e+006	4.4365e+006	4.54552e+006	
205	2.78983e+006	2.87581e+006	478078	504528	848930	878242	94619	97615	208994	210726	81595	84578	37451	38879	3.73299e+006	3.86893e+006	20382	21627	107067	113811	5.52292e+006	5.60891e+006	4.57149e+006	4.67508e+006	
206	2.69088e+006	2.77043e+006	445103	471549	812101	844643	90415	93738	208142	210053	85051	87817	39042	40361	3.90415e+006	4.03824e+006	21915	23239	98911	105414	5.6283e+006	5.70786e+006	4.69943e+006	4.79722e+006	
207	2.6001e+006	2.67332e+006	412345	438586	772418	807604	85989	89587	205494	208047	88351	90859	40586	41796	4.0724e+006	4.20391e+006	23535	24941	90749	97151	5.72542e+006	5.79864e+006	4.81977e+006	4.91165e+006	
208	2.51669e+006	2.58379e+006	380131	405909	730669	767767	81379	85145	201709	205080	91247	93457	41905	42986	4.23712e+006	4.36533e+006	25276	26775	83373	89564	5.81495e+006	5.88205e+006	4.933e+006	5.01887e+006	
209	2.44072e+006	2.502e+006	349000	373928	687336	725886	76534	80415	196701	200941	93717	95619	43069	44026	4.39729e+006	4.52162e+006	27100	28677	75939	81826	5.89674e+006	5.95802e+006	5.03849e+006	5.11826e+006	
210	2.37169e+006	2.42751e+006	319080	343028	643537	682768	71550	75459	190518	195553	95650	97222	43979	44772	4.55215e+006	4.67202e+006	29044	30691	68994	74512	5.97122e+006	6.02704e+006	5.13636e+006	5.21021e+006	
211	2.3089e+006	2.35963e+006	291091	313794	599099	638595	66620	70518	183522	189245	97193	98450	44703	45355	4.70101e+006	4.81593e+006	31083	32794	62763	67914	6.03911e+006	6.08984e+006	5.22661e+006	5.29464e+006	
212	2.25204e+006	2.29791e+006	264545	285979	555340	594523	61884	65742	175639	181990	98012	99035	45071	45606	4.84356e+006	4.9531e+006	33201	34973	56830	61746	6.10082e+006	6.1467e+006	5.30977e+006	5.37218e+006	
213	2.20085e+006	2.24228e+006	239762	259824	512597	551062	57101	60872	167213	174123	98164	99103	45135	45615	4.97893e+006	5.08296e+006	35406	37228	51159	55668	6.15646e+006	6.19789e+006	5.38595e+006	5.443e+006	
214	2.15475e+006	2.19212e+006	216836	235502	470661	507996	52477	56178	158165	165377	97688	98714	44935	45442	5.10779e+006	5.20596e+006	37687	39576	46067	50191	6.20662e+006	6.24399e+006	5.4553e+006	5.50735e+006	
215	2.11351e+006	2.14713e+006	195279	212617	430791	466534	48118	51668	148845	156350	96606	97904	44447	45080	5.22894e+006	5.3212e+006	40027	41964	41205	45030	6.25161e+006	6.28523e+006	5.51849e+006	5.56586e+006	
216	2.07648e+006	2.10666e+006	175444	191364	392919	427073	43983	47385	139415	147097	94967	96563	43660	44423	5.34248e+006	5.42889e+006	42389	44362	36993	40495	6.29207e+006	6.32226e+006	5.57602e+006	5.61889e+006	
217	2.04331e+006	2.0704e+006	157407	172001	357368	389630	40040	43249	129798	137549	92783	94716	42642	43555	5.44852e+006	5.52907e+006	44818	46807	33124	36304	6.32833e+006	6.35542e+006	5.62793e+006	5.66668e+006	
218	2.01359e+006	2.03789e+006	141026	154366	323919	354115	36273	39302	120276	127966	89986	92254	41383	42447	5.54763e+006	5.62237e+006	47261	49263	29684	32557	6.36085e+006	6.38515e+006	5.67475e+006	5.70976e+006	
219	1.98722e+006	2.00902e+006	126145	138255	292741	320870	32817	35651	110997	118503	86795	89400	39878	41108	5.63927e+006	5.70837e+006	49717	51715	26323	28920	6.38972e+006	6.41152e+006	5.7168e+006	5.74836e+006	
220	1.96363e+006	1.98313e+006	112694	123691	263998	290094	29685	32283	102079	109400	83217	86094	38222	39577	5.72371e+006	5.78749e+006	52152	54132	23542	25930	6.41561e+006	6.4351e+006	5.7546e+006	5.78297e+006	
221	1.94252e+006	1.95998e+006	100637	110583	237506	261623	26640	29041	93391	100378	79309	82429	36427	37881	5.80183e+006	5.86047e+006	54585	56548	21068	23196	6.43876e+006	6.45622e+006	5.78855e+006	5.81407e+006	
222	1.92382e+006	1.93951e+006	89593	98555	213215	235274	23886	26102	85227	91871	75286	78608	34559	36102	5.87352e+006	5.92722e+006	56936	58858	18641	20528	6.45923e+006	6.47492e+006	5.81904e+006	5.84199e+006	
223	1.90724e+006	1.92134e+006	79790	87871	190981	211117	21381	23413	77510	83774	71106	74558	32612	34214	5.93895e+006	5.98803e+006	59277	61145	16522	18234	6.4774e+006	6.4915e+006	5.84612e+006	5.86675e+006	
224	1.89247e+006	1.90516e+006	70952	78176	170822	189212	19119	20954	70381	76259	66738	70268	30615	32240	5.99867e+006	6.04345e+006	61513	63324	14703	16238	6.49357e+006	6.50627e+006	5.87039e+006	5.88888e+006	
225	1.87941e+006	1.89088e+006	62874	69339	152759	169444	17129	18803	63616	69119	62364	65913	28594	30235	6.05301e+006	6.09375e+006	63656	65403	12990	14358	6.50786e+006	6.51933e+006	5.89208e+006	5.9087e+006	
226	1.86774e+006	1.87812e+006	55822	61646	136356	151421	15258	16783	57369	62431	57962	61515	26605	28237	6.10244e+006	6.1394e+006	65771	67440	11588	12835	6.52061e+006	6.531e+006	5.91126e+006	5.92626e+006	
227	1.8574e+006	1.86688e+006	49549	54746	121451	135041	13638	15015	51609	56299	53546	57062	24566	26187	6.14731e+006	6.18082e+006	67756	69353	10249	11334	6.53186e+006	6.54133e+006	5.9283e+006	5.94184e+006	
228	1.84823e+006	1.8569e+006	43926	48567	108027	120273	12156	13389	46349	50621	49369	52798	22634	24212	6.18792e+006	6.21822e+006	69607	71117	9078	10060	6.54183e+006	6.5505e+006	5.94347e+006	5.95573e+006	
229	1.84016e+006	1.84817e+006	38908	43040	96091	107105	10822	11931	41576	45478	45337	48637	20753	22277	6.22436e+006	6.25172e+006	71343	72781	7971	8831	6.55056e+006	6.55857e+006	5.95689e+006	5.96803e+006	
230	1.83295e+006	1.8404e+006	34435	38075	85400	95264	9619	10617	37153	40717	41561	44710	19038	20491	6.25731e+006	6.28196e+006	72974	74330	7118	7868	6.55833e+006	6.56579e+006	5.96885e+006	5.97901e+006	
231	1.82659e+006	1.83356e+006	30437	33686	75726	84542	8539	9413	33213	36418	37904	40897	17362	18747	6.28705e+006	6.30923e+006	74494	75772	6252	6945	6.56518e+006	6.57214e+006	5.97939e+006	5.98872e+006	
232	1.82094e+006	1.82751e+006	26910	29788	67183	75086	7576	8344	29661	32562	34423	37218	15758	17054	6.31366e+006	6.33362e+006	75898	77099	5552	6160	6.57123e+006	6.5778e+006	5.98874e+006	5.99736e+006	
233	1.81586e+006	1.82213e+006	23893	26450	59559	66604	6694	7379	26486	29100	31141	33772	14273	15497	6.33744e+006	6.35541e+006	77214	78338	4954	5494	6.5766e+006	6.58287e+006	5.99693e+006	6.00497e+006	
234	1.81144e+006	1.81741e+006	21102	23399	52765	59024	5939	6554	23586	25947	28167	30624	12914	14061	6.35873e+006	6.37494e+006	78405	79449	4326	4819	6.58132e+006	6.5873e+006	6.00419e+006	6.01174e+006	
235	1.80753e+006	1.81328e+006	18657	20682	46747	52328	5252	5803	20927	23037	25344	27634	11638	12711	6.37782e+006	6.39244e+006	79509	80483	3806	4229	6.58546e+006	6.5912e+006	6.01062e+006	6.01775e+006	
236	1.80406e+006	1.80964e+006	16472	18267	41330	46274	4663	5152	18615	20504	22762	24870	10458	11454	6.39484e+006	6.40803e+006	80551	81446	3368	3745	6.58909e+006	6.59468e+006	6.01628e+006	6.02307e+006	
237	1.80098e+006	1.80644e+006	14491	16083	36599	40995	4124	4565	16517	18219	20471	22400	9400	10317	6.40994e+006	6.42189e+006	81463	82298	2972	3309	6.5923e+006	6.59776e+006	6.02131e+006	6.02785e+006	
238	1.79819e+006	1.80354e+006	12855	14259	32359	36264	3637	4031	14659	16212	18342	20078	8425	9260	6.42344e+006	6.43427e+006	82279	83056	2691	2994	6.5952e+006	6.60054e+006	6.02574e+006	6.03203e+006	
239	1.79575e+006	1.801e+006	11414	12646	28623	32088	3229	3582	12964	14361	16434	18020	7566	8327	6.43535e+006	6.44524e+006	83020	83753	2365	2616	6.59773e+006	6.60299e+006	6.02961e+006	6.03569e+006	
240	1.79363e+006	1.79883e+006	10081	11163	25283	28373	2845	3149	11499	12758	14648	16092	6743	7443	6.44597e+006	6.45506e+006	83705	84392	2035	2261	6.59991e+006	6.60511e+006	6.03302e+006	6.03897e+006	
241	1.79171e+006	1.79686e+006	8953	9896	22334	25065	2532	2803	10186	11326	13056	14345	6016	6641	6.45542e+006	6.46376e+006	84289	84942	1844	2042	6.60187e+006	6.60703e+006	6.03602e+006	6.04186e+006	
242	1.79002e+006	1.79514e+006	7879	8697	19790	22212	2233	2471	9009	10016	11650	12823	5374	5950	6.46376e+006	6.47148e+006	84833	85451	1618	1794	6.6036e+006	6.60871e+006	6.03874e+006	6.04449e+006	
243	1.78855e+006	1.79362e+006	6928	7662	17480	19615	1967	2178	8002	8894	10367	11420	4770	5289	6.47119e+006	6.4784e+006	85307	85902	1415	1581	6.60512e+006	6.61019e+006	6.04112e+006	6.04679e+006	
244	1.78722e+006	1.79226e+006	6165	6817	15428	17299	1737	1928	7062	7856	9199	10156	4226	4703	6.47776e+006	6.48451e+006	85753	86320	1273	1416	6.60648e+006	6.61152e+006	6.04316e+006	6.04879e+006	
245	1.78602e+006	1.79104e+006	5455	6057	13680	15322	1536	1705	6228	6926	8167	9015	3746	4168	6.48356e+006	6.48993e+006	86142	86688	1134	1280	6.6077e+006	6.61272e+006	6.04501e+006	6.05059e+006	
246	1.78498e+006	1.78999e+006	4824	5364	12130	13569	1348	1496	5486	6102	7274	8029	3334	3708	6.48866e+006	6.49473e+006	86480	87012	986	1103	6.60875e+006	6.61375e+006	6.04664e+006	6.05219e+006	
247	1.78407e+006	1.78905e+006	4284	4761	10749	12019	1181	1308	4848	5388	6443	7120	2948	3282	6.49315e+006	6.49899e+006	86799	87313	875	978	6.60969e+006	6.61467e+006	6.04807e+006	6.05358e+006	
248	1.78326e+006	1.78824e+006	3772	4202	9494	10607	1023	1138	4295	4780	5712	6332	2611	2916	6.49717e+006	6.50281e+006	87067	87570	762	856	6.6105e+006	6.61547e+006	6.04936e+006	6.05484e+006	
249	1.78256e+006	1.78752e+006	3309	3676	8389	9398	902	1005	3775	4204	5058	5612	2318	2593	6.50074e+006	6.50622e+006	87310	87802	671	753	6.61122e+006	6.61618e+006	6.0505e+006	6.05597e+006	
250	1.78193e+006	1.78689e+006	2913	3233	7439	8337	809	901	3328	3694	4479	4978	2053	2296	6.50383e+006	6.50917e+006	87526	88005	589	662	6.61184e+006	6.61681e+006	6.05148e+006	6.05693e+006	
251	1.78136e+006	1.78631e+006	2579	2868	6570	7377	711	795	2978	3303	3960	4412	1810	2030	6.50655e+006	6.51181e+006	87709	88178	540	613	6.61242e+006	6.61738e+006	6.05235e+006	6.05779e+006	
252	1.78086e+006	1.78581e+006	2284	2544	5797	6521	631	710	2637	2922	3498	3903	1594	1792	6.50898e+006	6.51416e+006	87877	88339	469	531	6.61293e+006	6.61787e+006	6.05312e+006	6.05855e+006	
253	1.78042e+006	1.78536e+006	2027	2264	5127	5764	563	634	2326	2585	3100	3464	1416	1596	6.51111e+006	6.51623e+006	88018	88475	414	472	6.61337e+006	6.61831e+006	6.05379e+006	6.05921e+006	
254	1.78003e+006	1.78497e+006	1803	2020	4505	5070	505	570	2048	2274	2742	3063	1252	1409	6.51302e+006	6.51809e+006	88152	88603	366	418	6.61377e+006	6.61871e+006	6.05438e+006	6.0598e+006	
255	1.77969e+006	1.78462e+006	1585	1781	3974	4467	444	504	1807	2012	2441	2725	1116	1257	6.5147e+006	6.51974e+006	88270	88715	323	374	6.61412e+006	6.61905e+006	6.05492e+006	6.06034e+006	
256	1.77936e+006	1.78429e+006	1422	1596	3520	3960	383	436	1613	1801	2141	2390	978	1104	6.51618e+006	6.52119e+006	88374	88816	306	346	6.61444e+006	6.61938e+006	6.0554e+006	6.0608e+006	
257	1.77909e+006	1.78403e+006	1255	1410	3116	3512	329	376	1413	1586	1890	2109	865	977	6.51751e+006	6.52248e+006	88466	88905	246	287	6.61471e+006	6.61964e+006	6.05583e+006	6.06122e+006	
258	1.77884e+006	1.78377e+006	1131	1270	2754	3106	298	340	1253	1411	1670	1862	764	863	6.51864e+006	6.5236e+006	88549	88985	242	277	6.61497e+006	6.6199e+006	6.05619e+006	6.06159e+006	
259	1.77863e+006	1.78356e+006	1000	1121	2440	2762	266	302	1122	1260	1468	1641	671	761	6.51964e+006	6.52459e+006	88619	89054	192	224	6.61518e+006	6.62011e+006	6.05652e+006	6.06191e+006	
260	1.77844e+006	1.78337e+006	872	980	2184	2476	238	274	982	1103	1293	1447	589	669	6.52054e+006	6.52548e+006	88681	89116	178	204	6.61537e+006	6.6203e+006	6.05683e+006	6.06222e+006	
261	1.77827e+006	1.7832e+006	777	873	1922	2181	208	241	860	968	1153	1290	527	599	6.52136e+006	6.52628e+006	88728	89163	152	179	6.61554e+006	6.62047e+006	6.05708e+006	6.06247e+006	
262	1.77811e+006	1.78304e+006	686	771	1722	1954	184	211	755	848	1019	1141	473	538	6.52206e+006	6.52698e+006	88777	89212	150	176	6.6157e+006	6.62063e+006	6.05733e+006	6.06272e+006	
263	1.77797e+006	1.7829e+006	623	698	1514	1720	170	197	667	749	903	1014	418	479	6.52269e+006	6.5276e+006	88815	89249	128	153	6.61584e+006	6.62077e+006	6.05752e+006	6.06291e+006	
264	1.77785e+006	1.78278e+006	547	619	1347	1528	150	175	584	660	797	892	369	423	6.52325e+006	6.52816e+006	88849	89283	104	123	6.61595e+006	6.62088e+006	6.0577e+006	6.06308e+006	
265	1.77775e+006	1.78267e+006	492	557	1194	1354	132	155	512	584	698	785	323	373	6.52375e+006	6.52865e+006	88881	89316	98	117	6.61606e+006	6.62099e+006	6.05786e+006	6.06324e+006	
266	1.77766e+006	1.78258e+006	427	483	1056	1202	115	137	463	531	622	698	291	336	6.52417e+006	6.52908e+006	88911	89344	85	102	6.61616e+006	6.62108e+006	6.05801e+006	6.06339e+006	
267	1.77757e+006	1.78249e+006	376	427	948	1077	106	127	411	472	542	613	255	297	6.52455e+006	6.52945e+006	88940	89373	78	96	6.61625e+006	6.62117e+006	6.05814e+006	6.06352e+006	
268	1.77749e+006	1.78241e+006	344	391	821	934	96	114	366	421	480	546	225	265	6.52491e+006	6.5298e+006	88960	89392	70	88	6.61633e+006	6.62125e+006	6.05825e+006	6.06363e+006	
269	1.77742e+006	1.78234e+006	315	356	738	839	84	102	324	371	423	481	196	233	6.52521e+006	6.53009e+006	88980	89412	68	82	6.6164e+006	6.62132e+006	6.05835e+006	6.06373e+006	
270	1.77735e+006	1.78227e+006	286	328	656	748	73	90	291	336	368	421	171	205	6.52547e+006	6.53036e+006	88998	89429	58	72	6.61647e+006	6.62139e+006	6.05844e+006	6.06382e+006	
271	1.77729e+006	1.7822e+006	264	304	589	672	67	83	257	298	320	367	146	176	6.52571e+006	6.5306e+006	89013	89444	57	72	6.61653e+006	6.62145e+006	6.05852e+006	6.0639e+006	
272	1.77723e+006	1.78215e+006	241	276	517	593	60	74	228	264	283	326	127	154	6.52593e+006	6.53081e+006	89031	89461	48	59	6.61659e+006	6.6215e+006	6.05859e+006	6.06397e+006	
273	1.77718e+006	1.7821e+006	218	252	462	529	54	67	205	237	251	290	115	139	6.52611e+006	6.531e+006	89042	89472	44	58	6.61664e+006	6.62156e+006	6.05867e+006	6.06404e+006	
274	1.77714e+006	1.78206e+006	196	228	424	486	47	60	179	211	222	261	104	126	6.52627e+006	6.53115e+006	89053	89484	37	48	6.61668e+006	6.6216e+006	6.05873e+006	6.0641e+006	
275	1.7771e+006	1.78201e+006	176	204	388	447	42	54	161	191	195	230	90	111	6.52642e+006	6.5313e+006	89061	89492	37	48	6.61672e+006	6.62164e+006	6.05879e+006	6.06416e+006	
276	1.77706e+006	1.78198e+006	157	183	354	409	38	49	141	168	176	210	80	99	6.52655e+006	6.53143e+006	89068	89499	29	38	6.61676e+006	6.62167e+006	6.05884e+006	6.06421e+006	
277	1.77703e+006	1.78195e+006	141	162	326	377	33	43	131	154	157	186	69	86	6.52666e+006	6.53154e+006	89076	89506	29	37	6.61679e+006	6.62171e+006	6.05889e+006	6.06426e+006	
278	1.777e+006	1.78191e+006	131	153	295	342	30	39	114	135	141	167	61	77	6.52677e+006	6.53165e+006	89082	89512	28	38	6.61682e+006	6.62174e+006	6.05893e+006	6.0643e+006	
279	1.77697e+006	1.78189e+006	114	135	268	311	27	34	102	122	125	151	54	69	6.52687e+006	6.53175e+006	89088	89518	21	29	6.61685e+006	6.62176e+006	6.05897e+006	6.06434e+006	
280	1.77695e+006	1.78186e+006	106	126	239	278	26	34	93	113	111	137	47	62	6.52696e+006	6.53183e+006	89091	89521	21	30	6.61687e+006	6.62179e+006	6.059e+006	6.06437e+006	
281	1.77692e+006	1.78184e+006	99	122	213	248	22	30	83	101	100	124	43	57	6.52704e+006	6.53191e+006	89095	89525	22	32	6.6169e+006	6.62182e+006	6.05903e+006	6.0644e+006	
282	1.7769e+006	1.78181e+006	90	109	193	228	21	30	77	95	87	110	38	52	6.52711e+006	6.53198e+006	89101	89530	18	26	6.61692e+006	6.62184e+006	6.05906e+006	6.06443e+006	
283	1.77688e+006	1.78179e+006	87	106	170	201	19	28	70	87	77	95	33	44	6.52717e+006	6.53205e+006	89106	89535	18	25	6.61694e+006	6.62186e+006	6.05908e+006	6.06445e+006	
284	1.77686e+006	1.78177e+006	83	101	156	186	17	25	64	80	67	83	29	39	6.52723e+006	6.5321e+006	89110	89539	18	25	6.61697e+006	6.62188e+006	6.05911e+006	6.06447e+006	
285	1.77684e+006	1.78175e+006	78	94	142	173	15	23	57	72	61	76	26	35	6.52728e+006	6.53216e+006	89113	89542	17	24	6.61699e+006	6.6219e+006	6.05913e+006	6.0645e+006	
286	1.77682e+006	1.78173e+006	75	91	134	163	13	20	51	64	56	71	24	33	6.52733e+006	6.5322e+006	89115	89543	15	22	6.61701e+006	6.62192e+006	6.05916e+006	6.06452e+006	
287	1.7768e+006	1.78171e+006	71	86	124	152	12	20	46	59	50	65	22	30	6.52737e+006	6.53224e+006	89116	89545	14	21	6.61702e+006	6.62194e+006	6.05918e+006	6.06454e+006	
288	1.77678e+006	1.7817e+006	66	81	115	140	12	18	44	55	45	58	20	27	6.52741e+006	6.53228e+006	89119	89547	14	19	6.61704e+006	6.62195e+006	6.05919e+006	6.06456e+006	
289	1.77677e+006	1.78168e+006	62	77	112	137	11	17	38	49	41	53	18	25	6.52744e+006	6.53232e+006	89121	89550	14	20	6.61706e+006	6.62197e+006	6.05921e+006	6.06458e+006	
290	1.77675e+006	1.78167e+006	56	71	108	131	10	15	34	43	37	48	17	23	6.52748e+006	6.53235e+006	89123	89552	10	16	6.61707e+006	6.62198e+006	6.05923e+006	6.0646e+006	
291	1.77674e+006	1.78165e+006	55	68	100	122	9	14	32	41	33	44	15	22	6.52751e+006	6.53238e+006	89124	89553	12	18	6.61708e+006	6.622e+006	6.05925e+006	6.06461e+006	
292	1.77673e+006	1.78164e+006	52	65	94	117	8	14	29	39	31	42	14	21	6.52753e+006	6.5324e+006	89125	89554	10	16	6.6171e+006	6.62201e+006	6.05926e+006	6.06463e+006	
293	1.77671e+006	1.78162e+006	49	62	91	113	7	13	26	36	28	38	13	19	6.52756e+006	6.53243e+006	89127	89556	11	17	6.61711e+006	6.62203e+006	6.05928e+006	6.06464e+006	
294	1.7767e+006	1.78161e+006	49	63	85	106	6	10	23	32	27	36	12	18	6.52759e+006	6.53246e+006	89129	89557	10	17	6.61713e+006	6.62204e+006	6.05929e+006	6.06466e+006	
295	1.77669e+006	1.7816e+006	47	61	79	99	6	11	24	32	23	32	10	17	6.52761e+006	6.53248e+006	89130	89558	10	16	6.61714e+006	6.62205e+006	6.05931e+006	6.06467e+006	
296	1.77667e+006	1.78158e+006	46	60	73	92	7	12	24	33	20	28	9	14	6.52763e+006	6.5325e+006	89132	89560	10	16	6.61715e+006	6.62206e+006	6.05932e+006	6.06468e+006	
297	1.77666e+006	1.78157e+006	48	62	71	88	7	12	21	30	20	28	9	14	6.52765e+006	6.53252e+006	89132	89560	13	19	6.61717e+006	6.62208e+006	6.05933e+006	6.06469e+006	
298	1.77664e+006	1.78155e+006	50	64	68	86	7	11	20	28	18	27	8	12	6.52767e+006	6.53254e+006	89132	89560	12	18	6.61718e+006	6.6221e+006	6.05934e+006	6.06471e+006	
299	1.77663e+006	1.78154e+006	49	61	64	82	7	11	19	28	16	24	7	12	6.52769e+006	6.53256e+006	89133	89561	9	13	6.61719e+006	6.62211e+006	6.05936e+006	6.06472e+006	
300	1.77662e+006	1.78153e+006	47	58	64	82	7	10	18	25	14	21	6	10	6.52771e+006	6.53257e+006	89133	89561	8	12	6.6172e+006	6.62212e+006	6.05937e+006	6.06473e+006	
301	1.7766e+006	1.78152e+006	46	59	65	84	6	10	16	23	13	20	5	9	6.52772e+006	6.53259e+006	89134	89562	13	19	6.61722e+006	6.62213e+006	6.05938e+006	6.06474e+006	
302	1.77659e+006	1.7815e+006	44	55	67	86	6	10	14	21	12	18	5	9	6.52774e+006	6.53261e+006	89134	89562	10	15	6.61723e+006	6.62215e+006	6.0594e+006	6.06476e+006	
303	1.77658e+006	1.78149e+006	46	58	66	83	5	9	14	21	11	17	5	8	6.52776e+006	6.53262e+006	89134	89563	11	17	6.61725e+006	6.62216e+006	6.05941e+006	6.06477e+006	
304	1.77656e+006	1.78148e+006	49	62	62	78	6	10	13	20	10	16	4	8	6.52777e+006	6.53264e+006	89135	89563	11	16	6.61726e+006	6.62217e+006	6.05942e+006	6.06478e+006	
305	1.77655e+006	1.78146e+006	46	59	65	81	6	11	14	21	10	16	4	8	6.52778e+006	6.53265e+006	89135	89563	10	16	6.61727e+006	6.62219e+006	6.05943e+006	6.06479e+006	
306	1.77654e+006	1.78145e+006	46	59	64	80	6	11	14	21	9	15	3	7	6.5278e+006	6.53266e+006	89135	89563	9	15	6.61728e+006	6.6222e+006	6.05944e+006	6.0648e+006	
307	1.77652e+006	1.78144e+006	46	59	61	78	7	11	13	20	9	14	3	7	6.52781e+006	6.53268e+006	89136	89564	11	17	6.6173e+006	6.62221e+006	6.05945e+006	6.06482e+006	
308	1.77651e+006	1.78143e+006	45	57	60	76	7	11	14	21	7	12	3	6	6.52783e+006	6.5327e+006	89136	89565	9	15	6.61731e+006	6.62222e+006	6.05947e+006	6.06483e+006	
309	1.7765e+006	1.78141e+006	45	57	61	78	7	11	13	19	6	12	3	6	6.52784e+006	6.53271e+006	89137	89565	10	15	6.61732e+006	6.62224e+006	6.05948e+006	6.06484e+006	
310	1.77649e+006	1.7814e+006	45	55	63	81	6	11	12	17	7	12	2	6	6.52785e+006	6.53272e+006	89137	89565	9	14	6.61733e+006	6.62225e+006	6.05949e+006	6.06485e+006	
311	1.77648e+006	1.78139e+006	44	55	61	80	6	11	11	16	7	12	3	6	6.52787e+006	6.53274e+006	89137	89565	11	16	6.61735e+006	6.62226e+006	6.0595e+006	6.06486e+006	
312	1.77646e+006	1.78138e+006	44	54	62	80	5	10	10	16	6	11	2	5	6.52788e+006	6.53275e+006	89137	89565	9	14	6.61736e+006	6.62227e+006	6.05951e+006	6.06488e+006	
313	1.77645e+006	1.78136e+006	44	53	62	78	5	9	10	15	6	11	2	5	6.5279e+006	6.53276e+006	89137	89566	10	15	6.61737e+006	6.62229e+006	6.05953e+006	6.06489e+006	
314	1.77644e+006	1.78135e+006	46	56	59	75	6	11	10	15	5	10	2	5	6.52791e+006	6.53278e+006	89137	89566	11	17	6.61739e+006	6.6223e+006	6.05954e+006	6.0649e+006	
315	1.77642e+006	1.78134e+006	47	58	59	75	6	11	10	16	5	10	2	5	6.52792e+006	6.53279e+006	89138	89566	12	18	6.6174e+006	6.62231e+006	6.05955e+006	6.06491e+006	
316	1.77641e+006	1.78133e+006	46	56	58	73	7	13	11	17	5	10	2	5	6.52793e+006	6.5328e+006	89138	89566	7	12	6.61741e+006	6.62232e+006	6.05956e+006	6.06492e+006	
317	1.7764e+006	1.78131e+006	46	57	57	71	7	12	11	17	5	10	2	5	6.52795e+006	6.53282e+006	89138	89566	10	16	6.61742e+006	6.62234e+006	6.05957e+006	6.06493e+006	
318	1.77639e+006	1.7813e+006	46	57	58	72	7	13	13	19	6	10	2	5	6.52796e+006	6.53283e+006	89138	89566	10	17	6.61744e+006	6.62235e+006	6.05958e+006	6.06494e+006	
319	1.77637e+006	1.78129e+006	43	54	60	75	7	12	14	20	5	10	2	5	6.52797e+006	6.53284e+006	89138	89566	9	14	6.61745e+006	6.62236e+006	6.0596e+006	6.06496e+006	
320	1.77636e+006	1.78127e+006	45	57	60	75	6	11	13	19	5	9	2	5	6.52798e+006	6.53285e+006	89138	89566	10	15	6.61746e+006	6.62237e+006	6.0596e+006	6.06497e+006	
321	1.77635e+006	1.78126e+006	46	58	58	73	7	12	13	18	6	9	2	5	6.528e+006	6.53286e+006	89138	89567	11	17	6.61748e+006	6.62239e+006	6.05962e+006	6.06498e+006	
322	1.77634e+006	1.78125e+006	45	56	61	76	7	11	12	18	6	9	2	5	6.52801e+006	6.53287e+006	89138	89567	9	15	6.61749e+006	6.6224e+006	6.05963e+006	6.06499e+006	
323	1.77632e+006	1.78124e+006	45	56	60	76	7	11	12	18	5	9	2	4	6.52802e+006	6.53289e+006	89138	89567	10	15	6.6175e+006	6.62241e+006	6.05964e+006	6.065e+006	
324	1.77631e+006	1.78122e+006	44	56	59	75	7	11	11	17	5	9	2	4	6.52804e+006	6.5329e+006	89138	89567	10	15	6.61751e+006	6.62242e+006	6.05965e+006	6.06501e+006	
325	1.7763e+006	1.78121e+006	43	54	58	74	7	11	11	17	5	8	1	4	6.52805e+006	6.53292e+006	89139	89567	9	15	6.61753e+006	6.62244e+006	6.05966e+006	6.06502e+006	
326	1.77629e+006	1.7812e+006	42	54	60	75	7	11	11	17	4	8	1	4	6.52806e+006	6.53293e+006	89139	89567	9	14	6.61754e+006	6.62245e+006	6.05968e+006	6.06503e+006	
327	1.77628e+006	1.78119e+006	42	53	61	76	6	10	11	16	5	9	2	4	6.52807e+006	6.53294e+006	89139	89567	10	14	6.61755e+006	6.62246e+006	6.05969e+006	6.06505e+006	
328	1.77626e+006	1.78118e+006	42	54	61	75	4	9	12	17	5	9	2	5	6.52809e+006	6.53295e+006	89139	89568	10	15	6.61756e+006	6.62247e+006	6.0597e+006	6.06506e+006	
329	1.77625e+006	1.78116e+006	42	54	60	76	5	9	11	17	6	10	2	5	6.5281e+006	6.53296e+006	89139	89568	10	15	6.61757e+006	6.62249e+006	6.05971e+006	6.06507e+006	
330	1.77624e+006	1.78115e+006	43	54	59	76	4	8	11	17	6	11	2	5	6.52811e+006	6.53298e+006	89139	89568	9	14	6.61758e+006	6.6225e+006	6.05972e+006	6.06508e+006	
331	1.77623e+006	1.78114e+006	42	53	58	74	4	7	12	19	5	10	2	5	6.52812e+006	6.53299e+006	89139	89568	9	14	6.61759e+006	6.62251e+006	6.05973e+006	6.06509e+006	
332	1.77622e+006	1.78113e+006	42	51	59	75	4	8	13	19	5	10	2	6	6.52813e+006	6.533e+006	89139	89568	9	13	6.61761e+006	6.62252e+006	6.05974e+006	6.0651e+006	
333	1.77621e+006	1.78112e+006	41	51	58	73	5	9	12	18	6	10	3	6	6.52815e+006	6.53301e+006	89139	89568	9	15	6.61762e+006	6.62253e+006	6.05975e+006	6.06511e+006	
334	1.77619e+006	1.78111e+006	41	51	58	73	4	8	12	18	6	10	3	7	6.52816e+006	6.53302e+006	89140	89568	9	14	6.61763e+006	6.62254e+006	6.05976e+006	6.06512e+006	
335	1.77618e+006	1.7811e+006	39	50	57	72	5	9	12	19	6	11	3	7	6.52817e+006	6.53304e+006	89140	89568	7	13	6.61764e+006	6.62255e+006	6.05977e+006	6.06514e+006	
336	1.77617e+006	1.78109e+006	39	50	57	71	5	9	12	18	6	11	3	7	6.52818e+006	6.53305e+006	89140	89568	8	13	6.61765e+006	6.62256e+006	6.05978e+006	6.06515e+006	
337	1.77616e+006	1.78107e+006	39	51	56	71	5	9	11	17	7	12	4	8	6.52819e+006	6.53306e+006	89140	89568	10	15	6.61766e+006	6.62258e+006	6.05979e+006	6.06516e+006	
338	1.77615e+006	1.78106e+006	39	50	56	70	5	9	12	18	6	11	4	7	6.52821e+006	6.53307e+006	89140	89569	9	13	6.61767e+006	6.62259e+006	6.05981e+006	6.06517e+006	
339	1.77614e+006	1.78105e+006	41	53	55	68	5	8	13	20	6	11	3	7	6.52822e+006	6.53308e+006	89141	89569	10	16	6.61769e+006	6.6226e+006	6.05982e+006	6.06518e+006	
340	1.77612e+006	1.78104e+006	42	54	53	67	5	9	12	20	6	10	3	7	6.52823e+006	6.53309e+006	89141	89569	9	14	6.6177e+006	6.62261e+006	6.05983e+006	6.06519e+006	
341	1.77611e+006	1.78103e+006	41	53	54	69	5	9	12	20	6	10	3	6	6.52824e+006	6.53311e+006	89141	89569	9	14	6.61771e+006	6.62262e+006	6.05984e+006	6.0652e+006	
342	1.7761e+006	1.78102e+006	40	51	54	69	5	9	13	20	6	11	3	6	6.52825e+006	6.53312e+006	89141	89569	7	12	6.61772e+006	6.62263e+006	6.05985e+006	6.06521e+006	
343	1.77609e+006	1.78101e+006	38	49	55	70	5	8	14	20	5	10	3	6	6.52826e+006	6.53313e+006	89141	89570	8	13	6.61773e+006	6.62264e+006	6.05986e+006	6.06522e+006	
344	1.77608e+006	1.78099e+006	38	49	55	70	5	9	13	18	6	11	3	6	6.52827e+006	6.53314e+006	89142	89570	9	14	6.61774e+006	6.62266e+006	6.05987e+006	6.06523e+006	
345	1.77607e+006	1.78098e+006	38	49	56	72	4	8	12	17	6	11	3	7	6.52829e+006	6.53315e+006	89142	89570	9	14	6.61775e+006	6.62267e+006	6.05988e+006	6.06524e+006	
346	1.77606e+006	1.78097e+006	40	51	56	71	4	8	11	17	5	10	3	6	6.5283e+006	6.53316e+006	89142	89570	9	14	6.61776e+006	6.62268e+006	6.05989e+006	6.06525e+006	
347	1.77605e+006	1.78096e+006	42	53	55	70	3	6	10	16	5	10	2	6	6.52831e+006	6.53318e+006	89142	89571	9	15	6.61778e+006	6.62269e+006	6.0599e+006	6.06526e+006	
348	1.77603e+006	1.78095e+006	40	52	56	71	3	6	10	16	5	9	2	6	6.52832e+006	6.53319e+006	89142	89571	8	13	6.61779e+006	6.6227e+006	6.05991e+006	6.06527e+006	
349	1.77602e+006	1.78094e+006	40	51	54	70	3	6	10	15	6	10	3	6	6.52833e+006	6.5332e+006	89142	89571	8	13	6.6178e+006	6.62271e+006	6.05992e+006	6.06529e+006	
350	1.77601e+006	1.78093e+006	37	49	54	69	3	7	9	15	5	10	3	6	6.52835e+006	6.53321e+006	89143	89571	7	12	6.61781e+006	6.62272e+006	6.05993e+006	6.0653e+006	
351	1.776e+006	1.78092e+006	36	48	53	68	4	9	10	16	6	9	3	6	6.52836e+006	6.53322e+006	89143	89572	8	14	6.61782e+006	6.62273e+006	6.05994e+006	6.06531e+006	
352	1.77599e+006	1.78091e+006	37	48	54	69	5	9	11	16	5	9	3	6	6.52837e+006	6.53323e+006	89143	89572	9	14	6.61783e+006	6.62275e+006	6.05995e+006	6.06532e+006	
353	1.77598e+006	1.7809e+006	37	49	54	69	5	9	12	17	5	10	3	5	6.52838e+006	6.53324e+006	89143	89572	8	14	6.61784e+006	6.62276e+006	6.05996e+006	6.06533e+006	
354	1.77597e+006	1.78089e+006	39	50	51	67	5	9	12	18	5	9	2	5	6.52839e+006	6.53325e+006	89143	89572	9	14	6.61785e+006	6.62277e+006	6.05997e+006	6.06534e+006	
355	1.77596e+006	1.78087e+006	41	52	50	66	5	10	12	18	5	9	2	5	6.5284e+006	6.53326e+006	89143	89572	10	16	6.61786e+006	6.62278e+006	6.05998e+006	6.06534e+006	
356	1.77594e+006	1.78086e+006	41	53	50	66	5	10	13	19	5	9	2	5	6.52841e+006	6.53328e+006	89143	89572	9	15	6.61788e+006	6.62279e+006	6.05999e+006	6.06536e+006	
357	1.77593e+006	1.78085e+006	41	54	51	66	4	8	13	19	5	8	2	5	6.52842e+006	6.53329e+006	89144	89572	9	14	6.61789e+006	6.6228e+006	6.06e+006	6.06537e+006	
358	1.77592e+006	1.78084e+006	40	51	51	67	4	8	13	20	5	9	2	4	6.52843e+006	6.5333e+006	89144	89572	7	12	6.6179e+006	6.62281e+006	6.06001e+006	6.06538e+006	
359	1.77592e+006	1.78083e+006	37	47	53	68	4	9	12	19	4	8	1	4	6.52844e+006	6.53331e+006	89144	89572	7	11	6.61791e+006	6.62282e+006	6.06002e+006	6.06539e+006	
360	1.7759e+006	1.78082e+006	38	48	54	70	5	10	12	18	5	9	2	4	6.52845e+006	6.53332e+006	89144	89572	11	16	6.61792e+006	6.62283e+006	6.06004e+006	6.0654e+006	
361	1.77589e+006	1.7808e+006	38	49	55	71	4	9	11	18	5	9	2	4	6.52846e+006	6.53333e+006	89144	89572	9	15	6.61793e+006	6.62285e+006	6.06005e+006	6.06541e+006	
362	1.77588e+006	1.78079e+006	38	49	54	69	4	8	9	16	5	9	2	4	6.52848e+006	6.53334e+006	89144	89573	8	12	6.61794e+006	6.62286e+006	6.06006e+006	6.06542e+006	
363	1.77587e+006	1.78078e+006	42	52	53	67	4	8	8	15	5	9	2	4	6.52849e+006	6.53336e+006	89144	89573	10	15	6.61796e+006	6.62287e+006	6.06006e+006	6.06543e+006	
364	1.77586e+006	1.78077e+006	42	53	55	69	4	8	8	14	5	10	2	4	6.5285e+006	6.53337e+006	89144	89573	11	17	6.61797e+006	6.62288e+006	6.06008e+006	6.06544e+006	
