Day	Susceptible-LB	Susceptible-UB	Exposed-LB	Exposed-UB	Current Detected Mild Infections-LB	Current Detected Mild Infections-UB	Current Undetected Mild Infections-LB	Current Undetected Mild Infections-UB	Current Hospitalizations-LB	Current Hospitalizations-UB	Current ICU patients-LB	Current ICU patients-UB	ventilators-LB	ventilators-UB	Recovered-LB	Recovered-UB	Deaths-LB	Deaths-UB	new infections today-LB	new infections today-UB	total number of infections-LB	total number of infections-UB	Confirmed total number of infections-LB	Confirmed total number of infections-UB	
0	8.39714e+006	8.39714e+006	1600	1600	0	0	0	0	0	0	0	0	0	0	0	0	0	0	0	0	1600	1600	0	0	
1	8.39698e+006	8.39698e+006	1760	1760	0	0	0	0	0	0	0	0	0	0	0	0	0	0	160	160	1760	1760	0	0	
2	8.39682e+006	8.39682e+006	1920	1920	0	0	0	0	0	0	0	0	0	0	0	0	0	0	160	160	1920	1920	0	0	
3	8.39587e+006	8.39591e+006	2826	2869	0	0	0	0	0	0	0	0	0	0	0	0	0	0	906	949	2826	2869	0	0	
4	8.39496e+006	8.39502e+006	2119	2179	802	828	772	798	0	0	0	0	0	0	0	0	0	0	880	924	3719	3779	802	828	
5	8.39408e+006	8.39416e+006	2820	2894	880	907	853	880	0	0	0	0	0	0	0	0	0	0	850	886	4580	4654	880	907	
6	8.39305e+006	8.39314e+006	3676	3770	962	990	930	958	0	0	0	0	0	0	0	0	0	0	1006	1047	5596	5690	962	990	
7	8.39194e+006	8.39206e+006	3838	3940	1415	1480	1375	1424	0	0	0	0	0	0	0	0	0	0	1063	1123	6673	6799	1426	1469	
8	8.3909e+006	8.39105e+006	3961	4068	1860	1946	1815	1877	0	0	0	0	0	0	0	0	0	0	1006	1049	7690	7837	1877	1929	
9	8.39003e+006	8.3902e+006	3948	4061	2285	2386	2247	2315	0	0	0	0	0	0	0	0	0	0	835	881	8537	8706	2306	2366	
10	8.38902e+006	8.38921e+006	3921	4037	1975	2091	1977	2044	279	299	0	0	0	0	1301	1321	0	0	979	1022	9531	9713	2954	3028	
11	8.38809e+006	8.3883e+006	3748	3857	2439	2592	2418	2504	306	327	0	0	0	0	1433	1454	0	0	893	940	10434	10642	3520	3607	
12	8.38707e+006	8.3873e+006	3733	3847	2868	3040	2845	2934	338	359	0	0	0	0	1561	1582	0	0	990	1040	11437	11670	4048	4150	
13	8.38595e+006	8.38621e+006	3980	4095	2827	2997	2818	2906	521	551	0	0	0	0	2288	2335	0	0	1078	1133	12531	12786	4575	4685	
14	8.38481e+006	8.3851e+006	4090	4225	2869	3036	2878	2963	694	730	0	0	0	0	3009	3065	0	0	1091	1151	13635	13924	5149	5271	
15	8.38368e+006	8.38399e+006	4297	4430	2871	3053	2911	3007	856	894	0	0	0	0	3708	3776	0	0	1096	1148	14749	15055	5668	5804	
16	8.38249e+006	8.38283e+006	4453	4593	2857	3047	2909	3008	765	806	91	104	50	59	4717	4804	0	0	1147	1203	15908	16246	6259	6408	
17	8.38131e+006	8.38167e+006	4518	4659	2846	3030	2937	3032	954	1002	98	111	53	62	5598	5710	0	0	1144	1197	17066	17429	6893	7053	
18	8.38013e+006	8.38053e+006	4556	4700	2872	3080	2986	3094	1123	1175	106	120	57	66	6435	6567	0	0	1131	1189	18210	18605	7534	7712	
19	8.37891e+006	8.37933e+006	4637	4790	3014	3218	3111	3218	1098	1148	157	174	79	92	7257	7409	0	0	1179	1236	19403	19827	8179	8371	
20	8.37778e+006	8.37824e+006	4566	4725	3099	3317	3191	3302	1113	1164	205	225	102	115	8184	8354	0	0	1075	1139	20492	20952	8853	9064	
21	8.37663e+006	8.37713e+006	4524	4698	3245	3470	3293	3409	1126	1183	253	273	122	138	9027	9216	0	0	1102	1170	21609	22107	9516	9740	
22	8.37543e+006	8.37597e+006	4538	4716	3320	3554	3358	3476	1117	1172	310	334	147	162	9980	10193	0	0	1144	1209	22766	23303	10181	10419	
23	8.37425e+006	8.37482e+006	4493	4681	3364	3608	3408	3533	1114	1170	375	399	176	195	11013	11247	0	0	1136	1200	23914	24490	10881	11137	
24	8.37303e+006	8.37364e+006	4582	4771	3356	3607	3395	3526	1122	1181	432	460	204	225	12050	12313	0	0	1164	1228	25095	25702	11534	11807	
25	8.37184e+006	8.37248e+006	4622	4813	3344	3611	3411	3546	1183	1239	480	507	225	247	13055	13340	0	0	1145	1210	26252	26900	12192	12486	
26	8.37063e+006	8.37132e+006	4630	4829	3337	3619	3406	3553	1229	1287	436	465	194	215	14179	14484	34	40	1152	1223	27417	28110	12885	13200	
27	8.36942e+006	8.37016e+006	4647	4847	3317	3616	3414	3563	1287	1347	486	517	218	241	15227	15552	36	42	1149	1222	28580	29318	13560	13902	
28	8.36821e+006	8.36899e+006	4634	4845	3338	3636	3433	3575	1332	1393	532	562	237	261	16280	16635	37	44	1152	1226	29746	30530	14266	14629	
29	8.36696e+006	8.36779e+006	4674	4897	3320	3627	3414	3560	1335	1403	540	572	240	265	17441	17827	51	61	1184	1262	30945	31777	14950	15338	
30	8.36573e+006	8.36661e+006	4684	4915	3340	3662	3464	3617	1337	1402	550	584	245	270	18511	18927	62	72	1164	1240	32122	33004	15634	16042	
31	8.3645e+006	8.36542e+006	4709	4944	3359	3684	3493	3647	1338	1408	565	601	255	280	19599	20047	73	84	1177	1248	33312	34239	16321	16753	
32	8.36324e+006	8.36421e+006	4755	4993	3358	3691	3502	3656	1333	1402	573	610	262	285	20740	21227	86	97	1198	1275	34523	35501	17002	17463	
33	8.36199e+006	8.36302e+006	4753	4992	3380	3729	3521	3687	1326	1395	574	614	263	285	21877	22402	102	115	1181	1263	35718	36749	17710	18191	
34	8.36075e+006	8.36183e+006	4769	5006	3366	3734	3526	3703	1315	1389	584	625	266	290	23046	23595	116	129	1179	1255	36910	37991	18403	18910	
35	8.35949e+006	8.36061e+006	4795	5034	3387	3760	3537	3716	1312	1390	601	641	272	297	24178	24760	128	142	1202	1277	38128	39251	19106	19643	
36	8.35822e+006	8.35939e+006	4801	5041	3409	3793	3555	3740	1332	1413	605	647	277	302	25309	25927	139	154	1202	1284	39346	40519	19826	20396	
37	8.35694e+006	8.35817e+006	4825	5073	3430	3825	3562	3752	1336	1415	607	651	276	303	26452	27114	153	170	1210	1291	40565	41801	20545	21146	
38	8.35563e+006	8.35692e+006	4887	5138	3452	3848	3568	3757	1330	1410	620	663	284	312	27598	28301	168	185	1242	1319	41821	43106	21262	21888	
39	8.35436e+006	8.3557e+006	4892	5145	3459	3848	3583	3767	1342	1427	625	670	289	318	28761	29510	184	203	1207	1282	43040	44376	21986	22632	
40	8.35336e+006	8.35474e+006	4633	4871	3489	3879	3594	3778	1346	1433	635	681	294	323	29908	30704	199	219	944	1009	43996	45374	22711	23384	
41	8.35238e+006	8.3538e+006	4356	4580	3497	3906	3610	3802	1369	1455	629	680	290	321	31068	31904	212	233	932	1001	44941	46361	23436	24145	
42	8.35139e+006	8.35285e+006	4044	4258	3602	4008	3555	3738	1369	1451	632	680	294	324	32264	33151	228	250	932	995	45884	47345	24245	24993	
43	8.35044e+006	8.35195e+006	3730	3937	3675	4076	3511	3687	1377	1464	633	680	295	322	33433	34369	244	267	895	959	46791	48292	25024	25812	
44	8.34951e+006	8.35104e+006	3676	3878	3598	3992	3355	3523	1383	1469	630	678	294	321	34609	35591	259	283	890	950	47692	49231	25662	26482	
45	8.34861e+006	8.35019e+006	3588	3789	3516	3902	3169	3336	1373	1464	640	690	304	331	35814	36828	273	297	846	910	48550	50129	26299	27148	
46	8.34774e+006	8.34936e+006	3467	3668	3432	3798	2989	3145	1388	1482	642	693	307	336	36997	38063	287	313	810	875	49372	50992	26941	27822	
47	8.34688e+006	8.34854e+006	3383	3580	3320	3672	2785	2941	1394	1489	655	707	311	340	38184	39308	301	327	810	872	50192	51854	27559	28458	
48	8.34608e+006	8.34778e+006	3248	3449	3127	3469	2624	2777	1423	1519	655	708	313	341	39393	40570	317	343	757	817	50959	52661	28175	29098	
49	8.3453e+006	8.34704e+006	3129	3321	2936	3269	2453	2605	1417	1514	654	705	310	338	40597	41829	336	364	728	782	51698	53432	28753	29699	
50	8.34459e+006	8.34636e+006	2991	3167	2878	3209	2380	2528	1379	1470	647	698	308	339	41581	42859	353	381	671	722	52379	54143	29297	30273	
51	8.34389e+006	8.34568e+006	2846	3010	2816	3139	2325	2464	1336	1418	653	706	310	342	42548	43879	366	396	666	715	53057	54846	29830	30835	
52	8.3432e+006	8.34502e+006	2735	2892	2710	3031	2255	2395	1276	1353	655	709	309	341	43533	44907	382	413	646	698	53714	55532	30331	31358	
53	8.34254e+006	8.34439e+006	2632	2785	2627	2935	2177	2307	1208	1286	662	715	314	346	44486	45900	398	430	624	677	54351	56196	30816	31871	
54	8.34191e+006	8.34378e+006	2555	2708	2503	2804	2083	2208	1128	1203	664	714	315	346	45446	46904	415	448	594	644	54954	56830	31272	32348	
55	8.34129e+006	8.3432e+006	2464	2619	2412	2694	2000	2118	1068	1139	651	702	307	339	46359	47858	434	468	577	625	55541	57445	31730	32822	
56	8.34071e+006	8.34263e+006	2367	2518	2318	2590	1929	2046	1045	1115	641	694	300	332	47202	48736	447	483	550	596	56102	58030	32171	33284	
57	8.34014e+006	8.3421e+006	2272	2419	2219	2480	1843	1959	1022	1090	624	674	294	324	48045	49622	465	503	529	577	56641	58597	32592	33728	
58	8.33958e+006	8.34156e+006	2203	2347	2136	2388	1765	1876	991	1056	612	663	286	316	48838	50454	483	522	524	573	57176	59158	32994	34151	
59	8.33904e+006	8.34104e+006	2134	2272	2045	2294	1702	1815	959	1023	597	648	280	310	49609	51257	499	538	507	550	57693	59698	33383	34555	
60	8.33852e+006	8.34056e+006	2063	2201	1974	2218	1655	1763	912	976	586	635	270	299	50331	52011	516	554	480	524	58181	60214	33750	34940	
61	8.33802e+006	8.34007e+006	2006	2140	1879	2124	1612	1721	871	934	572	618	262	290	51044	52752	535	575	473	516	58666	60717	34097	35304	
62	8.33753e+006	8.3396e+006	1945	2070	1812	2050	1559	1666	832	888	548	592	249	279	51749	53494	551	592	462	503	59139	61210	34454	35674	
63	8.33706e+006	8.33915e+006	1875	1999	1757	1988	1497	1603	802	860	521	565	236	265	52424	54196	568	611	437	479	59586	61678	34810	36045	
64	8.3366e+006	8.33871e+006	1822	1943	1704	1934	1434	1539	764	822	497	541	224	252	53073	54876	584	628	428	467	60024	62136	35144	36396	
65	8.33616e+006	8.33828e+006	1765	1881	1660	1881	1378	1480	728	785	479	521	215	241	53697	55531	601	644	418	453	60452	62579	35467	36732	
66	8.33574e+006	8.33788e+006	1697	1805	1614	1829	1337	1437	706	763	464	505	206	231	54282	56142	613	657	392	428	60854	62997	35780	37055	
67	8.33533e+006	8.33749e+006	1639	1743	1618	1829	1241	1339	683	742	446	485	198	223	54852	56735	625	670	380	417	61244	63403	36116	37407	
68	8.33493e+006	8.33711e+006	1585	1688	1604	1803	1164	1255	665	722	424	465	188	216	55417	57324	636	681	375	411	61628	63805	36441	37748	
69	8.33455e+006	8.33675e+006	1519	1624	1588	1779	1094	1179	635	685	413	453	185	211	55966	57897	648	695	354	387	61991	64182	36763	38082	
70	8.33417e+006	8.33637e+006	1488	1592	1570	1751	1027	1107	617	666	390	429	176	201	56485	58443	660	707	360	397	62363	64568	37061	38393	
71	8.3338e+006	8.33602e+006	1453	1555	1559	1735	949	1020	596	649	371	410	167	193	56997	58973	670	718	345	379	62718	64937	37359	38704	
72	8.33345e+006	8.33568e+006	1408	1505	1549	1716	876	943	575	627	355	394	160	185	57493	59491	683	731	329	362	63059	65287	37646	39004	
73	8.33309e+006	8.33534e+006	1388	1489	1499	1658	845	907	560	611	337	372	154	176	57960	59982	696	746	333	371	63401	65649	37913	39282	
74	8.33276e+006	8.33501e+006	1341	1431	1459	1620	814	877	540	590	329	364	149	173	58416	60459	706	757	312	340	63725	65978	38189	39565	
75	8.33244e+006	8.3347e+006	1296	1381	1408	1573	789	855	523	573	315	348	143	164	58865	60924	715	766	300	330	64032	66300	38445	39832	
76	8.33212e+006	8.3344e+006	1258	1344	1378	1535	761	822	502	550	305	337	140	160	59287	61365	726	778	293	323	64332	66616	38695	40091	
77	8.3318e+006	8.3341e+006	1222	1305	1345	1502	746	810	484	526	298	330	136	155	59696	61790	736	787	298	332	64641	66937	38943	40353	
78	8.33149e+006	8.3338e+006	1189	1283	1308	1454	725	783	468	510	291	323	130	149	60096	62208	743	795	282	315	64932	67243	39177	40593	
79	8.3312e+006	8.33353e+006	1160	1252	1274	1417	706	762	447	485	280	312	123	142	60483	62612	751	803	271	298	65211	67533	39401	40828	
80	8.33091e+006	8.33324e+006	1141	1233	1233	1369	681	734	432	472	276	309	122	141	60866	63008	757	810	273	305	65495	67827	39624	41062	
81	8.33063e+006	8.33297e+006	1106	1190	1203	1341	663	716	422	462	269	302	120	140	61231	63387	766	818	261	290	65767	68107	39846	41294	
82	8.33036e+006	8.33271e+006	1069	1150	1166	1309	649	704	410	452	261	294	117	135	61581	63747	774	827	246	275	66023	68372	40055	41515	
83	8.3301e+006	8.33246e+006	1044	1131	1130	1260	626	678	401	443	253	284	112	131	61936	64119	780	834	245	280	66278	68641	40260	41728	
84	8.32983e+006	8.33221e+006	1012	1099	1102	1241	612	665	390	431	238	269	107	125	62275	64469	789	843	242	272	66528	68905	40466	41940	
85	8.32959e+006	8.33197e+006	977	1065	1080	1216	596	650	384	423	227	255	103	119	62593	64802	796	851	228	255	66765	69151	40664	42142	
86	8.32934e+006	8.33173e+006	960	1045	1048	1183	582	633	374	408	222	248	100	115	62906	65131	802	858	228	256	67002	69398	40851	42337	
87	8.3291e+006	8.33151e+006	934	1016	1015	1151	562	614	362	397	214	238	95	111	63225	65465	810	866	219	251	67231	69638	41036	42532	
88	8.32885e+006	8.33127e+006	917	998	995	1128	542	593	358	393	205	230	92	109	63522	65777	817	873	224	254	67463	69885	41225	42729	
89	8.32862e+006	8.33105e+006	907	982	966	1101	526	578	345	377	199	225	91	108	63811	66082	825	880	217	241	67688	70117	41396	42908	
90	8.3284e+006	8.33084e+006	880	958	941	1072	506	558	340	375	190	214	87	102	64106	66384	829	885	203	229	67899	70338	41570	43091	
91	8.32817e+006	8.33062e+006	872	946	909	1045	493	548	334	367	182	206	82	97	64386	66672	835	892	211	239	68119	70569	41736	43266	
92	8.32794e+006	8.3304e+006	861	928	893	1028	488	543	326	363	177	202	80	96	64647	66940	841	898	212	236	68339	70797	41902	43443	
93	8.32772e+006	8.33019e+006	844	912	879	1000	478	528	313	348	178	203	79	94	64913	67219	845	902	201	224	68549	71013	42065	43610	
94	8.32752e+006	8.32999e+006	832	897	847	967	471	519	299	331	177	202	77	94	65175	67494	849	907	191	213	68747	71219	42216	43768	
95	8.32731e+006	8.32979e+006	812	877	834	953	468	517	291	323	174	200	76	92	65418	67745	853	911	193	219	68949	71429	42371	43931	
96	8.32705e+006	8.32953e+006	842	915	826	943	460	508	283	316	176	200	78	94	65655	67993	859	917	242	274	69202	71691	42537	44102	
97	8.32679e+006	8.32928e+006	882	958	818	925	452	497	274	309	170	194	76	93	65893	68242	864	923	239	269	69452	71949	42689	44258	
98	8.32653e+006	8.32904e+006	928	1007	794	897	441	487	266	301	165	189	75	91	66132	68496	870	928	235	264	69697	72204	42830	44405	
99	8.32629e+006	8.32881e+006	960	1042	775	886	431	480	262	294	156	179	70	85	66368	68741	873	932	225	254	69930	72450	42974	44554	
100	8.32602e+006	8.32856e+006	958	1040	805	915	444	491	259	291	154	176	68	83	66580	68965	877	936	242	270	70180	72712	43156	44741	
101	8.32576e+006	8.3283e+006	961	1042	833	941	447	492	262	290	150	172	69	84	66797	69195	881	940	242	271	70432	72973	43341	44932	
102	8.3255e+006	8.32805e+006	970	1054	843	958	458	506	254	281	148	169	68	83	67024	69429	885	945	245	275	70683	73241	43515	45112	
103	8.32523e+006	8.32779e+006	992	1074	856	976	469	518	247	274	141	162	66	81	67243	69655	890	950	246	276	70942	73505	43678	45282	
104	8.32494e+006	8.32752e+006	1018	1106	895	1021	479	531	240	266	136	157	63	78	67447	69870	896	955	268	301	71220	73796	43857	45470	
105	8.32465e+006	8.32724e+006	1043	1135	926	1053	498	549	236	265	132	153	61	76	67652	70081	900	960	267	299	71498	74084	44032	45653	
106	8.32436e+006	8.32696e+006	1068	1159	926	1055	500	550	244	272	124	145	57	72	67901	70340	904	964	269	300	71777	74374	44210	45842	
107	8.32406e+006	8.32667e+006	1102	1197	925	1051	510	559	248	275	122	143	54	69	68144	70591	909	970	280	316	72071	74676	44393	46029	
108	8.32377e+006	8.32638e+006	1108	1202	948	1084	516	566	254	282	120	139	54	68	68381	70839	912	973	273	306	72354	74971	44597	46242	
109	8.32347e+006	8.3261e+006	1113	1207	980	1116	529	577	258	288	120	140	55	69	68608	71076	915	976	274	304	72638	75264	44791	46447	
110	8.32317e+006	8.3258e+006	1126	1221	991	1127	547	595	271	304	120	140	56	70	68842	71320	917	978	282	314	72933	75566	44986	46651	
111	8.32286e+006	8.3255e+006	1133	1225	1020	1161	556	605	277	311	119	137	54	66	69087	71573	919	981	286	319	73232	75872	45197	46869	
112	8.32255e+006	8.3252e+006	1154	1246	1037	1183	564	616	283	318	118	136	54	66	69330	71831	923	985	295	327	73539	76187	45399	47082	
113	8.32223e+006	8.32489e+006	1179	1274	1054	1201	573	628	289	324	120	138	54	66	69578	72085	925	987	299	331	73851	76505	45600	47288	
114	8.32191e+006	8.32457e+006	1195	1295	1062	1205	580	637	297	332	121	138	54	66	69845	72365	927	990	299	334	74163	76826	45812	47506	
115	8.32157e+006	8.32425e+006	1221	1326	1073	1220	586	644	305	342	122	139	54	66	70111	72642	929	992	311	352	74490	77162	46025	47725	
116	8.32124e+006	8.32391e+006	1249	1350	1092	1241	592	650	307	343	124	140	56	67	70386	72925	931	994	321	353	74824	77501	46243	47947	
117	8.3209e+006	8.32358e+006	1272	1372	1101	1246	604	657	314	348	124	142	58	69	70670	73216	935	998	320	355	75159	77840	46460	48169	
118	8.32056e+006	8.32325e+006	1290	1391	1122	1269	610	662	311	346	129	148	61	72	70947	73504	938	1001	317	353	75489	78180	46685	48400	
119	8.32021e+006	8.32292e+006	1295	1395	1139	1298	626	685	312	346	133	150	63	74	71224	73790	943	1006	317	355	75820	78522	46910	48633	
120	8.31985e+006	8.32256e+006	1313	1420	1164	1319	642	702	311	347	135	153	64	75	71512	74085	946	1009	340	376	76175	78883	47149	48875	
121	8.3195e+006	8.32222e+006	1324	1435	1183	1337	658	717	314	351	138	157	66	77	71802	74383	948	1011	333	367	76518	79240	47387	49115	
122	8.31911e+006	8.32184e+006	1371	1482	1202	1359	662	721	316	353	138	157	66	77	72102	74694	951	1015	364	401	76895	79628	47624	49360	
123	8.31874e+006	8.32148e+006	1402	1508	1221	1381	661	722	320	358	139	158	65	78	72405	75003	954	1018	348	380	77258	79994	47864	49609	
124	8.31838e+006	8.32113e+006	1401	1503	1235	1398	687	749	321	360	141	162	67	80	72709	75316	958	1022	338	373	77610	80352	48105	49852	
125	8.31801e+006	8.32076e+006	1419	1522	1260	1418	685	743	336	378	147	167	70	84	73010	75627	961	1025	351	387	77975	80725	48358	50113	
126	8.31763e+006	8.32039e+006	1417	1520	1290	1458	695	756	344	386	147	168	70	83	73331	75955	964	1029	362	398	78350	81109	48630	50393	
127	8.31725e+006	8.32002e+006	1422	1530	1310	1477	702	763	353	398	147	168	69	81	73653	76282	967	1032	353	391	78717	81486	48886	50653	
128	8.31686e+006	8.31964e+006	1451	1565	1318	1482	714	779	362	407	147	168	67	79	73971	76606	972	1037	369	405	79100	81878	49129	50902	
129	8.31646e+006	8.31925e+006	1472	1587	1340	1505	723	790	368	411	149	171	68	81	74291	76935	975	1041	369	411	79484	82273	49395	51173	
130	8.31605e+006	8.31885e+006	1501	1621	1354	1521	729	797	381	423	152	174	69	83	74627	77277	979	1045	390	434	79889	82691	49654	51441	
131	8.31563e+006	8.31844e+006	1540	1663	1363	1531	743	809	374	414	156	181	70	85	74969	77631	983	1049	392	433	80300	83106	49915	51711	
132	8.31523e+006	8.31805e+006	1542	1670	1355	1524	753	822	384	425	159	185	72	86	75328	78002	986	1053	371	413	80685	83505	50185	51986	
133	8.31482e+006	8.31766e+006	1556	1682	1370	1547	758	831	386	430	163	188	74	88	75681	78357	990	1056	384	422	81080	83915	50464	52269	
134	8.3144e+006	8.31725e+006	1559	1686	1413	1597	770	839	393	437	165	193	74	90	76018	78701	994	1061	394	437	81489	84337	50760	52574	
135	8.31399e+006	8.31685e+006	1552	1683	1439	1624	787	855	403	447	166	195	74	91	76366	79058	998	1066	385	429	81890	84750	51057	52873	
136	8.31355e+006	8.31641e+006	1596	1727	1452	1643	783	852	406	453	170	199	76	92	76729	79429	1003	1071	416	457	82322	85191	51333	53160	
137	8.3131e+006	8.31599e+006	1628	1762	1473	1664	793	862	413	462	174	203	78	95	77082	79790	1005	1074	416	456	82751	85634	51616	53453	
138	8.31267e+006	8.31557e+006	1635	1772	1502	1699	790	858	415	463	177	205	81	97	77459	80172	1010	1078	402	447	83167	86067	51916	53763	
139	8.31225e+006	8.31515e+006	1651	1787	1510	1713	795	866	421	467	179	208	80	95	77833	80554	1014	1082	400	444	83587	86491	52205	54061	
140	8.3118e+006	8.31472e+006	1657	1790	1515	1717	813	888	430	476	181	208	79	95	78223	80958	1018	1086	421	461	84020	86939	52505	54371	
141	8.31134e+006	8.31427e+006	1673	1810	1517	1724	830	908	430	476	182	208	82	97	78629	81367	1023	1091	431	478	84468	87400	52805	54678	
142	8.3109e+006	8.31384e+006	1686	1814	1540	1749	840	915	436	481	185	212	84	99	79002	81752	1027	1094	415	451	84894	87841	53102	54987	
143	8.31044e+006	8.3134e+006	1714	1841	1551	1762	847	922	440	482	185	214	84	101	79389	82155	1032	1099	428	470	85338	88294	53400	55291	
144	8.30998e+006	8.31295e+006	1725	1859	1564	1772	861	936	448	491	186	213	85	100	79784	82563	1036	1104	432	479	85786	88758	53714	55616	
145	8.30951e+006	8.31249e+006	1738	1870	1593	1806	875	954	454	499	191	218	86	102	80169	82958	1042	1110	444	488	86245	89231	54035	55948	
146	8.30904e+006	8.31205e+006	1755	1895	1606	1813	862	941	458	506	193	221	87	103	80588	83388	1046	1113	432	476	86689	89695	54349	56268	
147	8.30856e+006	8.31158e+006	1779	1920	1623	1827	861	936	468	519	199	227	92	109	80997	83809	1049	1117	451	495	87156	90175	54671	56600	
148	8.30808e+006	8.31111e+006	1799	1943	1635	1838	882	955	471	524	205	234	95	113	81399	84227	1053	1121	454	502	87626	90660	54983	56924	
149	8.30757e+006	8.31062e+006	1832	1983	1666	1874	890	969	474	529	206	234	95	113	81809	84642	1058	1126	479	527	88121	91171	55315	57265	
150	8.30708e+006	8.31015e+006	1854	2004	1668	1882	896	979	475	530	212	239	98	117	82231	85077	1063	1132	453	498	88587	91655	55630	57594	
151	8.30659e+006	8.30967e+006	1866	2019	1673	1885	911	994	483	538	215	242	98	117	82662	85520	1070	1139	464	509	89066	92150	55958	57934	
152	8.30608e+006	8.30918e+006	1887	2038	1688	1912	932	1019	474	523	220	248	99	119	83086	85960	1077	1146	475	521	89556	92656	56289	58275	
153	8.30558e+006	8.3087e+006	1877	2031	1712	1944	957	1047	476	522	228	256	102	121	83517	86401	1081	1151	467	521	90039	93160	56635	58632	
154	8.30506e+006	8.3082e+006	1899	2065	1720	1952	970	1057	480	524	231	262	105	126	83953	86853	1085	1156	477	529	90532	93674	56959	58967	
155	8.30454e+006	8.3077e+006	1920	2090	1730	1964	978	1066	489	535	232	263	104	125	84397	87311	1089	1160	485	534	91034	94192	57303	59324	
156	8.30403e+006	8.3072e+006	1930	2102	1755	1990	998	1084	494	540	235	267	106	127	84828	87763	1093	1165	484	534	91533	94710	57648	59681	
157	8.3035e+006	8.3067e+006	1956	2126	1769	2015	998	1087	496	540	236	269	106	127	85286	88233	1099	1171	493	545	92041	95240	57997	60047	
158	8.30297e+006	8.30619e+006	1967	2133	1781	2033	1007	1100	516	566	231	264	103	124	85734	88692	1105	1178	488	537	92543	95763	58347	60413	
159	8.30244e+006	8.30568e+006	1978	2149	1797	2049	997	1090	524	575	238	269	107	127	86211	89184	1109	1182	497	550	93055	96298	58712	60790	
160	8.30192e+006	8.30518e+006	1979	2154	1820	2083	998	1100	536	587	239	270	108	128	86659	89646	1116	1189	485	539	93556	96821	59069	61160	
161	8.30138e+006	8.30467e+006	1986	2157	1833	2100	1016	1117	540	592	239	269	106	127	87127	90131	1122	1195	498	550	94070	97355	59426	61539	
162	8.30085e+006	8.30415e+006	1997	2169	1842	2113	1019	1120	544	600	239	267	105	124	87607	90626	1128	1201	497	550	94584	97887	59785	61914	
163	8.3003e+006	8.30362e+006	2011	2187	1858	2126	1036	1133	545	598	238	266	105	125	88084	91126	1135	1208	511	567	95113	98437	60144	62290	
164	8.29974e+006	8.30309e+006	2047	2218	1864	2128	1044	1135	543	599	242	269	104	123	88568	91630	1141	1214	521	571	95647	98995	60499	62666	
165	8.29921e+006	8.30258e+006	2040	2214	1864	2129	1059	1148	547	600	245	271	106	124	89060	92139	1145	1218	493	544	96155	99523	60867	63047	
166	8.29865e+006	8.30204e+006	2065	2244	1875	2144	1061	1148	548	601	250	276	110	128	89548	92648	1150	1222	522	580	96692	100089	61234	63433	
167	8.29807e+006	8.30149e+006	2091	2269	1882	2154	1071	1162	553	610	250	273	109	126	90046	93166	1156	1228	538	590	97245	100665	61605	63819	
168	8.29752e+006	8.30097e+006	2078	2262	1901	2173	1083	1179	554	611	254	279	112	129	90538	93678	1160	1233	508	564	97768	101214	61979	64212	
169	8.29697e+006	8.30044e+006	2100	2287	1902	2175	1075	1174	568	622	254	280	111	128	91030	94191	1167	1240	515	569	98297	101769	62346	64593	
170	8.29639e+006	8.29989e+006	2111	2299	1933	2207	1084	1181	564	616	257	285	112	130	91527	94709	1172	1246	533	593	98845	102346	62727	64993	
171	8.2958e+006	8.29933e+006	2120	2312	1966	2249	1084	1186	570	625	265	292	118	135	92021	95222	1178	1253	544	606	99404	102938	63132	65416	
172	8.29523e+006	8.29879e+006	2141	2331	1980	2263	1085	1182	571	630	267	295	120	138	92525	95741	1184	1259	530	582	99950	103504	63514	65818	
173	8.29464e+006	8.29822e+006	2175	2372	1998	2278	1072	1167	574	637	272	299	121	139	93040	96275	1190	1265	550	610	100513	104100	63899	66228	
174	8.29405e+006	8.29766e+006	2183	2381	2002	2295	1077	1176	582	645	269	298	121	139	93562	96819	1196	1271	541	602	101072	104684	64287	66636	
175	8.29345e+006	8.29709e+006	2198	2393	2032	2333	1097	1201	569	634	272	302	124	142	94072	97350	1202	1278	559	617	101645	105288	64682	67049	
176	8.29284e+006	8.29651e+006	2236	2433	2039	2333	1098	1202	589	655	269	299	121	139	94586	97890	1209	1285	567	623	102227	105896	65079	67461	
177	8.29224e+006	8.29594e+006	2238	2433	2040	2340	1108	1216	593	658	274	303	123	142	95123	98453	1215	1291	551	610	102792	106492	65484	67890	
178	8.29166e+006	8.29539e+006	2241	2430	2052	2359	1126	1236	601	664	276	307	125	145	95631	98985	1221	1297	543	600	103351	107076	65881	68310	
179	8.29106e+006	8.29481e+006	2236	2434	2066	2382	1152	1267	601	662	278	309	128	149	96153	99534	1226	1302	556	620	103923	107680	66283	68735	
180	8.29043e+006	8.29422e+006	2243	2449	2094	2402	1161	1274	607	672	279	311	129	151	96687	100097	1231	1308	575	636	104512	108302	66696	69170	
181	8.28984e+006	8.29365e+006	2247	2455	2104	2409	1158	1270	626	691	276	307	129	149	97225	100663	1238	1315	554	617	105085	108901	67105	69601	
182	8.28922e+006	8.29306e+006	2278	2492	2117	2424	1160	1271	625	687	276	308	129	149	97763	101225	1246	1323	575	636	105677	109520	67511	70027	
183	8.28858e+006	8.29246e+006	2309	2515	2111	2421	1175	1283	622	689	278	310	128	149	98318	101809	1255	1332	584	645	106274	110152	67911	70453	
184	8.28797e+006	8.29188e+006	2301	2511	2127	2440	1190	1302	629	696	284	314	130	151	98858	102377	1261	1338	569	631	106856	110769	68328	70894	
185	8.28734e+006	8.29129e+006	2320	2534	2122	2441	1190	1301	636	706	280	313	129	151	99418	102967	1268	1346	575	640	107446	111394	68735	71321	
186	8.2867e+006	8.29068e+006	2340	2552	2130	2455	1188	1302	638	706	284	319	131	153	99988	103562	1274	1352	595	654	108055	112035	69162	71769	
187	8.28607e+006	8.29008e+006	2338	2550	2148	2472	1204	1318	643	708	286	321	132	154	100541	104148	1280	1357	583	642	108652	112662	69586	72215	
188	8.28545e+006	8.28949e+006	2350	2561	2161	2494	1212	1333	642	706	289	324	134	156	101090	104722	1287	1366	581	642	109251	113286	70005	72657	
189	8.28481e+006	8.28888e+006	2371	2580	2180	2514	1212	1332	651	714	293	327	134	156	101643	105308	1294	1373	596	658	109861	113931	70430	73104	
190	8.28418e+006	8.28828e+006	2358	2567	2197	2532	1214	1332	653	720	295	331	132	154	102218	105910	1304	1383	579	643	110455	114559	70862	73561	
191	8.28355e+006	8.28769e+006	2357	2563	2220	2554	1218	1337	653	720	301	337	134	156	102780	106496	1310	1389	579	640	111048	115186	71289	74010	
192	8.2829e+006	8.28707e+006	2379	2593	2219	2550	1227	1344	656	724	301	338	137	160	103362	107104	1316	1396	604	671	111668	115841	71714	74453	
193	8.28224e+006	8.28644e+006	2393	2611	2232	2563	1227	1343	662	728	304	341	139	162	103944	107715	1326	1406	610	676	112295	116500	72153	74918	
194	8.28157e+006	8.28581e+006	2428	2645	2229	2560	1242	1357	669	738	306	341	141	163	104511	108315	1332	1413	615	676	112925	117162	72577	75365	
195	8.28092e+006	8.28519e+006	2455	2681	2229	2557	1246	1361	669	741	312	345	144	166	105092	108926	1337	1418	606	676	113548	117821	73000	75814	
196	8.28026e+006	8.28457e+006	2453	2676	2236	2573	1246	1365	681	748	315	350	146	170	105678	109548	1344	1425	601	668	114166	118473	73453	76289	
197	8.27961e+006	8.28395e+006	2442	2668	2257	2595	1254	1374	686	754	315	353	145	169	106257	110162	1353	1433	601	666	114783	119123	73906	76764	
198	8.27893e+006	8.2833e+006	2465	2691	2279	2619	1264	1387	685	753	316	355	142	166	106849	110780	1360	1440	637	700	115434	119809	74350	77230	
199	8.27827e+006	8.28268e+006	2466	2692	2269	2619	1281	1409	689	757	316	353	140	164	107446	111414	1368	1449	607	678	116059	120469	74788	77695	
200	8.27759e+006	8.28203e+006	2494	2721	2297	2651	1274	1402	699	765	315	352	142	167	108023	112023	1378	1459	629	696	116702	121151	75244	78174	
201	8.2769e+006	8.28139e+006	2529	2750	2317	2675	1275	1405	696	759	318	356	142	167	108607	112642	1387	1468	636	696	117351	121834	75690	78642	
202	8.27622e+006	8.28074e+006	2521	2746	2342	2695	1283	1414	683	751	325	363	144	169	109223	113292	1395	1476	629	696	117996	122514	76159	79137	
203	8.27553e+006	8.28009e+006	2550	2776	2334	2692	1287	1419	696	761	320	358	141	165	109837	113936	1402	1485	638	706	118647	123207	76605	79608	
204	8.27483e+006	8.27944e+006	2559	2792	2347	2709	1291	1420	700	763	322	361	141	166	110453	114582	1412	1493	639	711	119300	123904	77065	80095	
205	8.27414e+006	8.27878e+006	2562	2805	2378	2729	1292	1416	700	769	323	363	142	165	111067	115228	1419	1500	640	708	119955	124597	77528	80584	
206	8.27344e+006	8.27812e+006	2582	2830	2382	2732	1316	1441	698	766	324	362	143	165	111676	115873	1429	1510	650	719	120621	125301	77981	81063	
207	8.27273e+006	8.27745e+006	2597	2843	2391	2747	1342	1467	705	779	325	362	146	169	112275	116504	1437	1519	651	721	121289	126005	78439	81551	
208	8.27203e+006	8.27679e+006	2606	2846	2382	2752	1350	1477	723	795	321	360	145	167	112904	117164	1446	1529	647	714	121951	126704	78911	82052	
209	8.27131e+006	8.27611e+006	2627	2867	2394	2763	1371	1496	717	793	327	365	150	171	113521	117812	1455	1539	662	729	122624	127422	79368	82538	
210	8.27058e+006	8.27543e+006	2645	2889	2403	2775	1382	1508	719	796	326	364	150	172	114156	118486	1461	1546	669	741	123304	128152	79835	83033	
211	8.26988e+006	8.27477e+006	2640	2889	2411	2792	1386	1519	725	798	324	362	151	174	114792	119158	1470	1556	647	720	123965	128859	80310	83534	
212	8.26914e+006	8.27408e+006	2671	2931	2431	2815	1383	1517	735	811	325	361	151	173	115416	119818	1479	1565	679	755	124658	129599	80790	84042	
213	8.26841e+006	8.27339e+006	2680	2946	2443	2831	1389	1529	741	819	328	365	155	178	116052	120491	1485	1572	671	745	125343	130329	81268	84546	
214	8.26766e+006	8.2727e+006	2696	2960	2463	2850	1400	1539	729	809	334	370	158	182	116705	121184	1493	1580	684	756	126040	131072	81749	85062	
215	8.26692e+006	8.272e+006	2733	3001	2481	2874	1386	1531	739	816	336	372	160	184	117340	121857	1503	1590	683	762	126736	131821	82224	85567	
216	8.26618e+006	8.27131e+006	2726	2990	2502	2901	1393	1539	755	834	334	371	160	184	117981	122538	1511	1599	672	744	127422	132552	82721	86096	
217	8.26543e+006	8.2706e+006	2751	3014	2516	2927	1390	1545	756	837	336	373	160	184	118635	123227	1520	1610	695	769	128132	133306	83217	86621	
218	8.26466e+006	8.26988e+006	2773	3044	2543	2959	1399	1556	745	823	341	379	163	187	119297	123926	1528	1618	707	785	128856	134074	83715	87152	
219	8.26392e+006	8.26918e+006	2776	3043	2562	2987	1403	1559	752	832	337	375	160	185	119956	124627	1539	1629	686	761	129556	134821	84208	87684	
220	8.26316e+006	8.26847e+006	2796	3067	2555	2978	1415	1569	763	844	338	378	162	186	120615	125334	1547	1638	692	768	130262	135575	84689	88200	
221	8.26239e+006	8.26776e+006	2807	3087	2583	3004	1438	1589	763	844	339	380	158	182	121265	126032	1555	1646	704	791	130980	136351	85191	88732	
222	8.26162e+006	8.26704e+006	2797	3077	2597	3022	1451	1603	763	843	343	385	158	182	121947	126757	1564	1655	698	775	131692	137112	85704	89279	
223	8.26085e+006	8.26632e+006	2818	3103	2615	3037	1451	1600	767	848	345	388	158	182	122618	127469	1573	1664	707	786	132413	137885	86213	89822	
224	8.26007e+006	8.26559e+006	2845	3125	2615	3042	1457	1611	793	879	337	378	152	176	123287	128179	1583	1674	719	790	133144	138663	86724	90368	
225	8.2593e+006	8.26487e+006	2847	3124	2632	3068	1459	1615	797	882	343	385	155	178	123966	128910	1592	1683	706	789	133863	139439	87245	90928	
226	8.25852e+006	8.26415e+006	2861	3143	2666	3105	1452	1607	793	877	347	391	154	179	124643	129632	1600	1691	713	793	134591	140217	87759	91479	
227	8.25771e+006	8.2634e+006	2889	3177	2682	3123	1451	1604	799	885	346	390	153	176	125341	130370	1608	1699	736	819	135339	141024	88279	92040	
228	8.25691e+006	8.26264e+006	2911	3204	2683	3121	1460	1614	804	894	350	393	155	179	126044	131117	1618	1710	740	819	136092	141830	88792	92585	
229	8.25613e+006	8.26191e+006	2924	3207	2677	3124	1485	1640	803	891	353	397	159	182	126732	131853	1627	1720	719	792	136824	142608	89296	93128	
230	8.25533e+006	8.26117e+006	2940	3223	2687	3139	1495	1652	786	869	361	405	161	186	127443	132611	1634	1728	728	812	137565	143406	89814	93681	
231	8.25451e+006	8.2604e+006	2967	3241	2717	3165	1498	1652	794	877	364	408	165	191	128140	133366	1644	1738	763	836	138341	144229	90363	94271	
232	8.25372e+006	8.25966e+006	2951	3219	2734	3187	1519	1677	809	896	363	408	167	192	128827	134096	1656	1751	724	798	139080	145012	90897	94842	
233	8.25291e+006	8.2589e+006	2971	3256	2734	3180	1531	1690	811	896	367	412	170	196	129535	134855	1663	1759	739	827	139833	145826	91416	95393	
234	8.25209e+006	8.25813e+006	3004	3281	2747	3206	1524	1689	805	886	376	422	173	198	130258	135623	1671	1766	761	837	140607	146649	91948	95962	
235	8.25127e+006	8.25736e+006	2997	3277	2791	3241	1536	1701	818	904	374	418	171	197	130954	136373	1682	1778	755	833	141379	147466	92504	96554	
236	8.25048e+006	8.25661e+006	3001	3290	2803	3241	1542	1697	829	919	372	416	170	196	131662	137129	1693	1789	729	810	142123	148261	93031	97112	
237	8.24964e+006	8.25583e+006	3033	3309	2799	3242	1549	1705	827	915	382	427	176	203	132396	137920	1700	1796	768	849	142905	149096	93574	97698	
238	8.24884e+006	8.25508e+006	3007	3290	2818	3257	1554	1706	826	916	385	433	176	205	133136	138712	1709	1805	736	817	143657	149897	94133	98293	
239	8.24804e+006	8.25433e+006	2989	3275	2843	3286	1566	1717	828	918	385	433	175	202	133857	139479	1717	1814	738	817	144408	150701	94683	98876	
240	8.24721e+006	8.25355e+006	3023	3307	2839	3277	1575	1721	840	931	380	429	173	201	134584	140258	1726	1824	762	842	145184	151530	95208	99442	
241	8.24635e+006	8.25274e+006	3047	3332	2847	3289	1571	1722	854	942	381	430	175	203	135335	141057	1736	1835	791	875	145994	152386	95774	100045	
242	8.24552e+006	8.25196e+006	3077	3356	2855	3305	1574	1728	860	948	383	434	177	205	136054	141822	1745	1845	766	841	146774	153213	96315	100623	
243	8.24469e+006	8.25118e+006	3102	3391	2845	3287	1583	1735	858	950	387	436	178	205	136794	142623	1755	1855	765	850	147554	154048	96847	101195	
244	8.24387e+006	8.25041e+006	3093	3382	2835	3284	1591	1747	861	949	388	438	181	210	137555	143436	1765	1865	753	834	148323	154866	97393	101779	
245	8.24304e+006	8.24963e+006	3066	3355	2866	3317	1597	1754	864	955	390	439	181	208	138313	144236	1773	1874	766	846	149102	155699	97973	102395	
246	8.2422e+006	8.24884e+006	3077	3367	2903	3345	1603	1753	859	948	394	445	183	209	139049	145023	1782	1883	778	852	149892	156539	98529	102990	
247	8.24135e+006	8.24805e+006	3090	3377	2898	3348	1603	1752	860	948	395	446	184	210	139820	145843	1793	1895	778	859	150685	157383	99089	103589	
248	8.24052e+006	8.24727e+006	3108	3396	2908	3359	1608	1760	859	946	395	443	187	211	140563	146638	1803	1906	772	852	151471	158221	99644	104176	
249	8.23964e+006	8.24645e+006	3146	3435	2927	3382	1615	1768	861	946	399	448	190	214	141298	147427	1812	1916	802	887	152289	159093	100198	104769	
250	8.23879e+006	8.24566e+006	3145	3447	2949	3401	1609	1758	870	958	403	452	189	214	142055	148232	1820	1923	776	865	153080	159943	100771	105382	
251	8.23793e+006	8.24485e+006	3160	3462	2917	3371	1624	1776	890	976	401	450	184	209	142837	149064	1829	1933	793	875	153888	160802	101330	105977	
252	8.23711e+006	8.24407e+006	3150	3448	2920	3382	1623	1782	898	986	399	449	182	208	143602	149873	1838	1942	762	838	154668	161623	101894	106581	
253	8.23626e+006	8.24327e+006	3133	3430	2951	3409	1630	1790	884	973	403	452	182	207	144380	150707	1849	1954	786	868	155470	162475	102488	107214	
254	8.23538e+006	8.24244e+006	3165	3457	2955	3422	1649	1808	888	979	399	448	183	207	145138	151513	1859	1964	808	892	156293	163352	103045	107816	
255	8.23453e+006	8.24164e+006	3160	3456	2982	3449	1651	1807	898	993	402	451	184	209	145896	152321	1867	1972	786	875	157098	164208	103627	108438	
256	8.23368e+006	8.24084e+006	3182	3481	2970	3437	1647	1805	897	991	406	456	185	212	146672	153148	1877	1983	783	864	157895	165058	104190	109028	
257	8.2328e+006	8.24001e+006	3207	3508	2995	3461	1633	1789	890	982	411	460	186	212	147458	153985	1888	1995	811	897	158725	165935	104765	109641	
258	8.23193e+006	8.23919e+006	3204	3505	3022	3492	1639	1799	902	992	409	458	185	212	148223	154803	1899	2007	807	887	159548	166806	105358	110272	
259	8.23108e+006	8.23839e+006	3202	3499	2999	3472	1647	1806	914	1005	411	461	183	212	149019	155650	1907	2015	785	869	160350	167658	105930	110883	
260	8.2302e+006	8.23756e+006	3232	3531	3022	3487	1631	1790	914	1005	414	464	183	212	149796	156485	1918	2026	812	897	161181	168535	106508	111502	
261	8.22932e+006	8.23672e+006	3235	3530	3029	3498	1639	1804	913	1006	419	468	184	214	150589	157332	1927	2037	814	895	162013	169412	107104	112128	
262	8.22844e+006	8.23589e+006	3248	3544	3048	3520	1665	1831	915	1010	423	471	187	217	151352	158134	1937	2048	821	901	162850	170296	107687	112747	
263	8.22758e+006	8.23507e+006	3267	3554	3055	3530	1656	1821	912	1006	423	472	189	220	152146	158977	1948	2060	802	880	163667	171160	108269	113367	
264	8.22673e+006	8.23427e+006	3236	3520	3043	3518	1674	1837	912	1007	433	482	189	219	152948	159833	1958	2071	784	861	164467	172005	108853	113987	
265	8.22586e+006	8.23344e+006	3237	3519	3064	3533	1679	1843	918	1017	434	484	191	221	153734	160670	1968	2081	814	895	165300	172880	109450	114617	
266	8.22496e+006	8.23259e+006	3242	3527	3076	3545	1703	1869	924	1023	433	483	188	217	154516	161503	1979	2093	825	910	166144	173772	110043	115242	
267	8.22408e+006	8.23177e+006	3255	3541	3064	3525	1707	1871	933	1026	430	482	189	220	155327	162365	1991	2106	812	895	166971	174652	110625	115861	
268	8.22319e+006	8.23092e+006	3303	3591	3054	3512	1695	1856	936	1028	434	488	189	221	156132	163217	2001	2117	832	911	167819	175547	111201	116471	
269	8.2223e+006	8.23007e+006	3315	3606	3068	3522	1710	1874	940	1034	436	487	191	222	156918	164050	2012	2129	826	911	168663	176439	111801	117101	
270	8.2214e+006	8.22922e+006	3323	3611	3093	3548	1697	1862	945	1046	437	487	193	224	157733	164907	2022	2139	833	914	169517	177333	112425	117760	
271	8.2205e+006	8.22837e+006	3335	3638	3095	3551	1692	1859	941	1037	442	497	198	229	158554	165771	2033	2150	827	920	170363	178233	113025	118396	
272	8.2196e+006	8.22752e+006	3334	3648	3105	3557	1697	1860	948	1046	443	499	198	228	159371	166635	2043	2161	832	920	171216	179132	113631	119042	
273	8.21871e+006	8.22667e+006	3342	3650	3136	3590	1696	1853	946	1043	445	497	199	228	160179	167488	2056	2175	833	912	172069	180025	114242	119690	
274	8.21781e+006	8.22582e+006	3340	3654	3168	3628	1710	1872	946	1042	443	494	203	232	160968	168325	2067	2187	832	918	172919	180924	114852	120330	
275	8.21688e+006	8.22493e+006	3377	3689	3161	3636	1725	1893	949	1047	444	497	201	231	161786	169184	2076	2197	864	955	173802	181861	115457	120971	
276	8.21596e+006	8.22406e+006	3398	3705	3158	3637	1735	1902	947	1043	448	501	206	234	162618	170063	2087	2209	851	939	174675	182777	116072	121622	
277	8.21507e+006	8.22321e+006	3392	3705	3171	3648	1743	1908	948	1048	446	499	200	228	163433	170930	2099	2220	825	913	175524	183667	116683	122263	
278	8.21416e+006	8.22235e+006	3400	3718	3180	3667	1730	1901	954	1051	446	498	202	229	164265	171811	2109	2232	838	932	176386	184575	117311	122926	
279	8.21324e+006	8.22148e+006	3386	3704	3192	3690	1750	1928	963	1063	453	504	204	233	165085	172674	2118	2242	850	941	177254	185498	117941	123594	
280	8.21232e+006	8.22062e+006	3379	3705	3203	3705	1759	1936	964	1067	450	501	204	233	165929	173557	2129	2253	846	937	178120	186416	118567	124252	
281	8.2114e+006	8.21974e+006	3404	3735	3208	3698	1757	1931	970	1071	447	498	202	229	166760	174445	2140	2265	851	944	178992	187338	119173	124885	
282	8.21048e+006	8.21887e+006	3412	3743	3216	3707	1757	1932	976	1078	450	500	203	230	167592	175324	2152	2276	847	939	179862	188255	119797	125545	
283	8.20956e+006	8.218e+006	3418	3744	3219	3724	1769	1948	970	1070	448	499	200	228	168441	176211	2164	2289	854	945	180736	189179	120410	126195	
284	8.20863e+006	8.21712e+006	3435	3752	3224	3736	1776	1957	973	1076	454	505	203	231	169271	177089	2175	2301	863	945	181618	190105	121040	126862	
285	8.20771e+006	8.21625e+006	3435	3756	3210	3721	1779	1958	979	1085	454	506	204	234	170135	178006	2186	2312	852	946	182491	191030	121664	127519	
286	8.2068e+006	8.21538e+006	3430	3743	3211	3729	1771	1953	989	1096	454	508	207	238	170984	178897	2199	2326	841	927	183354	191936	122292	128180	
287	8.20587e+006	8.21451e+006	3428	3749	3233	3749	1783	1960	988	1095	459	511	210	241	171820	179774	2208	2337	854	949	184228	192864	122915	128841	
288	8.20493e+006	8.21362e+006	3431	3771	3252	3759	1790	1961	980	1090	462	516	207	241	172674	180673	2219	2347	867	967	185115	193810	123552	129514	
289	8.20399e+006	8.21273e+006	3447	3781	3263	3774	1780	1951	997	1107	455	510	203	236	173519	181573	2232	2361	866	957	186003	194746	124186	130189	
290	8.20305e+006	8.21184e+006	3474	3817	3242	3744	1800	1968	991	1098	462	521	207	241	174375	182478	2242	2370	871	962	186893	195688	124786	130823	
291	8.20208e+006	8.21093e+006	3512	3857	3251	3758	1792	1960	983	1091	464	523	207	243	175239	183394	2253	2383	891	988	187803	196657	125417	131494	
292	8.20113e+006	8.21003e+006	3525	3866	3259	3776	1802	1972	980	1091	464	522	205	240	176101	184301	2264	2393	879	976	188705	197611	126054	132172	
293	8.20018e+006	8.20914e+006	3533	3877	3268	3785	1804	1975	988	1100	463	522	205	242	176961	185204	2274	2405	875	967	189599	198559	126688	132846	
294	8.19923e+006	8.20825e+006	3532	3877	3258	3787	1818	1995	995	1102	457	517	201	238	177832	186123	2283	2415	869	963	190486	199504	127323	133516	
295	8.19829e+006	8.20735e+006	3518	3853	3276	3809	1836	2019	990	1099	461	519	202	238	178694	187037	2295	2426	876	966	191383	200449	127972	134205	
296	8.19733e+006	8.20645e+006	3523	3854	3317	3866	1829	2014	1004	1112	463	520	200	234	179530	187918	2306	2438	882	979	192284	201408	128632	134901	
297	8.19638e+006	8.20556e+006	3522	3853	3335	3881	1832	2018	1010	1116	465	523	201	234	180384	188826	2317	2449	876	964	193179	202354	129276	135584	
298	8.19541e+006	8.20464e+006	3547	3884	3335	3873	1836	2021	1018	1125	466	522	203	236	181252	189750	2329	2463	891	998	194095	203326	129912	136260	
299	8.19443e+006	8.20372e+006	3574	3918	3344	3880	1836	2024	1019	1126	470	529	205	239	182122	190670	2339	2473	903	998	195020	204304	130560	136941	
300	8.19347e+006	8.20282e+006	3572	3917	3359	3896	1835	2022	1018	1128	471	530	204	236	183001	191598	2351	2485	883	976	195919	205264	131209	137633	
301	8.1925e+006	8.2019e+006	3593	3940	3354	3882	1829	2007	1030	1140	473	532	204	237	183885	192541	2363	2498	898	987	196833	206234	131857	138318	
302	8.19154e+006	8.20099e+006	3601	3924	3353	3886	1842	2025	1029	1143	479	539	209	243	184766	193473	2375	2513	900	980	197749	207198	132517	139017	
303	8.19055e+006	8.20006e+006	3609	3930	3358	3895	1863	2050	1028	1142	486	547	211	244	185642	194402	2387	2525	911	1004	198678	208184	133168	139706	
304	8.1896e+006	8.19916e+006	3606	3927	3359	3894	1876	2063	1031	1141	496	558	218	251	186507	195324	2397	2537	879	975	199577	209140	133804	140387	
305	8.18863e+006	8.19825e+006	3599	3925	3372	3909	1884	2070	1043	1157	496	558	220	253	187379	196244	2408	2547	889	985	200488	210102	134463	141090	
306	8.18768e+006	8.19735e+006	3581	3920	3377	3902	1896	2080	1042	1154	491	553	220	253	188274	197196	2420	2561	882	975	201391	211057	135111	141773	
307	8.18669e+006	8.19641e+006	3589	3930	3395	3925	1912	2097	1036	1142	491	552	220	255	189170	198141	2430	2572	918	1015	202331	212051	135774	142476	
308	8.18569e+006	8.19547e+006	3626	3972	3391	3906	1911	2086	1033	1139	498	557	222	256	190072	199097	2442	2584	917	1015	203266	213047	136416	143162	
309	8.18472e+006	8.19456e+006	3631	3973	3387	3905	1899	2076	1043	1148	503	561	227	262	190973	200051	2450	2594	893	987	204179	214015	137075	143854	
310	8.18375e+006	8.19363e+006	3648	3989	3399	3916	1885	2066	1035	1144	502	562	228	263	191867	201002	2463	2607	901	991	205103	214983	137730	144543	
311	8.18277e+006	8.1927e+006	3646	3982	3415	3938	1889	2073	1020	1126	501	561	228	261	192787	201977	2475	2620	917	1007	206041	215969	138404	145258	
312	8.18178e+006	8.19177e+006	3637	3975	3427	3974	1883	2082	1025	1131	497	554	227	257	193692	202930	2487	2632	909	1007	206969	216956	139077	145971	
313	8.18081e+006	8.19085e+006	3640	3983	3418	3963	1879	2073	1035	1142	497	552	226	256	194597	203891	2501	2647	897	995	207887	217931	139734	146669	
314	8.17982e+006	8.18991e+006	3656	3998	3433	3975	1883	2078	1039	1145	492	546	222	250	195483	204834	2515	2662	915	1008	208823	218917	140400	147370	
315	8.17881e+006	8.18896e+006	3675	4018	3451	3984	1897	2088	1043	1151	494	548	220	249	196376	205775	2528	2676	937	1026	209779	219923	141069	148072	
316	8.17782e+006	8.18802e+006	3687	4019	3461	4005	1910	2102	1043	1151	499	553	221	250	197263	206710	2540	2689	921	1008	210717	220913	141730	148778	
317	8.17682e+006	8.18708e+006	3713	4042	3440	3986	1907	2102	1052	1162	496	552	221	251	198182	207680	2554	2704	923	1018	211659	221913	142383	149474	
318	8.1758e+006	8.1861e+006	3746	4084	3427	3963	1926	2111	1062	1174	494	550	222	253	199096	208655	2566	2716	948	1050	212632	222937	143045	150173	
319	8.17482e+006	8.18518e+006	3718	4056	3463	3997	1931	2117	1061	1171	497	554	222	254	199995	209607	2579	2731	909	998	213557	223919	143735	150901	
320	8.17383e+006	8.18424e+006	3719	4058	3484	4011	1935	2115	1062	1173	499	556	223	256	200900	210561	2590	2743	922	1009	214499	224909	144413	151618	
321	8.17282e+006	8.18328e+006	3726	4070	3494	4027	1931	2110	1060	1169	503	562	226	261	201823	211531	2604	2757	930	1030	215453	225914	145093	152337	
322	8.17184e+006	8.18236e+006	3688	4023	3512	4050	1950	2132	1070	1178	503	563	227	262	202729	212499	2614	2768	910	1004	216380	226901	145783	153061	
323	8.17084e+006	8.18142e+006	3696	4036	3527	4055	1949	2128	1070	1180	499	561	228	264	203636	213462	2627	2782	918	1009	217316	227892	146446	153764	
324	8.16983e+006	8.18047e+006	3709	4055	3541	4062	1943	2122	1074	1185	505	569	231	269	204547	214421	2642	2797	933	1030	218268	228902	147123	154478	
325	8.16883e+006	8.17952e+006	3711	4048	3514	4050	1955	2145	1076	1187	509	572	234	272	205484	215412	2653	2809	932	1023	219221	229905	147802	155190	
326	8.16784e+006	8.17858e+006	3723	4052	3506	4050	1952	2143	1076	1187	510	574	236	276	206408	216389	2665	2821	923	1007	220160	230896	148473	155905	
327	8.16685e+006	8.17764e+006	3725	4055	3496	4038	1955	2147	1081	1196	515	577	235	272	207329	217364	2677	2834	921	1011	221101	231887	149146	156618	
328	8.16584e+006	8.17668e+006	3722	4054	3500	4033	1942	2126	1074	1186	516	578	233	268	208296	218383	2690	2847	929	1029	222053	232893	149835	157346	
329	8.16483e+006	8.17572e+006	3731	4061	3511	4046	1954	2139	1078	1187	512	572	228	260	209210	219352	2704	2862	940	1032	223012	233906	150516	158066	
330	8.1638e+006	8.17476e+006	3759	4098	3506	4039	1960	2144	1077	1182	511	572	228	261	210139	220333	2717	2876	950	1046	223981	234933	151186	158773	
331	8.16279e+006	8.1738e+006	3769	4117	3516	4036	1947	2121	1083	1191	510	568	232	262	211078	221320	2729	2889	932	1030	224933	235942	151864	159492	
332	8.16179e+006	8.17286e+006	3768	4111	3515	4040	1966	2144	1086	1193	516	575	233	262	211982	222286	2740	2902	928	1022	225879	236946	152542	160207	
333	8.16077e+006	8.17189e+006	3773	4119	3536	4064	1964	2146	1077	1187	519	578	234	265	212911	223268	2753	2915	945	1041	226848	237963	153238	160944	
334	8.15975e+006	8.17093e+006	3769	4111	3543	4069	1974	2157	1089	1196	512	569	230	260	213848	224264	2765	2927	945	1038	227810	238983	153931	161676	
335	8.15876e+006	8.16999e+006	3751	4089	3539	4071	1977	2162	1082	1189	511	570	229	260	214796	225260	2777	2940	914	1007	228742	239973	154606	162396	
336	8.15775e+006	8.16903e+006	3767	4105	3551	4093	1970	2155	1087	1195	512	570	228	259	215719	226233	2789	2951	943	1039	229708	240989	155292	163123	
337	8.15675e+006	8.16808e+006	3745	4086	3562	4105	1987	2168	1072	1178	514	573	231	263	216658	227226	2803	2965	925	1020	230654	241988	155980	163850	
338	8.15575e+006	8.16713e+006	3730	4067	3584	4120	1984	2160	1073	1186	516	572	232	263	217590	228215	2815	2978	930	1019	231604	242987	156675	164585	
339	8.15474e+006	8.16618e+006	3750	4087	3562	4100	1977	2157	1075	1178	514	571	235	266	218540	229226	2826	2989	932	1029	232554	243998	157349	165297	
340	8.15371e+006	8.16521e+006	3756	4093	3551	4090	1981	2162	1079	1182	516	573	241	271	219492	230234	2837	3001	949	1045	233523	245023	158032	166019	
341	8.15269e+006	8.16424e+006	3787	4115	3547	4085	1974	2161	1088	1187	515	570	236	267	220425	231224	2851	3015	954	1044	234498	246046	158710	166736	
342	8.15169e+006	8.16328e+006	3791	4125	3554	4088	1968	2155	1069	1166	516	573	240	271	221377	232231	2864	3029	936	1027	235455	247051	159393	167455	
343	8.15066e+006	8.16232e+006	3803	4133	3555	4090	1956	2141	1079	1176	513	569	235	266	222327	233229	2877	3043	943	1038	236417	248072	160083	168188	
344	8.14964e+006	8.16134e+006	3808	4134	3550	4084	1967	2151	1081	1180	520	576	237	268	223268	234223	2889	3055	957	1043	237393	249095	160773	168922	
345	8.14861e+006	8.16036e+006	3817	4146	3567	4096	1990	2176	1090	1195	520	574	236	266	224178	235188	2902	3068	963	1056	238376	250131	161469	169652	
346	8.14759e+006	8.1594e+006	3821	4150	3579	4106	1970	2155	1080	1185	520	574	239	269	225138	236199	2918	3085	939	1032	239333	251145	162168	170386	
347	8.14659e+006	8.15845e+006	3809	4140	3596	4120	1974	2156	1074	1181	519	573	241	273	226078	237189	2930	3098	933	1026	240288	252150	162855	171116	
348	8.14556e+006	8.15747e+006	3815	4147	3612	4133	1986	2166	1089	1196	517	571	239	271	227003	238161	2942	3109	962	1052	241270	253181	163558	171852	
349	8.14454e+006	8.1565e+006	3797	4125	3630	4151	1994	2180	1095	1204	518	572	239	273	227936	239151	2954	3122	942	1036	242234	254195	164264	172598	
350	8.14354e+006	8.15555e+006	3790	4111	3629	4153	1982	2168	1099	1203	517	573	231	265	228890	240160	2968	3136	929	1020	243183	255196	164959	173335	
351	8.14248e+006	8.15455e+006	3842	4164	3629	4152	1963	2149	1104	1205	520	577	234	267	229844	241166	2980	3149	987	1077	244190	256254	165655	174066	
352	8.14147e+006	8.15358e+006	3825	4146	3644	4165	1974	2161	1118	1220	519	574	231	266	230776	242144	2992	3163	945	1034	245155	257267	166368	174813	
353	8.14046e+006	8.15262e+006	3827	4146	3636	4159	1978	2168	1132	1233	521	580	234	270	231708	243134	3005	3175	945	1035	246121	258280	167059	175537	
354	8.13943e+006	8.15164e+006	3848	4177	3617	4141	1970	2163	1140	1236	519	579	235	272	232666	244140	3018	3190	952	1050	247093	259310	167745	176257	
355	8.13837e+006	8.15064e+006	3840	4171	3626	4144	1988	2178	1141	1237	516	579	233	273	233634	245165	3032	3204	978	1073	248092	260362	168460	177007	
356	8.13736e+006	8.14968e+006	3837	4169	3627	4139	1992	2185	1134	1233	523	587	233	274	234577	246161	3046	3218	942	1031	249054	261374	169155	177736	
357	8.13634e+006	8.14871e+006	3844	4173	3630	4143	2001	2190	1130	1234	524	586	231	271	235519	247152	3060	3231	952	1039	250022	262397	169850	178464	
358	8.13532e+006	8.14775e+006	3835	4160	3620	4142	1998	2192	1125	1231	526	588	236	275	236492	248172	3073	3244	942	1038	250983	263416	170553	179206	
359	8.1343e+006	8.14679e+006	3802	4128	3659	4179	1998	2188	1124	1231	530	591	237	274	237441	249168	3086	3257	946	1040	251951	264433	171276	179967	
360	8.13328e+006	8.14581e+006	3815	4145	3672	4191	2000	2185	1118	1223	534	592	242	277	238380	250162	3099	3272	956	1048	252927	265461	171971	180700	
361	8.13226e+006	8.14485e+006	3805	4137	3654	4174	1981	2167	1129	1231	538	595	243	278	239357	251192	3114	3288	940	1033	253887	266474	172680	181444	
362	8.13123e+006	8.14387e+006	3821	4150	3655	4178	1980	2164	1127	1232	538	596	242	277	240309	252189	3129	3303	959	1049	254865	267505	173372	182178	
363	8.13025e+006	8.14293e+006	3796	4113	3651	4174	1988	2170	1116	1221	544	603	243	277	241266	253193	3142	3317	922	1002	255807	268486	174060	182902	
364	8.12925e+006	8.14198e+006	3772	4085	3650	4166	1996	2174	1113	1214	541	599	240	273	242231	254218	3155	3331	932	1020	256759	269486	174757	183639	
