Day	Susceptible-LB	Susceptible-UB	Exposed-LB	Exposed-UB	Current Detected Mild Infections-LB	Current Detected Mild Infections-UB	Current Undetected Mild Infections-LB	Current Undetected Mild Infections-UB	Current Hospitalizations-LB	Current Hospitalizations-UB	Current ICU patients-LB	Current ICU patients-UB	ventilators-LB	ventilators-UB	Recovered-LB	Recovered-UB	Deaths-LB	Deaths-UB	new infections today-LB	new infections today-UB	total number of infections-LB	total number of infections-UB	Confirmed total number of infections-LB	Confirmed total number of infections-UB	
0	8.39714e+006	8.39714e+006	1600	1600	0	0	0	0	0	0	0	0	0	0	0	0	0	0	0	0	1600	1600	0	0	
1	8.39698e+006	8.39698e+006	1760	1760	0	0	0	0	0	0	0	0	0	0	0	0	0	0	160	160	1760	1760	0	0	
2	8.39682e+006	8.39682e+006	1920	1920	0	0	0	0	0	0	0	0	0	0	0	0	0	0	160	160	1920	1920	0	0	
3	8.39565e+006	8.3957e+006	3036	3084	0	0	0	0	0	0	0	0	0	0	0	0	0	0	1116	1164	3036	3084	0	0	
4	8.39444e+006	8.39451e+006	2625	2696	802	828	772	798	0	0	0	0	0	0	0	0	0	0	1176	1225	4225	4296	802	828	
5	8.39312e+006	8.3932e+006	3772	3861	880	907	853	880	0	0	0	0	0	0	0	0	0	0	1294	1339	5532	5621	880	907	
6	8.39102e+006	8.39116e+006	5654	5795	962	990	930	958	0	0	0	0	0	0	0	0	0	0	2027	2108	7574	7715	962	990	
7	8.38823e+006	8.38843e+006	7260	7434	1519	1590	1479	1532	0	0	0	0	0	0	0	0	0	0	2715	2810	10306	10507	1531	1578	
8	8.38463e+006	8.3849e+006	9602	9817	2110	2208	2067	2136	0	0	0	0	0	0	0	0	0	0	3510	3616	13838	14102	2129	2189	
9	8.37969e+006	8.38006e+006	13135	13436	2755	2872	2726	2801	0	0	0	0	0	0	0	0	0	0	4820	4966	18679	19046	2779	2848	
10	8.37301e+006	8.37351e+006	17633	18034	2968	3136	2947	3037	279	299	0	0	0	0	1301	1321	0	0	6522	6708	25224	25731	3960	4060	
11	8.365e+006	8.3657e+006	22710	23249	4223	4456	4248	4367	306	327	0	0	0	0	1433	1454	0	0	7786	8031	33032	33740	5323	5452	
12	8.35401e+006	8.35496e+006	29918	30638	5874	6177	5950	6098	338	359	0	0	0	0	1561	1582	0	0	10721	11003	43773	44723	7091	7249	
13	8.33901e+006	8.34031e+006	39726	40699	7713	8106	7797	7988	562	594	0	0	0	0	2457	2507	0	0	14626	15028	58424	59726	9649	9867	
14	8.31969e+006	8.32146e+006	52034	53331	10338	10860	10494	10741	789	826	0	0	0	0	3420	3486	0	0	18830	19339	77273	79046	13010	13302	
15	8.29442e+006	8.29686e+006	68832	70597	13510	14237	13768	14103	1041	1084	0	0	0	0	4475	4554	0	0	24586	25295	101881	104319	17023	17414	
16	8.2608e+006	8.26404e+006	90909	93237	17782	18734	18127	18565	1154	1212	91	104	50	59	6303	6425	0	0	32798	33643	134701	137941	22579	23090	
17	8.21672e+006	8.221e+006	119293	122310	23701	24976	24039	24622	1642	1706	98	111	53	62	8540	8717	0	0	43016	44095	177736	182017	30188	30884	
18	8.15929e+006	8.16489e+006	156556	160421	31213	32950	31711	32505	2292	2369	106	120	57	66	11409	11642	0	0	56088	57455	233847	239449	39929	40860	
19	8.08403e+006	8.09148e+006	205360	210406	40937	43310	41578	42650	3031	3133	168	186	84	97	15448	15759	0	0	73384	75285	307256	314710	52726	54011	
20	7.98632e+006	7.99606e+006	267957	274496	53871	56979	54715	56122	4065	4198	231	252	112	127	20892	21318	0	0	95394	97736	402675	412421	69744	71436	
21	7.86012e+006	7.87271e+006	348279	356611	71215	75254	72354	74158	5324	5486	306	330	146	162	27372	27953	0	0	123333	126215	526029	538614	91974	94216	
22	7.69693e+006	7.71315e+006	451723	462373	93580	98823	95030	97367	7020	7223	422	450	197	218	36300	37081	0	0	159526	163223	685586	701806	121081	124022	
23	7.48882e+006	7.50967e+006	581796	595228	122466	129412	124398	127540	9355	9618	572	606	267	292	48457	49542	0	0	203461	208136	889070	909920	159278	163143	
24	7.22567e+006	7.25208e+006	743965	760661	160093	169079	162771	166833	12338	12669	769	813	359	389	64131	65600	0	0	257558	263173	1.14666e+006	1.17306e+006	208698	213736	
25	6.8979e+006	6.93061e+006	942076	962246	208816	220235	212109	217283	16199	16646	1050	1106	487	521	84593	86606	0	0	321438	327806	1.46813e+006	1.50084e+006	272855	279345	
26	6.49603e+006	6.53584e+006	1.17728e+006	1.20092e+006	271302	285912	275447	282090	21288	21847	1313	1378	602	642	112024	114718	34	40	394740	401889	1.86289e+006	1.9027e+006	355735	364053	
27	6.01376e+006	6.06102e+006	1.44862e+006	1.47508e+006	350388	369002	355712	364135	28160	28895	1744	1822	810	854	147759	151295	36	42	474787	482306	2.33771e+006	2.38498e+006	461517	472302	
28	5.45075e+006	5.50535e+006	1.7467e+006	1.77496e+006	449719	473094	456513	467098	36983	37934	2337	2433	1094	1149	194452	199076	37	44	555630	563062	2.89339e+006	2.94799e+006	595748	609396	
29	4.81571e+006	4.87623e+006	2.05435e+006	2.08222e+006	572333	600670	580614	593381	48431	49708	3074	3191	1429	1495	255652	261795	53	62	629060	635089	3.5225e+006	3.58302e+006	763639	780652	
30	4.12686e+006	4.19143e+006	2.34437e+006	2.36921e+006	720857	754541	729996	745106	63236	64904	4051	4196	1887	1963	335273	343290	67	77	684695	688953	4.2073e+006	4.27187e+006	970381	991222	
31	3.41625e+006	3.48126e+006	2.57968e+006	2.59759e+006	894952	933787	905958	923348	82349	84432	5381	5567	2501	2598	438157	448569	88	100	709673	711113	4.91748e+006	4.98248e+006	1.21968e+006	1.24451e+006	
32	2.72293e+006	2.78467e+006	2.72045e+006	2.72805e+006	1.09193e+006	1.13486e+006	1.10405e+006	1.12316e+006	107016	109652	7086	7306	3296	3408	571317	584773	114	128	693201	696715	5.61407e+006	5.67581e+006	1.51293e+006	1.54187e+006	
33	2.08715e+006	2.14222e+006	2.72824e+006	2.73434e+006	1.30416e+006	1.34855e+006	1.31702e+006	1.33681e+006	138177	141466	9328	9605	4311	4451	741357	758738	152	166	635721	642504	6.25652e+006	6.31159e+006	1.84702e+006	1.87938e+006	
34	1.54098e+006	1.5867e+006	2.58577e+006	2.60485e+006	1.51825e+006	1.56093e+006	1.53067e+006	1.54961e+006	177369	181563	12286	12630	5655	5832	956742	978720	197	214	546121	555566	6.81203e+006	6.85776e+006	2.21415e+006	2.2492e+006	
35	1.1017e+006	1.13753e+006	2.31448e+006	2.3438e+006	1.71434e+006	1.75051e+006	1.72503e+006	1.74112e+006	225629	230649	16138	16578	7437	7661	1.22603e+006	1.25339e+006	262	285	439247	449205	7.26121e+006	7.29703e+006	2.60051e+006	2.63633e+006	
36	769759	796249	1.95312e+006	1.98847e+006	1.86816e+006	1.89292e+006	1.87604e+006	1.88717e+006	283687	289676	21086	21658	9697	9985	1.55771e+006	1.59106e+006	348	375	331922	341302	7.60249e+006	7.62898e+006	2.98701e+006	3.02189e+006	
37	551745	570996	1.53537e+006	1.57126e+006	1.95598e+006	1.96563e+006	1.95959e+006	1.96422e+006	352058	358942	27563	28297	12649	13006	1.95757e+006	1.99732e+006	454	486	217993	225273	7.82774e+006	7.84699e+006	3.35438e+006	3.38647e+006	
38	411197	425316	1.12976e+006	1.16141e+006	1.95088e+006	1.96157e+006	1.9555e+006	1.96045e+006	429064	436780	35853	36750	16449	16892	2.42779e+006	2.4739e+006	604	641	140528	145700	7.97342e+006	7.98754e+006	3.68578e+006	3.71394e+006	
39	321905	332388	779777	805162	1.84862e+006	1.8765e+006	1.85757e+006	1.87004e+006	511987	519970	46371	47495	21298	21834	2.96328e+006	3.01479e+006	791	837	89273	92948	8.06635e+006	8.07683e+006	3.97166e+006	3.99558e+006	
40	265813	273935	503925	522335	1.66622e+006	1.70888e+006	1.67912e+006	1.69807e+006	594991	602622	59817	61255	27505	28186	3.55136e+006	3.60698e+006	1048	1102	56076	58468	8.1248e+006	8.13292e+006	4.20933e+006	4.22891e+006	
41	231232	237871	320493	333146	1.41755e+006	1.46875e+006	1.43283e+006	1.45563e+006	670512	677086	76383	78120	35112	35935	4.16909e+006	4.22594e+006	1385	1448	34566	36080	8.16087e+006	8.1675e+006	4.39045e+006	4.40642e+006	
42	210714	216419	200462	208918	1.14789e+006	1.20108e+006	1.14928e+006	1.17283e+006	729401	733932	96542	98655	44373	45364	4.78615e+006	4.84146e+006	1833	1905	20501	21468	8.18232e+006	8.18802e+006	4.53848e+006	4.5514e+006	
43	199389	204575	122496	127833	880245	930008	871418	893405	761954	764002	120572	123042	55421	56578	5.37131e+006	5.42229e+006	2414	2509	11312	11858	8.19416e+006	8.19935e+006	4.65211e+006	4.66254e+006	
44	193904	198812	71892	75140	640502	682381	623350	641701	760409	762554	148442	151295	68216	69565	5.89801e+006	5.94265e+006	3154	3275	5474	5773	8.19992e+006	8.20483e+006	4.73845e+006	4.74665e+006	
45	190045	194734	41172	43152	442563	474969	419299	433298	722192	727217	179494	182565	82477	83943	6.35035e+006	6.38797e+006	4151	4300	3848	4090	8.204e+006	8.20869e+006	4.80215e+006	4.80864e+006	
46	187518	192069	23179	24368	290434	313431	262629	272380	652807	660473	212378	215545	97673	99156	6.72419e+006	6.75502e+006	5436	5617	2515	2676	8.20667e+006	8.21122e+006	4.84733e+006	4.85249e+006	
47	185918	190366	13457	14222	189830	205312	158634	165002	557101	566258	245125	248191	112756	114171	7.00922e+006	7.0344e+006	7103	7330	1591	1712	8.20837e+006	8.21282e+006	4.87581e+006	4.88015e+006	
48	184902	189293	8989	9532	116788	126934	97958	102117	449679	459213	275027	277789	126427	127714	7.22985e+006	7.2506e+006	9263	9542	1005	1084	8.20944e+006	8.21383e+006	4.89168e+006	4.89551e+006	
49	184274	188619	5756	6128	70834	77212	59442	62025	343335	352314	299740	301897	137756	138798	7.40218e+006	7.41935e+006	12019	12352	621	680	8.21012e+006	8.21446e+006	4.90201e+006	4.90549e+006	
50	183886	188202	3619	3881	42020	45977	35267	36896	247897	255431	316261	317665	145293	146022	7.53743e+006	7.55164e+006	15504	15901	382	424	8.21053e+006	8.21485e+006	4.90849e+006	4.91178e+006	
51	183663	187964	2243	2414	24237	26682	20444	21456	169345	175179	323139	324082	148418	148990	7.64231e+006	7.65416e+006	19839	20315	217	243	8.21077e+006	8.21507e+006	4.91254e+006	4.91572e+006	
52	183530	187820	1365	1480	13777	15265	11636	12262	108811	112927	319579	320785	146792	147472	7.72362e+006	7.73366e+006	25189	25770	128	149	8.21092e+006	8.21521e+006	4.91499e+006	4.91809e+006	
53	183459	187743	809	883	8049	9009	6803	7208	68512	71319	305050	306869	140143	141077	7.7845e+006	7.79343e+006	31568	32262	66	83	8.21099e+006	8.21528e+006	4.91639e+006	4.91945e+006	
54	183414	187694	465	514	5317	6000	4510	4802	42197	44026	281540	283993	129390	130606	7.83289e+006	7.84118e+006	39058	39878	41	53	8.21104e+006	8.21532e+006	4.91711e+006	4.92015e+006	
55	183380	187658	277	312	3375	3839	2865	3072	25563	26692	251032	253982	115367	116812	7.87579e+006	7.8836e+006	47565	48472	30	40	8.21108e+006	8.21536e+006	4.91758e+006	4.9206e+006	
56	183361	187638	163	188	2109	2427	1781	1920	15149	15848	215753	219041	99098	100654	7.91497e+006	7.92251e+006	56810	57807	17	23	8.2111e+006	8.21538e+006	4.91788e+006	4.92089e+006	
57	183347	187624	105	124	1300	1507	1093	1183	8749	9192	177946	181350	81724	83303	7.95142e+006	7.9587e+006	66399	67433	11	16	8.21111e+006	8.21539e+006	4.91807e+006	4.92107e+006	
58	183339	187616	69	84	788	927	656	716	4965	5241	140445	143725	64559	66072	7.98473e+006	7.99171e+006	75723	76741	6	10	8.21112e+006	8.2154e+006	4.91819e+006	4.92118e+006	
59	183335	187612	40	51	468	556	396	436	2895	3076	105427	108332	48459	49808	8.01426e+006	8.02082e+006	84402	85365	2	5	8.21112e+006	8.2154e+006	4.91826e+006	4.92125e+006	
60	183332	187608	25	34	269	330	229	260	1913	2049	75207	77560	34575	35668	8.03903e+006	8.04511e+006	91828	92694	2	5	8.21113e+006	8.2154e+006	4.91831e+006	4.9213e+006	
61	183330	187606	15	21	154	197	142	164	1234	1334	50910	52703	23425	24244	8.05883e+006	8.06445e+006	97805	98571	1	4	8.21113e+006	8.21541e+006	4.91834e+006	4.92132e+006	
62	183327	187603	9	15	90	121	84	100	767	843	32559	33824	14975	15563	8.07377e+006	8.07897e+006	102342	103040	1	4	8.21113e+006	8.21541e+006	4.91835e+006	4.92134e+006	
63	183326	187602	7	12	54	78	55	68	470	520	20440	21313	9404	9807	8.08363e+006	8.08852e+006	105377	106005	0	2	8.21113e+006	8.21541e+006	4.91836e+006	4.92135e+006	
64	183325	187601	5	10	33	52	35	46	282	316	12582	13165	5760	6033	8.09003e+006	8.0947e+006	107347	107948	0	2	8.21114e+006	8.21541e+006	4.91837e+006	4.92135e+006	
65	183324	187600	4	8	18	33	21	30	165	186	7635	8000	3477	3649	8.09409e+006	8.09858e+006	108589	109184	0	2	8.21114e+006	8.21541e+006	4.91837e+006	4.92136e+006	
66	183323	187599	3	6	12	24	13	20	96	112	4520	4758	2059	2175	8.09664e+006	8.10104e+006	109357	109950	0	2	8.21114e+006	8.21541e+006	4.91837e+006	4.92136e+006	
67	183323	187598	2	5	8	17	7	12	53	65	2621	2779	1194	1279	8.09821e+006	8.10254e+006	109826	110412	-0	1	8.21114e+006	8.21541e+006	4.91837e+006	4.92136e+006	
68	183321	187597	3	5	4	12	5	9	32	40	1486	1591	666	722	8.09914e+006	8.10343e+006	110108	110691	0	2	8.21114e+006	8.21542e+006	4.91837e+006	4.92136e+006	
69	183320	187595	2	6	3	10	3	7	17	24	863	931	387	428	8.09966e+006	8.10392e+006	110263	110845	0	2	8.21114e+006	8.21542e+006	4.91838e+006	4.92136e+006	
70	183319	187594	3	6	2	9	2	6	10	16	567	617	252	283	8.09991e+006	8.10416e+006	110337	110918	0	2	8.21114e+006	8.21542e+006	4.91838e+006	4.92137e+006	
71	183318	187593	3	6	2	8	1	4	6	11	361	397	162	183	8.10008e+006	8.10432e+006	110390	110971	0	1	8.21114e+006	8.21542e+006	4.91838e+006	4.92137e+006	
72	183317	187593	3	6	2	6	1	3	4	8	223	251	99	118	8.1002e+006	8.10443e+006	110427	111007	0	2	8.21114e+006	8.21542e+006	4.91838e+006	4.92137e+006	
73	183317	187592	2	5	1	6	1	4	2	5	133	153	56	69	8.10027e+006	8.1045e+006	110450	111029	-0	1	8.21114e+006	8.21542e+006	4.91838e+006	4.92137e+006	
74	183316	187591	2	4	2	6	1	4	1	3	78	93	31	40	8.10032e+006	8.10454e+006	110464	111044	0	1	8.21115e+006	8.21542e+006	4.91838e+006	4.92137e+006	
75	183315	187591	2	4	1	6	1	4	1	3	46	56	18	25	8.10035e+006	8.10457e+006	110473	111052	0	2	8.21115e+006	8.21542e+006	4.91838e+006	4.92137e+006	
76	183315	187590	1	3	1	5	2	4	1	3	26	35	11	16	8.10037e+006	8.10459e+006	110477	111056	-0	0	8.21115e+006	8.21542e+006	4.91838e+006	4.92137e+006	
77	183314	187590	1	3	1	6	1	4	0	2	15	22	6	10	8.10038e+006	8.1046e+006	110481	111060	-0	1	8.21115e+006	8.21542e+006	4.91838e+006	4.92137e+006	
78	183313	187589	1	4	1	5	1	3	0	2	9	14	4	7	8.10038e+006	8.1046e+006	110483	111062	0	2	8.21115e+006	8.21542e+006	4.91838e+006	4.92137e+006	
79	183313	187588	1	3	1	5	1	3	0	2	4	8	1	4	8.10039e+006	8.10461e+006	110485	111064	0	1	8.21115e+006	8.21542e+006	4.91838e+006	4.92137e+006	
80	183313	187588	1	3	1	4	1	2	0	1	2	6	1	3	8.10039e+006	8.10461e+006	110486	111064	-0	0	8.21115e+006	8.21542e+006	4.91838e+006	4.92137e+006	
81	183312	187588	1	4	1	4	1	2	0	1	2	4	1	2	8.10039e+006	8.10461e+006	110486	111064	0	1	8.21115e+006	8.21542e+006	4.91838e+006	4.92137e+006	
82	183311	187587	1	4	1	4	0	2	0	2	2	4	0	2	8.10039e+006	8.10461e+006	110486	111064	0	2	8.21115e+006	8.21543e+006	4.91838e+006	4.92137e+006	
83	183311	187586	1	3	1	4	0	2	0	1	1	4	0	2	8.10039e+006	8.10461e+006	110486	111065	-0	1	8.21115e+006	8.21543e+006	4.91838e+006	4.92137e+006	
84	183310	187585	2	4	1	4	0	2	-0	1	1	3	0	2	8.1004e+006	8.10461e+006	110486	111065	0	2	8.21115e+006	8.21543e+006	4.91838e+006	4.92137e+006	
85	183309	187584	2	5	-0	3	1	2	-0	1	1	2	0	2	8.1004e+006	8.10462e+006	110487	111065	-0	2	8.21115e+006	8.21543e+006	4.91838e+006	4.92137e+006	
86	183308	187584	1	4	0	4	1	3	-0	1	0	2	0	2	8.1004e+006	8.10462e+006	110487	111065	-0	1	8.21115e+006	8.21543e+006	4.91838e+006	4.92137e+006	
87	183308	187583	2	5	0	4	1	3	-0	1	0	1	0	1	8.1004e+006	8.10462e+006	110487	111066	0	1	8.21115e+006	8.21543e+006	4.91838e+006	4.92137e+006	
88	183307	187582	1	4	0	4	1	3	-0	1	0	1	0	1	8.1004e+006	8.10462e+006	110487	111066	0	1	8.21115e+006	8.21543e+006	4.91839e+006	4.92137e+006	
89	183306	187581	2	4	1	4	0	2	-0	1	0	1	0	1	8.1004e+006	8.10462e+006	110487	111066	0	1	8.21116e+006	8.21543e+006	4.91839e+006	4.92137e+006	
90	183306	187581	2	4	1	5	1	2	-0	1	0	1	-0	1	8.1004e+006	8.10462e+006	110487	111066	-0	1	8.21116e+006	8.21543e+006	4.91839e+006	4.92138e+006	
91	183305	187580	1	4	2	5	0	1	0	1	-0	1	-0	1	8.1004e+006	8.10462e+006	110487	111066	0	1	8.21116e+006	8.21543e+006	4.91839e+006	4.92138e+006	
92	183304	187579	2	4	1	5	0	2	0	2	-0	1	-0	1	8.1004e+006	8.10462e+006	110487	111066	0	1	8.21116e+006	8.21543e+006	4.91839e+006	4.92138e+006	
93	183303	187578	2	5	2	6	0	2	0	1	-0	1	-0	1	8.1004e+006	8.10462e+006	110487	111066	0	2	8.21116e+006	8.21543e+006	4.91839e+006	4.92138e+006	
94	183302	187577	2	5	1	5	0	2	0	1	-0	1	-0	0	8.1004e+006	8.10462e+006	110487	111066	0	1	8.21116e+006	8.21543e+006	4.91839e+006	4.92138e+006	
95	183302	187577	2	4	1	4	1	2	0	2	-0	1	-0	0	8.1004e+006	8.10462e+006	110487	111066	-0	1	8.21116e+006	8.21543e+006	4.91839e+006	4.92138e+006	
96	183301	187577	2	4	1	5	1	2	1	2	-0	1	-0	0	8.1004e+006	8.10462e+006	110487	111066	-0	1	8.21116e+006	8.21544e+006	4.91839e+006	4.92138e+006	
97	183301	187576	1	3	1	5	1	3	0	2	-0	0	0	0	8.1004e+006	8.10462e+006	110487	111066	-0	1	8.21116e+006	8.21544e+006	4.91839e+006	4.92138e+006	
98	183300	187575	1	3	1	5	1	3	0	2	-0	1	-0	0	8.1004e+006	8.10462e+006	110487	111066	0	1	8.21116e+006	8.21544e+006	4.91839e+006	4.92138e+006	
99	183299	187574	2	4	1	4	1	3	1	2	-0	1	-0	0	8.1004e+006	8.10462e+006	110487	111066	0	2	8.21116e+006	8.21544e+006	4.91839e+006	4.92138e+006	
100	183298	187573	2	5	1	4	1	3	0	2	-0	1	-0	0	8.10041e+006	8.10462e+006	110487	111066	0	2	8.21116e+006	8.21544e+006	4.91839e+006	4.92138e+006	
101	183297	187572	2	5	1	4	1	3	0	2	-0	1	-0	1	8.10041e+006	8.10463e+006	110487	111066	-0	1	8.21116e+006	8.21544e+006	4.91839e+006	4.92138e+006	
102	183296	187571	2	5	0	4	1	3	0	2	-0	1	-0	1	8.10041e+006	8.10463e+006	110487	111066	0	1	8.21117e+006	8.21544e+006	4.91839e+006	4.92138e+006	
103	183296	187571	2	4	1	4	1	3	0	2	-0	1	-0	1	8.10041e+006	8.10463e+006	110487	111066	-0	1	8.21117e+006	8.21544e+006	4.91839e+006	4.92138e+006	
104	183296	187571	1	3	1	5	1	3	0	2	-0	1	-0	1	8.10041e+006	8.10463e+006	110487	111066	-0	1	8.21117e+006	8.21544e+006	4.9184e+006	4.92138e+006	
105	183295	187570	1	3	1	5	1	3	0	1	-0	1	-0	1	8.10041e+006	8.10463e+006	110487	111066	0	1	8.21117e+006	8.21544e+006	4.9184e+006	4.92138e+006	
106	183294	187569	1	3	1	5	1	3	-0	1	-0	1	-0	1	8.10041e+006	8.10463e+006	110487	111066	0	1	8.21117e+006	8.21544e+006	4.9184e+006	4.92138e+006	
107	183294	187569	1	3	1	5	1	3	0	1	-0	1	-0	1	8.10041e+006	8.10463e+006	110487	111066	-0	0	8.21117e+006	8.21544e+006	4.9184e+006	4.92138e+006	
108	183294	187569	1	3	1	5	1	3	0	1	-0	0	-0	0	8.10041e+006	8.10463e+006	110487	111066	-0	1	8.21117e+006	8.21544e+006	4.9184e+006	4.92138e+006	
109	183293	187568	1	3	1	4	1	3	-0	1	-0	0	-0	0	8.10041e+006	8.10463e+006	110487	111066	0	1	8.21117e+006	8.21544e+006	4.9184e+006	4.92138e+006	
110	183292	187568	1	3	0	4	1	2	0	1	-0	0	-0	0	8.10041e+006	8.10463e+006	110487	111066	0	1	8.21117e+006	8.21544e+006	4.9184e+006	4.92138e+006	
111	183291	187567	1	4	0	3	1	2	0	1	0	0	0	0	8.10041e+006	8.10463e+006	110487	111066	0	1	8.21117e+006	8.21545e+006	4.9184e+006	4.92138e+006	
112	183291	187566	1	4	0	3	0	2	0	2	0	0	0	0	8.10042e+006	8.10463e+006	110487	111066	-0	1	8.21117e+006	8.21545e+006	4.9184e+006	4.92139e+006	
113	183291	187566	1	4	-0	3	1	3	0	1	0	0	0	0	8.10042e+006	8.10464e+006	110487	111066	-0	1	8.21117e+006	8.21545e+006	4.9184e+006	4.92139e+006	
114	183290	187565	1	3	-0	4	0	3	0	1	0	0	0	0	8.10042e+006	8.10464e+006	110487	111066	-0	1	8.21117e+006	8.21545e+006	4.9184e+006	4.92139e+006	
115	183290	187565	1	3	-0	4	1	3	0	1	-0	0	0	0	8.10042e+006	8.10464e+006	110487	111066	-0	1	8.21117e+006	8.21545e+006	4.9184e+006	4.92139e+006	
116	183289	187564	1	4	-1	3	0	3	0	1	-0	0	0	0	8.10042e+006	8.10464e+006	110487	111066	0	2	8.21117e+006	8.21545e+006	4.9184e+006	4.92139e+006	
117	183288	187563	1	4	0	4	0	3	-0	1	-0	1	-0	0	8.10042e+006	8.10464e+006	110487	111066	0	2	8.21117e+006	8.21545e+006	4.9184e+006	4.92139e+006	
118	183287	187562	2	5	0	4	0	2	-0	1	-0	1	-0	0	8.10042e+006	8.10464e+006	110487	111066	-0	1	8.21117e+006	8.21545e+006	4.9184e+006	4.92139e+006	
119	183286	187561	2	5	1	4	0	1	-0	1	-0	1	-0	0	8.10042e+006	8.10464e+006	110487	111066	0	2	8.21118e+006	8.21545e+006	4.9184e+006	4.92139e+006	
120	183285	187560	2	5	1	4	0	2	-0	1	-0	1	-0	0	8.10042e+006	8.10464e+006	110487	111066	0	2	8.21118e+006	8.21545e+006	4.9184e+006	4.92139e+006	
121	183284	187559	2	5	0	4	1	3	-0	1	-0	1	-0	0	8.10042e+006	8.10464e+006	110487	111066	0	2	8.21118e+006	8.21545e+006	4.9184e+006	4.92139e+006	
122	183284	187558	2	5	0	4	0	2	-0	1	-0	1	-0	0	8.10042e+006	8.10464e+006	110487	111066	0	1	8.21118e+006	8.21545e+006	4.9184e+006	4.92139e+006	
123	183282	187556	3	6	1	5	0	2	-0	1	-0	1	-0	0	8.10042e+006	8.10464e+006	110487	111066	1	3	8.21118e+006	8.21545e+006	4.9184e+006	4.92139e+006	
124	183281	187555	3	6	1	6	1	3	-0	1	-0	1	-0	0	8.10042e+006	8.10464e+006	110487	111066	0	1	8.21118e+006	8.21546e+006	4.9184e+006	4.92139e+006	
125	183280	187554	3	6	1	5	1	4	-0	1	-0	0	-0	0	8.10042e+006	8.10464e+006	110487	111066	0	2	8.21118e+006	8.21546e+006	4.9184e+006	4.92139e+006	
126	183279	187554	3	6	1	5	1	3	-0	1	-0	0	-0	0	8.10042e+006	8.10464e+006	110487	111066	0	1	8.21118e+006	8.21546e+006	4.9184e+006	4.92139e+006	
127	183279	187553	2	5	1	6	2	4	-0	1	0	0	0	0	8.10042e+006	8.10464e+006	110487	111066	0	1	8.21118e+006	8.21546e+006	4.9184e+006	4.92139e+006	
128	183278	187552	2	4	1	6	2	4	-0	1	0	0	0	0	8.10042e+006	8.10464e+006	110487	111066	0	1	8.21118e+006	8.21546e+006	4.9184e+006	4.92139e+006	
129	183276	187551	2	5	0	5	2	5	-0	0	0	0	0	0	8.10043e+006	8.10465e+006	110487	111066	0	2	8.21119e+006	8.21546e+006	4.91841e+006	4.92139e+006	
130	183276	187551	2	4	0	5	2	5	-0	1	0	0	0	0	8.10043e+006	8.10465e+006	110487	111066	-0	0	8.21119e+006	8.21546e+006	4.91841e+006	4.92139e+006	
131	183276	187550	2	4	0	5	2	5	-0	0	0	0	0	0	8.10043e+006	8.10465e+006	110487	111066	0	1	8.21119e+006	8.21546e+006	4.91841e+006	4.92139e+006	
132	183275	187549	2	5	0	5	2	5	-0	0	0	0	0	0	8.10043e+006	8.10465e+006	110487	111066	0	2	8.21119e+006	8.21546e+006	4.91841e+006	4.92139e+006	
133	183274	187548	1	4	0	5	1	4	0	1	0	0	0	0	8.10043e+006	8.10465e+006	110487	111066	0	1	8.21119e+006	8.21546e+006	4.91841e+006	4.9214e+006	
134	183273	187548	2	4	1	5	1	3	0	2	0	0	0	0	8.10043e+006	8.10465e+006	110487	111066	-0	1	8.21119e+006	8.21546e+006	4.91841e+006	4.9214e+006	
135	183273	187548	1	4	0	4	1	3	0	2	0	0	0	0	8.10043e+006	8.10465e+006	110487	111066	-0	1	8.21119e+006	8.21546e+006	4.91841e+006	4.9214e+006	
136	183272	187547	1	4	1	4	1	3	0	2	0	0	0	0	8.10043e+006	8.10465e+006	110487	111066	0	1	8.21119e+006	8.21546e+006	4.91841e+006	4.9214e+006	
137	183271	187546	1	4	1	5	1	3	0	2	0	0	0	0	8.10043e+006	8.10465e+006	110487	111066	0	2	8.21119e+006	8.21547e+006	4.91841e+006	4.9214e+006	
138	183270	187545	2	5	1	4	1	3	1	2	0	0	0	0	8.10043e+006	8.10465e+006	110487	111066	0	2	8.21119e+006	8.21547e+006	4.91841e+006	4.9214e+006	
139	183269	187544	2	5	0	4	1	2	0	1	0	0	0	0	8.10044e+006	8.10465e+006	110487	111066	-0	1	8.21119e+006	8.21547e+006	4.91841e+006	4.9214e+006	
140	183268	187543	2	5	0	4	1	3	0	1	-0	0	-0	0	8.10044e+006	8.10466e+006	110487	111066	0	2	8.21119e+006	8.21547e+006	4.91841e+006	4.9214e+006	
141	183268	187543	2	4	1	5	1	3	0	2	-0	0	-0	0	8.10044e+006	8.10466e+006	110487	111066	-0	1	8.21119e+006	8.21547e+006	4.91841e+006	4.9214e+006	
142	183268	187542	1	4	1	5	0	3	0	1	-0	1	-0	1	8.10044e+006	8.10466e+006	110487	111066	-0	1	8.21119e+006	8.21547e+006	4.91841e+006	4.9214e+006	
143	183267	187542	1	4	1	5	0	3	-0	2	-0	1	-0	1	8.10044e+006	8.10466e+006	110487	111066	-0	1	8.21119e+006	8.21547e+006	4.91841e+006	4.9214e+006	
144	183266	187541	1	4	1	5	1	3	-0	2	-0	1	-0	1	8.10044e+006	8.10466e+006	110487	111066	0	1	8.2112e+006	8.21547e+006	4.91841e+006	4.9214e+006	
145	183264	187539	2	5	1	5	1	3	0	2	-0	1	-0	1	8.10044e+006	8.10466e+006	110487	111066	1	3	8.2112e+006	8.21547e+006	4.91841e+006	4.9214e+006	
146	183263	187538	3	6	1	5	1	3	0	2	-0	1	-0	1	8.10044e+006	8.10466e+006	110487	111066	0	2	8.2112e+006	8.21547e+006	4.91841e+006	4.9214e+006	
147	183262	187537	3	6	0	4	1	3	0	2	0	1	0	1	8.10044e+006	8.10466e+006	110487	111066	0	1	8.2112e+006	8.21547e+006	4.91841e+006	4.9214e+006	
148	183262	187537	2	5	-0	4	1	3	0	2	0	1	0	1	8.10044e+006	8.10466e+006	110487	111066	-0	0	8.2112e+006	8.21547e+006	4.91841e+006	4.9214e+006	
149	183261	187536	2	4	1	5	1	3	0	2	0	1	0	1	8.10044e+006	8.10466e+006	110487	111066	0	1	8.2112e+006	8.21548e+006	4.91842e+006	4.9214e+006	
150	183261	187536	1	3	1	6	1	3	0	1	0	1	0	1	8.10044e+006	8.10466e+006	110488	111066	-0	0	8.2112e+006	8.21548e+006	4.91842e+006	4.92141e+006	
151	183261	187536	1	2	2	6	1	3	0	1	0	1	0	1	8.10044e+006	8.10466e+006	110488	111066	-0	1	8.2112e+006	8.21548e+006	4.91842e+006	4.92141e+006	
152	183260	187535	1	3	2	6	1	2	0	1	-0	1	-0	1	8.10044e+006	8.10466e+006	110488	111066	0	1	8.2112e+006	8.21548e+006	4.91842e+006	4.92141e+006	
153	183259	187534	1	4	2	6	1	3	-0	0	0	1	-0	1	8.10044e+006	8.10466e+006	110488	111066	0	2	8.2112e+006	8.21548e+006	4.91842e+006	4.92141e+006	
154	183258	187533	2	4	2	5	0	2	-0	1	0	1	-0	1	8.10045e+006	8.10466e+006	110488	111066	0	1	8.2112e+006	8.21548e+006	4.91842e+006	4.92141e+006	
155	183257	187533	2	5	1	4	0	2	0	2	0	1	-0	1	8.10045e+006	8.10467e+006	110488	111066	0	1	8.2112e+006	8.21548e+006	4.91842e+006	4.92141e+006	
156	183257	187533	2	4	1	4	0	1	1	2	0	1	-0	1	8.10045e+006	8.10467e+006	110488	111066	-0	1	8.2112e+006	8.21548e+006	4.91842e+006	4.92141e+006	
157	183256	187532	1	4	1	4	0	2	1	3	-0	1	-0	0	8.10045e+006	8.10467e+006	110488	111066	0	1	8.2112e+006	8.21548e+006	4.91842e+006	4.92141e+006	
158	183256	187531	1	3	1	4	1	3	1	2	-0	1	-0	0	8.10045e+006	8.10467e+006	110488	111066	-0	1	8.21121e+006	8.21548e+006	4.91842e+006	4.92141e+006	
159	183255	187530	1	4	0	4	1	3	1	3	-0	1	-0	0	8.10045e+006	8.10467e+006	110488	111066	0	2	8.21121e+006	8.21548e+006	4.91842e+006	4.92141e+006	
160	183254	187529	1	4	1	4	1	3	0	2	-0	1	0	0	8.10045e+006	8.10467e+006	110488	111066	0	1	8.21121e+006	8.21548e+006	4.91842e+006	4.92141e+006	
161	183254	187529	1	4	1	4	1	3	0	1	-0	1	0	0	8.10045e+006	8.10467e+006	110488	111066	-0	1	8.21121e+006	8.21548e+006	4.91842e+006	4.92141e+006	
162	183253	187528	2	4	1	4	1	3	0	1	0	1	-0	0	8.10045e+006	8.10467e+006	110488	111066	0	1	8.21121e+006	8.21548e+006	4.91842e+006	4.92141e+006	
163	183253	187528	1	3	1	5	0	2	0	1	0	1	-0	0	8.10045e+006	8.10467e+006	110488	111066	-0	1	8.21121e+006	8.21548e+006	4.91842e+006	4.92141e+006	
164	183251	187527	1	4	1	4	0	2	0	1	0	1	-0	0	8.10045e+006	8.10467e+006	110488	111066	0	2	8.21121e+006	8.21549e+006	4.91842e+006	4.92141e+006	
165	183251	187526	2	4	0	4	1	2	0	1	0	1	-0	0	8.10045e+006	8.10467e+006	110488	111066	0	1	8.21121e+006	8.21549e+006	4.91842e+006	4.92141e+006	
166	183250	187525	2	4	0	4	1	3	0	1	0	1	-0	0	8.10045e+006	8.10467e+006	110488	111066	0	1	8.21121e+006	8.21549e+006	4.91842e+006	4.92141e+006	
167	183250	187525	2	4	-0	4	1	3	0	1	0	1	-0	0	8.10045e+006	8.10467e+006	110488	111066	-0	1	8.21121e+006	8.21549e+006	4.91842e+006	4.92141e+006	
168	183250	187525	1	3	0	4	1	3	-0	1	0	1	-0	0	8.10045e+006	8.10467e+006	110488	111066	-0	0	8.21121e+006	8.21549e+006	4.91842e+006	4.92141e+006	
169	183249	187524	1	3	0	4	1	3	-0	1	0	2	-0	0	8.10046e+006	8.10468e+006	110488	111066	-0	1	8.21121e+006	8.21549e+006	4.91842e+006	4.92141e+006	
170	183248	187523	1	3	1	4	1	3	-0	1	0	1	-0	0	8.10046e+006	8.10468e+006	110488	111066	0	2	8.21121e+006	8.21549e+006	4.91843e+006	4.92141e+006	
171	183248	187522	1	4	1	4	0	2	-0	1	0	2	-0	0	8.10046e+006	8.10468e+006	110488	111066	-0	1	8.21121e+006	8.21549e+006	4.91843e+006	4.92142e+006	
172	183247	187522	1	4	1	4	0	1	-0	1	0	1	0	0	8.10046e+006	8.10468e+006	110488	111066	0	1	8.21121e+006	8.21549e+006	4.91843e+006	4.92142e+006	
173	183246	187521	2	4	1	5	0	1	-0	1	-0	1	0	0	8.10046e+006	8.10468e+006	110488	111066	0	1	8.21122e+006	8.21549e+006	4.91843e+006	4.92142e+006	
174	183246	187520	1	4	1	4	0	1	0	2	-0	1	0	0	8.10046e+006	8.10468e+006	110488	111066	0	2	8.21122e+006	8.21549e+006	4.91843e+006	4.92142e+006	
175	183244	187519	2	5	1	4	0	1	0	2	-0	1	0	0	8.10046e+006	8.10468e+006	110488	111066	0	2	8.21122e+006	8.21549e+006	4.91843e+006	4.92142e+006	
176	183244	187519	2	4	1	4	0	2	0	2	-0	1	0	0	8.10046e+006	8.10468e+006	110488	111066	-0	1	8.21122e+006	8.21549e+006	4.91843e+006	4.92142e+006	
177	183243	187518	2	5	1	4	0	2	0	2	-0	1	0	0	8.10046e+006	8.10468e+006	110488	111066	0	2	8.21122e+006	8.21549e+006	4.91843e+006	4.92142e+006	
178	183242	187517	2	5	1	5	1	3	0	2	-0	1	0	0	8.10046e+006	8.10468e+006	110488	111066	0	1	8.21122e+006	8.21549e+006	4.91843e+006	4.92142e+006	
179	183241	187517	2	4	1	5	1	3	0	2	-0	1	0	0	8.10046e+006	8.10468e+006	110488	111066	0	1	8.21122e+006	8.2155e+006	4.91843e+006	4.92142e+006	
180	183241	187516	2	5	0	4	1	3	0	2	0	1	-0	0	8.10046e+006	8.10468e+006	110488	111066	0	1	8.21122e+006	8.2155e+006	4.91843e+006	4.92142e+006	
181	183240	187515	2	4	1	5	1	3	0	1	0	1	-0	1	8.10046e+006	8.10468e+006	110488	111066	0	1	8.21122e+006	8.2155e+006	4.91843e+006	4.92142e+006	
182	183239	187514	2	4	1	5	1	3	0	1	0	1	-0	1	8.10046e+006	8.10468e+006	110488	111066	0	1	8.21122e+006	8.2155e+006	4.91843e+006	4.92142e+006	
183	183239	187514	1	4	1	5	1	3	0	2	0	1	-0	1	8.10046e+006	8.10468e+006	110488	111066	-0	1	8.21122e+006	8.2155e+006	4.91843e+006	4.92142e+006	
184	183238	187513	2	4	1	5	1	3	0	2	0	1	-0	1	8.10046e+006	8.10468e+006	110488	111066	0	2	8.21122e+006	8.2155e+006	4.91843e+006	4.92142e+006	
185	183237	187512	1	4	1	5	1	3	0	1	0	1	-0	1	8.10047e+006	8.10469e+006	110488	111066	0	1	8.21122e+006	8.2155e+006	4.91843e+006	4.92142e+006	
186	183236	187511	1	4	1	5	1	3	0	1	0	1	-0	1	8.10047e+006	8.10469e+006	110488	111066	0	1	8.21123e+006	8.2155e+006	4.91843e+006	4.92142e+006	
187	183236	187511	2	4	1	4	1	3	0	1	0	2	-0	1	8.10047e+006	8.10469e+006	110488	111066	0	1	8.21123e+006	8.2155e+006	4.91843e+006	4.92142e+006	
188	183236	187510	1	4	0	4	1	3	0	2	0	2	-0	1	8.10047e+006	8.10469e+006	110488	111066	-0	1	8.21123e+006	8.2155e+006	4.91843e+006	4.92142e+006	
189	183235	187510	1	4	-0	4	1	4	0	1	0	2	0	1	8.10047e+006	8.10469e+006	110488	111066	0	1	8.21123e+006	8.2155e+006	4.91843e+006	4.92142e+006	
190	183234	187509	1	4	0	4	1	3	0	2	0	1	-0	1	8.10047e+006	8.10469e+006	110488	111066	0	2	8.21123e+006	8.2155e+006	4.91843e+006	4.92142e+006	
191	183233	187508	1	4	0	4	1	3	0	2	-0	1	-0	1	8.10047e+006	8.10469e+006	110488	111066	0	1	8.21123e+006	8.2155e+006	4.91843e+006	4.92142e+006	
192	183232	187507	2	5	-0	4	1	3	0	2	-0	1	-0	1	8.10047e+006	8.10469e+006	110488	111066	0	2	8.21123e+006	8.2155e+006	4.91844e+006	4.92142e+006	
193	183232	187506	2	5	0	4	0	3	0	2	0	1	-0	1	8.10047e+006	8.10469e+006	110488	111066	-0	1	8.21123e+006	8.2155e+006	4.91844e+006	4.92143e+006	
194	183231	187505	2	5	1	5	0	2	0	1	0	1	-0	1	8.10047e+006	8.10469e+006	110488	111066	0	2	8.21123e+006	8.21551e+006	4.91844e+006	4.92143e+006	
195	183230	187505	2	4	1	5	0	2	0	1	-0	1	-0	1	8.10047e+006	8.10469e+006	110488	111066	-0	1	8.21123e+006	8.21551e+006	4.91844e+006	4.92143e+006	
196	183229	187503	2	4	1	5	1	3	0	1	-0	1	-0	1	8.10047e+006	8.10469e+006	110488	111066	0	2	8.21123e+006	8.21551e+006	4.91844e+006	4.92143e+006	
197	183229	187503	2	4	1	5	0	2	0	1	-0	1	-0	0	8.10048e+006	8.10469e+006	110488	111066	-0	0	8.21123e+006	8.21551e+006	4.91844e+006	4.92143e+006	
198	183228	187502	2	4	2	6	1	3	-0	0	-0	1	-0	0	8.10048e+006	8.1047e+006	110488	111066	0	2	8.21123e+006	8.21551e+006	4.91844e+006	4.92143e+006	
199	183227	187501	2	5	1	5	1	3	-0	1	-0	1	0	0	8.10048e+006	8.1047e+006	110488	111066	0	1	8.21124e+006	8.21551e+006	4.91844e+006	4.92143e+006	
200	183226	187501	1	4	1	5	1	3	-0	2	-0	1	0	0	8.10048e+006	8.1047e+006	110488	111066	0	1	8.21124e+006	8.21551e+006	4.91844e+006	4.92143e+006	
201	183226	187500	2	4	1	5	1	3	0	2	-0	1	0	0	8.10048e+006	8.1047e+006	110488	111066	0	1	8.21124e+006	8.21551e+006	4.91844e+006	4.92143e+006	
202	183226	187500	1	3	1	5	1	2	0	2	-0	1	0	0	8.10048e+006	8.1047e+006	110488	111066	-0	1	8.21124e+006	8.21551e+006	4.91844e+006	4.92143e+006	
203	183225	187499	1	3	1	5	1	3	0	2	-0	0	0	0	8.10048e+006	8.1047e+006	110488	111066	-0	0	8.21124e+006	8.21551e+006	4.91844e+006	4.92143e+006	
204	183224	187498	1	3	1	5	1	2	0	2	-0	0	0	0	8.10048e+006	8.1047e+006	110488	111066	0	2	8.21124e+006	8.21551e+006	4.91844e+006	4.92143e+006	
205	183224	187498	1	3	1	5	1	3	0	2	-0	1	-0	0	8.10048e+006	8.1047e+006	110488	111066	-0	0	8.21124e+006	8.21551e+006	4.91844e+006	4.92143e+006	
206	183224	187498	1	3	1	4	0	2	0	2	-0	1	-0	0	8.10048e+006	8.1047e+006	110488	111066	-0	1	8.21124e+006	8.21551e+006	4.91844e+006	4.92143e+006	
207	183223	187497	1	4	0	4	0	2	0	2	0	1	-0	1	8.10048e+006	8.1047e+006	110488	111066	0	1	8.21124e+006	8.21551e+006	4.91844e+006	4.92143e+006	
208	183222	187496	1	3	0	4	1	3	0	2	0	1	-0	1	8.10048e+006	8.1047e+006	110488	111066	0	1	8.21124e+006	8.21551e+006	4.91844e+006	4.92143e+006	
209	183222	187496	1	3	0	3	0	2	0	2	0	1	-0	1	8.10048e+006	8.1047e+006	110488	111066	-0	1	8.21124e+006	8.21551e+006	4.91844e+006	4.92143e+006	
210	183221	187495	1	4	-0	3	1	2	0	2	0	1	-0	1	8.10048e+006	8.1047e+006	110488	111066	0	1	8.21124e+006	8.21552e+006	4.91844e+006	4.92143e+006	
211	183221	187495	1	4	0	3	0	2	0	2	0	2	0	1	8.10049e+006	8.1047e+006	110488	111066	0	1	8.21124e+006	8.21552e+006	4.91844e+006	4.92143e+006	
212	183220	187493	2	4	1	4	0	2	0	1	0	2	0	1	8.10049e+006	8.1047e+006	110488	111066	0	2	8.21124e+006	8.21552e+006	4.91844e+006	4.92143e+006	
213	183219	187493	2	4	1	4	0	2	-0	2	0	2	0	1	8.10049e+006	8.1047e+006	110488	111066	0	1	8.21124e+006	8.21552e+006	4.91845e+006	4.92143e+006	
214	183219	187492	2	4	1	4	0	1	0	1	0	2	0	2	8.10049e+006	8.1047e+006	110488	111066	-0	1	8.21124e+006	8.21552e+006	4.91845e+006	4.92144e+006	
215	183217	187491	2	5	1	4	0	2	0	1	0	2	0	2	8.10049e+006	8.10471e+006	110488	111066	0	2	8.21125e+006	8.21552e+006	4.91845e+006	4.92144e+006	
216	183217	187490	2	4	1	5	1	2	0	1	0	2	0	2	8.10049e+006	8.10471e+006	110488	111066	0	1	8.21125e+006	8.21552e+006	4.91845e+006	4.92144e+006	
217	183216	187490	1	4	1	4	1	3	0	1	0	1	0	1	8.10049e+006	8.10471e+006	110489	111067	-0	1	8.21125e+006	8.21552e+006	4.91845e+006	4.92144e+006	
218	183215	187490	2	4	0	4	1	3	0	2	0	1	0	1	8.10049e+006	8.10471e+006	110489	111067	0	1	8.21125e+006	8.21552e+006	4.91845e+006	4.92144e+006	
219	183214	187489	1	4	1	5	1	3	0	1	0	2	0	1	8.10049e+006	8.10471e+006	110489	111067	0	1	8.21125e+006	8.21552e+006	4.91845e+006	4.92144e+006	
220	183214	187488	1	4	1	5	1	3	0	1	0	1	0	1	8.10049e+006	8.10471e+006	110489	111067	0	1	8.21125e+006	8.21552e+006	4.91845e+006	4.92144e+006	
221	183213	187488	1	4	1	5	1	3	0	1	0	1	-0	1	8.10049e+006	8.10471e+006	110489	111067	0	1	8.21125e+006	8.21552e+006	4.91845e+006	4.92144e+006	
222	183212	187487	2	5	1	5	0	2	-0	2	-0	1	-0	1	8.10049e+006	8.10471e+006	110489	111067	0	2	8.21125e+006	8.21552e+006	4.91845e+006	4.92144e+006	
223	183212	187486	2	4	2	5	0	2	0	2	-0	1	-0	1	8.10049e+006	8.10471e+006	110489	111067	-0	1	8.21125e+006	8.21552e+006	4.91845e+006	4.92144e+006	
224	183210	187485	2	5	1	5	0	2	0	2	-0	1	-0	0	8.10049e+006	8.10471e+006	110489	111067	0	2	8.21125e+006	8.21553e+006	4.91845e+006	4.92144e+006	
225	183209	187484	3	6	1	5	0	2	0	2	-0	0	0	0	8.10049e+006	8.10471e+006	110489	111067	1	2	8.21125e+006	8.21553e+006	4.91845e+006	4.92144e+006	
226	183208	187483	2	5	1	5	0	2	0	2	-0	1	0	0	8.10049e+006	8.10471e+006	110489	111067	0	1	8.21125e+006	8.21553e+006	4.91845e+006	4.92144e+006	
227	183208	187483	2	5	2	5	0	2	0	2	-0	1	0	0	8.10049e+006	8.10471e+006	110489	111067	-0	0	8.21125e+006	8.21553e+006	4.91845e+006	4.92144e+006	
228	183208	187483	1	4	2	6	0	2	0	2	-0	1	0	0	8.1005e+006	8.10471e+006	110489	111067	-0	1	8.21125e+006	8.21553e+006	4.91845e+006	4.92144e+006	
229	183208	187482	0	2	2	6	0	2	0	2	-0	0	0	0	8.1005e+006	8.10472e+006	110489	111067	-0	0	8.21125e+006	8.21553e+006	4.91845e+006	4.92144e+006	
230	183207	187482	0	2	1	6	1	3	0	1	-0	0	0	0	8.1005e+006	8.10472e+006	110489	111067	0	1	8.21125e+006	8.21553e+006	4.91845e+006	4.92144e+006	
231	183206	187481	1	3	1	5	1	3	0	2	-0	0	0	0	8.1005e+006	8.10472e+006	110489	111067	0	1	8.21126e+006	8.21553e+006	4.91846e+006	4.92144e+006	
232	183206	187480	1	3	1	4	1	3	0	2	-0	0	0	0	8.1005e+006	8.10472e+006	110489	111067	0	1	8.21126e+006	8.21553e+006	4.91846e+006	4.92144e+006	
233	183205	187479	2	4	0	4	1	3	-0	2	-0	0	0	0	8.1005e+006	8.10472e+006	110489	111067	0	2	8.21126e+006	8.21553e+006	4.91846e+006	4.92144e+006	
234	183204	187478	2	5	0	3	1	3	0	2	-0	0	0	0	8.1005e+006	8.10472e+006	110489	111067	0	2	8.21126e+006	8.21553e+006	4.91846e+006	4.92145e+006	
235	183203	187477	2	5	-0	3	1	2	-0	2	-0	0	0	0	8.1005e+006	8.10472e+006	110489	111067	0	1	8.21126e+006	8.21553e+006	4.91846e+006	4.92145e+006	
236	183202	187477	2	5	-0	3	0	2	-0	2	0	0	0	0	8.1005e+006	8.10472e+006	110489	111067	-0	1	8.21126e+006	8.21553e+006	4.91846e+006	4.92145e+006	
237	183202	187476	2	4	0	4	1	3	0	1	-0	0	0	0	8.1005e+006	8.10472e+006	110489	111067	0	1	8.21126e+006	8.21553e+006	4.91846e+006	4.92145e+006	
238	183202	187476	1	3	1	4	1	3	-0	1	-0	1	0	0	8.1005e+006	8.10472e+006	110489	111067	-0	0	8.21126e+006	8.21553e+006	4.91846e+006	4.92145e+006	
239	183201	187475	1	3	1	5	1	3	-0	1	-0	1	0	0	8.1005e+006	8.10472e+006	110489	111067	0	1	8.21126e+006	8.21554e+006	4.91846e+006	4.92145e+006	
240	183200	187474	1	3	1	5	1	3	-0	1	-0	1	0	0	8.1005e+006	8.10472e+006	110489	111067	0	1	8.21126e+006	8.21554e+006	4.91846e+006	4.92145e+006	
241	183200	187474	1	3	1	5	1	3	0	1	-0	1	0	0	8.1005e+006	8.10472e+006	110489	111067	0	1	8.21126e+006	8.21554e+006	4.91846e+006	4.92145e+006	
242	183199	187473	1	4	1	5	1	3	-0	1	-0	1	0	0	8.10051e+006	8.10472e+006	110489	111067	0	1	8.21126e+006	8.21554e+006	4.91846e+006	4.92145e+006	
243	183199	187473	1	3	0	4	1	3	0	1	-0	1	0	0	8.10051e+006	8.10473e+006	110489	111067	-0	1	8.21126e+006	8.21554e+006	4.91846e+006	4.92145e+006	
244	183199	187473	1	3	-0	4	0	3	0	1	-0	1	0	0	8.10051e+006	8.10473e+006	110489	111067	-0	1	8.21126e+006	8.21554e+006	4.91846e+006	4.92145e+006	
245	183198	187472	1	3	-0	4	0	3	0	2	-0	1	0	0	8.10051e+006	8.10473e+006	110489	111067	0	1	8.21126e+006	8.21554e+006	4.91846e+006	4.92145e+006	
246	183197	187471	1	3	-0	4	0	3	0	2	-0	1	0	0	8.10051e+006	8.10473e+006	110489	111067	0	1	8.21127e+006	8.21554e+006	4.91846e+006	4.92145e+006	
247	183196	187470	2	4	-1	3	1	3	0	1	-0	1	0	0	8.10051e+006	8.10473e+006	110489	111067	0	2	8.21127e+006	8.21554e+006	4.91846e+006	4.92145e+006	
248	183196	187470	2	4	-0	3	1	3	0	1	-0	0	0	0	8.10051e+006	8.10473e+006	110489	111067	-0	1	8.21127e+006	8.21554e+006	4.91846e+006	4.92145e+006	
249	183195	187469	2	4	-0	3	1	3	0	1	-0	1	0	0	8.10051e+006	8.10473e+006	110489	111067	0	1	8.21127e+006	8.21554e+006	4.91846e+006	4.92145e+006	
250	183195	187469	1	4	-0	3	1	3	0	2	-0	1	0	0	8.10051e+006	8.10473e+006	110489	111067	-0	1	8.21127e+006	8.21554e+006	4.91846e+006	4.92145e+006	
251	183194	187468	1	4	0	4	1	3	0	1	-0	1	0	0	8.10051e+006	8.10473e+006	110489	111067	0	2	8.21127e+006	8.21554e+006	4.91846e+006	4.92145e+006	
252	183193	187467	1	4	0	4	1	3	0	1	0	1	0	0	8.10051e+006	8.10473e+006	110489	111067	-0	1	8.21127e+006	8.21554e+006	4.91846e+006	4.92145e+006	
253	183192	187466	1	4	1	4	1	2	0	2	0	1	0	0	8.10051e+006	8.10473e+006	110489	111067	0	1	8.21127e+006	8.21554e+006	4.91846e+006	4.92145e+006	
254	183192	187466	1	4	1	4	0	2	0	2	0	1	0	0	8.10051e+006	8.10473e+006	110489	111067	-0	1	8.21127e+006	8.21554e+006	4.91846e+006	4.92145e+006	
255	183192	187466	1	3	1	5	0	2	0	2	0	1	0	0	8.10051e+006	8.10473e+006	110489	111067	-0	1	8.21127e+006	8.21554e+006	4.91847e+006	4.92145e+006	
256	183191	187465	1	3	1	5	0	2	0	1	0	1	0	0	8.10051e+006	8.10473e+006	110489	111067	0	1	8.21127e+006	8.21555e+006	4.91847e+006	4.92145e+006	
257	183190	187464	1	4	1	4	0	2	0	1	0	1	-0	0	8.10052e+006	8.10473e+006	110489	111067	0	2	8.21127e+006	8.21555e+006	4.91847e+006	4.92146e+006	
258	183189	187463	1	4	1	4	0	2	0	1	0	1	-0	0	8.10052e+006	8.10473e+006	110489	111067	-0	1	8.21127e+006	8.21555e+006	4.91847e+006	4.92146e+006	
259	183188	187462	2	5	1	4	0	2	0	1	-0	1	-0	0	8.10052e+006	8.10473e+006	110489	111067	0	2	8.21127e+006	8.21555e+006	4.91847e+006	4.92146e+006	
260	183187	187461	2	6	1	4	0	2	-0	1	0	1	-0	1	8.10052e+006	8.10474e+006	110489	111067	1	2	8.21128e+006	8.21555e+006	4.91847e+006	4.92146e+006	
261	183186	187460	2	5	0	4	1	3	-0	1	0	1	-0	1	8.10052e+006	8.10474e+006	110489	111067	0	1	8.21128e+006	8.21555e+006	4.91847e+006	4.92146e+006	
262	183186	187460	2	5	0	4	0	2	-0	1	-0	1	-0	1	8.10052e+006	8.10474e+006	110489	111067	-0	1	8.21128e+006	8.21555e+006	4.91847e+006	4.92146e+006	
263	183184	187458	2	6	0	4	1	3	0	1	-0	1	-0	1	8.10052e+006	8.10474e+006	110489	111067	1	2	8.21128e+006	8.21555e+006	4.91847e+006	4.92146e+006	
264	183184	187458	2	5	1	5	1	3	-0	1	0	1	-0	1	8.10052e+006	8.10474e+006	110489	111067	0	1	8.21128e+006	8.21555e+006	4.91847e+006	4.92146e+006	
265	183184	187458	1	4	1	6	1	3	-0	1	0	1	-0	1	8.10052e+006	8.10474e+006	110489	111067	-0	0	8.21128e+006	8.21555e+006	4.91847e+006	4.92146e+006	
266	183183	187457	2	5	2	5	1	3	-0	1	0	1	-0	1	8.10052e+006	8.10474e+006	110489	111067	0	2	8.21128e+006	8.21555e+006	4.91847e+006	4.92146e+006	
267	183182	187456	1	4	2	6	0	2	0	1	-0	1	-0	1	8.10052e+006	8.10474e+006	110489	111067	-0	1	8.21128e+006	8.21555e+006	4.91847e+006	4.92146e+006	
268	183182	187456	1	3	2	6	0	2	0	1	-0	1	-0	1	8.10052e+006	8.10474e+006	110489	111067	-0	1	8.21128e+006	8.21555e+006	4.91847e+006	4.92146e+006	
269	183181	187455	1	4	2	6	0	2	0	1	0	1	-0	1	8.10052e+006	8.10474e+006	110489	111067	-0	1	8.21128e+006	8.21556e+006	4.91847e+006	4.92146e+006	
270	183181	187454	1	3	2	6	0	1	0	1	-0	1	-0	1	8.10052e+006	8.10474e+006	110489	111067	-0	1	8.21128e+006	8.21556e+006	4.91847e+006	4.92146e+006	
271	183180	187454	1	3	2	5	0	1	0	1	-0	1	-0	1	8.10052e+006	8.10474e+006	110489	111067	0	1	8.21128e+006	8.21556e+006	4.91847e+006	4.92146e+006	
272	183180	187453	1	3	2	6	0	1	0	2	-0	1	-0	1	8.10053e+006	8.10474e+006	110489	111067	-0	1	8.21128e+006	8.21556e+006	4.91847e+006	4.92146e+006	
273	183178	187452	2	4	2	4	-0	1	0	2	-0	1	-0	1	8.10053e+006	8.10474e+006	110489	111067	0	2	8.21128e+006	8.21556e+006	4.91847e+006	4.92146e+006	
274	183178	187451	2	4	1	4	0	1	1	3	-0	0	-0	0	8.10053e+006	8.10475e+006	110489	111067	0	1	8.21129e+006	8.21556e+006	4.91847e+006	4.92146e+006	
275	183177	187450	2	5	1	4	0	2	0	2	-0	0	-0	0	8.10053e+006	8.10475e+006	110489	111067	0	2	8.21129e+006	8.21556e+006	4.91848e+006	4.92147e+006	
276	183176	187449	3	6	0	3	1	2	0	2	-0	0	-0	0	8.10053e+006	8.10475e+006	110489	111067	0	2	8.21129e+006	8.21556e+006	4.91848e+006	4.92147e+006	
277	183174	187448	3	5	-0	4	1	3	0	2	-0	0	-0	0	8.10053e+006	8.10475e+006	110489	111067	0	2	8.21129e+006	8.21556e+006	4.91848e+006	4.92147e+006	
278	183174	187447	2	5	-0	3	1	4	0	2	-0	0	-0	0	8.10053e+006	8.10475e+006	110489	111067	0	1	8.21129e+006	8.21556e+006	4.91848e+006	4.92147e+006	
279	183173	187447	2	5	0	4	1	4	0	1	-0	0	0	0	8.10053e+006	8.10475e+006	110489	111067	-0	1	8.21129e+006	8.21556e+006	4.91848e+006	4.92147e+006	
280	183173	187446	2	4	1	5	1	4	-0	1	-0	0	0	0	8.10053e+006	8.10475e+006	110489	111067	0	1	8.21129e+006	8.21556e+006	4.91848e+006	4.92147e+006	
281	183172	187446	1	3	2	6	1	3	0	1	-0	0	0	0	8.10053e+006	8.10475e+006	110489	111067	-0	1	8.21129e+006	8.21556e+006	4.91848e+006	4.92147e+006	
282	183172	187445	1	3	2	6	1	3	0	1	-0	0	0	0	8.10053e+006	8.10475e+006	110489	111067	0	1	8.21129e+006	8.21556e+006	4.91848e+006	4.92147e+006	
283	183172	187445	1	3	2	6	0	2	0	1	-0	1	0	0	8.10053e+006	8.10475e+006	110489	111067	0	0	8.21129e+006	8.21556e+006	4.91848e+006	4.92147e+006	
284	183171	187444	1	3	2	6	0	2	0	1	-0	1	0	0	8.10053e+006	8.10475e+006	110489	111067	-0	1	8.21129e+006	8.21557e+006	4.91848e+006	4.92147e+006	
285	183171	187444	1	3	1	5	0	2	0	1	-0	1	0	0	8.10054e+006	8.10475e+006	110489	111067	0	1	8.21129e+006	8.21557e+006	4.91848e+006	4.92147e+006	
286	183170	187443	1	4	1	5	0	2	0	2	-0	1	0	0	8.10054e+006	8.10475e+006	110489	111067	0	2	8.21129e+006	8.21557e+006	4.91848e+006	4.92147e+006	
287	183169	187442	1	4	1	4	0	1	0	1	-0	1	0	0	8.10054e+006	8.10476e+006	110489	111067	-0	1	8.21129e+006	8.21557e+006	4.91848e+006	4.92147e+006	
288	183168	187441	2	5	0	3	0	2	-0	1	-0	1	0	0	8.10054e+006	8.10476e+006	110489	111067	0	2	8.2113e+006	8.21557e+006	4.91848e+006	4.92147e+006	
289	183167	187440	2	5	0	3	0	2	0	1	-0	0	0	0	8.10054e+006	8.10476e+006	110489	111067	0	1	8.2113e+006	8.21557e+006	4.91848e+006	4.92147e+006	
290	183167	187440	1	4	1	4	0	2	0	1	-0	0	0	0	8.10054e+006	8.10476e+006	110489	111067	-0	0	8.2113e+006	8.21557e+006	4.91848e+006	4.92147e+006	
291	183166	187438	2	5	1	4	0	2	0	1	-0	1	0	0	8.10054e+006	8.10476e+006	110489	111067	1	3	8.2113e+006	8.21557e+006	4.91848e+006	4.92147e+006	
292	183165	187438	2	5	0	4	1	3	-0	1	-0	1	0	0	8.10054e+006	8.10476e+006	110489	111067	0	2	8.2113e+006	8.21557e+006	4.91848e+006	4.92147e+006	
293	183164	187437	2	5	1	5	1	3	-0	1	-0	0	0	0	8.10054e+006	8.10476e+006	110489	111067	0	1	8.2113e+006	8.21557e+006	4.91848e+006	4.92147e+006	
294	183163	187436	3	6	1	4	1	3	0	1	-0	0	0	0	8.10054e+006	8.10476e+006	110489	111067	0	2	8.2113e+006	8.21557e+006	4.91848e+006	4.92147e+006	
295	183162	187435	2	5	1	5	1	3	-0	1	-0	1	-0	0	8.10054e+006	8.10476e+006	110489	111067	-0	1	8.2113e+006	8.21557e+006	4.91849e+006	4.92148e+006	
296	183162	187435	1	4	1	5	1	3	-0	1	-0	1	-0	0	8.10054e+006	8.10476e+006	110489	111067	-0	1	8.2113e+006	8.21557e+006	4.91849e+006	4.92148e+006	
297	183161	187434	2	5	1	5	1	3	0	1	-0	1	-0	0	8.10054e+006	8.10476e+006	110489	111067	0	2	8.2113e+006	8.21558e+006	4.91849e+006	4.92148e+006	
298	183160	187433	2	4	1	6	1	3	0	1	-0	1	-0	0	8.10054e+006	8.10476e+006	110489	111067	0	2	8.2113e+006	8.21558e+006	4.91849e+006	4.92148e+006	
299	183159	187432	2	5	1	5	1	3	0	2	-0	1	-0	0	8.10054e+006	8.10476e+006	110489	111067	0	2	8.2113e+006	8.21558e+006	4.91849e+006	4.92148e+006	
300	183158	187431	2	6	1	6	1	3	0	2	-0	1	-0	0	8.10054e+006	8.10476e+006	110489	111067	0	1	8.21131e+006	8.21558e+006	4.91849e+006	4.92148e+006	
301	183157	187430	2	6	0	5	1	4	0	2	-0	0	-0	0	8.10055e+006	8.10476e+006	110489	111067	0	2	8.21131e+006	8.21558e+006	4.91849e+006	4.92148e+006	
302	183156	187429	2	6	-0	5	1	4	0	2	-0	1	-0	0	8.10055e+006	8.10476e+006	110489	111067	0	2	8.21131e+006	8.21558e+006	4.91849e+006	4.92148e+006	
303	183154	187427	3	6	0	5	1	4	0	2	-0	1	-0	0	8.10055e+006	8.10477e+006	110489	111067	1	3	8.21131e+006	8.21558e+006	4.91849e+006	4.92148e+006	
304	183153	187426	3	6	0	4	1	4	0	2	-0	1	-0	1	8.10055e+006	8.10477e+006	110489	111067	0	1	8.21131e+006	8.21558e+006	4.91849e+006	4.92148e+006	
305	183153	187426	2	5	1	5	1	4	0	1	-0	1	-0	1	8.10055e+006	8.10477e+006	110489	111067	-0	1	8.21131e+006	8.21558e+006	4.91849e+006	4.92148e+006	
306	183152	187425	2	5	1	6	2	4	0	1	-0	1	-0	1	8.10055e+006	8.10477e+006	110489	111067	0	1	8.21131e+006	8.21558e+006	4.91849e+006	4.92148e+006	
307	183151	187424	2	4	1	6	1	4	0	2	-0	1	-0	1	8.10055e+006	8.10477e+006	110489	111067	0	2	8.21131e+006	8.21559e+006	4.91849e+006	4.92148e+006	
308	183150	187423	2	4	2	6	1	3	0	1	-0	1	-0	1	8.10055e+006	8.10477e+006	110489	111067	0	2	8.21131e+006	8.21559e+006	4.91849e+006	4.92148e+006	
309	183150	187423	2	5	2	6	1	3	0	2	0	1	-0	1	8.10055e+006	8.10477e+006	110489	111067	-0	1	8.21131e+006	8.21559e+006	4.9185e+006	4.92148e+006	
310	183149	187422	2	4	2	6	1	3	0	1	0	1	-0	1	8.10055e+006	8.10477e+006	110489	111067	-0	1	8.21131e+006	8.21559e+006	4.9185e+006	4.92148e+006	
311	183149	187422	1	4	2	6	1	3	1	2	0	1	-0	1	8.10055e+006	8.10477e+006	110489	111067	-0	1	8.21131e+006	8.21559e+006	4.9185e+006	4.92148e+006	
312	183148	187421	1	3	1	5	1	3	1	2	-0	1	-0	1	8.10056e+006	8.10477e+006	110489	111067	0	1	8.21132e+006	8.21559e+006	4.9185e+006	4.92149e+006	
313	183148	187420	1	3	1	5	1	3	0	2	0	1	0	1	8.10056e+006	8.10477e+006	110489	111067	0	1	8.21132e+006	8.21559e+006	4.9185e+006	4.92149e+006	
314	183147	187419	2	4	1	4	1	3	0	2	0	1	0	1	8.10056e+006	8.10478e+006	110489	111067	0	2	8.21132e+006	8.21559e+006	4.9185e+006	4.92149e+006	
315	183146	187418	1	4	1	4	1	2	0	2	-0	1	-0	1	8.10056e+006	8.10478e+006	110489	111067	-0	1	8.21132e+006	8.21559e+006	4.9185e+006	4.92149e+006	
316	183145	187418	2	5	1	4	1	3	0	2	-0	1	-0	1	8.10056e+006	8.10478e+006	110489	111067	0	2	8.21132e+006	8.21559e+006	4.9185e+006	4.92149e+006	
317	183145	187417	2	4	0	4	1	3	0	1	0	1	0	1	8.10056e+006	8.10478e+006	110489	111067	-0	1	8.21132e+006	8.21559e+006	4.9185e+006	4.92149e+006	
318	183144	187416	1	4	1	5	0	2	0	2	0	1	0	1	8.10056e+006	8.10478e+006	110489	111067	0	1	8.21132e+006	8.21559e+006	4.9185e+006	4.92149e+006	
319	183144	187416	1	4	1	4	0	2	0	2	0	1	-0	1	8.10056e+006	8.10478e+006	110489	111067	-0	0	8.21132e+006	8.21559e+006	4.9185e+006	4.92149e+006	
320	183142	187415	1	4	1	5	0	2	0	1	0	1	-0	1	8.10056e+006	8.10478e+006	110489	111067	0	2	8.21132e+006	8.21559e+006	4.9185e+006	4.92149e+006	
321	183141	187414	2	4	1	5	0	2	0	2	0	1	-0	1	8.10056e+006	8.10478e+006	110489	111067	0	1	8.21132e+006	8.2156e+006	4.9185e+006	4.92149e+006	
322	183141	187413	2	5	1	5	0	2	0	2	0	1	-0	1	8.10056e+006	8.10478e+006	110489	111067	0	2	8.21132e+006	8.2156e+006	4.9185e+006	4.92149e+006	
323	183139	187412	3	6	1	5	0	2	0	2	-0	1	-0	0	8.10056e+006	8.10478e+006	110489	111067	1	2	8.21132e+006	8.2156e+006	4.9185e+006	4.92149e+006	
324	183138	187411	3	6	1	5	0	2	0	2	-0	1	-0	0	8.10057e+006	8.10478e+006	110489	111067	0	2	8.21133e+006	8.2156e+006	4.9185e+006	4.92149e+006	
325	183137	187410	2	6	2	5	0	2	0	2	-0	1	-0	0	8.10057e+006	8.10478e+006	110489	111067	0	1	8.21133e+006	8.2156e+006	4.9185e+006	4.92149e+006	
326	183137	187410	2	5	1	5	1	3	0	2	-0	1	-0	0	8.10057e+006	8.10478e+006	110489	111067	-0	0	8.21133e+006	8.2156e+006	4.9185e+006	4.92149e+006	
327	183137	187409	1	4	1	5	1	3	0	2	-0	0	-0	0	8.10057e+006	8.10478e+006	110489	111068	-0	1	8.21133e+006	8.2156e+006	4.9185e+006	4.92149e+006	
328	183135	187408	1	4	1	6	1	3	0	1	-0	0	-0	0	8.10057e+006	8.10479e+006	110489	111068	0	3	8.21133e+006	8.2156e+006	4.9185e+006	4.92149e+006	
329	183135	187408	1	4	1	6	1	4	-0	1	-0	0	-0	0	8.10057e+006	8.10479e+006	110489	111068	-0	1	8.21133e+006	8.2156e+006	4.91851e+006	4.92149e+006	
330	183134	187406	2	5	1	5	1	4	0	1	-0	1	-0	0	8.10057e+006	8.10479e+006	110489	111068	1	2	8.21133e+006	8.2156e+006	4.91851e+006	4.92149e+006	
331	183133	187406	2	5	0	5	1	4	0	2	-0	1	-0	0	8.10057e+006	8.10479e+006	110489	111068	-0	1	8.21133e+006	8.2156e+006	4.91851e+006	4.92149e+006	
332	183133	187405	1	4	0	5	1	4	0	2	-0	1	-0	0	8.10057e+006	8.10479e+006	110489	111068	-0	0	8.21133e+006	8.2156e+006	4.91851e+006	4.9215e+006	
333	183132	187405	2	4	0	4	1	3	0	2	-0	1	-0	1	8.10057e+006	8.10479e+006	110489	111068	0	1	8.21133e+006	8.2156e+006	4.91851e+006	4.9215e+006	
334	183131	187404	1	4	1	5	1	3	1	3	-0	1	-0	1	8.10057e+006	8.10479e+006	110489	111068	0	2	8.21133e+006	8.21561e+006	4.91851e+006	4.9215e+006	
335	183131	187403	1	4	1	5	0	2	1	3	-0	1	-0	1	8.10057e+006	8.10479e+006	110489	111068	0	1	8.21133e+006	8.21561e+006	4.91851e+006	4.9215e+006	
336	183130	187403	1	4	1	5	0	2	0	2	0	1	-0	1	8.10057e+006	8.10479e+006	110489	111068	-0	1	8.21133e+006	8.21561e+006	4.91851e+006	4.9215e+006	
337	183130	187402	1	4	1	5	0	3	0	2	0	1	-0	1	8.10057e+006	8.10479e+006	110489	111068	-0	1	8.21133e+006	8.21561e+006	4.91851e+006	4.9215e+006	
338	183129	187402	1	3	1	5	0	2	0	2	0	1	-0	1	8.10058e+006	8.10479e+006	110489	111068	0	1	8.21133e+006	8.21561e+006	4.91851e+006	4.9215e+006	
339	183129	187401	1	3	1	5	1	3	0	1	0	1	-0	1	8.10058e+006	8.10479e+006	110489	111068	-0	1	8.21134e+006	8.21561e+006	4.91851e+006	4.9215e+006	
340	183128	187401	1	3	-0	4	0	3	-0	1	0	1	-0	1	8.10058e+006	8.1048e+006	110489	111068	-0	1	8.21134e+006	8.21561e+006	4.91851e+006	4.9215e+006	
341	183128	187400	1	3	-0	4	1	3	0	1	0	1	-0	1	8.10058e+006	8.1048e+006	110489	111068	0	1	8.21134e+006	8.21561e+006	4.91851e+006	4.9215e+006	
342	183127	187400	1	3	0	4	1	3	0	1	0	1	-0	1	8.10058e+006	8.1048e+006	110489	111068	0	1	8.21134e+006	8.21561e+006	4.91851e+006	4.9215e+006	
343	183127	187400	1	3	-0	4	0	3	-0	1	-0	1	-0	0	8.10058e+006	8.1048e+006	110490	111068	-0	1	8.21134e+006	8.21561e+006	4.91851e+006	4.9215e+006	
344	183126	187399	1	4	-0	3	1	2	-0	1	-0	1	-0	0	8.10058e+006	8.1048e+006	110490	111068	0	1	8.21134e+006	8.21561e+006	4.91851e+006	4.9215e+006	
345	183125	187398	1	4	0	3	0	2	-0	1	-0	1	-0	0	8.10058e+006	8.1048e+006	110490	111068	0	2	8.21134e+006	8.21561e+006	4.91851e+006	4.9215e+006	
346	183124	187397	2	4	1	4	0	2	-0	1	-0	1	-0	1	8.10058e+006	8.1048e+006	110490	111068	0	2	8.21134e+006	8.21561e+006	4.91851e+006	4.9215e+006	
347	183123	187396	2	5	0	4	0	2	-0	1	-0	0	-0	0	8.10058e+006	8.1048e+006	110490	111068	0	2	8.21134e+006	8.21561e+006	4.91851e+006	4.9215e+006	
348	183122	187395	2	5	1	4	0	2	-0	1	-0	0	-0	0	8.10058e+006	8.1048e+006	110490	111068	0	2	8.21134e+006	8.21561e+006	4.91851e+006	4.9215e+006	
349	183121	187394	2	5	1	5	0	2	-0	1	-0	0	-0	0	8.10058e+006	8.1048e+006	110490	111068	-0	1	8.21134e+006	8.21562e+006	4.91851e+006	4.9215e+006	
350	183121	187393	2	5	1	5	0	2	-0	1	-0	0	-0	0	8.10058e+006	8.1048e+006	110490	111068	0	2	8.21134e+006	8.21562e+006	4.91852e+006	4.9215e+006	
351	183119	187392	3	5	2	5	0	2	0	2	-0	0	-0	0	8.10058e+006	8.1048e+006	110490	111068	1	3	8.21134e+006	8.21562e+006	4.91852e+006	4.92151e+006	
352	183118	187391	2	6	1	5	1	3	0	2	-0	0	-0	0	8.10058e+006	8.1048e+006	110490	111068	0	2	8.21135e+006	8.21562e+006	4.91852e+006	4.92151e+006	
353	183117	187391	2	6	1	5	1	3	0	2	-0	0	-0	0	8.10058e+006	8.1048e+006	110490	111068	-0	1	8.21135e+006	8.21562e+006	4.91852e+006	4.92151e+006	
354	183117	187390	2	5	1	5	1	3	0	2	-0	0	-0	0	8.10059e+006	8.1048e+006	110490	111068	0	1	8.21135e+006	8.21562e+006	4.91852e+006	4.92151e+006	
355	183116	187390	1	4	2	6	1	3	1	3	-0	1	-0	1	8.10059e+006	8.1048e+006	110490	111068	-0	1	8.21135e+006	8.21562e+006	4.91852e+006	4.92151e+006	
356	183115	187389	1	3	1	6	1	4	1	3	-0	0	-0	0	8.10059e+006	8.1048e+006	110490	111068	0	1	8.21135e+006	8.21562e+006	4.91852e+006	4.92151e+006	
357	183115	187388	2	4	1	5	1	3	1	3	-0	1	-0	1	8.10059e+006	8.1048e+006	110490	111068	0	1	8.21135e+006	8.21562e+006	4.91852e+006	4.92151e+006	
358	183113	187387	2	4	1	5	1	3	1	3	-0	1	-0	1	8.10059e+006	8.10481e+006	110490	111068	0	2	8.21135e+006	8.21562e+006	4.91852e+006	4.92151e+006	
359	183112	187386	2	5	1	6	1	3	1	3	-0	1	-0	1	8.10059e+006	8.10481e+006	110490	111068	0	2	8.21135e+006	8.21562e+006	4.91852e+006	4.92151e+006	
360	183112	187385	2	5	1	5	1	2	1	3	-0	1	-0	1	8.10059e+006	8.10481e+006	110490	111068	-0	1	8.21135e+006	8.21562e+006	4.91852e+006	4.92151e+006	
361	183111	187385	2	5	1	4	1	3	1	3	0	1	-0	1	8.10059e+006	8.10481e+006	110490	111068	-0	1	8.21135e+006	8.21563e+006	4.91852e+006	4.92151e+006	
362	183110	187384	2	5	1	5	0	2	0	2	0	1	0	1	8.10059e+006	8.10481e+006	110490	111068	0	2	8.21135e+006	8.21563e+006	4.91852e+006	4.92151e+006	
363	183109	187383	2	5	2	5	1	2	0	2	0	1	0	1	8.10059e+006	8.10481e+006	110490	111068	0	2	8.21135e+006	8.21563e+006	4.91852e+006	4.92151e+006	
364	183108	187382	2	5	2	5	1	2	0	2	0	1	0	1	8.10059e+006	8.10481e+006	110490	111068	0	2	8.21135e+006	8.21563e+006	4.91852e+006	4.92151e+006	
