Day	Susceptible	Exposed	Current Detected Mild Infections	Current Undetected Mild Infections	Current Hospitalizations	Current ICU patients	ventilators	Recovered	Deaths	new infections today	total number of infections 	Confirmed total number of infections 	
0	8.39714e+006	1600	0	0	0	0	0	0	0	0	1600	0	
1	8.39698e+006	1760	0	0	0	0	0	0	0	160	1760	0	
2	8.39682e+006	1920	0	0	0	0	0	0	0	160	1920	0	
3	8.39568e+006	3060	0	0	0	0	0	0	0	1140	3060	0	
4	8.39448e+006	2660	815	785	0	0	0	0	0	1200	4260	815	
5	8.39316e+006	3817	893	867	0	0	0	0	0	1316	5577	893	
6	8.39109e+006	5724	976	944	0	0	0	0	0	2067	7644	976	
7	8.38833e+006	7347	1554	1506	0	0	0	0	0	2763	10407	1554	
8	8.38477e+006	9709	2159	2101	0	0	0	0	0	3563	13970	2159	
9	8.37987e+006	13286	2813	2763	0	0	0	0	0	4893	18863	2813	
10	8.37326e+006	17833	3052	2992	289	0	0	1311	0	6615	25477	4010	
11	8.36535e+006	22979	4339	4307	316	0	0	1444	0	7908	33386	5388	
12	8.35449e+006	30278	6025	6024	348	0	0	1572	0	10862	44248	7170	
13	8.33966e+006	40212	7910	7893	578	0	0	2482	0	14827	59075	9758	
14	8.32058e+006	52682	10599	10618	808	0	0	3453	0	19084	78160	13156	
15	8.29564e+006	69714	13874	13936	1062	0	0	4514	0	24941	103100	17218	
16	8.26242e+006	92073	18258	18346	1183	97	54	6364	0	33221	136321	22834	
17	8.21886e+006	120801	24338	24330	1674	104	57	8628	0	43556	179877	30536	
18	8.16209e+006	158488	32082	32108	2331	113	61	11526	0	56772	236648	40395	
19	8.08775e+006	207883	42124	42114	3082	177	91	15604	0	74335	310983	53368	
20	7.99119e+006	271227	55425	55419	4132	241	120	21105	0	96565	407548	70590	
21	7.86642e+006	352445	73235	73256	5405	318	154	27663	0	124774	532321	93095	
22	7.70504e+006	457048	96202	96198	7121	436	208	36691	0	161375	693696	122552	
23	7.51964e+006	568115	125939	125969	9487	589	280	49000	0	185402	879098	161211	
24	7.30999e+006	681195	164586	164802	12504	791	374	64865	0	209644	1.08874e+006	211217	
25	7.07888e+006	787534	214525	214696	16423	1078	504	85600	0	231112	1.31986e+006	276100	
26	6.83736e+006	867677	278607	278769	21568	1345	622	113371	37	241518	1.56137e+006	359894	
27	6.59891e+006	920725	349529	349692	28528	1783	832	149527	39	238451	1.79982e+006	456744	
28	6.37878e+006	931212	425791	426303	37458	2385	1121	196764	41	220131	2.01996e+006	566956	
29	6.19247e+006	886414	504180	504692	49070	3132	1462	258724	58	186315	2.20627e+006	689824	
30	6.05652e+006	780843	576813	577012	64070	4124	1925	339282	72	135947	2.34222e+006	819916	
31	5.91255e+006	686363	633654	633848	83390	5474	2549	443363	94	143971	2.48619e+006	951379	
32	5.76709e+006	611697	663115	663144	108334	7196	3352	578045	121	145464	2.63165e+006	1.07712e+006	
33	5.62705e+006	565422	663483	663688	135866	9467	4381	733606	159	140040	2.77169e+006	1.18816e+006	
34	5.49387e+006	562651	626741	626732	165634	12458	5744	910445	205	133176	2.90487e+006	1.27634e+006	
35	5.36895e+006	543601	583172	583159	196088	16358	7549	1.10714e+006	274	124921	3.02979e+006	1.37087e+006	
36	5.25426e+006	512821	535141	535137	224318	21372	9841	1.31532e+006	361	114684	3.14447e+006	1.46704e+006	
37	5.14991e+006	477131	485973	485894	246428	27930	12827	1.525e+006	470	104350	3.24882e+006	1.56032e+006	
38	5.05625e+006	437616	442358	442555	257870	36301	16671	1.72516e+006	622	93661	3.34248e+006	1.64828e+006	
39	4.97218e+006	396773	411753	411766	258104	45802	21041	1.90155e+006	814	84078	3.42656e+006	1.72886e+006	
40	4.89538e+006	358886	401206	401050	243715	56541	26008	2.04089e+006	1075	76797	3.50336e+006	1.79947e+006	
41	4.82292e+006	326990	381228	381407	226795	68023	31270	2.18995e+006	1417	72454	3.57581e+006	1.86541e+006	
42	4.75563e+006	300624	360075	350757	208214	79654	36601	2.34192e+006	1869	67295	3.64311e+006	1.93112e+006	
43	4.69419e+006	277981	336108	318762	189203	90542	41620	2.48948e+006	2462	61435	3.70454e+006	1.99089e+006	
44	4.63819e+006	257192	311763	286728	172279	99553	45792	2.62982e+006	3214	56008	3.76055e+006	2.04606e+006	
45	4.58738e+006	235545	289129	256896	160256	105772	48650	2.75953e+006	4226	50808	3.81136e+006	2.09796e+006	
46	4.54139e+006	214242	268791	229844	156114	107956	49637	2.87488e+006	5526	45991	3.85735e+006	2.14615e+006	
47	4.49982e+006	194372	250553	205167	148384	109036	50150	2.98419e+006	7217	41566	3.89891e+006	2.19009e+006	
48	4.46206e+006	176125	229678	188389	138282	108198	49738	3.0866e+006	9402	37760	3.93668e+006	2.22902e+006	
49	4.42784e+006	159541	211536	173260	127327	105718	48612	3.18161e+006	11905	34224	3.9709e+006	2.2645e+006	
50	4.39669e+006	144696	194685	159306	116404	101345	46553	3.27086e+006	14749	31146	4.00204e+006	2.29662e+006	
51	4.36828e+006	131543	177714	145388	106248	95395	43854	3.35628e+006	17892	28413	4.03046e+006	2.32587e+006	
52	4.34252e+006	119542	161443	132125	97034	88358	40605	3.43651e+006	21203	25759	4.05622e+006	2.35256e+006	
53	4.31931e+006	108525	146404	119953	88731	80869	37171	3.51053e+006	24412	23208	4.07942e+006	2.37675e+006	
54	4.29824e+006	98456	132784	108710	81416	73889	33956	3.57783e+006	27414	21077	4.1005e+006	2.39884e+006	
55	4.27923e+006	89047	120419	98681	74960	68185	31322	3.63828e+006	29934	19003	4.1195e+006	2.41895e+006	
56	4.26213e+006	80387	109256	89612	68908	64939	29848	3.69175e+006	31750	17099	4.1366e+006	2.43714e+006	
57	4.2467e+006	72609	99151	81359	62897	60900	27999	3.74142e+006	33698	15430	4.15203e+006	2.45346e+006	
58	4.23265e+006	65583	89966	73860	57179	56508	25999	3.78734e+006	35652	14051	4.16608e+006	2.46838e+006	
59	4.21994e+006	59296	81685	66921	51885	52134	24002	3.82935e+006	37535	12717	4.1788e+006	2.48189e+006	
60	4.20848e+006	53656	73965	60594	47002	47864	22073	3.86782e+006	39363	11459	4.19026e+006	2.49401e+006	
61	4.2007e+006	46004	66783	54793	42635	43744	20145	3.90303e+006	41053	7777	4.19804e+006	2.50498e+006	
62	4.19371e+006	38944	60363	49505	38705	39896	18406	3.93499e+006	42626	6992	4.20503e+006	2.51499e+006	
63	4.18736e+006	32571	54682	44695	35096	36378	16761	3.9639e+006	44052	6343	4.21137e+006	2.52403e+006	
64	4.18183e+006	26650	49413	40346	31852	33262	15317	3.99007e+006	45315	5538	4.21691e+006	2.53221e+006	
65	4.17691e+006	23787	43225	35308	28801	30452	14019	4.0138e+006	46451	4914	4.22182e+006	2.53814e+006	
66	4.1726e+006	21108	37673	30752	26042	27870	12854	4.03519e+006	47500	4312	4.22614e+006	2.54347e+006	
67	4.16884e+006	18529	33346	25992	23525	25424	11732	4.05462e+006	48462	3764	4.2299e+006	2.54897e+006	
68	4.16559e+006	16233	29187	21638	21261	23119	10679	4.07233e+006	49375	3243	4.23314e+006	2.55379e+006	
69	4.16277e+006	14142	25308	17716	19280	20929	9652	4.08838e+006	50214	2823	4.23597e+006	2.55806e+006	
70	4.16037e+006	12227	21808	14069	17391	18963	8735	4.10293e+006	50975	2398	4.23836e+006	2.56187e+006	
71	4.15831e+006	10525	19984	11880	15246	17149	7909	4.11398e+006	51666	2062	4.24043e+006	2.565e+006	
72	4.15653e+006	9065	18242	9872	13293	15512	7139	4.12394e+006	52287	1783	4.24221e+006	2.56769e+006	
73	4.15493e+006	7841	15934	8660	11496	14081	6497	4.13296e+006	52841	1599	4.24381e+006	2.56994e+006	
74	4.15356e+006	6809	13910	7544	9857	12738	5883	4.14097e+006	53349	1366	4.24517e+006	2.57188e+006	
75	4.15235e+006	5960	12082	6520	8319	11557	5342	4.14814e+006	53805	1213	4.24639e+006	2.57354e+006	
76	4.1513e+006	5226	10427	5645	6926	10464	4831	4.15453e+006	54222	1048	4.24743e+006	2.57499e+006	
77	4.1504e+006	4533	9016	4891	6162	9288	4286	4.15985e+006	54606	906	4.24834e+006	2.57629e+006	
78	4.14963e+006	3935	7818	4212	5456	8236	3800	4.16449e+006	54966	768	4.24911e+006	2.57742e+006	
79	4.14896e+006	3389	6779	3641	4779	7320	3367	4.16859e+006	55274	667	4.24978e+006	2.5784e+006	
80	4.14836e+006	2938	5901	3169	4172	6443	2961	4.17219e+006	55564	597	4.25037e+006	2.57925e+006	
81	4.14785e+006	2549	5157	2758	3617	5685	2617	4.17532e+006	55807	518	4.25089e+006	2.57996e+006	
82	4.1474e+006	2227	4500	2401	3144	4971	2293	4.17805e+006	56046	446	4.25134e+006	2.58058e+006	
83	4.14701e+006	1950	3890	2078	2712	4307	1988	4.18053e+006	56258	390	4.25173e+006	2.58112e+006	
84	4.14668e+006	1689	3376	1823	2331	3723	1717	4.18268e+006	56442	336	4.25206e+006	2.58159e+006	
85	4.14638e+006	1472	2931	1573	2017	3174	1468	4.18458e+006	56617	300	4.25236e+006	2.58202e+006	
86	4.14611e+006	1295	2552	1349	1752	2666	1226	4.18625e+006	56770	269	4.25263e+006	2.58239e+006	
87	4.14587e+006	1143	2234	1151	1545	2352	1081	4.18757e+006	56870	238	4.25287e+006	2.58272e+006	
88	4.14566e+006	1012	1953	1000	1327	2062	945	4.18875e+006	56968	205	4.25307e+006	2.58299e+006	
89	4.14548e+006	900	1719	867	1145	1802	829	4.18977e+006	57057	188	4.25326e+006	2.58323e+006	
90	4.14532e+006	791	1511	748	1005	1568	715	4.19067e+006	57132	160	4.25342e+006	2.58345e+006	
91	4.14518e+006	689	1324	655	876	1373	624	4.19144e+006	57196	136	4.25356e+006	2.58364e+006	
92	4.14505e+006	612	1154	583	760	1199	546	4.19212e+006	57257	128	4.25369e+006	2.5838e+006	
93	4.14494e+006	539	1009	527	659	1042	475	4.19271e+006	57310	115	4.2538e+006	2.58395e+006	
94	4.14484e+006	480	891	469	579	902	411	4.19323e+006	57354	100	4.2539e+006	2.58407e+006	
95	4.14475e+006	434	776	420	506	775	354	4.19369e+006	57393	90	4.25399e+006	2.58418e+006	
96	4.14464e+006	410	680	375	440	679	313	4.19409e+006	57425	104	4.2541e+006	2.58428e+006	
97	4.14454e+006	395	602	330	372	603	276	4.19444e+006	57453	100	4.2542e+006	2.58437e+006	
98	4.14445e+006	383	536	292	321	526	237	4.19475e+006	57479	88	4.25428e+006	2.58445e+006	
99	4.14437e+006	371	479	251	282	456	207	4.19503e+006	57498	79	4.25436e+006	2.58453e+006	
100	4.1443e+006	344	447	227	249	397	180	4.19526e+006	57515	77	4.25444e+006	2.58461e+006	
101	4.14423e+006	316	427	211	220	341	155	4.19547e+006	57531	72	4.25451e+006	2.58469e+006	
102	4.14416e+006	293	404	194	198	294	133	4.19565e+006	57548	66	4.25458e+006	2.58475e+006	
103	4.1441e+006	272	380	181	180	253	115	4.19581e+006	57559	58	4.25463e+006	2.58481e+006	
104	4.14404e+006	255	363	175	160	221	100	4.19595e+006	57569	60	4.25469e+006	2.58487e+006	
105	4.14398e+006	244	346	174	143	198	89	4.19607e+006	57577	60	4.25475e+006	2.58492e+006	
106	4.14393e+006	234	317	165	134	171	77	4.19621e+006	57584	56	4.25481e+006	2.58497e+006	
107	4.14387e+006	231	286	153	124	146	66	4.19633e+006	57594	55	4.25487e+006	2.58501e+006	
108	4.14382e+006	224	266	145	114	126	59	4.19644e+006	57600	52	4.25492e+006	2.58506e+006	
109	4.14377e+006	214	253	139	105	113	51	4.19654e+006	57604	51	4.25497e+006	2.5851e+006	
110	4.14372e+006	208	240	131	100	101	44	4.19663e+006	57608	50	4.25502e+006	2.58515e+006	
111	4.14367e+006	200	234	121	97	92	40	4.19671e+006	57611	47	4.25507e+006	2.58519e+006	
112	4.14363e+006	193	226	116	84	85	38	4.19679e+006	57614	46	4.25511e+006	2.58523e+006	
113	4.14358e+006	185	222	112	80	78	35	4.19686e+006	57617	42	4.25515e+006	2.58526e+006	
114	4.14354e+006	174	215	110	74	71	32	4.19693e+006	57619	39	4.25519e+006	2.5853e+006	
115	4.1435e+006	168	204	107	72	64	28	4.197e+006	57621	41	4.25523e+006	2.58533e+006	
116	4.14346e+006	162	198	103	72	58	24	4.19706e+006	57623	40	4.25527e+006	2.58537e+006	
117	4.14342e+006	162	188	100	71	51	22	4.19712e+006	57626	42	4.25532e+006	2.5854e+006	
118	4.14338e+006	162	178	97	70	45	19	4.19718e+006	57628	40	4.25536e+006	2.58543e+006	
119	4.14334e+006	162	170	95	68	41	18	4.19723e+006	57630	41	4.2554e+006	2.58546e+006	
120	4.1433e+006	160	167	88	68	39	18	4.19728e+006	57631	37	4.25543e+006	2.58549e+006	
121	4.14327e+006	155	166	84	66	37	17	4.19733e+006	57633	37	4.25547e+006	2.58552e+006	
122	4.14323e+006	148	161	83	62	33	15	4.19738e+006	57635	32	4.2555e+006	2.58555e+006	
123	4.1432e+006	145	159	83	58	31	13	4.19743e+006	57636	38	4.25554e+006	2.58558e+006	
124	4.14316e+006	148	159	81	54	31	13	4.19747e+006	57637	40	4.25558e+006	2.5856e+006	
125	4.14312e+006	147	155	82	52	30	13	4.19751e+006	57638	36	4.25562e+006	2.58563e+006	
126	4.14309e+006	146	148	81	51	29	13	4.19756e+006	57639	32	4.25565e+006	2.58565e+006	
127	4.14305e+006	141	146	80	48	31	14	4.1976e+006	57639	33	4.25568e+006	2.58568e+006	
128	4.14302e+006	133	147	79	47	32	14	4.19764e+006	57640	32	4.25571e+006	2.58571e+006	
129	4.14299e+006	133	143	78	48	30	13	4.19768e+006	57641	36	4.25575e+006	2.58573e+006	
130	4.14295e+006	135	139	77	50	28	12	4.19771e+006	57642	34	4.25578e+006	2.58576e+006	
131	4.14292e+006	135	138	74	48	27	11	4.19775e+006	57642	33	4.25582e+006	2.58578e+006	
132	4.14289e+006	136	136	75	46	27	12	4.19779e+006	57643	33	4.25585e+006	2.5858e+006	
133	4.14285e+006	133	131	79	43	26	11	4.19783e+006	57644	33	4.25588e+006	2.58583e+006	
134	4.14282e+006	131	125	79	44	24	11	4.19787e+006	57645	32	4.25592e+006	2.58585e+006	
135	4.14279e+006	134	126	74	41	24	10	4.19791e+006	57646	36	4.25595e+006	2.58588e+006	
136	4.14275e+006	134	127	75	40	22	9	4.19794e+006	57647	34	4.25599e+006	2.5859e+006	
137	4.14272e+006	137	127	74	39	20	8	4.19798e+006	57648	36	4.25602e+006	2.58592e+006	
138	4.14268e+006	138	128	73	40	19	7	4.19801e+006	57649	33	4.25605e+006	2.58595e+006	
139	4.14265e+006	135	131	69	41	19	7	4.19804e+006	57650	32	4.25609e+006	2.58597e+006	
140	4.14262e+006	134	131	69	38	19	8	4.19808e+006	57650	33	4.25612e+006	2.586e+006	
141	4.14259e+006	130	132	71	36	19	9	4.19811e+006	57650	32	4.25615e+006	2.58602e+006	
142	4.14256e+006	128	131	72	38	18	7	4.19815e+006	57651	31	4.25618e+006	2.58604e+006	
143	4.14253e+006	125	129	73	38	17	7	4.19818e+006	57651	29	4.25621e+006	2.58607e+006	
144	4.14249e+006	124	131	73	37	18	7	4.19821e+006	57651	32	4.25624e+006	2.58609e+006	
145	4.14246e+006	128	128	71	40	17	7	4.19824e+006	57652	36	4.25628e+006	2.58612e+006	
146	4.14243e+006	125	128	69	43	17	7	4.19827e+006	57652	29	4.25631e+006	2.58614e+006	
147	4.1424e+006	128	123	67	43	18	7	4.19831e+006	57653	31	4.25634e+006	2.58616e+006	
148	4.14237e+006	126	123	66	42	17	7	4.19834e+006	57653	31	4.25637e+006	2.58618e+006	
149	4.14234e+006	124	124	68	44	17	6	4.19837e+006	57654	33	4.2564e+006	2.58621e+006	
150	4.1423e+006	126	121	67	43	16	6	4.19841e+006	57654	32	4.25643e+006	2.58623e+006	
151	4.14227e+006	126	120	67	41	17	5	4.19844e+006	57655	31	4.25646e+006	2.58625e+006	
152	4.14224e+006	127	118	69	39	17	6	4.19847e+006	57655	32	4.2565e+006	2.58627e+006	
153	4.14221e+006	125	120	71	38	17	5	4.1985e+006	57656	31	4.25653e+006	2.5863e+006	
154	4.14218e+006	122	120	70	38	16	6	4.19853e+006	57656	29	4.25656e+006	2.58632e+006	
155	4.14215e+006	122	120	66	38	16	6	4.19857e+006	57657	31	4.25659e+006	2.58634e+006	
156	4.14212e+006	120	122	67	37	17	6	4.1986e+006	57657	29	4.25662e+006	2.58636e+006	
157	4.14209e+006	119	121	67	37	17	6	4.19863e+006	57658	30	4.25665e+006	2.58639e+006	
158	4.14206e+006	121	121	65	39	18	6	4.19865e+006	57658	30	4.25668e+006	2.58641e+006	
159	4.14203e+006	120	121	64	38	18	7	4.19869e+006	57659	30	4.25671e+006	2.58643e+006	
160	4.142e+006	118	118	64	39	19	8	4.19872e+006	57659	27	4.25673e+006	2.58645e+006	
161	4.14197e+006	123	117	65	35	18	8	4.19875e+006	57660	35	4.25677e+006	2.58647e+006	
162	4.14194e+006	122	116	64	37	18	8	4.19878e+006	57660	30	4.2568e+006	2.58649e+006	
163	4.14191e+006	120	114	65	34	18	8	4.19881e+006	57660	27	4.25683e+006	2.58651e+006	
164	4.14188e+006	123	113	65	33	18	8	4.19884e+006	57660	31	4.25686e+006	2.58653e+006	
165	4.14185e+006	114	117	65	33	17	9	4.19887e+006	57661	26	4.25688e+006	2.58656e+006	
166	4.14182e+006	114	120	63	32	18	9	4.1989e+006	57662	30	4.25691e+006	2.58658e+006	
167	4.14179e+006	116	119	61	36	17	9	4.19893e+006	57663	30	4.25694e+006	2.5866e+006	
168	4.14176e+006	118	117	63	35	17	9	4.19896e+006	57663	32	4.25697e+006	2.58662e+006	
169	4.14173e+006	122	117	60	39	16	8	4.19899e+006	57663	29	4.257e+006	2.58664e+006	
170	4.1417e+006	123	120	59	38	15	8	4.19902e+006	57664	31	4.25704e+006	2.58666e+006	
171	4.14167e+006	124	116	58	39	15	8	4.19905e+006	57665	31	4.25707e+006	2.58669e+006	
172	4.14164e+006	120	117	59	40	14	8	4.19908e+006	57665	29	4.2571e+006	2.58671e+006	
173	4.14161e+006	123	116	62	38	15	8	4.19911e+006	57666	32	4.25713e+006	2.58673e+006	
174	4.14158e+006	122	118	60	39	15	8	4.19914e+006	57666	30	4.25716e+006	2.58675e+006	
175	4.14155e+006	124	120	64	37	15	7	4.19916e+006	57667	33	4.25719e+006	2.58678e+006	
176	4.14151e+006	129	118	64	38	15	8	4.19919e+006	57668	33	4.25722e+006	2.5868e+006	
177	4.14148e+006	127	119	66	38	16	8	4.19922e+006	57668	30	4.25725e+006	2.58682e+006	
178	4.14145e+006	129	118	65	38	16	8	4.19925e+006	57668	32	4.25729e+006	2.58684e+006	
179	4.14142e+006	127	122	64	38	16	9	4.19928e+006	57668	30	4.25732e+006	2.58686e+006	
180	4.14139e+006	123	122	66	36	18	9	4.19931e+006	57669	29	4.25735e+006	2.58689e+006	
181	4.14136e+006	125	124	64	37	18	9	4.19934e+006	57669	33	4.25738e+006	2.58691e+006	
182	4.14132e+006	126	125	67	36	19	10	4.19937e+006	57669	33	4.25741e+006	2.58693e+006	
183	4.14129e+006	128	123	67	35	19	10	4.1994e+006	57670	33	4.25745e+006	2.58695e+006	
184	4.14126e+006	133	121	68	33	19	10	4.19944e+006	57670	34	4.25748e+006	2.58697e+006	
185	4.14122e+006	134	121	68	35	19	10	4.19947e+006	57670	34	4.25751e+006	2.587e+006	
186	4.14119e+006	132	122	67	35	19	9	4.1995e+006	57671	31	4.25754e+006	2.58702e+006	
187	4.14116e+006	131	124	67	36	19	9	4.19953e+006	57672	32	4.25758e+006	2.58705e+006	
188	4.14113e+006	131	126	67	36	18	9	4.19956e+006	57672	35	4.25761e+006	2.58707e+006	
189	4.14109e+006	128	129	68	35	19	9	4.19959e+006	57672	31	4.25764e+006	2.5871e+006	
190	4.14106e+006	130	130	68	37	18	8	4.19962e+006	57673	32	4.25767e+006	2.58712e+006	
191	4.14103e+006	129	129	68	37	18	8	4.19965e+006	57673	31	4.25771e+006	2.58714e+006	
192	4.141e+006	126	129	69	38	18	7	4.19968e+006	57673	32	4.25774e+006	2.58716e+006	
193	4.14097e+006	128	126	71	36	17	7	4.19972e+006	57674	33	4.25777e+006	2.58719e+006	
194	4.14093e+006	129	124	71	38	17	7	4.19975e+006	57674	33	4.2578e+006	2.58721e+006	
195	4.1409e+006	130	122	70	40	17	7	4.19978e+006	57675	32	4.25784e+006	2.58723e+006	
196	4.14087e+006	127	122	71	41	17	6	4.19981e+006	57675	28	4.25786e+006	2.58725e+006	
197	4.14084e+006	123	124	71	39	17	7	4.19984e+006	57676	30	4.25789e+006	2.58728e+006	
198	4.14081e+006	122	121	72	37	17	7	4.19988e+006	57676	32	4.25793e+006	2.5873e+006	
199	4.14078e+006	122	123	70	38	16	6	4.19991e+006	57677	32	4.25796e+006	2.58732e+006	
200	4.14075e+006	125	120	70	38	16	6	4.19994e+006	57677	31	4.25799e+006	2.58734e+006	
201	4.14071e+006	129	121	67	36	17	6	4.19998e+006	57677	34	4.25802e+006	2.58736e+006	
202	4.14068e+006	126	124	65	34	19	7	4.20001e+006	57678	30	4.25805e+006	2.58739e+006	
203	4.14066e+006	124	122	65	36	18	7	4.20004e+006	57678	30	4.25808e+006	2.58741e+006	
204	4.14062e+006	126	121	64	36	18	7	4.20007e+006	57679	33	4.25811e+006	2.58743e+006	
205	4.14059e+006	122	122	64	37	19	8	4.2001e+006	57679	30	4.25814e+006	2.58746e+006	
206	4.14056e+006	127	124	64	35	19	8	4.20013e+006	57679	34	4.25818e+006	2.58748e+006	
207	4.14053e+006	125	123	65	36	18	8	4.20016e+006	57680	28	4.25821e+006	2.5875e+006	
208	4.1405e+006	121	122	66	38	19	8	4.20019e+006	57680	29	4.25824e+006	2.58752e+006	
209	4.14047e+006	122	121	66	37	19	9	4.20022e+006	57680	31	4.25827e+006	2.58754e+006	
210	4.14044e+006	123	123	67	38	18	8	4.20025e+006	57680	35	4.2583e+006	2.58757e+006	
211	4.1404e+006	127	119	66	39	17	8	4.20029e+006	57681	32	4.25833e+006	2.58759e+006	
212	4.14037e+006	130	117	67	38	16	8	4.20032e+006	57681	33	4.25837e+006	2.58761e+006	
213	4.14034e+006	130	118	67	37	16	9	4.20035e+006	57681	31	4.2584e+006	2.58763e+006	
214	4.14031e+006	129	121	66	37	15	8	4.20038e+006	57682	34	4.25843e+006	2.58765e+006	
215	4.14027e+006	130	122	67	36	16	8	4.20041e+006	57682	32	4.25846e+006	2.58768e+006	
216	4.14024e+006	131	120	67	36	17	8	4.20044e+006	57683	34	4.2585e+006	2.5877e+006	
217	4.14021e+006	131	121	69	35	17	8	4.20047e+006	57683	31	4.25853e+006	2.58772e+006	
218	4.14018e+006	129	124	71	36	16	7	4.2005e+006	57684	32	4.25856e+006	2.58774e+006	
219	4.14014e+006	131	124	73	36	16	7	4.20053e+006	57684	34	4.25859e+006	2.58777e+006	
220	4.14011e+006	128	124	72	36	17	7	4.20056e+006	57685	31	4.25863e+006	2.58779e+006	
221	4.14008e+006	131	123	72	37	17	7	4.2006e+006	57685	33	4.25866e+006	2.58781e+006	
222	4.14004e+006	132	127	67	35	17	7	4.20063e+006	57685	33	4.25869e+006	2.58784e+006	
223	4.14001e+006	130	132	66	36	16	7	4.20066e+006	57686	32	4.25872e+006	2.58787e+006	
224	4.13998e+006	130	131	64	36	18	7	4.20069e+006	57686	31	4.25876e+006	2.58789e+006	
225	4.13995e+006	129	132	64	37	17	7	4.20072e+006	57687	32	4.25879e+006	2.58791e+006	
226	4.13992e+006	127	132	64	37	17	6	4.20076e+006	57688	31	4.25882e+006	2.58794e+006	
227	4.13989e+006	125	133	63	38	16	7	4.20079e+006	57688	30	4.25885e+006	2.58796e+006	
228	4.13985e+006	127	129	66	39	17	8	4.20082e+006	57688	33	4.25888e+006	2.58798e+006	
229	4.13982e+006	124	125	69	38	17	9	4.20085e+006	57689	30	4.25891e+006	2.588e+006	
230	4.13979e+006	126	125	69	38	18	9	4.20088e+006	57689	33	4.25895e+006	2.58803e+006	
231	4.13976e+006	129	122	68	38	19	9	4.20091e+006	57689	33	4.25898e+006	2.58805e+006	
232	4.13973e+006	129	119	71	38	19	9	4.20095e+006	57689	33	4.25901e+006	2.58807e+006	
233	4.1397e+006	129	119	69	37	19	10	4.20098e+006	57690	31	4.25904e+006	2.58809e+006	
234	4.13966e+006	130	121	68	38	18	10	4.20101e+006	57690	33	4.25908e+006	2.58812e+006	
235	4.13963e+006	125	123	67	38	18	10	4.20104e+006	57690	28	4.2591e+006	2.58814e+006	
236	4.1396e+006	125	127	65	37	17	10	4.20107e+006	57690	33	4.25914e+006	2.58817e+006	
237	4.13957e+006	129	128	64	37	18	10	4.2011e+006	57691	34	4.25917e+006	2.58819e+006	
238	4.13953e+006	128	131	61	39	18	10	4.20113e+006	57692	33	4.2592e+006	2.58822e+006	
239	4.1395e+006	136	128	63	40	19	10	4.20116e+006	57692	35	4.25924e+006	2.58824e+006	
240	4.13947e+006	133	128	64	41	18	10	4.20119e+006	57692	31	4.25927e+006	2.58826e+006	
241	4.13943e+006	131	132	61	42	17	9	4.20123e+006	57693	32	4.2593e+006	2.58829e+006	
242	4.1394e+006	132	130	63	43	17	9	4.20126e+006	57693	33	4.25934e+006	2.58831e+006	
243	4.13937e+006	129	133	64	39	17	8	4.20129e+006	57693	32	4.25937e+006	2.58834e+006	
244	4.13934e+006	128	130	65	37	18	9	4.20133e+006	57693	31	4.2594e+006	2.58836e+006	
245	4.13931e+006	124	131	68	35	18	9	4.20136e+006	57694	28	4.25943e+006	2.58838e+006	
246	4.13928e+006	124	131	68	33	18	9	4.20139e+006	57695	33	4.25946e+006	2.5884e+006	
247	4.13924e+006	125	127	70	35	18	10	4.20142e+006	57695	33	4.25949e+006	2.58843e+006	
248	4.13922e+006	123	126	69	34	17	9	4.20146e+006	57696	29	4.25952e+006	2.58845e+006	
249	4.13918e+006	126	119	68	37	16	8	4.20149e+006	57696	31	4.25955e+006	2.58847e+006	
250	4.13915e+006	124	121	69	39	17	9	4.20152e+006	57697	31	4.25958e+006	2.58849e+006	
251	4.13912e+006	123	123	67	39	16	9	4.20155e+006	57697	33	4.25962e+006	2.58852e+006	
252	4.13909e+006	125	120	66	38	17	8	4.20158e+006	57697	30	4.25965e+006	2.58854e+006	
253	4.13906e+006	124	121	64	37	19	9	4.20161e+006	57698	30	4.25968e+006	2.58856e+006	
254	4.13903e+006	122	120	65	36	18	9	4.20165e+006	57699	29	4.2597e+006	2.58858e+006	
255	4.139e+006	121	120	70	34	19	8	4.20167e+006	57699	31	4.25974e+006	2.5886e+006	
256	4.13897e+006	122	118	69	33	19	8	4.20171e+006	57700	32	4.25977e+006	2.58862e+006	
257	4.13893e+006	128	117	67	31	18	7	4.20174e+006	57700	36	4.2598e+006	2.58864e+006	
258	4.1389e+006	128	117	67	32	18	7	4.20177e+006	57701	30	4.25983e+006	2.58866e+006	
259	4.13887e+006	128	116	68	32	19	8	4.2018e+006	57701	31	4.25986e+006	2.58869e+006	
260	4.13884e+006	129	119	66	33	18	7	4.20183e+006	57701	32	4.2599e+006	2.58871e+006	
261	4.13881e+006	121	123	65	36	19	7	4.20186e+006	57701	28	4.25992e+006	2.58874e+006	
262	4.13878e+006	121	124	63	35	19	7	4.20189e+006	57702	30	4.25995e+006	2.58876e+006	
263	4.13875e+006	120	126	63	36	16	7	4.20192e+006	57703	30	4.25998e+006	2.58878e+006	
264	4.13872e+006	119	127	65	37	15	6	4.20195e+006	57703	31	4.26002e+006	2.5888e+006	
265	4.13869e+006	124	126	62	36	15	7	4.20198e+006	57704	33	4.26005e+006	2.58883e+006	
266	4.13866e+006	126	124	62	37	15	6	4.20201e+006	57704	32	4.26008e+006	2.58885e+006	
267	4.13862e+006	129	121	60	38	15	6	4.20205e+006	57705	33	4.26011e+006	2.58887e+006	
268	4.13859e+006	135	120	63	38	15	7	4.20208e+006	57705	37	4.26015e+006	2.58889e+006	
269	4.13855e+006	134	118	66	38	15	7	4.20211e+006	57705	32	4.26018e+006	2.58891e+006	
270	4.13852e+006	135	118	65	39	16	7	4.20214e+006	57706	32	4.26022e+006	2.58894e+006	
271	4.13849e+006	136	122	67	38	16	8	4.20216e+006	57706	34	4.26025e+006	2.58896e+006	
272	4.13845e+006	132	126	70	38	15	7	4.2022e+006	57707	33	4.26028e+006	2.58899e+006	
273	4.13842e+006	132	130	68	35	16	7	4.20223e+006	57707	32	4.26032e+006	2.58901e+006	
274	4.13839e+006	131	130	69	35	18	8	4.20226e+006	57707	32	4.26035e+006	2.58903e+006	
275	4.13836e+006	132	133	68	37	17	8	4.20229e+006	57707	34	4.26038e+006	2.58906e+006	
276	4.13833e+006	127	133	69	36	16	8	4.20232e+006	57708	29	4.26041e+006	2.58908e+006	
277	4.1383e+006	125	132	69	37	17	9	4.20235e+006	57708	31	4.26044e+006	2.58911e+006	
278	4.13826e+006	126	129	66	39	17	8	4.20239e+006	57708	32	4.26047e+006	2.58913e+006	
279	4.13823e+006	122	130	68	40	16	8	4.20242e+006	57709	30	4.2605e+006	2.58916e+006	
280	4.1382e+006	125	130	65	40	16	7	4.20245e+006	57709	32	4.26053e+006	2.58918e+006	
281	4.13817e+006	124	128	64	38	17	8	4.20249e+006	57709	30	4.26056e+006	2.5892e+006	
282	4.13814e+006	125	127	63	39	17	8	4.20252e+006	57710	32	4.2606e+006	2.58922e+006	
283	4.13811e+006	127	124	64	39	18	9	4.20255e+006	57710	32	4.26063e+006	2.58925e+006	
284	4.13808e+006	124	122	66	38	17	8	4.20258e+006	57711	29	4.26066e+006	2.58927e+006	
285	4.13804e+006	128	118	65	38	18	8	4.20261e+006	57712	35	4.26069e+006	2.58929e+006	
286	4.13801e+006	126	122	66	38	18	8	4.20264e+006	57712	30	4.26072e+006	2.58931e+006	
287	4.13798e+006	128	122	67	39	18	8	4.20267e+006	57712	34	4.26076e+006	2.58934e+006	
288	4.13795e+006	132	120	65	38	19	9	4.2027e+006	57712	33	4.26079e+006	2.58936e+006	
289	4.13792e+006	125	124	66	36	20	9	4.20273e+006	57713	28	4.26082e+006	2.58938e+006	
290	4.13789e+006	126	125	64	36	19	9	4.20277e+006	57714	31	4.26085e+006	2.5894e+006	
291	4.13786e+006	123	126	66	35	19	8	4.2028e+006	57715	30	4.26088e+006	2.58943e+006	
292	4.13783e+006	120	125	67	36	19	8	4.20283e+006	57715	30	4.26091e+006	2.58945e+006	
293	4.13779e+006	125	124	65	36	18	8	4.20286e+006	57715	33	4.26094e+006	2.58947e+006	
294	4.13776e+006	125	126	65	37	18	8	4.20289e+006	57715	31	4.26097e+006	2.58949e+006	
295	4.13773e+006	123	123	64	39	18	8	4.20292e+006	57716	29	4.261e+006	2.58952e+006	
296	4.1377e+006	123	122	66	38	18	7	4.20295e+006	57716	30	4.26103e+006	2.58954e+006	
297	4.13767e+006	126	122	64	39	18	7	4.20298e+006	57717	36	4.26107e+006	2.58956e+006	
298	4.13764e+006	125	121	63	39	17	6	4.20302e+006	57718	30	4.2611e+006	2.58958e+006	
299	4.13761e+006	127	120	65	38	16	7	4.20305e+006	57719	30	4.26113e+006	2.5896e+006	
300	4.13758e+006	126	119	65	37	17	7	4.20308e+006	57719	30	4.26116e+006	2.58963e+006	
301	4.13755e+006	120	122	68	37	17	8	4.20311e+006	57720	30	4.26119e+006	2.58965e+006	
302	4.13752e+006	119	124	65	38	18	8	4.20313e+006	57720	29	4.26122e+006	2.58967e+006	
303	4.13749e+006	122	123	64	38	18	8	4.20317e+006	57720	33	4.26125e+006	2.5897e+006	
304	4.13746e+006	122	124	62	38	19	8	4.2032e+006	57721	30	4.26128e+006	2.58972e+006	
305	4.13742e+006	123	124	62	36	19	10	4.20323e+006	57721	31	4.26131e+006	2.58974e+006	
306	4.13739e+006	128	123	62	35	19	9	4.20326e+006	57722	34	4.26135e+006	2.58976e+006	
307	4.13736e+006	125	122	60	36	20	10	4.20329e+006	57722	31	4.26138e+006	2.58978e+006	
308	4.13733e+006	125	121	61	36	20	10	4.20332e+006	57723	30	4.26141e+006	2.58981e+006	
309	4.1373e+006	126	120	62	38	20	9	4.20335e+006	57723	32	4.26144e+006	2.58983e+006	
310	4.13726e+006	127	121	65	38	19	8	4.20338e+006	57723	35	4.26147e+006	2.58985e+006	
311	4.13723e+006	128	122	66	40	19	8	4.20341e+006	57724	31	4.2615e+006	2.58987e+006	
312	4.1372e+006	128	121	67	38	17	7	4.20344e+006	57724	31	4.26154e+006	2.58989e+006	
313	4.13717e+006	131	120	68	36	17	7	4.20347e+006	57725	34	4.26157e+006	2.58992e+006	
314	4.13714e+006	125	122	70	35	17	7	4.2035e+006	57725	29	4.2616e+006	2.58994e+006	
315	4.13711e+006	124	123	69	34	17	6	4.20354e+006	57725	30	4.26163e+006	2.58996e+006	
316	4.13708e+006	122	121	69	33	17	7	4.20357e+006	57726	29	4.26166e+006	2.58998e+006	
317	4.13705e+006	119	122	70	33	18	7	4.2036e+006	57726	32	4.26169e+006	2.59001e+006	
318	4.13702e+006	123	123	68	34	17	7	4.20363e+006	57727	33	4.26172e+006	2.59003e+006	
319	4.13699e+006	124	122	68	35	18	7	4.20366e+006	57728	31	4.26175e+006	2.59005e+006	
320	4.13695e+006	126	118	66	38	18	8	4.20369e+006	57728	31	4.26178e+006	2.59007e+006	
321	4.13692e+006	127	119	65	39	18	8	4.20372e+006	57729	33	4.26182e+006	2.59009e+006	
322	4.13689e+006	124	118	68	40	18	8	4.20375e+006	57729	29	4.26185e+006	2.59011e+006	
323	4.13686e+006	125	116	67	41	17	8	4.20378e+006	57730	31	4.26188e+006	2.59014e+006	
324	4.13683e+006	125	116	69	42	18	8	4.20381e+006	57730	32	4.26191e+006	2.59016e+006	
325	4.1368e+006	120	119	68	39	18	9	4.20384e+006	57730	28	4.26194e+006	2.59018e+006	
326	4.13677e+006	119	119	70	36	18	9	4.20387e+006	57731	28	4.26196e+006	2.5902e+006	
327	4.13674e+006	120	116	72	36	18	10	4.2039e+006	57732	32	4.262e+006	2.59022e+006	
328	4.13671e+006	117	117	70	36	19	10	4.20393e+006	57732	29	4.26203e+006	2.59024e+006	
329	4.13668e+006	121	116	68	34	18	10	4.20397e+006	57733	32	4.26206e+006	2.59026e+006	
330	4.13665e+006	124	115	66	34	19	10	4.204e+006	57733	31	4.26209e+006	2.59028e+006	
331	4.13662e+006	123	114	67	36	19	10	4.20403e+006	57734	31	4.26212e+006	2.59031e+006	
332	4.13659e+006	124	115	65	39	19	11	4.20405e+006	57734	30	4.26215e+006	2.59033e+006	
333	4.13655e+006	125	118	63	37	20	11	4.20408e+006	57735	33	4.26218e+006	2.59035e+006	
334	4.13652e+006	130	120	60	39	20	11	4.20411e+006	57735	36	4.26222e+006	2.59038e+006	
335	4.13649e+006	128	121	62	37	20	11	4.20414e+006	57737	29	4.26225e+006	2.5904e+006	
336	4.13646e+006	128	122	63	36	21	10	4.20417e+006	57737	29	4.26228e+006	2.59042e+006	
337	4.13643e+006	123	123	63	34	20	10	4.2042e+006	57738	28	4.2623e+006	2.59044e+006	
338	4.1364e+006	121	127	65	33	21	10	4.20423e+006	57738	34	4.26234e+006	2.59047e+006	
339	4.13636e+006	128	124	66	36	20	9	4.20426e+006	57739	36	4.26238e+006	2.59049e+006	
340	4.13633e+006	132	124	65	34	20	8	4.2043e+006	57739	34	4.26241e+006	2.59051e+006	
341	4.1363e+006	136	121	64	35	19	8	4.20433e+006	57740	32	4.26244e+006	2.59053e+006	
342	4.13626e+006	136	125	65	34	19	7	4.20436e+006	57740	35	4.26248e+006	2.59056e+006	
343	4.13623e+006	132	124	68	35	17	7	4.20439e+006	57740	31	4.26251e+006	2.59058e+006	
344	4.1362e+006	132	124	68	37	17	7	4.20442e+006	57740	34	4.26254e+006	2.5906e+006	
345	4.13617e+006	131	126	68	36	17	6	4.20445e+006	57741	31	4.26257e+006	2.59063e+006	
346	4.13613e+006	131	126	73	37	16	6	4.20448e+006	57741	34	4.26261e+006	2.59065e+006	
347	4.1361e+006	131	129	73	37	15	6	4.20451e+006	57742	31	4.26264e+006	2.59068e+006	
348	4.13607e+006	129	128	73	39	14	5	4.20454e+006	57742	32	4.26267e+006	2.5907e+006	
349	4.13603e+006	132	127	70	41	15	6	4.20458e+006	57743	34	4.2627e+006	2.59072e+006	
350	4.136e+006	128	126	71	42	15	6	4.20461e+006	57743	31	4.26273e+006	2.59075e+006	
351	4.13597e+006	127	126	71	41	16	7	4.20464e+006	57743	30	4.26276e+006	2.59077e+006	
352	4.13594e+006	128	126	68	41	17	8	4.20467e+006	57744	33	4.2628e+006	2.59079e+006	
353	4.13591e+006	124	127	69	40	18	8	4.2047e+006	57744	30	4.26283e+006	2.59081e+006	
354	4.13588e+006	126	125	69	39	19	8	4.20474e+006	57744	33	4.26286e+006	2.59084e+006	
355	4.13584e+006	130	123	70	38	19	8	4.20477e+006	57745	34	4.26289e+006	2.59086e+006	
356	4.13581e+006	126	123	69	36	19	8	4.20481e+006	57745	30	4.26292e+006	2.59088e+006	
357	4.13578e+006	130	122	68	37	20	8	4.20483e+006	57745	34	4.26296e+006	2.5909e+006	
358	4.13575e+006	126	124	67	39	21	8	4.20486e+006	57746	29	4.26299e+006	2.59093e+006	
359	4.13572e+006	121	123	68	40	20	8	4.2049e+006	57746	29	4.26302e+006	2.59095e+006	
360	4.13569e+006	122	124	66	41	19	8	4.20493e+006	57747	30	4.26305e+006	2.59097e+006	
361	4.13566e+006	118	128	65	40	20	8	4.20496e+006	57748	30	4.26308e+006	2.591e+006	
362	4.13563e+006	117	124	65	40	19	8	4.20499e+006	57748	28	4.2631e+006	2.59102e+006	
363	4.1356e+006	119	124	65	37	19	8	4.20502e+006	57749	31	4.26313e+006	2.59104e+006	
364	4.13557e+006	120	120	66	35	19	8	4.20506e+006	57750	32	4.26317e+006	2.59106e+006	
External infections start at day 1 and end at:	19	Number of imported cases each day	10	
Number of contacts per day:	6	
Number of contacts per day:	6	
Number of days asymptomatic patients are infectious before symptomatic	2	
Probability of transmission from exposed patients:	0.0209	
Probability of transmission from mild symptomatic patients:	0.0209	
Probability of transmission from hospitalized patients:	0	
Probability of transmission from ICU patients:	0	
Probability of testing for mild symptomatic patients:	0.5	

Adherence to Social Distancing parameters:
Day 0:	0	
Day 10:	0	
Day 20:	0	
Day 30:	0.8	
Day 40:	0.8	
Day 50:	0.8	
Day 60:	0.8	
