Day	Susceptible-LB	Susceptible-UB	Exposed-LB	Exposed-UB	Current Detected Mild Infections-LB	Current Detected Mild Infections-UB	Current Undetected Mild Infections-LB	Current Undetected Mild Infections-UB	Current Hospitalizations-LB	Current Hospitalizations-UB	Current ICU patients-LB	Current ICU patients-UB	ventilators-LB	ventilators-UB	Recovered-LB	Recovered-UB	Deaths-LB	Deaths-UB	new infections today-LB	new infections today-UB	total number of infections-LB	total number of infections-UB	Confirmed total number of infections-LB	Confirmed total number of infections-UB	
0	8.39872e+006	8.39872e+006	16	16	0	0	0	0	0	0	0	0	0	0	0	0	0	0	0	0	16	16	0	0	
1	8.39856e+006	8.39856e+006	176	176	0	0	0	0	0	0	0	0	0	0	0	0	0	0	160	160	176	176	0	0	
2	8.3984e+006	8.3984e+006	336	336	0	0	0	0	0	0	0	0	0	0	0	0	0	0	160	160	336	336	0	0	
3	8.39822e+006	8.39822e+006	512	512	0	0	0	0	0	0	0	0	0	0	0	0	0	0	176	176	512	512	0	0	
4	8.39794e+006	8.39796e+006	762	783	16	16	0	0	0	0	0	0	0	0	0	0	0	0	266	287	778	799	16	16	
5	8.39755e+006	8.39759e+006	974	1015	131	140	36	45	0	0	0	0	0	0	0	0	0	0	366	398	1150	1191	131	140	
6	8.39706e+006	8.39712e+006	1276	1337	251	262	74	85	0	0	0	0	0	0	0	0	0	0	453	491	1612	1673	251	262	
7	8.39639e+006	8.39648e+006	1743	1837	381	396	116	131	0	0	0	0	0	0	0	0	0	0	634	685	2255	2349	381	396	
8	8.39546e+006	8.3956e+006	2354	2479	580	609	184	203	0	0	0	0	0	0	0	0	0	0	871	936	3137	3274	582	607	
9	8.39426e+006	8.39445e+006	3130	3292	863	909	273	296	0	0	0	0	0	0	0	0	0	0	1137	1216	4287	4476	868	904	
10	8.39261e+006	8.39288e+006	4236	4457	1191	1259	387	416	0	0	0	0	0	0	16	16	0	0	1556	1659	5856	6123	1216	1266	
11	8.3904e+006	8.39077e+006	5708	5995	1561	1663	496	532	27	35	0	0	0	0	141	149	0	0	2098	2230	7971	8336	1716	1793	
12	8.3875e+006	8.388e+006	7587	7971	2095	2240	678	725	56	67	0	0	0	0	269	280	0	0	2748	2913	10732	11236	2377	2486	
13	8.38371e+006	8.3844e+006	10041	10557	2819	3020	915	984	88	101	0	0	0	0	411	424	0	0	3593	3800	14338	15023	3249	3390	
14	8.37864e+006	8.37956e+006	13311	13987	3787	4056	1239	1319	137	155	0	0	0	0	631	655	0	0	4823	5093	19178	20098	4440	4644	
15	8.37198e+006	8.37324e+006	17520	18429	5081	5437	1672	1776	212	233	0	0	0	0	928	968	0	0	6305	6674	25499	26756	6047	6325	
16	8.3632e+006	8.36489e+006	23107	24306	6778	7256	2257	2392	304	329	0	0	0	0	1299	1354	0	0	8335	8790	33848	35533	8128	8511	
17	8.35156e+006	8.35379e+006	30598	32160	8948	9578	3031	3201	401	431	15	19	14	17	1827	1910	0	0	11081	11656	44946	47172	10841	11364	
18	8.33618e+006	8.33917e+006	40376	42466	11883	12712	4026	4245	548	586	25	30	19	22	2551	2671	0	0	14606	15394	59567	62552	14526	15225	
19	8.31592e+006	8.31985e+006	53375	56067	15691	16820	5345	5637	733	782	33	40	23	27	3506	3669	0	0	19300	20279	78885	82813	19296	20245	
20	8.28941e+006	8.29459e+006	70286	73808	20707	22193	7063	7440	985	1046	48	57	30	36	4808	5035	0	0	25245	26533	104146	109330	25610	26886	
21	8.25451e+006	8.26138e+006	92401	97067	27383	29322	9312	9795	1322	1398	69	80	40	47	6562	6875	0	0	33193	34918	137358	144229	34029	35716	
22	8.20875e+006	8.21781e+006	121344	127444	36199	38781	12268	12903	1755	1851	93	105	50	59	8866	9298	0	0	43551	45769	180923	189983	45112	47375	
23	8.149e+006	8.16089e+006	158945	166937	47895	51265	16178	16999	2330	2460	129	143	67	77	11860	12440	0	0	56905	59768	237844	249736	59766	62756	
24	8.07079e+006	8.08632e+006	208256	218632	63069	67486	21292	22352	3103	3270	178	196	89	102	15876	16653	0	0	74556	78228	312416	327948	78936	82895	
25	7.96913e+006	7.98927e+006	272094	285387	83069	88879	27987	29396	4112	4346	238	260	116	131	21125	22174	0	0	97030	101674	409463	429604	104154	109378	
26	7.83776e+006	7.86388e+006	353920	371003	109270	116896	36763	38596	5440	5746	326	353	155	175	28063	29455	0	0	125378	131384	534854	560975	137242	144157	
27	7.66873e+006	7.70229e+006	458589	480284	143336	153317	48205	50604	7195	7590	428	462	192	216	37291	39124	13	16	161567	169057	696445	730008	180496	189576	
28	7.45344e+006	7.496e+006	590307	617356	187872	200839	63183	66351	9497	10009	576	619	260	288	49455	51926	17	20	206275	215300	902735	945292	237151	248947	
29	7.18191e+006	7.23524e+006	754020	787230	245607	262356	82659	86747	12544	13202	770	824	348	382	65531	68785	19	22	260738	271552	1.16349e+006	1.21682e+006	310821	326114	
30	6.84404e+006	6.9101e+006	953765	993735	320029	341652	107689	112983	16509	17355	1028	1098	467	509	86566	90874	21	25	325113	337899	1.48863e+006	1.5547e+006	406058	425890	
31	6.43094e+006	6.51111e+006	1.19116e+006	1.2378e+006	415486	443054	139766	146560	21723	22825	1362	1455	627	676	114224	119940	26	33	398960	413130	1.88763e+006	1.96779e+006	528869	554292	
32	5.93787e+006	6.03245e+006	1.46352e+006	1.5156e+006	536516	571103	180487	189015	28568	30025	1804	1925	839	903	150496	158018	32	39	478625	493105	2.36629e+006	2.46087e+006	685647	717924	
33	5.36543e+006	5.47385e+006	1.76135e+006	1.81653e+006	688289	731064	231430	241955	37503	39397	2393	2546	1117	1194	197885	207766	41	49	558554	572497	2.92489e+006	3.03331e+006	884039	924520	
34	4.72357e+006	4.84341e+006	2.06662e+006	2.12055e+006	874893	927036	294140	306897	49259	51699	3140	3329	1460	1555	259939	272885	52	61	630356	641933	3.55532e+006	3.67517e+006	1.13147e+006	1.18166e+006	
35	4.03215e+006	4.15868e+006	2.3523e+006	2.39892e+006	1.10017e+006	1.16212e+006	369440	384632	64332	67500	4154	4401	1931	2051	340881	357655	67	78	684592	691558	4.24006e+006	4.36659e+006	1.43554e+006	1.49651e+006	
36	3.3243e+006	3.45092e+006	2.58124e+006	2.61386e+006	1.36413e+006	1.43478e+006	457568	474846	83871	87983	5483	5783	2543	2687	445385	467138	87	99	706485	709125	4.94781e+006	5.07444e+006	1.80087e+006	1.87293e+006	
37	2.64006e+006	2.75946e+006	2.71342e+006	2.72634e+006	1.66092e+006	1.73816e+006	556937	575732	108806	114023	7221	7610	3361	3540	580274	608275	115	129	684038	691671	5.63928e+006	5.75868e+006	2.22758e+006	2.31039e+006	
38	2.01664e+006	2.12223e+006	2.706e+006	2.72212e+006	1.97857e+006	2.05837e+006	663052	682476	140409	146968	9496	10008	4400	4630	752645	788176	155	171	623310	637336	6.27651e+006	6.3821e+006	2.71023e+006	2.80204e+006	
39	1.48489e+006	1.5725e+006	2.54686e+006	2.58658e+006	2.29696e+006	2.37261e+006	769170	787578	180000	188084	12497	13155	5754	6058	970759	1.0154e+006	203	223	531677	549801	6.82623e+006	6.91385e+006	3.23622e+006	3.33364e+006	
40	1.05992e+006	1.12821e+006	2.26417e+006	2.32292e+006	2.58552e+006	2.64833e+006	864912	880159	228603	238511	16438	17276	7577	7961	1.24329e+006	1.29865e+006	268	293	424931	444321	7.27052e+006	7.33881e+006	3.7828e+006	3.88095e+006	
41	740166	790326	1.89977e+006	1.96925e+006	2.80762e+006	2.84889e+006	938029	948003	287300	299063	21482	22579	9885	10385	1.57845e+006	1.64581e+006	356	388	319734	337911	7.60841e+006	7.65857e+006	4.32084e+006	4.41431e+006	
42	511620	546927	1.50495e+006	1.57537e+006	2.96042e+006	2.97532e+006	945689	950024	356049	369459	28031	29427	12876	13527	1.98169e+006	2.06151e+006	470	510	228531	243413	7.85181e+006	7.88712e+006	4.85388e+006	4.93694e+006	
43	355140	378959	1.12971e+006	1.19358e+006	2.96459e+006	2.98799e+006	912319	916986	433494	448195	36399	38157	16698	17521	2.45433e+006	2.54632e+006	626	676	156467	167981	8.01978e+006	8.0436e+006	5.3209e+006	5.39033e+006	
44	250912	266608	808992	861625	2.82025e+006	2.87375e+006	837015	847830	516029	531209	47095	49341	21651	22699	2.99134e+006	3.09379e+006	820	876	104218	112361	8.13213e+006	8.14782e+006	5.70717e+006	5.76173e+006	
45	182748	193050	557404	597289	2.55488e+006	2.63337e+006	728082	744007	598269	612730	60629	63417	27868	29179	3.58002e+006	3.68935e+006	1080	1150	68155	73566	8.20569e+006	8.21599e+006	6.01057e+006	6.05088e+006	
46	138494	145185	373115	401754	2.20549e+006	2.29898e+006	596728	615471	672646	684621	77302	80719	35534	37136	4.19637e+006	4.30767e+006	1417	1506	44245	47874	8.25355e+006	8.26024e+006	6.23933e+006	6.26773e+006	
47	109830	114198	245295	264776	1.81723e+006	1.91487e+006	457051	476258	729617	737512	97635	101738	44872	46792	4.81004e+006	4.91756e+006	1869	1982	28651	31001	8.28454e+006	8.28891e+006	6.40712e+006	6.42608e+006	
48	91169	93986	159725	172639	1.40261e+006	1.49438e+006	353123	371231	760128	763081	121978	126737	56069	58303	5.39158e+006	5.49006e+006	2447	2592	18651	20222	8.30475e+006	8.30757e+006	6.52178e+006	6.53382e+006	
49	79109	80953	103617	112120	1.03326e+006	1.11217e+006	260293	275871	754264	758788	149953	155351	68913	71446	5.91451e+006	6.0006e+006	3216	3403	12047	13047	8.31778e+006	8.31963e+006	6.60191e+006	6.60904e+006	
50	71358	72594	67105	72622	730492	793351	184116	196499	712082	722337	180968	186815	83225	85974	6.36307e+006	6.43536e+006	4241	4467	7733	8377	8.32614e+006	8.32738e+006	6.65751e+006	6.66124e+006	
51	66268	67114	43527	47119	499347	546089	125901	135127	640098	655142	213650	219610	98225	101027	6.73411e+006	6.79295e+006	5564	5855	5073	5497	8.33162e+006	8.33247e+006	6.69536e+006	6.69716e+006	
52	63053	63679	28065	30359	332844	366036	83953	90559	547003	564827	246149	251769	113218	115797	7.03361e+006	7.0807e+006	7252	7620	3188	3462	8.33506e+006	8.33568e+006	6.72004e+006	6.722e+006	
53	60981	61478	18060	19542	218454	240922	55107	59553	444351	462979	275773	280626	126824	129069	7.27158e+006	7.30873e+006	9437	9902	2042	2231	8.33726e+006	8.33776e+006	6.73593e+006	6.73877e+006	
54	59664	60090	11612	12586	142085	156906	35820	38758	343307	360861	299935	303560	137871	139570	7.45905e+006	7.4882e+006	12229	12811	1287	1418	8.33865e+006	8.33907e+006	6.74625e+006	6.7498e+006	
55	58812	59212	7359	7998	92179	101908	23206	25124	253187	268213	315975	318077	145203	146224	7.60562e+006	7.62837e+006	15754	16480	822	908	8.33952e+006	8.33992e+006	6.75305e+006	6.75708e+006	
56	58254	58641	4706	5131	59661	65968	15037	16282	179273	191204	322369	323354	148056	148650	7.71941e+006	7.73707e+006	20109	21003	535	594	8.3401e+006	8.34048e+006	6.75735e+006	6.7617e+006	
57	57911	58291	2989	3268	38589	42695	9734	10551	122598	131440	317632	319596	145918	146907	7.80816e+006	7.822e+006	25464	26554	326	367	8.34045e+006	8.34083e+006	6.76011e+006	6.76466e+006	
58	57686	58062	1914	2091	24869	27509	6251	6774	81783	88083	302859	306320	139129	140809	7.87847e+006	7.88962e+006	31949	33231	214	240	8.34067e+006	8.34105e+006	6.7619e+006	6.7666e+006	
59	57536	57912	1230	1346	15991	17701	4000	4345	53686	57929	279667	284518	128520	130844	7.93591e+006	7.94528e+006	39466	40957	139	161	8.34082e+006	8.3412e+006	6.76304e+006	6.76784e+006	
60	57441	57819	779	855	10290	11405	2564	2797	34912	37691	249629	255544	114647	117450	7.98496e+006	7.99318e+006	47976	49624	86	101	8.34092e+006	8.3413e+006	6.76376e+006	6.76861e+006	
61	57380	57755	509	558	6518	7250	1629	1782	22710	24530	214937	221535	98713	101816	8.02837e+006	8.03583e+006	57216	58956	56	70	8.34098e+006	8.34136e+006	6.76422e+006	6.7691e+006	
62	57345	57720	323	360	4156	4636	1045	1147	14697	15898	177955	184714	81725	84846	8.06776e+006	8.07454e+006	66729	68456	30	40	8.34102e+006	8.34139e+006	6.76451e+006	6.76942e+006	
63	57319	57694	204	231	2651	2964	663	732	9526	10318	141329	147825	64920	67912	8.10306e+006	8.10911e+006	76106	77736	21	30	8.34104e+006	8.34142e+006	6.76471e+006	6.76963e+006	
64	57303	57677	130	152	1696	1894	429	475	6132	6645	107453	113273	49363	52053	8.13406e+006	8.13921e+006	84734	86205	14	20	8.34106e+006	8.34143e+006	6.76483e+006	6.76976e+006	
65	57293	57667	78	96	1088	1216	277	309	3937	4273	78463	83290	36064	38311	8.15993e+006	8.1641e+006	92108	93349	7	12	8.34107e+006	8.34144e+006	6.76493e+006	6.76986e+006	
66	57285	57660	53	67	686	772	174	198	2537	2761	55162	58929	25392	27143	8.18042e+006	8.18364e+006	98066	99064	5	10	8.34108e+006	8.34145e+006	6.76498e+006	6.76992e+006	
67	57279	57655	34	45	450	507	106	125	1599	1748	37628	40403	17312	18609	8.19575e+006	8.19815e+006	102605	103391	3	7	8.34108e+006	8.34146e+006	6.76501e+006	6.76996e+006	
68	57277	57652	21	30	291	336	64	79	1025	1123	25058	27040	11531	12443	8.2067e+006	8.20848e+006	105835	106463	1	4	8.34108e+006	8.34146e+006	6.76504e+006	6.76998e+006	
69	57275	57649	15	21	183	215	40	50	649	714	16423	17756	7546	8157	8.21426e+006	8.21554e+006	108072	108612	1	3	8.34109e+006	8.34146e+006	6.76505e+006	6.77e+006	
70	57273	57647	10	15	120	145	21	29	425	472	10679	11558	4903	5309	8.21924e+006	8.22021e+006	109568	110059	1	3	8.34109e+006	8.34146e+006	6.76506e+006	6.77001e+006	
71	57272	57646	6	10	74	95	12	19	267	302	6954	7526	3214	3485	8.22249e+006	8.22328e+006	110524	110997	0	2	8.34109e+006	8.34146e+006	6.76506e+006	6.77001e+006	
72	57271	57646	4	8	52	67	6	11	164	190	4479	4864	2076	2255	8.2246e+006	8.22531e+006	111167	111636	0	1	8.34109e+006	8.34147e+006	6.76507e+006	6.77002e+006	
73	57270	57645	2	6	33	45	4	8	106	125	2891	3140	1333	1452	8.22597e+006	8.22661e+006	111579	112045	-0	1	8.34109e+006	8.34147e+006	6.76507e+006	6.77002e+006	
74	57270	57645	1	4	21	30	3	6	67	84	1855	2020	853	933	8.22684e+006	8.22746e+006	111850	112315	-0	1	8.34109e+006	8.34147e+006	6.76507e+006	6.77002e+006	
75	57270	57645	1	3	14	22	2	4	39	50	1189	1300	536	592	8.22741e+006	8.22802e+006	112015	112483	-0	0	8.34109e+006	8.34147e+006	6.76507e+006	6.77002e+006	
76	57270	57645	0	2	9	15	1	3	23	31	774	849	348	389	8.22777e+006	8.22837e+006	112122	112588	-0	0	8.34109e+006	8.34147e+006	6.76507e+006	6.77002e+006	
77	57270	57645	0	1	6	11	0	2	14	19	486	538	217	248	8.228e+006	8.2286e+006	112204	112670	0	0	8.34109e+006	8.34147e+006	6.76507e+006	6.77002e+006	
78	57269	57644	0	2	4	8	-0	1	9	15	317	352	143	167	8.22815e+006	8.22875e+006	112245	112712	0	1	8.34109e+006	8.34147e+006	6.76508e+006	6.77002e+006	
79	57269	57644	0	2	2	6	-0	1	6	10	203	227	90	107	8.22824e+006	8.22884e+006	112277	112743	-0	0	8.34109e+006	8.34147e+006	6.76508e+006	6.77002e+006	
80	57269	57644	0	1	1	4	0	0	3	6	132	152	58	71	8.2283e+006	8.2289e+006	112295	112762	0	0	8.34109e+006	8.34147e+006	6.76508e+006	6.77002e+006	
81	57269	57644	0	2	1	3	0	0	2	5	82	99	33	43	8.22835e+006	8.22894e+006	112306	112773	-0	0	8.34109e+006	8.34147e+006	6.76508e+006	6.77002e+006	
82	57269	57643	0	1	1	3	-0	0	1	3	48	59	19	27	8.22838e+006	8.22897e+006	112314	112781	-0	1	8.34109e+006	8.34147e+006	6.76508e+006	6.77002e+006	
83	57269	57643	-0	1	0	2	-0	0	0	2	31	39	13	19	8.22839e+006	8.22899e+006	112318	112785	0	0	8.34109e+006	8.34147e+006	6.76508e+006	6.77002e+006	
84	57268	57643	0	2	0	2	-0	0	0	1	19	27	8	12	8.2284e+006	8.229e+006	112321	112788	-0	1	8.34109e+006	8.34147e+006	6.76508e+006	6.77002e+006	
85	57268	57643	0	1	0	2	-0	0	-0	1	11	17	4	7	8.22841e+006	8.22901e+006	112323	112790	0	0	8.34109e+006	8.34147e+006	6.76508e+006	6.77002e+006	
86	57268	57643	-0	1	0	2	-0	0	-0	1	6	11	2	5	8.22841e+006	8.22901e+006	112325	112792	0	0	8.34109e+006	8.34147e+006	6.76508e+006	6.77002e+006	
87	57268	57643	0	1	0	2	-0	0	-0	0	3	7	1	4	8.22842e+006	8.22901e+006	112326	112793	-0	1	8.34109e+006	8.34147e+006	6.76508e+006	6.77002e+006	
88	57268	57642	-0	1	0	2	0	0	-0	1	2	5	1	3	8.22842e+006	8.22902e+006	112326	112793	-0	0	8.34109e+006	8.34147e+006	6.76508e+006	6.77002e+006	
89	57267	57642	0	1	0	2	0	0	-0	1	1	3	0	2	8.22842e+006	8.22902e+006	112326	112794	-0	1	8.34109e+006	8.34147e+006	6.76508e+006	6.77002e+006	
90	57267	57642	0	2	0	2	0	0	-0	1	0	1	-0	1	8.22842e+006	8.22902e+006	112326	112794	-0	0	8.34109e+006	8.34147e+006	6.76508e+006	6.77002e+006	
91	57267	57642	0	2	0	2	0	0	-0	1	-0	1	-0	0	8.22842e+006	8.22902e+006	112327	112794	-0	1	8.34109e+006	8.34147e+006	6.76508e+006	6.77002e+006	
92	57266	57641	0	2	0	2	0	0	-0	1	0	0	0	0	8.22842e+006	8.22902e+006	112327	112794	-0	1	8.3411e+006	8.34147e+006	6.76508e+006	6.77002e+006	
93	57266	57641	1	3	0	2	0	0	-0	1	0	0	0	0	8.22842e+006	8.22902e+006	112327	112794	0	1	8.3411e+006	8.34147e+006	6.76508e+006	6.77003e+006	
94	57266	57640	1	3	0	2	0	0	-0	0	-0	0	0	0	8.22842e+006	8.22902e+006	112327	112794	-0	0	8.3411e+006	8.34147e+006	6.76508e+006	6.77003e+006	
95	57266	57640	0	2	1	2	0	0	0	0	-0	1	-0	0	8.22842e+006	8.22902e+006	112327	112794	0	0	8.3411e+006	8.34147e+006	6.76508e+006	6.77003e+006	
96	57265	57640	0	2	1	3	0	0	0	0	-0	1	-0	0	8.22842e+006	8.22902e+006	112327	112794	-0	0	8.3411e+006	8.34147e+006	6.76508e+006	6.77003e+006	
97	57265	57640	-0	1	1	3	0	0	0	0	-0	1	-0	0	8.22842e+006	8.22902e+006	112327	112794	0	0	8.3411e+006	8.34147e+006	6.76508e+006	6.77003e+006	
98	57265	57640	-0	1	1	3	0	0	0	0	-0	1	-0	0	8.22842e+006	8.22902e+006	112327	112794	-0	1	8.3411e+006	8.34147e+006	6.76508e+006	6.77003e+006	
99	57265	57640	0	1	1	3	0	0	-0	0	-0	1	-0	0	8.22842e+006	8.22902e+006	112327	112794	-0	0	8.3411e+006	8.34147e+006	6.76508e+006	6.77003e+006	
100	57264	57639	1	2	1	3	-0	0	-0	0	-0	1	-0	0	8.22842e+006	8.22902e+006	112327	112794	0	2	8.3411e+006	8.34147e+006	6.76508e+006	6.77003e+006	
101	57264	57639	1	2	0	2	-0	0	-0	0	-0	1	-0	0	8.22842e+006	8.22902e+006	112327	112794	0	0	8.3411e+006	8.34147e+006	6.76508e+006	6.77003e+006	
102	57264	57638	1	2	0	2	-0	0	-0	0	-0	1	-0	0	8.22842e+006	8.22902e+006	112327	112794	-0	1	8.3411e+006	8.34147e+006	6.76508e+006	6.77003e+006	
103	57264	57638	1	2	-0	1	-0	0	-0	0	-0	1	-0	0	8.22842e+006	8.22902e+006	112327	112794	-0	0	8.3411e+006	8.34147e+006	6.76508e+006	6.77003e+006	
104	57263	57638	0	1	0	2	-0	0	-0	0	-0	0	-0	0	8.22842e+006	8.22902e+006	112327	112794	-0	0	8.3411e+006	8.34147e+006	6.76508e+006	6.77003e+006	
105	57263	57638	0	1	0	2	-0	0	0	0	0	0	0	0	8.22842e+006	8.22902e+006	112327	112794	0	0	8.3411e+006	8.34147e+006	6.76508e+006	6.77003e+006	
106	57263	57638	0	1	1	3	0	0	0	0	0	0	0	0	8.22842e+006	8.22902e+006	112327	112794	-0	1	8.3411e+006	8.34147e+006	6.76508e+006	6.77003e+006	
107	57263	57638	-0	1	1	3	-0	0	0	0	0	0	0	0	8.22842e+006	8.22902e+006	112327	112794	0	0	8.3411e+006	8.34147e+006	6.76508e+006	6.77003e+006	
108	57263	57638	-0	1	1	3	-0	0	0	0	0	0	0	0	8.22842e+006	8.22902e+006	112327	112794	-0	0	8.3411e+006	8.34147e+006	6.76508e+006	6.77003e+006	
109	57263	57637	0	1	0	2	-0	0	0	0	0	0	0	0	8.22842e+006	8.22902e+006	112327	112794	-0	1	8.3411e+006	8.34147e+006	6.76508e+006	6.77003e+006	
110	57262	57637	0	1	-0	2	-0	0	-0	1	0	0	0	0	8.22843e+006	8.22902e+006	112327	112794	-0	0	8.3411e+006	8.34147e+006	6.76508e+006	6.77003e+006	
111	57262	57637	0	2	-0	2	-0	0	-0	1	0	0	0	0	8.22843e+006	8.22902e+006	112327	112794	-0	1	8.3411e+006	8.34147e+006	6.76508e+006	6.77003e+006	
112	57262	57637	0	2	-0	1	-0	0	-0	1	0	0	0	0	8.22843e+006	8.22902e+006	112327	112794	0	0	8.3411e+006	8.34147e+006	6.76508e+006	6.77003e+006	
113	57262	57636	0	1	0	2	0	0	-0	1	0	0	0	0	8.22843e+006	8.22902e+006	112327	112794	-0	0	8.3411e+006	8.34147e+006	6.76508e+006	6.77003e+006	
114	57262	57636	0	2	0	2	0	0	-0	1	0	0	0	0	8.22843e+006	8.22902e+006	112327	112794	-0	1	8.3411e+006	8.34147e+006	6.76508e+006	6.77003e+006	
115	57262	57636	-0	1	1	2	0	0	-0	1	0	0	0	0	8.22843e+006	8.22902e+006	112327	112794	0	0	8.3411e+006	8.34147e+006	6.76508e+006	6.77003e+006	
116	57261	57636	0	1	0	2	0	0	0	0	-0	1	0	0	8.22843e+006	8.22902e+006	112327	112794	-0	0	8.3411e+006	8.34148e+006	6.76508e+006	6.77003e+006	
117	57261	57636	0	1	0	2	0	0	0	0	-0	1	0	0	8.22843e+006	8.22902e+006	112327	112794	-0	1	8.3411e+006	8.34148e+006	6.76508e+006	6.77003e+006	
118	57261	57636	-0	1	0	2	0	0	0	0	-0	1	0	0	8.22843e+006	8.22902e+006	112327	112794	0	0	8.3411e+006	8.34148e+006	6.76508e+006	6.77003e+006	
119	57261	57635	0	1	0	2	0	0	0	0	-0	1	0	0	8.22843e+006	8.22902e+006	112327	112794	-0	1	8.3411e+006	8.34148e+006	6.76508e+006	6.77003e+006	
120	57261	57635	0	1	0	2	0	0	0	0	-0	1	0	0	8.22843e+006	8.22902e+006	112327	112794	-0	0	8.3411e+006	8.34148e+006	6.76508e+006	6.77003e+006	
121	57260	57635	0	1	0	2	0	0	0	0	-0	1	0	0	8.22843e+006	8.22902e+006	112327	112794	-0	1	8.3411e+006	8.34148e+006	6.76508e+006	6.77003e+006	
122	57260	57635	0	2	0	2	0	0	0	0	-0	1	0	0	8.22843e+006	8.22902e+006	112327	112794	-0	0	8.3411e+006	8.34148e+006	6.76508e+006	6.77003e+006	
123	57260	57635	0	1	0	2	0	0	-0	0	-0	1	0	0	8.22843e+006	8.22902e+006	112327	112794	0	0	8.3411e+006	8.34148e+006	6.76508e+006	6.77003e+006	
124	57260	57634	0	1	0	2	0	0	-0	0	-0	1	0	0	8.22843e+006	8.22903e+006	112327	112794	-0	1	8.3411e+006	8.34148e+006	6.76508e+006	6.77003e+006	
125	57260	57634	0	1	0	2	0	0	-0	0	-0	1	0	0	8.22843e+006	8.22903e+006	112327	112794	-0	0	8.3411e+006	8.34148e+006	6.76509e+006	6.77003e+006	
126	57259	57634	0	1	0	2	0	0	-0	0	0	0	0	0	8.22843e+006	8.22903e+006	112327	112794	-0	1	8.3411e+006	8.34148e+006	6.76509e+006	6.77003e+006	
127	57259	57633	0	2	0	2	0	0	-0	0	0	0	0	0	8.22843e+006	8.22903e+006	112327	112794	-0	1	8.3411e+006	8.34148e+006	6.76509e+006	6.77003e+006	
128	57259	57633	0	2	0	2	0	0	-0	0	0	0	0	0	8.22843e+006	8.22903e+006	112327	112794	-0	0	8.3411e+006	8.34148e+006	6.76509e+006	6.77003e+006	
129	57258	57633	0	2	0	2	0	0	0	0	-0	0	-0	0	8.22843e+006	8.22903e+006	112327	112794	-0	1	8.3411e+006	8.34148e+006	6.76509e+006	6.77003e+006	
130	57258	57633	0	2	0	2	-0	0	0	0	-0	0	-0	0	8.22843e+006	8.22903e+006	112327	112794	-0	0	8.3411e+006	8.34148e+006	6.76509e+006	6.77003e+006	
131	57258	57632	0	2	0	2	-0	0	0	0	-0	0	-0	0	8.22843e+006	8.22903e+006	112327	112794	-0	1	8.3411e+006	8.34148e+006	6.76509e+006	6.77003e+006	
132	57258	57632	0	1	0	2	-0	0	-0	0	-0	0	-0	0	8.22843e+006	8.22903e+006	112327	112794	0	0	8.3411e+006	8.34148e+006	6.76509e+006	6.77003e+006	
133	57258	57632	-0	1	0	3	-0	1	-0	0	-0	0	-0	0	8.22843e+006	8.22903e+006	112327	112794	0	0	8.3411e+006	8.34148e+006	6.76509e+006	6.77003e+006	
134	57258	57632	-0	1	0	2	-0	1	-0	1	-0	0	-0	0	8.22843e+006	8.22903e+006	112327	112794	0	0	8.3411e+006	8.34148e+006	6.76509e+006	6.77003e+006	
135	57258	57632	0	0	0	3	-0	1	-0	1	-0	0	-0	0	8.22843e+006	8.22903e+006	112327	112794	0	0	8.3411e+006	8.34148e+006	6.76509e+006	6.77003e+006	
136	57257	57632	-0	1	0	2	-0	0	-0	1	-0	0	-0	0	8.22843e+006	8.22903e+006	112327	112794	-0	1	8.3411e+006	8.34148e+006	6.76509e+006	6.77003e+006	
137	57257	57631	0	1	-0	2	-0	0	-0	1	-0	0	-0	0	8.22843e+006	8.22903e+006	112327	112794	-0	1	8.34111e+006	8.34148e+006	6.76509e+006	6.77003e+006	
138	57257	57631	0	2	-0	1	-0	0	-0	1	-0	0	-0	0	8.22843e+006	8.22903e+006	112327	112794	-0	1	8.34111e+006	8.34148e+006	6.76509e+006	6.77003e+006	
139	57257	57631	0	2	-0	1	0	0	-0	1	0	0	0	0	8.22843e+006	8.22903e+006	112327	112794	-0	0	8.34111e+006	8.34148e+006	6.76509e+006	6.77003e+006	
140	57256	57630	1	2	-0	1	-0	0	-0	1	0	0	0	0	8.22843e+006	8.22903e+006	112327	112794	0	1	8.34111e+006	8.34148e+006	6.76509e+006	6.77003e+006	
141	57256	57630	0	2	-0	1	-0	0	-0	1	0	0	0	0	8.22843e+006	8.22903e+006	112327	112794	-0	1	8.34111e+006	8.34148e+006	6.76509e+006	6.77003e+006	
142	57255	57630	0	2	0	2	-0	0	-0	1	0	0	0	0	8.22843e+006	8.22903e+006	112327	112794	-0	1	8.34111e+006	8.34148e+006	6.76509e+006	6.77004e+006	
143	57255	57629	0	2	0	2	-0	0	-0	0	0	0	0	0	8.22843e+006	8.22903e+006	112327	112794	-0	0	8.34111e+006	8.34148e+006	6.76509e+006	6.77004e+006	
144	57255	57629	0	2	0	3	-0	1	-0	0	0	0	0	0	8.22843e+006	8.22903e+006	112327	112794	-0	1	8.34111e+006	8.34148e+006	6.76509e+006	6.77004e+006	
145	57254	57628	1	3	1	3	-0	1	0	0	0	0	0	0	8.22843e+006	8.22903e+006	112327	112794	0	2	8.34111e+006	8.34148e+006	6.76509e+006	6.77004e+006	
146	57253	57627	1	3	1	3	-0	0	-0	0	0	0	0	0	8.22843e+006	8.22903e+006	112327	112794	-0	1	8.34111e+006	8.34148e+006	6.76509e+006	6.77004e+006	
147	57253	57627	1	4	1	3	-0	0	-0	0	0	0	0	0	8.22843e+006	8.22903e+006	112327	112794	-0	1	8.34111e+006	8.34148e+006	6.76509e+006	6.77004e+006	
148	57253	57627	1	3	1	3	-0	0	-0	0	0	0	0	0	8.22843e+006	8.22903e+006	112327	112794	-0	0	8.34111e+006	8.34148e+006	6.76509e+006	6.77004e+006	
149	57252	57626	0	2	1	4	-0	1	-0	0	0	0	0	0	8.22843e+006	8.22903e+006	112327	112794	-0	1	8.34111e+006	8.34148e+006	6.76509e+006	6.77004e+006	
150	57252	57626	0	2	1	4	-0	0	-0	0	0	0	0	0	8.22843e+006	8.22903e+006	112327	112794	-0	0	8.34111e+006	8.34148e+006	6.76509e+006	6.77004e+006	
151	57252	57626	0	2	1	4	-0	0	-0	0	0	0	0	0	8.22843e+006	8.22903e+006	112327	112794	-0	0	8.34111e+006	8.34148e+006	6.76509e+006	6.77004e+006	
152	57252	57626	0	2	1	4	-0	0	-0	0	0	0	0	0	8.22843e+006	8.22903e+006	112327	112794	-0	0	8.34111e+006	8.34148e+006	6.76509e+006	6.77004e+006	
153	57252	57626	-0	1	1	4	-0	0	-0	0	0	0	0	0	8.22843e+006	8.22903e+006	112327	112794	0	0	8.34111e+006	8.34148e+006	6.76509e+006	6.77004e+006	
154	57252	57626	-0	1	1	4	-0	0	-0	0	0	0	0	0	8.22844e+006	8.22903e+006	112327	112794	-0	0	8.34111e+006	8.34148e+006	6.76509e+006	6.77004e+006	
155	57252	57625	-0	1	1	3	0	0	0	1	0	0	0	0	8.22844e+006	8.22903e+006	112327	112794	-0	0	8.34111e+006	8.34148e+006	6.76509e+006	6.77004e+006	
156	57252	57625	-0	1	0	2	-0	0	0	1	0	0	0	0	8.22844e+006	8.22903e+006	112327	112794	0	0	8.34111e+006	8.34148e+006	6.76509e+006	6.77004e+006	
157	57251	57625	0	1	0	2	-0	0	0	1	0	0	0	0	8.22844e+006	8.22903e+006	112327	112794	-0	1	8.34111e+006	8.34149e+006	6.76509e+006	6.77004e+006	
158	57251	57625	0	1	-0	2	-0	1	0	1	0	0	0	0	8.22844e+006	8.22903e+006	112327	112794	0	0	8.34111e+006	8.34149e+006	6.76509e+006	6.77004e+006	
159	57251	57625	0	1	-0	1	-0	1	0	1	0	0	0	0	8.22844e+006	8.22903e+006	112327	112794	-0	1	8.34111e+006	8.34149e+006	6.76509e+006	6.77004e+006	
160	57251	57624	0	2	-0	1	-0	1	0	1	0	0	0	0	8.22844e+006	8.22903e+006	112327	112794	-0	0	8.34111e+006	8.34149e+006	6.76509e+006	6.77004e+006	
161	57250	57624	0	1	-0	1	-0	1	-0	1	-0	0	-0	0	8.22844e+006	8.22903e+006	112327	112794	-0	1	8.34111e+006	8.34149e+006	6.76509e+006	6.77004e+006	
162	57250	57624	0	2	-0	1	-0	1	-0	1	-0	1	-0	0	8.22844e+006	8.22903e+006	112327	112794	-0	0	8.34111e+006	8.34149e+006	6.76509e+006	6.77004e+006	
163	57250	57624	0	1	-0	2	-0	1	-0	1	-0	1	-0	0	8.22844e+006	8.22903e+006	112327	112794	0	0	8.34111e+006	8.34149e+006	6.76509e+006	6.77004e+006	
164	57250	57624	-0	2	0	2	-0	0	-0	1	-0	1	-0	0	8.22844e+006	8.22903e+006	112327	112794	-0	1	8.34111e+006	8.34149e+006	6.76509e+006	6.77004e+006	
165	57250	57624	-0	1	0	2	-0	0	-0	1	-0	1	-0	0	8.22844e+006	8.22904e+006	112327	112794	-0	0	8.34111e+006	8.34149e+006	6.76509e+006	6.77004e+006	
166	57249	57623	0	1	0	2	-0	0	-0	1	-0	1	-0	0	8.22844e+006	8.22904e+006	112327	112794	-0	1	8.34111e+006	8.34149e+006	6.76509e+006	6.77004e+006	
167	57249	57623	0	2	0	2	0	0	-0	1	-0	1	-0	0	8.22844e+006	8.22904e+006	112327	112794	-0	0	8.34111e+006	8.34149e+006	6.76509e+006	6.77004e+006	
168	57249	57623	0	1	0	2	0	0	-0	0	-0	1	-0	0	8.22844e+006	8.22904e+006	112327	112794	0	0	8.34111e+006	8.34149e+006	6.76509e+006	6.77004e+006	
169	57249	57623	0	1	0	2	0	0	-0	1	-0	1	-0	0	8.22844e+006	8.22904e+006	112327	112794	-0	0	8.34111e+006	8.34149e+006	6.76509e+006	6.77004e+006	
170	57248	57622	0	2	0	2	-0	0	-0	1	-0	1	-0	0	8.22844e+006	8.22904e+006	112327	112794	0	1	8.34111e+006	8.34149e+006	6.7651e+006	6.77004e+006	
171	57248	57622	0	2	-0	2	-0	1	-0	0	-0	1	-0	0	8.22844e+006	8.22904e+006	112327	112794	-0	1	8.34111e+006	8.34149e+006	6.7651e+006	6.77004e+006	
172	57248	57622	0	2	-0	2	-0	1	-0	0	-0	0	-0	0	8.22844e+006	8.22904e+006	112327	112794	-0	0	8.34111e+006	8.34149e+006	6.7651e+006	6.77004e+006	
173	57248	57622	0	2	-0	2	-0	1	-0	0	-0	0	-0	0	8.22844e+006	8.22904e+006	112327	112794	0	0	8.34111e+006	8.34149e+006	6.7651e+006	6.77004e+006	
174	57247	57621	0	2	0	2	-0	1	-0	1	-0	0	-0	0	8.22844e+006	8.22904e+006	112327	112794	0	1	8.34112e+006	8.34149e+006	6.7651e+006	6.77004e+006	
175	57246	57621	0	2	0	2	-0	1	-0	0	-0	1	-0	0	8.22844e+006	8.22904e+006	112327	112794	-0	1	8.34112e+006	8.34149e+006	6.7651e+006	6.77004e+006	
176	57246	57621	0	2	0	2	-0	0	-0	0	-0	1	-0	0	8.22844e+006	8.22904e+006	112327	112794	-0	0	8.34112e+006	8.34149e+006	6.7651e+006	6.77004e+006	
177	57246	57620	1	3	0	2	0	0	-0	1	-0	1	-0	0	8.22844e+006	8.22904e+006	112327	112794	0	1	8.34112e+006	8.34149e+006	6.7651e+006	6.77004e+006	
178	57245	57620	1	3	1	3	0	0	-0	1	-0	1	-0	0	8.22844e+006	8.22904e+006	112327	112794	-0	1	8.34112e+006	8.34149e+006	6.7651e+006	6.77004e+006	
179	57245	57619	1	3	1	3	-0	1	-0	1	-0	1	-0	0	8.22844e+006	8.22904e+006	112327	112794	-0	1	8.34112e+006	8.34149e+006	6.7651e+006	6.77004e+006	
180	57245	57619	1	3	0	3	-0	1	-0	0	-0	1	-0	0	8.22844e+006	8.22904e+006	112327	112794	-0	0	8.34112e+006	8.34149e+006	6.7651e+006	6.77004e+006	
181	57244	57619	0	2	0	3	-0	1	-0	1	-0	1	0	0	8.22844e+006	8.22904e+006	112327	112794	-0	1	8.34112e+006	8.34149e+006	6.7651e+006	6.77005e+006	
182	57244	57619	0	2	1	3	-0	1	-0	1	-0	1	0	0	8.22844e+006	8.22904e+006	112327	112794	-0	0	8.34112e+006	8.34149e+006	6.7651e+006	6.77005e+006	
183	57244	57619	0	1	1	4	0	1	-0	1	-0	1	0	0	8.22844e+006	8.22904e+006	112327	112794	-0	0	8.34112e+006	8.34149e+006	6.7651e+006	6.77005e+006	
184	57244	57619	0	1	0	3	0	1	-0	1	-0	1	0	0	8.22844e+006	8.22904e+006	112327	112794	-0	0	8.34112e+006	8.34149e+006	6.7651e+006	6.77005e+006	
185	57244	57618	0	1	1	3	-0	1	-0	1	-0	0	0	0	8.22844e+006	8.22904e+006	112327	112794	-0	1	8.34112e+006	8.34149e+006	6.7651e+006	6.77005e+006	
186	57243	57618	0	2	1	3	-0	1	-0	1	-0	0	0	0	8.22844e+006	8.22904e+006	112327	112794	-0	1	8.34112e+006	8.34149e+006	6.7651e+006	6.77005e+006	
187	57243	57618	0	1	0	2	-0	0	-0	1	-0	1	0	0	8.22844e+006	8.22904e+006	112327	112794	0	0	8.34112e+006	8.34149e+006	6.7651e+006	6.77005e+006	
188	57243	57618	0	1	0	2	-0	0	-0	0	-0	1	-0	0	8.22844e+006	8.22904e+006	112327	112794	0	0	8.34112e+006	8.34149e+006	6.7651e+006	6.77005e+006	
189	57243	57618	0	1	0	2	0	0	-0	0	-0	1	-0	0	8.22844e+006	8.22904e+006	112327	112794	-0	1	8.34112e+006	8.34149e+006	6.7651e+006	6.77005e+006	
190	57243	57617	-0	1	0	2	0	0	0	0	-0	1	-0	0	8.22844e+006	8.22904e+006	112327	112794	-0	1	8.34112e+006	8.34149e+006	6.7651e+006	6.77005e+006	
191	57242	57617	0	2	0	2	0	0	-0	0	-0	1	-0	0	8.22844e+006	8.22904e+006	112327	112794	-0	1	8.34112e+006	8.34149e+006	6.7651e+006	6.77005e+006	
192	57242	57617	0	2	0	2	0	0	-0	1	-0	1	-0	0	8.22844e+006	8.22904e+006	112327	112794	-0	0	8.34112e+006	8.34149e+006	6.7651e+006	6.77005e+006	
193	57242	57616	0	2	0	2	-0	0	-0	1	-0	1	-0	0	8.22844e+006	8.22904e+006	112327	112794	-0	0	8.34112e+006	8.34149e+006	6.7651e+006	6.77005e+006	
194	57242	57616	0	2	0	2	-0	0	-0	1	-0	1	-0	0	8.22845e+006	8.22904e+006	112327	112794	-0	0	8.34112e+006	8.34149e+006	6.7651e+006	6.77005e+006	
195	57241	57616	0	1	0	2	-0	0	-0	1	-0	1	-0	0	8.22845e+006	8.22904e+006	112327	112794	-0	1	8.34112e+006	8.3415e+006	6.7651e+006	6.77005e+006	
196	57241	57615	0	2	0	2	-0	0	-0	1	-0	1	-0	0	8.22845e+006	8.22904e+006	112327	112794	0	1	8.34112e+006	8.3415e+006	6.7651e+006	6.77005e+006	
197	57241	57615	0	2	0	2	-0	0	-0	0	-0	0	-0	0	8.22845e+006	8.22904e+006	112327	112794	0	0	8.34112e+006	8.3415e+006	6.7651e+006	6.77005e+006	
198	57240	57615	1	2	0	3	-0	0	0	0	0	0	0	0	8.22845e+006	8.22904e+006	112327	112795	-0	1	8.34112e+006	8.3415e+006	6.7651e+006	6.77005e+006	
199	57240	57615	0	2	0	2	-0	0	-0	1	0	0	0	0	8.22845e+006	8.22904e+006	112327	112795	0	0	8.34112e+006	8.3415e+006	6.7651e+006	6.77005e+006	
200	57240	57615	0	1	1	3	-0	0	-0	1	0	0	0	0	8.22845e+006	8.22904e+006	112327	112795	-0	0	8.34112e+006	8.3415e+006	6.7651e+006	6.77005e+006	
201	57240	57614	0	1	0	2	-0	0	-0	1	0	0	0	0	8.22845e+006	8.22904e+006	112327	112795	-0	0	8.34112e+006	8.3415e+006	6.7651e+006	6.77005e+006	
202	57240	57614	-0	1	1	3	-0	0	-0	1	0	0	0	0	8.22845e+006	8.22904e+006	112327	112795	0	0	8.34112e+006	8.3415e+006	6.7651e+006	6.77005e+006	
203	57240	57614	-0	1	0	2	-0	0	-0	1	0	0	0	0	8.22845e+006	8.22904e+006	112327	112795	0	0	8.34112e+006	8.3415e+006	6.7651e+006	6.77005e+006	
204	57240	57614	-0	1	0	2	-0	0	-0	1	0	0	0	0	8.22845e+006	8.22904e+006	112327	112795	-0	1	8.34112e+006	8.3415e+006	6.7651e+006	6.77005e+006	
205	57240	57614	-0	1	1	2	0	0	-0	0	0	0	0	0	8.22845e+006	8.22905e+006	112327	112795	0	0	8.34112e+006	8.3415e+006	6.7651e+006	6.77005e+006	
206	57239	57614	-0	1	0	1	0	0	-0	1	0	0	0	0	8.22845e+006	8.22905e+006	112327	112795	-0	0	8.34112e+006	8.3415e+006	6.7651e+006	6.77005e+006	
207	57239	57614	0	1	0	1	0	0	-0	1	0	0	0	0	8.22845e+006	8.22905e+006	112327	112795	-0	0	8.34112e+006	8.3415e+006	6.7651e+006	6.77005e+006	
208	57239	57614	-0	1	0	1	0	0	-0	1	0	0	0	0	8.22845e+006	8.22905e+006	112327	112795	-0	0	8.34112e+006	8.3415e+006	6.7651e+006	6.77005e+006	
209	57239	57614	0	1	0	1	0	0	-0	1	0	0	0	0	8.22845e+006	8.22905e+006	112327	112795	-0	0	8.34112e+006	8.3415e+006	6.7651e+006	6.77005e+006	
210	57239	57614	-0	1	0	1	0	0	-0	1	0	0	0	0	8.22845e+006	8.22905e+006	112327	112795	0	0	8.34112e+006	8.3415e+006	6.7651e+006	6.77005e+006	
211	57239	57613	-0	1	0	1	0	0	-0	0	0	0	0	0	8.22845e+006	8.22905e+006	112327	112795	-0	0	8.34112e+006	8.3415e+006	6.7651e+006	6.77005e+006	
212	57239	57613	0	1	0	1	0	0	0	0	0	0	0	0	8.22845e+006	8.22905e+006	112327	112795	-0	1	8.34112e+006	8.3415e+006	6.7651e+006	6.77005e+006	
213	57238	57613	-0	2	0	2	0	0	0	0	0	0	0	0	8.22845e+006	8.22905e+006	112327	112795	-0	1	8.34112e+006	8.3415e+006	6.7651e+006	6.77005e+006	
214	57238	57613	0	2	0	1	0	0	0	0	0	0	0	0	8.22845e+006	8.22905e+006	112327	112795	-0	0	8.34112e+006	8.3415e+006	6.7651e+006	6.77005e+006	
215	57238	57612	0	2	0	1	0	0	0	0	0	0	0	0	8.22845e+006	8.22905e+006	112327	112795	-0	0	8.34112e+006	8.3415e+006	6.76511e+006	6.77005e+006	
216	57238	57612	0	1	0	2	0	0	0	0	0	0	0	0	8.22845e+006	8.22905e+006	112327	112795	-0	0	8.34112e+006	8.3415e+006	6.76511e+006	6.77005e+006	
217	57238	57612	-0	1	0	2	0	0	0	0	0	0	0	0	8.22845e+006	8.22905e+006	112327	112795	0	0	8.34112e+006	8.3415e+006	6.76511e+006	6.77005e+006	
218	57237	57612	0	1	0	2	0	0	0	0	0	0	0	0	8.22845e+006	8.22905e+006	112327	112795	-0	1	8.34112e+006	8.3415e+006	6.76511e+006	6.77005e+006	
219	57237	57611	0	2	0	2	0	0	0	0	0	0	0	0	8.22845e+006	8.22905e+006	112327	112795	-0	1	8.34113e+006	8.3415e+006	6.76511e+006	6.77005e+006	
220	57237	57611	0	2	0	2	0	0	0	0	0	0	0	0	8.22845e+006	8.22905e+006	112327	112795	-0	0	8.34113e+006	8.3415e+006	6.76511e+006	6.77005e+006	
221	57236	57611	0	2	0	2	0	0	0	0	0	0	0	0	8.22845e+006	8.22905e+006	112327	112795	-0	1	8.34113e+006	8.3415e+006	6.76511e+006	6.77005e+006	
222	57236	57611	0	2	0	2	0	0	0	0	0	0	0	0	8.22845e+006	8.22905e+006	112327	112795	-0	1	8.34113e+006	8.3415e+006	6.76511e+006	6.77005e+006	
223	57236	57611	0	2	0	2	0	0	0	0	0	0	0	0	8.22845e+006	8.22905e+006	112327	112795	0	0	8.34113e+006	8.3415e+006	6.76511e+006	6.77005e+006	
224	57236	57610	0	2	0	2	0	0	0	0	0	0	0	0	8.22845e+006	8.22905e+006	112327	112795	-0	0	8.34113e+006	8.3415e+006	6.76511e+006	6.77005e+006	
225	57235	57610	0	2	0	2	-0	0	0	0	0	0	0	0	8.22845e+006	8.22905e+006	112327	112795	-0	1	8.34113e+006	8.3415e+006	6.76511e+006	6.77005e+006	
226	57235	57610	0	1	0	3	-0	0	0	0	0	0	0	0	8.22845e+006	8.22905e+006	112327	112795	-0	0	8.34113e+006	8.3415e+006	6.76511e+006	6.77005e+006	
227	57235	57610	0	1	0	3	-0	0	0	0	0	0	0	0	8.22845e+006	8.22905e+006	112327	112795	0	0	8.34113e+006	8.3415e+006	6.76511e+006	6.77005e+006	
228	57235	57610	0	1	0	3	-0	0	0	0	0	0	0	0	8.22845e+006	8.22905e+006	112327	112795	0	0	8.34113e+006	8.3415e+006	6.76511e+006	6.77005e+006	
229	57235	57610	-0	0	0	2	-0	0	0	0	0	0	0	0	8.22845e+006	8.22905e+006	112327	112795	0	0	8.34113e+006	8.3415e+006	6.76511e+006	6.77005e+006	
230	57235	57610	-0	0	0	3	-0	0	0	0	0	0	0	0	8.22845e+006	8.22905e+006	112327	112795	-0	0	8.34113e+006	8.3415e+006	6.76511e+006	6.77005e+006	
231	57234	57609	-0	1	0	2	0	0	-0	0	0	0	0	0	8.22845e+006	8.22905e+006	112327	112795	-0	1	8.34113e+006	8.3415e+006	6.76511e+006	6.77005e+006	
232	57234	57609	0	1	0	1	0	0	-0	0	0	0	0	0	8.22845e+006	8.22905e+006	112327	112795	-0	1	8.34113e+006	8.3415e+006	6.76511e+006	6.77005e+006	
233	57234	57609	0	2	0	1	0	0	-0	0	0	0	0	0	8.22845e+006	8.22905e+006	112327	112795	-0	0	8.34113e+006	8.3415e+006	6.76511e+006	6.77005e+006	
234	57234	57608	0	2	0	1	0	0	-0	0	0	0	0	0	8.22845e+006	8.22905e+006	112327	112795	-0	1	8.34113e+006	8.3415e+006	6.76511e+006	6.77005e+006	
235	57234	57608	0	2	0	1	0	0	-0	0	0	0	0	0	8.22845e+006	8.22905e+006	112327	112795	-0	0	8.34113e+006	8.3415e+006	6.76511e+006	6.77005e+006	
236	57233	57608	-0	2	0	1	0	0	-0	0	0	0	0	0	8.22845e+006	8.22905e+006	112327	112795	-0	0	8.34113e+006	8.3415e+006	6.76511e+006	6.77006e+006	
237	57233	57608	0	1	0	2	0	0	0	0	0	0	0	0	8.22845e+006	8.22905e+006	112327	112795	0	0	8.34113e+006	8.3415e+006	6.76511e+006	6.77006e+006	
238	57233	57608	-0	1	0	2	0	0	0	0	0	0	0	0	8.22845e+006	8.22905e+006	112327	112795	0	0	8.34113e+006	8.3415e+006	6.76511e+006	6.77006e+006	
239	57233	57608	-0	0	0	3	0	0	0	0	0	0	0	0	8.22845e+006	8.22905e+006	112327	112795	0	0	8.34113e+006	8.3415e+006	6.76511e+006	6.77006e+006	
240	57233	57608	-0	0	0	3	0	0	0	0	0	0	0	0	8.22845e+006	8.22905e+006	112327	112795	-0	0	8.34113e+006	8.3415e+006	6.76511e+006	6.77006e+006	
241	57233	57608	-0	1	0	2	0	0	0	0	0	0	0	0	8.22845e+006	8.22905e+006	112327	112795	-0	0	8.34113e+006	8.3415e+006	6.76511e+006	6.77006e+006	
242	57233	57608	0	1	-0	2	0	0	0	0	0	0	0	0	8.22846e+006	8.22905e+006	112327	112795	-0	1	8.34113e+006	8.3415e+006	6.76511e+006	6.77006e+006	
243	57233	57607	0	1	0	1	0	0	0	0	0	0	0	0	8.22846e+006	8.22905e+006	112327	112795	-0	0	8.34113e+006	8.3415e+006	6.76511e+006	6.77006e+006	
244	57232	57607	0	1	-0	1	-0	0	0	0	0	0	0	0	8.22846e+006	8.22905e+006	112327	112795	-0	0	8.34113e+006	8.3415e+006	6.76511e+006	6.77006e+006	
245	57232	57607	0	2	-0	1	-0	0	0	0	0	0	0	0	8.22846e+006	8.22905e+006	112327	112795	-0	1	8.34113e+006	8.3415e+006	6.76511e+006	6.77006e+006	
246	57232	57607	0	2	-0	1	-0	0	0	0	0	0	0	0	8.22846e+006	8.22905e+006	112327	112795	-0	0	8.34113e+006	8.3415e+006	6.76511e+006	6.77006e+006	
247	57232	57606	0	2	-0	1	-0	0	0	0	0	0	0	0	8.22846e+006	8.22905e+006	112327	112795	-0	1	8.34113e+006	8.3415e+006	6.76511e+006	6.77006e+006	
248	57231	57606	0	2	-0	2	-0	0	0	0	0	0	0	0	8.22846e+006	8.22905e+006	112327	112795	-0	1	8.34113e+006	8.34151e+006	6.76511e+006	6.77006e+006	
249	57231	57605	0	2	0	2	-0	0	0	0	0	0	0	0	8.22846e+006	8.22905e+006	112327	112795	-0	1	8.34113e+006	8.34151e+006	6.76511e+006	6.77006e+006	
250	57231	57605	0	2	1	2	0	0	0	0	0	0	0	0	8.22846e+006	8.22905e+006	112327	112795	-0	0	8.34113e+006	8.34151e+006	6.76511e+006	6.77006e+006	
251	57231	57605	0	2	1	3	0	0	-0	0	0	0	0	0	8.22846e+006	8.22905e+006	112327	112795	-0	1	8.34113e+006	8.34151e+006	6.76511e+006	6.77006e+006	
252	57230	57605	0	2	1	3	0	0	-0	1	0	0	0	0	8.22846e+006	8.22905e+006	112327	112795	-0	0	8.34113e+006	8.34151e+006	6.76511e+006	6.77006e+006	
253	57230	57605	0	1	0	3	-0	0	-0	1	0	0	0	0	8.22846e+006	8.22905e+006	112327	112795	0	0	8.34113e+006	8.34151e+006	6.76511e+006	6.77006e+006	
254	57230	57604	0	1	0	3	-0	0	-0	1	0	0	0	0	8.22846e+006	8.22905e+006	112327	112795	-0	0	8.34113e+006	8.34151e+006	6.76511e+006	6.77006e+006	
255	57230	57604	-0	1	0	3	-0	1	-0	1	0	0	0	0	8.22846e+006	8.22905e+006	112327	112795	0	0	8.34113e+006	8.34151e+006	6.76511e+006	6.77006e+006	
256	57230	57604	-0	1	0	3	-0	1	0	1	0	0	0	0	8.22846e+006	8.22905e+006	112327	112795	-0	0	8.34113e+006	8.34151e+006	6.76511e+006	6.77006e+006	
257	57230	57604	-0	1	0	2	-0	1	0	1	0	0	0	0	8.22846e+006	8.22905e+006	112327	112795	-0	0	8.34113e+006	8.34151e+006	6.76511e+006	6.77006e+006	
258	57230	57604	0	1	-0	2	-0	1	0	1	-0	0	0	0	8.22846e+006	8.22905e+006	112327	112795	-0	1	8.34113e+006	8.34151e+006	6.76511e+006	6.77006e+006	
259	57229	57603	0	2	-0	2	-0	0	0	1	-0	0	0	0	8.22846e+006	8.22906e+006	112327	112795	0	1	8.34113e+006	8.34151e+006	6.76511e+006	6.77006e+006	
260	57229	57603	0	2	-0	2	-0	0	0	1	-0	0	0	0	8.22846e+006	8.22906e+006	112327	112795	-0	0	8.34113e+006	8.34151e+006	6.76511e+006	6.77006e+006	
261	57229	57602	1	2	0	1	0	0	-0	1	-0	0	0	0	8.22846e+006	8.22906e+006	112327	112795	-0	1	8.34113e+006	8.34151e+006	6.76511e+006	6.77006e+006	
262	57228	57602	0	2	0	1	0	0	-0	1	-0	0	0	0	8.22846e+006	8.22906e+006	112327	112795	-0	0	8.34113e+006	8.34151e+006	6.76511e+006	6.77006e+006	
263	57228	57602	0	2	0	2	-0	0	-0	0	-0	0	0	0	8.22846e+006	8.22906e+006	112327	112795	-0	1	8.34113e+006	8.34151e+006	6.76511e+006	6.77006e+006	
264	57227	57601	0	2	0	2	-0	0	-0	0	-0	0	0	0	8.22846e+006	8.22906e+006	112327	112795	-0	1	8.34114e+006	8.34151e+006	6.76511e+006	6.77006e+006	
265	57227	57601	0	2	0	3	-0	1	-0	0	-0	0	0	0	8.22846e+006	8.22906e+006	112327	112795	0	0	8.34114e+006	8.34151e+006	6.76512e+006	6.77006e+006	
266	57227	57601	1	2	0	3	-0	1	-0	1	-0	0	0	0	8.22846e+006	8.22906e+006	112327	112795	-0	1	8.34114e+006	8.34151e+006	6.76512e+006	6.77006e+006	
267	57227	57601	0	2	0	3	-0	1	-0	1	-0	0	0	0	8.22846e+006	8.22906e+006	112327	112795	-0	0	8.34114e+006	8.34151e+006	6.76512e+006	6.77006e+006	
268	57227	57601	0	1	0	3	0	1	-0	0	0	0	0	0	8.22846e+006	8.22906e+006	112327	112795	-0	0	8.34114e+006	8.34151e+006	6.76512e+006	6.77006e+006	
269	57226	57600	0	2	-0	2	-0	1	-0	1	0	0	0	0	8.22846e+006	8.22906e+006	112327	112795	-0	1	8.34114e+006	8.34151e+006	6.76512e+006	6.77006e+006	
270	57226	57600	0	1	0	3	-0	1	-0	1	0	0	0	0	8.22846e+006	8.22906e+006	112327	112795	-0	0	8.34114e+006	8.34151e+006	6.76512e+006	6.77006e+006	
271	57226	57600	0	2	0	3	-0	1	-0	1	0	0	0	0	8.22846e+006	8.22906e+006	112327	112795	-0	1	8.34114e+006	8.34151e+006	6.76512e+006	6.77006e+006	
272	57226	57600	0	1	0	3	-0	1	-0	0	0	0	0	0	8.22846e+006	8.22906e+006	112327	112795	0	0	8.34114e+006	8.34151e+006	6.76512e+006	6.77006e+006	
273	57226	57599	0	1	0	3	-0	0	-0	0	0	0	0	0	8.22846e+006	8.22906e+006	112327	112795	-0	1	8.34114e+006	8.34151e+006	6.76512e+006	6.77006e+006	
274	57226	57599	0	1	0	2	0	0	-0	0	0	0	0	0	8.22846e+006	8.22906e+006	112327	112795	0	0	8.34114e+006	8.34151e+006	6.76512e+006	6.77006e+006	
275	57225	57599	0	2	1	3	0	0	0	0	0	0	0	0	8.22846e+006	8.22906e+006	112327	112795	0	1	8.34114e+006	8.34151e+006	6.76512e+006	6.77006e+006	
276	57224	57598	1	3	0	2	0	0	0	0	0	0	0	0	8.22846e+006	8.22906e+006	112327	112795	0	1	8.34114e+006	8.34151e+006	6.76512e+006	6.77006e+006	
277	57224	57598	1	3	0	2	0	0	0	0	0	0	0	0	8.22846e+006	8.22906e+006	112327	112795	0	1	8.34114e+006	8.34151e+006	6.76512e+006	6.77006e+006	
278	57223	57597	1	3	0	2	0	0	-0	0	0	0	0	0	8.22846e+006	8.22906e+006	112327	112795	-0	1	8.34114e+006	8.34151e+006	6.76512e+006	6.77006e+006	
279	57223	57597	1	3	1	2	0	0	-0	1	0	0	0	0	8.22846e+006	8.22906e+006	112327	112795	-0	0	8.34114e+006	8.34151e+006	6.76512e+006	6.77006e+006	
280	57223	57597	1	2	1	3	-0	0	-0	1	0	0	0	0	8.22846e+006	8.22906e+006	112327	112795	-0	1	8.34114e+006	8.34151e+006	6.76512e+006	6.77006e+006	
281	57222	57597	0	2	1	3	-0	0	-0	1	0	0	0	0	8.22846e+006	8.22906e+006	112327	112795	-0	0	8.34114e+006	8.34151e+006	6.76512e+006	6.77007e+006	
282	57222	57597	0	1	1	4	-0	0	-0	1	0	0	0	0	8.22846e+006	8.22906e+006	112327	112795	0	0	8.34114e+006	8.34151e+006	6.76512e+006	6.77007e+006	
283	57222	57597	-0	1	1	3	-0	0	-0	1	0	0	0	0	8.22846e+006	8.22906e+006	112327	112795	0	0	8.34114e+006	8.34151e+006	6.76512e+006	6.77007e+006	
284	57222	57597	-0	1	1	4	-0	0	-0	1	-0	0	-0	0	8.22846e+006	8.22906e+006	112327	112795	-0	0	8.34114e+006	8.34151e+006	6.76512e+006	6.77007e+006	
285	57222	57596	-0	1	1	3	-0	0	-0	0	-0	0	-0	0	8.22846e+006	8.22906e+006	112327	112795	-0	1	8.34114e+006	8.34151e+006	6.76512e+006	6.77007e+006	
286	57221	57596	0	2	1	3	0	0	-0	1	-0	0	-0	0	8.22847e+006	8.22906e+006	112327	112795	-0	1	8.34114e+006	8.34152e+006	6.76512e+006	6.77007e+006	
287	57221	57596	0	2	0	2	0	0	-0	1	-0	0	-0	0	8.22847e+006	8.22906e+006	112327	112795	-0	0	8.34114e+006	8.34152e+006	6.76512e+006	6.77007e+006	
288	57221	57595	0	3	0	1	0	0	0	1	-0	0	-0	0	8.22847e+006	8.22906e+006	112327	112795	0	1	8.34114e+006	8.34152e+006	6.76512e+006	6.77007e+006	
289	57220	57595	1	3	-0	2	-0	1	0	1	-0	0	-0	0	8.22847e+006	8.22906e+006	112327	112795	-0	1	8.34114e+006	8.34152e+006	6.76512e+006	6.77007e+006	
290	57220	57595	0	2	-0	2	-0	1	0	2	-0	0	-0	0	8.22847e+006	8.22906e+006	112327	112795	-0	0	8.34114e+006	8.34152e+006	6.76512e+006	6.77007e+006	
291	57219	57594	1	3	-0	2	-0	1	0	2	-0	0	-0	0	8.22847e+006	8.22906e+006	112327	112795	0	1	8.34114e+006	8.34152e+006	6.76512e+006	6.77007e+006	
292	57219	57594	1	2	-0	3	-0	1	0	1	-0	0	-0	0	8.22847e+006	8.22906e+006	112327	112795	-0	1	8.34114e+006	8.34152e+006	6.76512e+006	6.77007e+006	
293	57219	57594	1	2	0	3	-0	1	0	1	-0	0	-0	0	8.22847e+006	8.22906e+006	112327	112795	-0	1	8.34114e+006	8.34152e+006	6.76512e+006	6.77007e+006	
294	57218	57593	0	2	0	3	-0	1	-0	1	0	0	0	0	8.22847e+006	8.22906e+006	112327	112795	-0	0	8.34114e+006	8.34152e+006	6.76512e+006	6.77007e+006	
295	57218	57593	0	2	1	3	-0	0	-0	1	0	0	0	0	8.22847e+006	8.22906e+006	112327	112795	-0	0	8.34114e+006	8.34152e+006	6.76512e+006	6.77007e+006	
296	57218	57593	0	1	1	3	-0	0	-0	1	0	0	0	0	8.22847e+006	8.22907e+006	112327	112795	-0	0	8.34114e+006	8.34152e+006	6.76512e+006	6.77007e+006	
297	57218	57593	0	1	1	3	-0	0	-0	1	0	0	0	0	8.22847e+006	8.22907e+006	112327	112795	-0	1	8.34114e+006	8.34152e+006	6.76512e+006	6.77007e+006	
298	57218	57593	0	1	1	3	0	0	-0	1	0	0	0	0	8.22847e+006	8.22907e+006	112327	112795	0	0	8.34114e+006	8.34152e+006	6.76512e+006	6.77007e+006	
299	57218	57592	0	1	1	3	0	0	-0	1	0	0	0	0	8.22847e+006	8.22907e+006	112327	112795	-0	1	8.34114e+006	8.34152e+006	6.76512e+006	6.77007e+006	
300	57217	57592	0	2	1	3	0	0	-0	1	0	0	0	0	8.22847e+006	8.22907e+006	112327	112795	-0	1	8.34114e+006	8.34152e+006	6.76512e+006	6.77007e+006	
301	57216	57592	0	2	0	2	0	0	0	1	0	0	0	0	8.22847e+006	8.22907e+006	112327	112795	0	1	8.34114e+006	8.34152e+006	6.76512e+006	6.77007e+006	
302	57216	57591	1	3	0	2	0	0	-0	1	-0	0	0	0	8.22847e+006	8.22907e+006	112327	112795	-0	1	8.34115e+006	8.34152e+006	6.76512e+006	6.77007e+006	
303	57215	57590	1	3	0	2	-0	0	-0	1	-0	0	0	0	8.22847e+006	8.22907e+006	112327	112795	0	1	8.34115e+006	8.34152e+006	6.76512e+006	6.77007e+006	
304	57215	57590	1	3	0	2	-0	0	-0	1	-0	0	0	0	8.22847e+006	8.22907e+006	112327	112795	-0	0	8.34115e+006	8.34152e+006	6.76513e+006	6.77007e+006	
305	57215	57590	0	2	0	3	-0	0	-0	1	-0	0	0	0	8.22847e+006	8.22907e+006	112327	112795	0	0	8.34115e+006	8.34152e+006	6.76513e+006	6.77007e+006	
306	57215	57590	0	2	1	3	-0	0	-0	1	-0	0	0	0	8.22847e+006	8.22907e+006	112327	112795	-0	0	8.34115e+006	8.34152e+006	6.76513e+006	6.77007e+006	
307	57215	57590	0	1	1	3	-0	1	-0	1	-0	0	0	0	8.22847e+006	8.22907e+006	112327	112795	-0	1	8.34115e+006	8.34152e+006	6.76513e+006	6.77007e+006	
308	57214	57589	0	2	1	4	-0	1	-0	1	-0	0	0	0	8.22847e+006	8.22907e+006	112327	112795	-0	1	8.34115e+006	8.34152e+006	6.76513e+006	6.77007e+006	
309	57214	57589	0	2	1	3	-0	0	-0	1	-0	1	0	0	8.22847e+006	8.22907e+006	112327	112795	-0	0	8.34115e+006	8.34152e+006	6.76513e+006	6.77007e+006	
310	57214	57589	0	2	1	3	-0	0	-0	1	-0	1	0	0	8.22847e+006	8.22907e+006	112327	112795	0	0	8.34115e+006	8.34152e+006	6.76513e+006	6.77007e+006	
311	57214	57589	0	1	1	3	-0	0	-0	1	-0	1	0	0	8.22847e+006	8.22907e+006	112327	112795	-0	0	8.34115e+006	8.34152e+006	6.76513e+006	6.77007e+006	
312	57213	57588	0	1	1	3	-0	0	-0	0	-0	0	0	0	8.22847e+006	8.22907e+006	112328	112795	-0	1	8.34115e+006	8.34152e+006	6.76513e+006	6.77007e+006	
313	57213	57588	0	2	1	2	0	0	-0	1	-0	0	0	0	8.22847e+006	8.22907e+006	112328	112795	-0	1	8.34115e+006	8.34152e+006	6.76513e+006	6.77007e+006	
314	57213	57588	0	2	0	2	0	0	-0	1	-0	0	0	0	8.22847e+006	8.22907e+006	112328	112795	-0	0	8.34115e+006	8.34152e+006	6.76513e+006	6.77007e+006	
315	57213	57588	0	2	1	2	0	0	-0	1	-0	0	0	0	8.22847e+006	8.22907e+006	112328	112795	0	0	8.34115e+006	8.34152e+006	6.76513e+006	6.77007e+006	
316	57213	57587	0	1	1	3	0	0	-0	1	-0	0	0	0	8.22847e+006	8.22907e+006	112328	112795	-0	1	8.34115e+006	8.34152e+006	6.76513e+006	6.77007e+006	
317	57212	57587	0	1	1	3	0	0	-0	1	-0	0	0	0	8.22847e+006	8.22907e+006	112328	112795	-0	0	8.34115e+006	8.34152e+006	6.76513e+006	6.77007e+006	
318	57212	57587	-0	1	0	2	0	0	0	1	-0	0	0	0	8.22847e+006	8.22907e+006	112328	112795	-0	0	8.34115e+006	8.34152e+006	6.76513e+006	6.77007e+006	
319	57212	57587	-0	1	0	2	0	0	-0	1	-0	0	0	0	8.22847e+006	8.22907e+006	112328	112795	0	0	8.34115e+006	8.34152e+006	6.76513e+006	6.77007e+006	
320	57212	57586	0	2	0	2	0	0	-0	1	-0	0	0	0	8.22847e+006	8.22907e+006	112328	112795	0	1	8.34115e+006	8.34152e+006	6.76513e+006	6.77008e+006	
321	57211	57586	0	2	0	2	0	0	-0	1	-0	0	0	0	8.22847e+006	8.22907e+006	112328	112795	-0	1	8.34115e+006	8.34153e+006	6.76513e+006	6.77008e+006	
322	57211	57586	1	2	0	2	0	0	-0	1	-0	0	0	0	8.22848e+006	8.22907e+006	112328	112795	-0	1	8.34115e+006	8.34153e+006	6.76513e+006	6.77008e+006	
323	57211	57585	1	3	-0	2	0	0	-0	1	-0	0	0	0	8.22848e+006	8.22907e+006	112328	112795	-0	1	8.34115e+006	8.34153e+006	6.76513e+006	6.77008e+006	
324	57210	57585	0	2	0	2	0	0	-0	0	-0	0	0	0	8.22848e+006	8.22907e+006	112328	112795	-0	1	8.34115e+006	8.34153e+006	6.76513e+006	6.77008e+006	
325	57210	57585	0	2	1	3	0	0	-0	0	-0	0	0	0	8.22848e+006	8.22907e+006	112328	112795	-0	0	8.34115e+006	8.34153e+006	6.76513e+006	6.77008e+006	
326	57210	57585	0	1	1	3	0	0	-0	0	-0	0	0	0	8.22848e+006	8.22907e+006	112328	112795	0	0	8.34115e+006	8.34153e+006	6.76513e+006	6.77008e+006	
327	57210	57585	0	1	1	3	-0	0	-0	1	-0	0	0	0	8.22848e+006	8.22907e+006	112328	112795	-0	0	8.34115e+006	8.34153e+006	6.76513e+006	6.77008e+006	
328	57210	57584	0	1	1	3	-0	0	-0	0	-0	0	0	0	8.22848e+006	8.22907e+006	112328	112795	-0	1	8.34115e+006	8.34153e+006	6.76513e+006	6.77008e+006	
329	57210	57584	-0	1	1	3	-0	0	-0	0	0	0	0	0	8.22848e+006	8.22907e+006	112328	112795	0	0	8.34115e+006	8.34153e+006	6.76513e+006	6.77008e+006	
330	57209	57584	0	1	0	2	-0	0	-0	0	0	0	0	0	8.22848e+006	8.22908e+006	112328	112795	-0	1	8.34115e+006	8.34153e+006	6.76513e+006	6.77008e+006	
331	57209	57584	0	1	0	2	-0	0	-0	1	0	0	0	0	8.22848e+006	8.22908e+006	112328	112795	-0	0	8.34115e+006	8.34153e+006	6.76513e+006	6.77008e+006	
332	57209	57584	-0	1	0	2	-0	0	-0	1	0	0	0	0	8.22848e+006	8.22908e+006	112328	112795	0	0	8.34115e+006	8.34153e+006	6.76513e+006	6.77008e+006	
333	57209	57583	0	2	0	2	0	0	-0	1	0	0	0	0	8.22848e+006	8.22908e+006	112328	112795	-0	1	8.34115e+006	8.34153e+006	6.76513e+006	6.77008e+006	
334	57208	57583	0	2	-0	2	-0	0	-0	1	0	0	0	0	8.22848e+006	8.22908e+006	112328	112795	-0	1	8.34115e+006	8.34153e+006	6.76513e+006	6.77008e+006	
335	57208	57583	0	2	-0	2	-0	0	-0	1	0	0	0	0	8.22848e+006	8.22908e+006	112328	112795	-0	0	8.34115e+006	8.34153e+006	6.76513e+006	6.77008e+006	
336	57208	57583	0	2	-0	2	-0	0	-0	1	0	0	0	0	8.22848e+006	8.22908e+006	112328	112795	-0	0	8.34115e+006	8.34153e+006	6.76513e+006	6.77008e+006	
337	57208	57582	0	2	-0	2	-0	1	-0	1	0	0	0	0	8.22848e+006	8.22908e+006	112328	112795	-0	0	8.34115e+006	8.34153e+006	6.76513e+006	6.77008e+006	
338	57208	57582	-0	1	0	2	-0	1	-0	1	0	0	0	0	8.22848e+006	8.22908e+006	112328	112795	0	0	8.34115e+006	8.34153e+006	6.76513e+006	6.77008e+006	
339	57208	57582	-0	1	0	2	-0	1	0	0	-0	0	0	0	8.22848e+006	8.22908e+006	112328	112795	0	0	8.34115e+006	8.34153e+006	6.76513e+006	6.77008e+006	
340	57207	57582	-0	1	0	2	-0	0	-0	0	-0	0	0	0	8.22848e+006	8.22908e+006	112328	112795	-0	1	8.34115e+006	8.34153e+006	6.76513e+006	6.77008e+006	
341	57207	57582	0	1	0	2	-0	0	-0	0	-0	0	0	0	8.22848e+006	8.22908e+006	112328	112795	-0	1	8.34115e+006	8.34153e+006	6.76513e+006	6.77008e+006	
342	57207	57581	0	2	0	2	-0	0	-0	0	-0	0	0	0	8.22848e+006	8.22908e+006	112328	112795	-0	1	8.34116e+006	8.34153e+006	6.76513e+006	6.77008e+006	
343	57207	57581	0	2	0	2	0	0	-0	0	-0	0	0	0	8.22848e+006	8.22908e+006	112328	112795	0	0	8.34116e+006	8.34153e+006	6.76513e+006	6.77008e+006	
344	57206	57581	0	2	-0	2	-0	0	-0	0	-0	0	0	0	8.22848e+006	8.22908e+006	112328	112795	-0	1	8.34116e+006	8.34153e+006	6.76514e+006	6.77008e+006	
345	57206	57581	0	2	-0	2	-0	0	-0	0	-0	0	0	0	8.22848e+006	8.22908e+006	112328	112795	-0	1	8.34116e+006	8.34153e+006	6.76514e+006	6.77008e+006	
346	57206	57581	0	1	0	2	-0	0	0	0	-0	0	0	0	8.22848e+006	8.22908e+006	112328	112795	-0	0	8.34116e+006	8.34153e+006	6.76514e+006	6.77008e+006	
347	57206	57581	0	1	-0	2	-0	0	0	0	-0	0	0	0	8.22848e+006	8.22908e+006	112328	112795	0	0	8.34116e+006	8.34153e+006	6.76514e+006	6.77008e+006	
348	57206	57581	-0	1	0	2	-0	0	0	0	-0	0	0	0	8.22848e+006	8.22908e+006	112328	112795	0	0	8.34116e+006	8.34153e+006	6.76514e+006	6.77008e+006	
349	57206	57580	-0	1	0	2	-0	0	0	0	0	0	0	0	8.22848e+006	8.22908e+006	112328	112795	-0	1	8.34116e+006	8.34153e+006	6.76514e+006	6.77008e+006	
350	57205	57580	0	1	1	2	0	0	-0	0	0	0	0	0	8.22848e+006	8.22908e+006	112328	112795	-0	1	8.34116e+006	8.34153e+006	6.76514e+006	6.77008e+006	
351	57205	57580	0	1	0	2	0	0	-0	1	0	0	0	0	8.22848e+006	8.22908e+006	112328	112795	-0	0	8.34116e+006	8.34153e+006	6.76514e+006	6.77008e+006	
352	57205	57579	0	2	0	1	0	0	-0	1	0	0	0	0	8.22848e+006	8.22908e+006	112328	112795	-0	1	8.34116e+006	8.34153e+006	6.76514e+006	6.77008e+006	
353	57205	57579	0	1	0	2	0	0	-0	1	0	0	0	0	8.22848e+006	8.22908e+006	112328	112795	0	0	8.34116e+006	8.34153e+006	6.76514e+006	6.77008e+006	
354	57205	57579	0	1	0	2	0	0	-0	1	0	0	0	0	8.22848e+006	8.22908e+006	112328	112795	-0	0	8.34116e+006	8.34153e+006	6.76514e+006	6.77008e+006	
355	57205	57579	-0	1	0	2	0	0	-0	1	0	0	0	0	8.22848e+006	8.22908e+006	112328	112795	0	0	8.34116e+006	8.34153e+006	6.76514e+006	6.77008e+006	
356	57204	57579	0	1	0	2	0	0	-0	1	0	0	0	0	8.22848e+006	8.22908e+006	112328	112795	-0	1	8.34116e+006	8.34153e+006	6.76514e+006	6.77008e+006	
357	57204	57579	0	2	0	2	0	0	-0	0	-0	0	-0	0	8.22848e+006	8.22908e+006	112328	112795	-0	1	8.34116e+006	8.34153e+006	6.76514e+006	6.77008e+006	
358	57204	57578	0	2	0	2	0	0	-0	0	-0	0	-0	0	8.22848e+006	8.22908e+006	112328	112795	-0	1	8.34116e+006	8.34153e+006	6.76514e+006	6.77008e+006	
359	57203	57578	0	2	0	2	0	0	-0	1	-0	0	-0	0	8.22848e+006	8.22908e+006	112328	112795	-0	1	8.34116e+006	8.34153e+006	6.76514e+006	6.77008e+006	
360	57203	57578	0	2	0	2	0	0	-0	1	-0	0	-0	0	8.22848e+006	8.22908e+006	112328	112795	-0	0	8.34116e+006	8.34153e+006	6.76514e+006	6.77008e+006	
361	57203	57578	0	1	0	2	0	0	-0	1	-0	0	-0	0	8.22848e+006	8.22908e+006	112328	112795	0	0	8.34116e+006	8.34153e+006	6.76514e+006	6.77008e+006	
362	57202	57577	0	2	0	2	0	0	-0	0	-0	0	-0	0	8.22848e+006	8.22908e+006	112328	112795	0	1	8.34116e+006	8.34153e+006	6.76514e+006	6.77008e+006	
363	57202	57577	0	2	1	3	0	0	-0	0	-0	0	-0	0	8.22848e+006	8.22908e+006	112328	112795	-0	1	8.34116e+006	8.34153e+006	6.76514e+006	6.77008e+006	
364	57202	57577	0	2	1	3	0	0	-0	0	-0	0	-0	0	8.22848e+006	8.22908e+006	112328	112795	0	0	8.34116e+006	8.34153e+006	6.76514e+006	6.77008e+006	
