Day	Susceptible	Exposed	Current Detected Mild Infections	Current Undetected Mild Infections	Current Hospitalizations	Current ICU patients	ventilators	Recovered	Deaths	new infections today	total number of infections 	Confirmed total number of infections 	
0	8.39872e+006	16	0	0	0	0	0	0	0	0	16	0	
1	8.39856e+006	176	0	0	0	0	0	0	0	160	176	0	
2	8.3984e+006	336	0	0	0	0	0	0	0	160	336	0	
3	8.39821e+006	522	0	0	0	0	0	0	0	186	522	0	
4	8.39795e+006	774	16	0	0	0	0	0	0	267	790	16	
5	8.39761e+006	952	136	40	0	0	0	0	0	338	1128	136	
6	8.39724e+006	1159	256	80	0	0	0	0	0	368	1495	256	
7	8.39681e+006	1402	396	126	0	0	0	0	0	429	1924	396	
8	8.39637e+006	1578	594	195	0	0	0	0	0	443	2367	594	
9	8.39596e+006	1650	854	274	0	0	0	0	0	411	2778	854	
10	8.39547e+006	1771	1117	362	0	0	0	16	0	488	3266	1133	
11	8.3949e+006	1913	1319	429	31	0	0	145	0	571	3837	1461	
12	8.39432e+006	2048	1541	490	61	0	0	275	0	579	4416	1805	
13	8.39368e+006	2281	1705	550	96	0	0	426	0	643	5058	2114	
14	8.39296e+006	2509	1873	603	147	0	0	642	0	717	5775	2494	
15	8.3922e+006	2698	2040	670	216	0	0	911	0	760	6535	2933	
16	8.39139e+006	2927	2197	724	293	0	0	1203	0	807	7342	3385	
17	8.39051e+006	3167	2356	778	345	17	15	1562	0	883	8225	3885	
18	8.38958e+006	3377	2557	851	404	28	20	1935	0	927	9152	4449	
19	8.3886e+006	3600	2825	933	453	37	25	2288	0	984	10136	5054	
20	8.38763e+006	3761	3068	1008	497	53	33	2716	0	968	11104	5692	
21	8.3866e+006	3914	3308	1081	541	72	42	3224	0	1036	12140	6385	
22	8.38551e+006	4075	3561	1176	576	94	52	3746	0	1088	13228	7104	
23	8.38434e+006	4256	3814	1264	613	117	63	4328	0	1165	14392	7871	
24	8.38311e+006	4519	3988	1340	673	143	75	4960	0	1230	15622	8621	
25	8.38182e+006	4777	4190	1414	735	164	85	5636	0	1295	16917	9425	
26	8.38047e+006	5037	4397	1489	801	193	98	6348	0	1348	18265	10275	
27	8.37909e+006	5259	4602	1565	857	208	99	7145	15	1386	19651	11184	
28	8.3776e+006	5516	4816	1654	917	230	108	7987	18	1488	21139	12125	
29	8.37609e+006	5733	5057	1724	987	256	117	8872	21	1511	22650	13140	
30	8.37446e+006	6010	5357	1804	1025	283	131	9772	23	1625	24275	14201	
31	8.37275e+006	6335	5624	1887	1080	307	142	10726	28	1711	25986	15288	
32	8.37097e+006	6623	5917	1994	1125	333	151	11737	33	1775	27762	16448	
33	8.37002e+006	6064	6170	2088	1189	359	163	12805	40	952	28714	17627	
34	8.36903e+006	5432	6470	2183	1263	383	175	13931	47	993	29707	18892	
35	8.36797e+006	4781	6778	2292	1326	418	191	15120	52	1061	30768	20241	
36	8.36696e+006	4012	7089	2407	1399	447	204	16359	60	1006	31773	21634	
37	8.36598e+006	4046	6755	2308	1474	477	215	17632	68	987	32760	22410	
38	8.36501e+006	4022	6385	2184	1555	505	229	19005	74	969	33729	23224	
39	8.36408e+006	3889	6050	2068	1620	537	248	20412	81	928	34657	24088	
40	8.36321e+006	3757	5600	1898	1696	562	259	21927	91	873	35530	24924	
41	8.36238e+006	3593	5057	1716	1773	591	272	23521	102	823	36353	25740	
42	8.36163e+006	3380	4497	1470	1861	621	288	25169	111	757	37109	26596	
43	8.36095e+006	3129	4538	1405	1775	647	301	26167	125	677	37786	27397	
44	8.36029e+006	2915	4493	1329	1672	683	318	27214	138	659	38445	28135	
45	8.35964e+006	2743	4351	1234	1577	710	330	28331	150	651	39096	28834	
46	8.35903e+006	2600	4198	1138	1452	745	346	29410	166	613	39709	29483	
47	8.35844e+006	2514	3993	1032	1315	781	368	30482	182	591	40300	30065	
48	8.35788e+006	2415	3751	965	1157	820	384	31555	197	560	40860	30631	
49	8.35736e+006	2285	3524	915	1152	810	379	32481	215	521	41381	31191	
50	8.35685e+006	2173	3324	855	1138	801	376	33362	229	501	41882	31718	
51	8.35639e+006	2045	3151	797	1093	786	368	34228	247	463	42345	32226	
52	8.35593e+006	1946	3005	745	1037	764	362	35040	268	461	42807	32711	
53	8.35551e+006	1849	2886	709	981	741	353	35779	285	424	43230	33157	
54	8.35508e+006	1772	2758	680	913	711	336	36514	307	424	43654	33580	
55	8.35469e+006	1700	2606	643	854	678	323	37238	327	391	44045	33975	
56	8.35433e+006	1602	2480	617	798	634	304	37929	348	363	44408	34366	
57	8.35397e+006	1540	2346	584	756	580	278	38595	370	363	44771	34727	
58	8.35363e+006	1449	2228	566	724	526	252	39216	395	333	45104	35086	
59	8.35331e+006	1381	2126	538	688	509	243	39778	408	323	45426	35423	
60	8.353e+006	1330	2021	504	666	486	230	40308	422	312	45738	35737	
61	8.35269e+006	1274	1942	483	633	462	221	40815	436	306	46044	36047	
62	8.3524e+006	1231	1842	455	605	440	210	41313	449	290	46334	36333	
63	8.35212e+006	1191	1759	436	578	422	202	41769	462	283	46617	36607	
64	8.35186e+006	1134	1677	407	550	397	191	42231	476	255	46872	36878	
65	8.35162e+006	1077	1604	394	524	373	178	42660	489	249	47121	37136	
66	8.35137e+006	1033	1547	379	488	355	169	43063	502	246	47368	37384	
67	8.35114e+006	982	1514	333	467	339	162	43455	510	232	47600	37654	
68	8.35092e+006	948	1474	295	439	321	155	43822	522	221	47821	37892	
69	8.3507e+006	914	1438	257	409	307	149	44178	532	215	48035	38124	
70	8.35049e+006	882	1406	224	391	290	143	44514	543	214	48250	38358	
71	8.35028e+006	855	1370	185	373	280	137	44842	549	205	48455	38576	
72	8.35008e+006	831	1334	152	366	264	127	45146	558	197	48652	38788	
73	8.34989e+006	814	1268	150	354	250	118	45447	567	198	48849	38985	
74	8.3497e+006	787	1235	142	344	236	112	45718	574	187	49036	39187	
75	8.34952e+006	761	1200	133	328	226	107	45986	581	179	49215	39376	
76	8.34935e+006	735	1157	127	310	213	101	46255	590	172	49387	39560	
77	8.34918e+006	706	1128	122	301	201	93	46500	598	168	49555	39744	
78	8.34902e+006	681	1097	119	286	193	88	46736	606	162	49717	39917	
79	8.34886e+006	660	1068	112	271	182	82	46970	613	158	49875	40084	
80	8.34871e+006	640	1028	109	261	175	78	47195	618	152	50027	40244	
81	8.34855e+006	627	992	109	261	164	73	47406	623	155	50182	40396	
82	8.3484e+006	617	960	105	254	159	71	47611	627	152	50334	40547	
83	8.34826e+006	601	924	101	246	154	68	47816	633	141	50476	40691	
84	8.34812e+006	587	892	99	237	148	65	48014	637	139	50614	40831	
85	8.34798e+006	576	869	97	231	143	64	48200	641	143	50758	40973	
86	8.34785e+006	554	849	99	217	137	62	48386	646	131	50888	41110	
87	8.34772e+006	542	827	93	207	130	59	48568	650	129	51017	41239	
88	8.34759e+006	531	804	93	200	122	55	48740	654	128	51146	41366	
89	8.34746e+006	515	792	90	193	120	54	48904	658	127	51272	41498	
90	8.34733e+006	515	772	89	189	115	52	49063	660	131	51404	41617	
91	8.34721e+006	511	749	86	185	115	51	49219	664	125	51529	41738	
92	8.34709e+006	503	731	80	190	110	48	49366	668	120	51649	41860	
93	8.34697e+006	496	717	80	188	103	45	49515	671	120	51769	41975	
94	8.34684e+006	491	710	79	183	100	44	49658	673	126	51895	42095	
95	8.34673e+006	482	694	77	175	99	42	49807	677	116	52010	42210	
96	8.34657e+006	519	685	75	172	96	41	49941	679	157	52168	42320	
97	8.34641e+006	557	676	76	166	94	41	50077	681	159	52326	42430	
98	8.34626e+006	581	672	77	160	93	41	50210	683	150	52476	42546	
99	8.34611e+006	619	662	76	157	88	39	50341	686	153	52629	42649	
100	8.34595e+006	624	684	80	156	88	37	50472	688	162	52791	42792	
101	8.34578e+006	630	712	85	158	83	35	50596	692	165	52956	42936	
102	8.34562e+006	641	739	88	153	81	35	50721	693	161	53117	43074	
103	8.34545e+006	656	768	92	153	81	36	50840	695	168	53285	43214	
104	8.34526e+006	685	802	95	149	80	35	50969	697	192	53477	43363	
105	8.34507e+006	707	849	96	145	76	33	51090	699	186	53663	43516	
106	8.34488e+006	735	855	94	154	75	30	51237	702	189	53852	43666	
107	8.34469e+006	759	865	94	157	77	30	51389	703	192	54044	43820	
108	8.3445e+006	760	900	101	160	73	29	51537	705	194	54237	43993	
109	8.3443e+006	773	931	103	164	73	29	51684	708	199	54436	44163	
110	8.34409e+006	791	955	106	173	72	30	51836	711	207	54643	44336	
111	8.34388e+006	813	976	112	184	71	30	51988	712	214	54856	44510	
112	8.34367e+006	830	1003	117	184	73	32	52146	714	211	55067	44687	
113	8.34345e+006	851	1035	117	184	75	32	52309	716	220	55287	44873	
114	8.34322e+006	871	1050	116	197	74	32	52487	718	227	55514	45063	
115	8.34299e+006	892	1075	118	204	76	34	52663	720	234	55748	45259	
116	8.34275e+006	919	1095	120	208	76	34	52846	722	238	55986	45452	
117	8.34252e+006	933	1118	126	212	77	37	53031	723	235	56220	45650	
118	8.34227e+006	953	1148	129	212	81	39	53219	725	246	56467	45858	
119	8.34202e+006	972	1179	133	221	83	40	53405	728	253	56720	46074	
120	8.34176e+006	988	1208	136	218	87	43	53608	729	254	56974	46292	
121	8.34151e+006	1008	1227	137	225	92	44	53810	730	254	57228	46509	
122	8.34125e+006	1022	1258	142	228	93	44	54014	732	261	57489	46734	
123	8.34097e+006	1041	1295	138	234	94	45	54224	735	273	57762	46969	
124	8.34071e+006	1048	1322	138	240	97	46	54440	736	261	58023	47203	
125	8.34044e+006	1067	1339	141	246	100	48	54664	739	272	58295	47436	
126	8.34015e+006	1097	1360	143	258	100	49	54887	741	291	58586	47676	
127	8.33986e+006	1111	1394	147	263	100	48	55115	743	287	58872	47927	
128	8.33958e+006	1132	1408	148	265	101	47	55356	745	282	59155	48166	
129	8.33929e+006	1147	1420	155	274	102	48	55598	746	288	59442	48414	
130	8.33899e+006	1157	1456	156	285	104	49	55835	750	300	59743	48685	
131	8.33869e+006	1170	1478	166	289	105	49	56082	752	299	60042	48941	
132	8.33838e+006	1200	1501	165	292	111	52	56332	754	312	60355	49204	
133	8.33806e+006	1233	1514	167	296	112	52	56598	756	320	60675	49469	
134	8.33775e+006	1241	1551	169	306	117	53	56842	757	309	60984	49745	
135	8.33744e+006	1256	1578	169	311	122	54	57102	760	314	61298	50021	
136	8.33712e+006	1266	1590	180	315	129	56	57380	762	323	61621	50304	
137	8.33679e+006	1267	1628	175	319	134	58	57654	766	321	61942	50601	
138	8.33647e+006	1285	1646	184	322	140	62	57924	768	328	62269	50881	
139	8.33612e+006	1320	1666	190	328	142	63	58201	771	349	62618	51165	
140	8.33578e+006	1339	1681	197	328	141	63	58498	776	342	62960	51457	
141	8.33543e+006	1369	1704	196	329	147	65	58788	778	350	63310	51755	
142	8.33507e+006	1398	1722	193	332	147	66	59093	782	357	63668	52058	
143	8.33471e+006	1404	1745	199	342	152	69	59397	784	355	64023	52378	
144	8.33436e+006	1418	1776	200	346	153	71	59696	788	355	64378	52692	
145	8.334e+006	1430	1814	198	351	154	73	60002	792	363	64741	53015	
146	8.33363e+006	1443	1850	196	362	152	73	60310	797	370	65111	53345	
147	8.33326e+006	1457	1873	208	370	154	74	60618	800	369	65480	53667	
148	8.33288e+006	1478	1899	210	375	155	75	60935	804	376	65856	53995	
149	8.3325e+006	1494	1906	216	383	162	77	61266	808	379	66235	54323	
150	8.33212e+006	1510	1935	215	394	166	78	61590	810	386	66621	54665	
151	8.33172e+006	1537	1951	218	400	169	80	61928	813	395	67016	55008	
152	8.33131e+006	1569	1967	221	405	168	81	62278	816	409	67425	55354	
153	8.33091e+006	1593	1992	221	407	171	83	62626	819	403	67828	55701	
154	8.3305e+006	1612	2014	229	413	174	83	62968	823	405	68233	56051	
155	8.33009e+006	1630	2051	225	413	179	85	63321	827	413	68646	56416	
156	8.32967e+006	1640	2080	234	411	183	86	63686	831	419	69065	56788	
157	8.32925e+006	1657	2115	234	413	183	86	64048	836	420	69485	57164	
158	8.32883e+006	1672	2143	235	418	184	88	64412	841	420	69905	57539	
159	8.3284e+006	1689	2172	240	423	186	90	64781	845	430	70335	57917	
160	8.32797e+006	1704	2207	237	423	187	90	65163	848	434	70769	58304	
161	8.32752e+006	1727	2229	240	425	188	90	65552	852	443	71212	58690	
162	8.32707e+006	1760	2242	237	439	195	91	65934	857	453	71665	59079	
163	8.32663e+006	1776	2259	248	444	196	91	66326	862	446	72111	59472	
164	8.3262e+006	1771	2286	250	448	200	93	66720	865	429	72540	59872	
165	8.32573e+006	1794	2316	250	460	197	91	67118	871	466	73006	60280	
166	8.32528e+006	1796	2345	254	470	199	93	67522	875	455	73461	60696	
167	8.32481e+006	1813	2365	262	480	203	96	67923	880	463	73924	61105	
168	8.32434e+006	1856	2372	264	483	208	96	68329	885	472	74396	61498	
169	8.32387e+006	1861	2410	261	491	208	98	68745	891	471	74867	61931	
170	8.3234e+006	1876	2428	264	503	212	101	69160	895	470	75337	62351	
171	8.32292e+006	1892	2446	266	506	214	102	69593	899	480	75816	62777	
172	8.32243e+006	1914	2462	269	516	213	102	70029	906	495	76311	63212	
173	8.32194e+006	1925	2488	268	519	219	103	70462	912	481	76792	63647	
174	8.32144e+006	1960	2527	270	518	223	106	70882	917	506	77297	64081	
175	8.32095e+006	1968	2538	272	529	226	107	71329	922	487	77784	64526	
176	8.32045e+006	1972	2567	283	523	233	110	71780	925	499	78282	64974	
177	8.31995e+006	1997	2581	286	527	234	110	72232	931	506	78788	65415	
178	8.31944e+006	1999	2617	284	526	240	114	72693	938	507	79296	65886	
179	8.31894e+006	2014	2631	285	535	240	113	73149	943	502	79797	66331	
180	8.31842e+006	2034	2656	290	538	243	113	73606	950	519	80317	66791	
181	8.31791e+006	2040	2678	295	544	246	114	74071	955	512	80829	67257	
182	8.31738e+006	2056	2696	289	552	250	118	74547	961	524	81352	67726	
183	8.31686e+006	2079	2713	292	554	252	120	75018	968	524	81876	68185	
184	8.31633e+006	2090	2721	298	566	252	119	75505	974	531	82407	68663	
185	8.31579e+006	2123	2745	300	561	256	123	75985	981	544	82951	69132	
186	8.31524e+006	2140	2767	303	570	255	119	76469	988	541	83492	69613	
187	8.31471e+006	2153	2780	308	574	264	123	76957	993	537	84030	70092	
188	8.31415e+006	2177	2797	314	583	264	121	77449	1000	554	84584	70575	
189	8.3136e+006	2187	2840	314	593	267	121	77932	1005	555	85139	71078	
190	8.31303e+006	2213	2858	318	597	274	124	78435	1011	567	85706	71576	
191	8.31245e+006	2259	2880	321	608	273	124	78930	1018	583	86289	72071	
192	8.31189e+006	2263	2911	321	614	277	124	79438	1024	558	86847	72582	
193	8.31132e+006	2282	2935	327	615	278	125	79954	1030	573	87420	73086	
194	8.31074e+006	2295	2974	325	623	283	127	80464	1037	580	88001	73613	
195	8.31015e+006	2293	3008	329	632	286	128	80991	1043	582	88582	74150	
196	8.30957e+006	2322	3023	331	628	293	132	81524	1047	587	89169	74661	
197	8.30897e+006	2346	3053	337	635	292	132	82048	1056	597	89766	75184	
198	8.30839e+006	2350	3075	342	636	290	133	82597	1062	585	90351	75716	
199	8.30779e+006	2365	3101	342	641	296	140	83133	1068	596	90947	76250	
200	8.30719e+006	2378	3119	344	648	296	141	83685	1077	601	91548	76793	
201	8.30657e+006	2396	3133	344	662	304	144	84240	1084	615	92162	77347	
202	8.30598e+006	2411	3159	345	672	302	144	84783	1089	599	92761	77886	
203	8.30536e+006	2425	3181	346	677	307	147	85340	1097	610	93372	78436	
204	8.30475e+006	2440	3196	352	687	307	146	85904	1102	616	93987	78985	
205	8.30412e+006	2452	3221	359	683	309	146	86480	1110	627	94614	79544	
206	8.3035e+006	2470	3227	365	686	309	148	87056	1118	618	95232	80094	
207	8.3029e+006	2469	3236	369	680	317	150	87643	1125	609	95841	80655	
208	8.30227e+006	2479	3263	374	688	321	150	88209	1132	626	96466	81220	
209	8.30163e+006	2491	3290	377	696	323	150	88789	1139	639	97105	81795	
210	8.30098e+006	2520	3304	380	693	324	147	89385	1145	647	97752	82357	
211	8.30033e+006	2564	3305	373	709	321	147	89979	1153	653	98405	82917	
212	8.2997e+006	2567	3328	376	705	329	150	90568	1160	629	99034	83490	
213	8.29905e+006	2586	3357	377	711	329	149	91164	1167	657	99691	84080	
214	8.29839e+006	2599	3381	383	707	333	152	91772	1174	660	100351	84671	
215	8.29775e+006	2586	3409	382	712	339	154	92381	1182	640	100991	85273	
216	8.29708e+006	2623	3429	373	717	339	153	92986	1189	666	101657	85856	
217	8.29642e+006	2629	3471	379	712	337	154	93593	1199	663	102320	86458	
218	8.29574e+006	2644	3506	379	723	339	152	94198	1206	675	102995	87067	
219	8.29506e+006	2683	3502	384	722	342	155	94827	1214	678	103673	87653	
220	8.29436e+006	2723	3524	381	736	347	156	95450	1220	706	104380	88269	
221	8.29369e+006	2730	3526	388	747	350	155	96079	1229	670	105050	88878	
222	8.29299e+006	2747	3567	395	752	347	155	96699	1236	692	105742	89500	
223	8.29231e+006	2757	3590	393	759	350	155	97336	1245	688	106430	90127	
224	8.29161e+006	2750	3629	400	765	350	156	97983	1253	699	107129	90775	
225	8.29091e+006	2774	3660	399	758	345	152	98626	1262	695	107824	91393	
226	8.29019e+006	2807	3681	404	756	351	157	99280	1269	725	108549	92028	
227	8.28949e+006	2818	3704	407	750	355	157	99936	1279	699	109248	92658	
228	8.28878e+006	2825	3720	414	756	356	159	100598	1286	706	109954	93296	
229	8.28806e+006	2848	3726	424	768	354	158	101257	1295	718	110672	93933	
230	8.28735e+006	2839	3746	424	784	356	160	101937	1303	716	111388	94601	
231	8.28664e+006	2844	3774	424	797	359	166	102581	1312	704	112092	95247	
232	8.28592e+006	2866	3785	427	809	360	167	103253	1319	728	112820	95896	
233	8.2852e+006	2867	3820	421	812	360	167	103931	1328	719	113539	96564	
234	8.28447e+006	2881	3832	427	819	357	166	104616	1337	731	114269	97218	
235	8.28374e+006	2901	3842	427	816	363	173	105300	1344	724	114993	97861	
236	8.28301e+006	2907	3844	427	817	367	177	106013	1352	733	115727	98530	
237	8.28226e+006	2939	3854	437	825	367	177	106696	1361	750	116477	99188	
238	8.28151e+006	2953	3883	432	816	374	181	107396	1369	745	117222	99863	
239	8.28078e+006	2965	3886	435	826	376	181	108092	1379	736	117958	100532	
240	8.28003e+006	2981	3910	428	824	378	181	108798	1389	750	118708	101209	
241	8.27928e+006	2974	3953	432	827	380	183	109488	1398	744	119452	101897	
242	8.27854e+006	2978	3968	434	821	387	186	110206	1405	749	120200	102581	
243	8.27778e+006	2998	3985	434	820	388	187	110917	1412	756	120956	103259	
244	8.27703e+006	2994	3996	443	830	392	189	111626	1421	746	121702	103949	
245	8.27626e+006	3030	4013	445	827	396	186	112340	1431	779	122481	104635	
246	8.27549e+006	3044	4017	457	842	393	183	113052	1439	763	123244	105317	
247	8.27473e+006	3051	4026	453	845	393	183	113792	1447	763	124007	106014	
248	8.27396e+006	3070	4027	453	852	393	182	114521	1457	765	124772	106701	
249	8.27319e+006	3070	4066	457	854	395	181	115243	1466	779	125551	107413	
250	8.27242e+006	3077	4077	459	863	400	184	115967	1478	770	126321	108114	
251	8.27165e+006	3076	4090	466	861	403	184	116701	1487	762	127083	108810	
252	8.27086e+006	3102	4112	460	860	400	182	117443	1497	792	127875	109516	
253	8.27009e+006	3096	4134	461	868	404	185	118176	1507	773	128647	110234	
254	8.2693e+006	3120	4154	466	868	412	190	118904	1518	794	129441	110940	
255	8.26852e+006	3136	4139	463	882	411	189	119659	1529	778	130219	111641	
256	8.26772e+006	3140	4162	468	885	414	192	120406	1539	796	131015	112365	
257	8.26693e+006	3162	4178	462	897	412	192	121148	1550	794	131809	113078	
258	8.26613e+006	3167	4200	469	898	410	195	121904	1560	799	132608	113805	
259	8.26533e+006	3186	4202	466	908	414	198	122660	1569	797	133405	114529	
260	8.26453e+006	3187	4230	464	914	413	197	123414	1580	798	134202	115265	
261	8.2637e+006	3230	4259	467	902	419	196	124172	1591	836	135039	115993	
262	8.26289e+006	3239	4266	467	899	420	194	124954	1601	808	135847	116724	
263	8.26208e+006	3249	4287	470	899	417	193	125720	1611	807	136653	117459	
264	8.26128e+006	3256	4294	467	906	415	191	126497	1624	805	137459	118193	
265	8.26046e+006	3236	4339	481	902	421	197	127263	1634	816	138275	118958	
266	8.25964e+006	3252	4347	484	903	417	196	128050	1645	824	139099	119702	
267	8.2588e+006	3287	4355	489	912	420	199	128824	1653	842	139940	120438	
268	8.25794e+006	3334	4361	490	926	424	198	129594	1665	853	140793	121175	
269	8.25709e+006	3368	4383	487	927	423	199	130379	1676	849	141642	121931	
270	8.25625e+006	3389	4401	495	926	423	202	131167	1686	845	142487	122682	
271	8.25539e+006	3409	4412	490	938	419	201	131986	1696	862	143349	123457	
272	8.25455e+006	3392	4450	496	941	420	202	132779	1706	836	144185	124238	
273	8.25371e+006	3386	4495	494	942	429	206	133565	1718	843	145028	125019	
274	8.25285e+006	3402	4528	501	928	436	209	134364	1730	861	145889	125787	
275	8.25199e+006	3396	4564	510	930	433	203	135169	1742	855	146745	126582	
276	8.25112e+006	3426	4577	509	939	437	204	135970	1752	867	147612	127346	
277	8.25024e+006	3467	4573	515	937	443	202	136798	1762	884	148496	128119	
278	8.24937e+006	3481	4580	516	949	450	207	137621	1773	874	149370	128906	
279	8.24849e+006	3506	4584	519	960	450	206	138451	1781	880	150250	129693	
280	8.24764e+006	3489	4608	516	977	450	205	139270	1791	850	151101	130489	
281	8.24676e+006	3480	4627	520	990	452	206	140104	1803	875	151975	131304	
282	8.24588e+006	3486	4667	519	996	457	209	140921	1811	881	152856	132110	
283	8.245e+006	3487	4699	523	994	456	206	141756	1822	881	153737	132914	
284	8.2441e+006	3536	4692	519	989	456	204	142608	1836	900	154637	133700	
285	8.24321e+006	3550	4712	518	997	458	203	143442	1847	888	155526	134509	
286	8.24232e+006	3565	4726	519	1004	460	204	144289	1858	895	156421	135317	
287	8.24143e+006	3572	4726	515	1009	463	206	145156	1868	888	157309	136135	
288	8.24053e+006	3565	4748	519	1008	463	206	146020	1880	894	158202	136965	
289	8.23964e+006	3570	4755	520	1011	465	209	146885	1889	893	159096	137776	
290	8.23873e+006	3583	4789	531	1011	465	209	147723	1901	908	160004	138593	
291	8.23785e+006	3582	4798	536	1011	467	211	148585	1912	887	160891	139409	
292	8.23694e+006	3598	4811	536	1006	468	210	149457	1925	910	161800	140231	
293	8.23601e+006	3627	4811	548	1013	472	209	150317	1936	922	162722	141047	
294	8.23512e+006	3617	4816	551	1022	472	210	151195	1949	898	163621	141880	
295	8.23421e+006	3638	4820	545	1027	475	221	152065	1958	908	164529	142696	
296	8.2333e+006	3635	4843	536	1037	478	221	152935	1970	907	165436	143538	
297	8.23238e+006	3635	4877	536	1042	477	217	153809	1980	921	166357	144391	
298	8.23149e+006	3630	4883	536	1048	476	215	154687	1992	894	167251	145220	
299	8.23058e+006	3631	4904	530	1044	478	216	155571	2003	909	168160	146060	
300	8.22965e+006	3652	4903	528	1052	490	224	156448	2015	927	169088	146896	
301	8.22872e+006	3658	4930	537	1059	495	224	157311	2025	928	170015	147738	
302	8.22779e+006	3691	4911	540	1062	498	227	158206	2034	927	170942	148561	
303	8.22688e+006	3695	4896	542	1073	499	232	159104	2046	913	171855	149397	
304	8.22598e+006	3673	4923	544	1079	499	232	159985	2058	905	172760	150253	
305	8.22504e+006	3682	4936	550	1080	500	227	160880	2069	936	173697	151103	
306	8.22412e+006	3674	4960	547	1076	502	232	161778	2080	920	174616	151959	
307	8.22318e+006	3696	4952	546	1083	501	236	162681	2093	935	175552	152799	
308	8.22225e+006	3726	4961	548	1076	505	239	163568	2102	934	176486	153629	
309	8.22132e+006	3722	4986	550	1065	512	243	164469	2114	932	177418	154490	
310	8.22038e+006	3744	4974	555	1064	508	239	165389	2127	943	178361	155332	
311	8.21945e+006	3736	4984	553	1068	507	240	166302	2138	926	179287	156192	
312	8.21852e+006	3726	4988	556	1067	504	236	167221	2150	925	180212	157053	
313	8.21759e+006	3728	5009	554	1066	508	239	168119	2162	934	181146	157909	
314	8.21665e+006	3724	5043	557	1064	507	236	169015	2174	939	182084	158776	
315	8.2157e+006	3753	5030	561	1077	507	238	169925	2188	956	183040	159623	
316	8.21475e+006	3770	5042	554	1080	508	237	170829	2199	942	183982	160484	
317	8.21382e+006	3775	5040	555	1081	510	236	171750	2210	938	184920	161339	
318	8.21288e+006	3769	5045	553	1079	509	232	172676	2223	933	185853	162204	
319	8.21196e+006	3739	5067	555	1071	508	227	173605	2234	927	186780	163082	
320	8.21102e+006	3739	5063	558	1089	506	226	174521	2245	941	187721	163946	
321	8.21006e+006	3751	5080	554	1083	511	229	175437	2257	951	188672	164812	
322	8.20911e+006	3769	5078	563	1081	517	234	176348	2267	950	189622	165665	
323	8.20816e+006	3801	5072	562	1087	512	231	177268	2280	959	190581	166516	
324	8.2072e+006	3812	5062	574	1091	509	231	178192	2292	952	191532	167372	
325	8.20625e+006	3817	5047	585	1100	517	231	179120	2303	956	192488	168234	
326	8.20529e+006	3828	5057	583	1098	517	232	180053	2314	961	193450	169108	
327	8.20433e+006	3825	5074	586	1100	522	235	180973	2326	956	194406	169989	
328	8.20337e+006	3831	5095	584	1102	525	239	181889	2337	958	195364	170865	
329	8.2024e+006	3850	5119	590	1097	526	240	182808	2349	975	196338	171742	
330	8.20143e+006	3857	5146	583	1099	532	242	183728	2362	968	197307	172629	
331	8.20049e+006	3838	5157	577	1101	532	240	184664	2376	937	198244	173506	
332	8.19954e+006	3832	5171	570	1094	531	238	185608	2390	952	199195	174393	
333	8.19857e+006	3828	5190	567	1096	535	239	186549	2401	971	200166	175293	
334	8.19759e+006	3835	5201	574	1104	541	245	187477	2410	975	201142	176181	
335	8.19663e+006	3863	5184	571	1109	537	245	188419	2424	965	202106	177040	
336	8.19565e+006	3890	5173	572	1124	537	242	189351	2438	979	203085	177916	
337	8.1947e+006	3873	5196	565	1124	534	240	190297	2451	954	204039	178817	
338	8.19371e+006	3889	5202	576	1135	529	238	191236	2463	992	205031	179709	
339	8.19274e+006	3892	5189	579	1131	527	238	192203	2476	968	205999	180597	
340	8.19174e+006	3909	5206	573	1121	523	233	193172	2490	995	206994	181500	
341	8.19076e+006	3937	5223	572	1129	521	232	194090	2504	982	207976	182378	
342	8.18978e+006	3924	5257	579	1124	521	234	195033	2517	979	208954	183288	
343	8.18882e+006	3916	5250	582	1123	521	231	195992	2531	961	209915	184179	
344	8.18783e+006	3916	5264	588	1128	527	231	196941	2545	995	210910	185087	
345	8.18684e+006	3919	5281	588	1136	529	231	197885	2557	984	211895	185990	
346	8.18586e+006	3919	5276	593	1145	529	233	198842	2569	979	212873	186886	
347	8.18488e+006	3943	5287	589	1141	537	236	199780	2581	984	213858	187774	
348	8.1839e+006	3928	5299	581	1133	545	239	200760	2593	980	214838	188696	
349	8.18291e+006	3935	5310	586	1138	547	240	201709	2606	992	215830	189598	
350	8.18192e+006	3941	5299	580	1130	551	243	202694	2619	985	216815	190498	
351	8.18095e+006	3932	5295	587	1136	553	250	203654	2632	975	217790	191400	
352	8.17997e+006	3928	5296	588	1136	555	252	204618	2645	976	218766	192298	
353	8.17895e+006	3953	5312	602	1140	556	252	205560	2659	1017	219783	193204	
354	8.17794e+006	3978	5300	604	1153	549	248	206536	2672	1010	220793	194114	
355	8.17696e+006	3985	5298	597	1154	548	251	207507	2686	982	221775	195016	
356	8.17597e+006	3997	5294	598	1160	551	251	208466	2696	988	222763	195908	
357	8.17498e+006	3976	5328	597	1150	545	251	209451	2713	995	223758	196842	
358	8.17399e+006	3955	5363	592	1148	543	252	210421	2726	989	224748	197775	
359	8.17301e+006	3952	5364	581	1140	546	253	211404	2739	980	225727	198681	
360	8.17203e+006	3947	5364	584	1139	551	256	212372	2753	983	226710	199587	
361	8.17105e+006	3930	5377	592	1134	550	252	213340	2766	979	227688	200501	
362	8.17008e+006	3913	5388	594	1128	552	246	214306	2780	972	228661	201410	
363	8.16907e+006	3944	5349	595	1137	555	251	215300	2791	1010	229671	202307	
364	8.16807e+006	3959	5328	589	1159	558	248	216273	2803	998	230669	203221	
External infections start at day 1 and end at:	19	Number of imported cases each day	10	
Number of contacts per day:	0	
Number of contacts per day:	0	
Number of days asymptomatic patients are infectious before symptomatic	2	
Probability of transmission from exposed patients:	0.0418	
Probability of transmission from mild symptomatic patients:	0.0418	
Probability of transmission from hospitalized patients:	0	
Probability of transmission from ICU patients:	0	
Probability of testing for mild symptomatic patients:	0.75	

Adherence to Social Distancing parameters:
Day 0:	0	
Day 10:	0.8	
Day 20:	0.8	
Day 30:	0.8	
Day 40:	0.9	
Day 50:	0.9	
Day 60:	0.9	
