Day	Susceptible	Exposed	Current Detected Mild Infections	Current Undetected Mild Infections	Current Hospitalizations	Current ICU patients	ventilators	Recovered	Deaths	new infections today	total number of infections 	Confirmed total number of infections 	
0	8.39714e+006	1600	0	0	0	0	0	0	0	0	1600	0	
1	8.39698e+006	1760	0	0	0	0	0	0	0	160	1760	0	
2	8.39682e+006	1920	0	0	0	0	0	0	0	160	1920	0	
3	8.39568e+006	3060	0	0	0	0	0	0	0	1140	3060	0	
4	8.39448e+006	2660	815	785	0	0	0	0	0	1200	4260	815	
5	8.39316e+006	3817	893	867	0	0	0	0	0	1316	5577	893	
6	8.39109e+006	5724	976	944	0	0	0	0	0	2067	7644	976	
7	8.38833e+006	7347	1554	1506	0	0	0	0	0	2763	10407	1554	
8	8.38477e+006	9709	2159	2101	0	0	0	0	0	3563	13970	2159	
9	8.37987e+006	13286	2813	2763	0	0	0	0	0	4893	18863	2813	
10	8.37326e+006	17833	3052	2992	289	0	0	1311	0	6615	25477	4010	
11	8.36535e+006	22979	4339	4307	316	0	0	1444	0	7908	33386	5388	
12	8.35449e+006	30278	6025	6024	348	0	0	1572	0	10862	44248	7170	
13	8.33966e+006	40212	7910	7893	578	0	0	2482	0	14827	59075	9758	
14	8.32058e+006	52682	10599	10618	808	0	0	3453	0	19084	78160	13156	
15	8.29564e+006	69714	13874	13936	1062	0	0	4514	0	24941	103100	17218	
16	8.26242e+006	92073	18258	18346	1183	97	54	6364	0	33221	136321	22834	
17	8.21886e+006	120801	24338	24330	1674	104	57	8628	0	43556	179877	30536	
18	8.16209e+006	158488	32082	32108	2331	113	61	11526	0	56772	236648	40395	
19	8.08775e+006	207883	42124	42114	3082	177	91	15604	0	74335	310983	53368	
20	7.99119e+006	271227	55425	55419	4132	241	120	21105	0	96565	407548	70590	
21	7.86642e+006	352445	73235	73256	5405	318	154	27663	0	124774	532321	93095	
22	7.70504e+006	457048	96202	96198	7121	436	208	36691	0	161375	693696	122552	
23	7.49924e+006	588512	125939	125969	9487	589	280	49000	0	205799	899495	161211	
24	7.23888e+006	752313	164586	164802	12504	791	374	64865	0	260366	1.15986e+006	211217	
25	6.91425e+006	952161	214525	214696	16423	1078	504	85600	0	324622	1.48448e+006	276100	
26	6.51594e+006	1.1891e+006	278607	278769	21568	1345	622	113371	37	398315	1.8828e+006	359894	
27	6.03739e+006	1.46185e+006	359695	359923	28528	1783	832	149527	39	478546	2.36134e+006	466910	
28	5.47805e+006	1.76083e+006	461407	461806	37458	2385	1121	196764	41	559346	2.92069e+006	602572	
29	4.84597e+006	2.06828e+006	586502	586998	49070	3132	1462	258724	58	632074	3.55276e+006	772145	
30	4.22331e+006	2.29263e+006	737699	737551	64070	4124	1925	339282	72	622662	4.17543e+006	980802	
31	3.6354e+006	2.40199e+006	914369	914653	83390	5474	2549	443363	94	587910	4.76334e+006	1.23209e+006	
32	3.10543e+006	2.37262e+006	1.11339e+006	1.1136e+006	108334	7196	3352	578045	121	529974	5.29331e+006	1.5274e+006	
33	2.65791e+006	2.18807e+006	1.32636e+006	1.32691e+006	139822	9467	4381	750048	159	447519	5.74083e+006	1.8632e+006	
34	2.30147e+006	1.92184e+006	1.50746e+006	1.50811e+006	179466	12458	5744	967731	205	356440	6.09727e+006	2.19954e+006	
35	2.03474e+006	1.60066e+006	1.63899e+006	1.63987e+006	228139	16358	7549	1.23971e+006	274	266728	6.364e+006	2.52498e+006	
36	1.84999e+006	1.25543e+006	1.70466e+006	1.70585e+006	286681	21372	9841	1.57438e+006	361	184746	6.54874e+006	2.82857e+006	
37	1.73726e+006	920652	1.68939e+006	1.69009e+006	355500	27930	12827	1.97744e+006	470	112737	6.66148e+006	3.09901e+006	
38	1.63644e+006	665031	1.58783e+006	1.58875e+006	432922	36301	16671	2.45084e+006	622	100819	6.7623e+006	3.33146e+006	
39	1.55016e+006	484574	1.40527e+006	1.40596e+006	515979	46933	21566	2.98904e+006	814	86272	6.84857e+006	3.52633e+006	
40	1.47994e+006	370049	1.18641e+006	1.18691e+006	586343	60536	27845	3.52747e+006	1075	70222	6.91879e+006	3.6796e+006	
41	1.42379e+006	313467	949000	949145	637427	77252	35523	4.04724e+006	1417	56154	6.97495e+006	3.79286e+006	
42	1.38022e+006	256219	739232	729758	663301	97598	44868	4.53054e+006	1869	43571	7.01852e+006	3.89958e+006	
43	1.34713e+006	203035	562730	545013	657321	121807	55999	4.95924e+006	2462	33087	7.05161e+006	3.9904e+006	
44	1.32246e+006	157480	423251	398273	617855	149868	68890	5.32633e+006	3214	24668	7.07627e+006	4.06378e+006	
45	1.30438e+006	119406	320865	290085	546703	181030	83210	5.63204e+006	4226	18080	7.09435e+006	4.12077e+006	
46	1.29106e+006	89154	252405	217370	461657	210383	96769	5.87118e+006	5526	13319	7.10767e+006	4.16271e+006	
47	1.28085e+006	66283	214213	175912	369305	236223	108652	6.04874e+006	7217	10216	7.11789e+006	4.19187e+006	
48	1.27257e+006	49891	172516	141458	285772	256855	118155	6.21027e+006	9402	8276	7.12616e+006	4.21425e+006	
49	1.26599e+006	38397	135122	110660	215428	270381	124314	6.35058e+006	12185	6587	7.13275e+006	4.23176e+006	
50	1.26088e+006	30185	103762	85118	159777	275685	126700	6.46763e+006	15702	5107	7.13786e+006	4.24525e+006	
51	1.25691e+006	23939	78532	64409	118805	272498	125253	6.56357e+006	20077	3969	7.14183e+006	4.25583e+006	
52	1.25396e+006	18614	59192	48453	91205	260638	119810	6.6412e+006	25479	2951	7.14478e+006	4.26421e+006	
53	1.25169e+006	14291	44609	36536	75771	240256	110437	6.70367e+006	31915	2263	7.14704e+006	4.27078e+006	
54	1.24999e+006	10892	33869	27716	61022	214644	98654	6.76114e+006	39468	1708	7.14875e+006	4.27582e+006	
55	1.24869e+006	8217	26108	21366	47812	184062	84591	6.81446e+006	48019	1294	7.15004e+006	4.27959e+006	
56	1.24772e+006	6241	20409	16697	36708	153236	70370	6.86128e+006	56454	975	7.15102e+006	4.28236e+006	
57	1.24695e+006	4747	16032	13121	27779	123514	56724	6.90225e+006	64348	769	7.15179e+006	4.2845e+006	
58	1.24634e+006	3644	12411	10175	20974	96330	44211	6.9374e+006	71465	605	7.15239e+006	4.28617e+006	
59	1.24587e+006	2822	9500	7793	15780	73229	33651	6.96627e+006	77474	472	7.15287e+006	4.28747e+006	
60	1.24551e+006	2205	7204	5957	11940	54660	25141	6.98896e+006	82296	358	7.15322e+006	4.28846e+006	
61	1.24524e+006	1704	5440	4521	9194	40707	18697	7.00602e+006	85909	268	7.15349e+006	4.28922e+006	
62	1.24503e+006	1312	4182	3434	7197	31114	14274	7.01809e+006	88374	214	7.15371e+006	4.28982e+006	
63	1.24487e+006	999	3209	2615	5655	25432	11677	7.02609e+006	89865	159	7.15387e+006	4.29029e+006	
64	1.24475e+006	764	2468	2006	4363	20252	9319	7.03294e+006	91197	124	7.15399e+006	4.29064e+006	
65	1.24465e+006	597	1902	1546	3348	15855	7299	7.03848e+006	92357	101	7.15409e+006	4.2909e+006	
66	1.24457e+006	457	1484	1203	2550	12241	5630	7.04294e+006	93292	73	7.15416e+006	4.2911e+006	
67	1.24451e+006	361	1169	908	1935	9339	4292	7.04647e+006	94045	63	7.15423e+006	4.29128e+006	
68	1.24447e+006	274	912	683	1477	7078	3247	7.04922e+006	94624	36	7.15426e+006	4.29141e+006	
69	1.24444e+006	204	710	513	1131	5336	2438	7.05133e+006	95068	31	7.15429e+006	4.29151e+006	
70	1.24442e+006	153	560	379	880	4039	1833	7.05291e+006	95393	22	7.15432e+006	4.29159e+006	
71	1.2444e+006	106	457	277	670	3111	1423	7.05407e+006	95641	17	7.15433e+006	4.29165e+006	
72	1.24439e+006	86	364	193	515	2433	1116	7.05495e+006	95809	15	7.15435e+006	4.29169e+006	
73	1.24438e+006	67	276	153	401	1904	870	7.05562e+006	95938	13	7.15436e+006	4.29172e+006	
74	1.24436e+006	57	206	121	308	1476	678	7.05615e+006	96050	12	7.15437e+006	4.29174e+006	
75	1.24435e+006	50	151	92	235	1129	519	7.05659e+006	96137	10	7.15438e+006	4.29176e+006	
76	1.24435e+006	43	114	71	178	861	396	7.05692e+006	96208	8	7.15439e+006	4.29178e+006	
77	1.24434e+006	37	83	52	143	654	305	7.05717e+006	96258	7	7.1544e+006	4.29179e+006	
78	1.24433e+006	32	69	41	104	497	229	7.05736e+006	96303	7	7.1544e+006	4.2918e+006	
79	1.24433e+006	28	57	32	80	379	177	7.0575e+006	96336	5	7.15441e+006	4.29181e+006	
80	1.24432e+006	25	49	26	61	291	137	7.05761e+006	96356	5	7.15442e+006	4.29181e+006	
81	1.24432e+006	24	42	23	47	220	103	7.05769e+006	96371	7	7.15442e+006	4.29182e+006	
82	1.24431e+006	21	37	19	36	168	77	7.05776e+006	96383	4	7.15443e+006	4.29183e+006	
83	1.24431e+006	20	32	17	26	134	63	7.05781e+006	96391	5	7.15443e+006	4.29183e+006	
84	1.2443e+006	20	27	16	22	100	48	7.05785e+006	96398	5	7.15444e+006	4.29183e+006	
85	1.24429e+006	20	25	14	18	79	37	7.05788e+006	96404	7	7.15444e+006	4.29184e+006	
86	1.24429e+006	22	23	12	16	57	27	7.05791e+006	96410	6	7.15445e+006	4.29184e+006	
87	1.24428e+006	23	21	12	12	46	20	7.05793e+006	96413	6	7.15445e+006	4.29184e+006	
88	1.24428e+006	24	19	12	9	35	15	7.05794e+006	96417	5	7.15446e+006	4.29185e+006	
89	1.24427e+006	23	20	12	8	28	12	7.05796e+006	96419	6	7.15446e+006	4.29185e+006	
90	1.24427e+006	21	20	13	5	20	9	7.05797e+006	96420	4	7.15447e+006	4.29186e+006	
91	1.24426e+006	21	18	14	6	16	7	7.05798e+006	96422	6	7.15448e+006	4.29186e+006	
92	1.24426e+006	22	19	15	6	12	6	7.05798e+006	96423	5	7.15448e+006	4.29186e+006	
93	1.24425e+006	21	20	14	6	9	4	7.05799e+006	96423	5	7.15449e+006	4.29187e+006	
94	1.24424e+006	24	20	14	6	8	3	7.058e+006	96424	7	7.15449e+006	4.29187e+006	
95	1.24424e+006	23	21	12	6	6	3	7.05801e+006	96424	6	7.1545e+006	4.29187e+006	
96	1.24423e+006	25	21	12	6	6	3	7.05801e+006	96424	7	7.15451e+006	4.29188e+006	
97	1.24423e+006	26	22	10	6	6	3	7.05802e+006	96424	6	7.15451e+006	4.29188e+006	
98	1.24422e+006	25	24	10	5	5	2	7.05802e+006	96424	6	7.15452e+006	4.29189e+006	
99	1.24421e+006	25	24	10	6	4	2	7.05803e+006	96424	6	7.15452e+006	4.29189e+006	
100	1.24421e+006	25	26	11	6	4	2	7.05804e+006	96424	7	7.15453e+006	4.2919e+006	
101	1.2442e+006	25	24	12	6	4	2	7.05804e+006	96424	7	7.15454e+006	4.2919e+006	
102	1.24419e+006	25	25	12	6	4	2	7.05805e+006	96424	5	7.15454e+006	4.2919e+006	
103	1.24419e+006	23	25	13	7	4	2	7.05805e+006	96424	4	7.15455e+006	4.29191e+006	
104	1.24418e+006	22	24	13	7	4	2	7.05806e+006	96425	6	7.15455e+006	4.29191e+006	
105	1.24418e+006	20	24	14	6	4	2	7.05806e+006	96425	5	7.15456e+006	4.29192e+006	
106	1.24417e+006	21	23	14	6	4	2	7.05807e+006	96425	6	7.15456e+006	4.29192e+006	
107	1.24417e+006	22	22	12	7	3	1	7.05808e+006	96425	4	7.15457e+006	4.29193e+006	
108	1.24416e+006	22	24	11	6	3	2	7.05808e+006	96425	5	7.15457e+006	4.29193e+006	
109	1.24416e+006	21	23	11	6	4	2	7.05809e+006	96425	5	7.15458e+006	4.29193e+006	
110	1.24415e+006	20	22	11	7	4	2	7.0581e+006	96425	5	7.15458e+006	4.29194e+006	
111	1.24415e+006	20	21	10	7	4	2	7.0581e+006	96425	5	7.15459e+006	4.29194e+006	
112	1.24414e+006	19	21	10	7	4	2	7.05811e+006	96425	5	7.15459e+006	4.29195e+006	
113	1.24414e+006	19	21	11	7	4	2	7.05811e+006	96425	5	7.1546e+006	4.29195e+006	
114	1.24413e+006	19	19	12	8	3	2	7.05812e+006	96425	4	7.1546e+006	4.29195e+006	
115	1.24413e+006	19	19	12	7	4	2	7.05812e+006	96425	5	7.15461e+006	4.29196e+006	
116	1.24412e+006	20	19	11	6	4	2	7.05813e+006	96425	6	7.15461e+006	4.29196e+006	
117	1.24412e+006	20	18	11	6	4	2	7.05813e+006	96425	5	7.15462e+006	4.29196e+006	
118	1.24411e+006	23	18	11	6	4	2	7.05814e+006	96425	6	7.15462e+006	4.29197e+006	
119	1.24411e+006	22	19	10	5	4	1	7.05814e+006	96426	5	7.15463e+006	4.29197e+006	
120	1.2441e+006	20	19	11	5	4	1	7.05815e+006	96426	4	7.15463e+006	4.29197e+006	
121	1.2441e+006	21	20	10	5	3	1	7.05815e+006	96426	5	7.15464e+006	4.29198e+006	
122	1.24409e+006	19	21	11	5	3	1	7.05816e+006	96426	4	7.15464e+006	4.29198e+006	
123	1.24409e+006	19	21	11	6	3	1	7.05816e+006	96426	5	7.15465e+006	4.29199e+006	
124	1.24408e+006	23	20	12	5	3	2	7.05817e+006	96426	8	7.15466e+006	4.29199e+006	
125	1.24407e+006	23	20	12	6	3	1	7.05817e+006	96427	6	7.15466e+006	4.29199e+006	
126	1.24407e+006	23	19	11	7	3	1	7.05818e+006	96427	4	7.15467e+006	4.292e+006	
127	1.24407e+006	22	19	12	7	3	2	7.05818e+006	96427	4	7.15467e+006	4.292e+006	
128	1.24406e+006	19	20	12	7	3	2	7.05819e+006	96427	5	7.15468e+006	4.292e+006	
129	1.24405e+006	21	20	12	6	3	2	7.05819e+006	96427	7	7.15468e+006	4.29201e+006	
130	1.24405e+006	21	22	11	6	3	2	7.0582e+006	96428	5	7.15469e+006	4.29201e+006	
131	1.24404e+006	23	21	10	6	3	2	7.0582e+006	96428	6	7.15469e+006	4.29202e+006	
132	1.24404e+006	24	22	10	5	3	2	7.05821e+006	96428	6	7.1547e+006	4.29202e+006	
133	1.24403e+006	23	24	10	5	4	2	7.05821e+006	96428	6	7.15471e+006	4.29203e+006	
134	1.24403e+006	24	22	9	6	3	2	7.05822e+006	96428	6	7.15471e+006	4.29203e+006	
135	1.24402e+006	23	23	9	6	3	2	7.05822e+006	96428	5	7.15472e+006	4.29203e+006	
136	1.24401e+006	23	23	10	7	3	2	7.05823e+006	96428	6	7.15472e+006	4.29204e+006	
137	1.24401e+006	23	24	11	6	3	2	7.05823e+006	96428	6	7.15473e+006	4.29204e+006	
138	1.244e+006	24	24	11	6	2	1	7.05824e+006	96428	7	7.15474e+006	4.29205e+006	
139	1.244e+006	25	22	11	7	2	1	7.05825e+006	96428	6	7.15474e+006	4.29205e+006	
140	1.24399e+006	27	22	12	6	2	1	7.05825e+006	96428	7	7.15475e+006	4.29205e+006	
141	1.24398e+006	26	22	13	6	3	1	7.05826e+006	96428	6	7.15476e+006	4.29206e+006	
142	1.24397e+006	27	23	13	6	3	1	7.05826e+006	96428	8	7.15476e+006	4.29206e+006	
143	1.24397e+006	27	23	13	7	2	1	7.05827e+006	96428	6	7.15477e+006	4.29207e+006	
144	1.24396e+006	26	24	14	8	2	1	7.05827e+006	96429	6	7.15477e+006	4.29207e+006	
145	1.24396e+006	25	24	15	7	2	1	7.05828e+006	96429	6	7.15478e+006	4.29207e+006	
146	1.24395e+006	25	26	15	8	3	1	7.05828e+006	96429	7	7.15479e+006	4.29208e+006	
147	1.24394e+006	24	25	15	8	3	1	7.05829e+006	96429	5	7.15479e+006	4.29209e+006	
148	1.24394e+006	24	25	14	8	3	1	7.0583e+006	96429	6	7.1548e+006	4.29209e+006	
149	1.24393e+006	25	26	13	8	3	2	7.0583e+006	96429	6	7.15481e+006	4.29209e+006	
150	1.24393e+006	22	25	13	8	3	2	7.05831e+006	96429	4	7.15481e+006	4.2921e+006	
151	1.24392e+006	20	26	12	9	3	2	7.05831e+006	96429	4	7.15481e+006	4.2921e+006	
152	1.24392e+006	19	25	11	8	3	2	7.05832e+006	96429	4	7.15482e+006	4.29211e+006	
153	1.24391e+006	19	27	10	9	4	2	7.05833e+006	96429	7	7.15482e+006	4.29211e+006	
154	1.24391e+006	21	25	10	8	4	2	7.05833e+006	96429	6	7.15483e+006	4.29212e+006	
155	1.2439e+006	24	22	10	8	4	2	7.05834e+006	96429	6	7.15484e+006	4.29212e+006	
156	1.2439e+006	24	20	10	8	5	2	7.05835e+006	96429	5	7.15484e+006	4.29212e+006	
157	1.24389e+006	22	20	11	8	4	2	7.05835e+006	96430	5	7.15485e+006	4.29213e+006	
158	1.24388e+006	22	20	11	8	4	2	7.05836e+006	96430	6	7.15485e+006	4.29213e+006	
159	1.24388e+006	22	19	12	7	4	1	7.05836e+006	96430	6	7.15486e+006	4.29214e+006	
160	1.24387e+006	21	20	12	7	4	1	7.05837e+006	96430	5	7.15486e+006	4.29214e+006	
161	1.24387e+006	21	22	12	6	4	1	7.05837e+006	96430	4	7.15487e+006	4.29214e+006	
162	1.24386e+006	21	22	13	6	4	1	7.05838e+006	96430	6	7.15487e+006	4.29215e+006	
163	1.24386e+006	20	23	11	5	4	1	7.05839e+006	96430	5	7.15488e+006	4.29215e+006	
164	1.24385e+006	20	21	11	4	4	2	7.05839e+006	96430	5	7.15488e+006	4.29215e+006	
165	1.24385e+006	20	20	11	5	4	2	7.0584e+006	96431	5	7.15489e+006	4.29216e+006	
166	1.24384e+006	20	21	11	5	3	2	7.0584e+006	96431	6	7.15489e+006	4.29216e+006	
167	1.24384e+006	20	20	11	6	3	1	7.05841e+006	96431	5	7.1549e+006	4.29216e+006	
168	1.24383e+006	20	20	10	6	3	2	7.05841e+006	96431	5	7.1549e+006	4.29217e+006	
169	1.24383e+006	21	18	11	6	3	2	7.05842e+006	96431	6	7.15491e+006	4.29217e+006	
170	1.24382e+006	21	20	11	7	3	2	7.05842e+006	96431	5	7.15491e+006	4.29218e+006	
171	1.24382e+006	20	20	11	6	3	2	7.05843e+006	96431	4	7.15492e+006	4.29218e+006	
172	1.24381e+006	21	19	11	6	3	1	7.05843e+006	96431	6	7.15492e+006	4.29218e+006	
173	1.24381e+006	21	19	12	6	3	1	7.05844e+006	96431	6	7.15493e+006	4.29219e+006	
174	1.2438e+006	21	19	12	6	2	1	7.05844e+006	96431	5	7.15494e+006	4.29219e+006	
175	1.2438e+006	23	19	11	6	2	1	7.05845e+006	96431	6	7.15494e+006	4.29219e+006	
176	1.24379e+006	22	19	11	5	3	1	7.05845e+006	96431	5	7.15495e+006	4.2922e+006	
177	1.24378e+006	23	20	12	5	3	1	7.05846e+006	96431	7	7.15495e+006	4.2922e+006	
178	1.24378e+006	23	21	11	5	3	1	7.05846e+006	96432	5	7.15496e+006	4.2922e+006	
179	1.24377e+006	22	22	11	6	3	2	7.05847e+006	96432	6	7.15496e+006	4.29221e+006	
180	1.24377e+006	24	22	11	6	3	2	7.05847e+006	96432	7	7.15497e+006	4.29221e+006	
181	1.24376e+006	23	24	11	6	3	2	7.05848e+006	96432	5	7.15498e+006	4.29222e+006	
182	1.24376e+006	23	24	10	7	3	2	7.05848e+006	96432	5	7.15498e+006	4.29222e+006	
183	1.24375e+006	24	24	10	7	4	2	7.05849e+006	96432	7	7.15499e+006	4.29223e+006	
184	1.24374e+006	23	25	10	7	3	2	7.05849e+006	96432	6	7.15499e+006	4.29223e+006	
185	1.24374e+006	23	24	11	7	3	2	7.0585e+006	96432	6	7.155e+006	4.29224e+006	
186	1.24373e+006	25	24	11	7	3	2	7.0585e+006	96432	7	7.15501e+006	4.29224e+006	
187	1.24372e+006	24	22	12	6	3	2	7.05851e+006	96432	6	7.15501e+006	4.29224e+006	
188	1.24372e+006	24	22	13	6	3	2	7.05852e+006	96432	6	7.15502e+006	4.29225e+006	
189	1.24371e+006	24	22	13	6	3	2	7.05852e+006	96432	5	7.15502e+006	4.29225e+006	
190	1.24371e+006	23	22	13	6	3	1	7.05853e+006	96432	7	7.15503e+006	4.29226e+006	
191	1.2437e+006	23	23	13	6	2	1	7.05854e+006	96433	6	7.15504e+006	4.29226e+006	
192	1.2437e+006	23	23	13	5	2	1	7.05854e+006	96433	6	7.15504e+006	4.29226e+006	
193	1.24369e+006	25	24	11	6	2	1	7.05855e+006	96433	7	7.15505e+006	4.29227e+006	
194	1.24368e+006	25	24	12	5	2	1	7.05855e+006	96433	7	7.15505e+006	4.29227e+006	
195	1.24368e+006	24	24	12	5	3	1	7.05856e+006	96433	5	7.15506e+006	4.29228e+006	
196	1.24367e+006	24	23	12	6	2	1	7.05856e+006	96433	6	7.15507e+006	4.29228e+006	
197	1.24367e+006	23	24	12	6	2	1	7.05857e+006	96433	6	7.15507e+006	4.29229e+006	
198	1.24366e+006	22	24	12	6	2	1	7.05858e+006	96433	6	7.15508e+006	4.29229e+006	
199	1.24365e+006	24	23	13	6	2	1	7.05858e+006	96433	7	7.15508e+006	4.29229e+006	
200	1.24365e+006	24	24	12	8	2	1	7.05859e+006	96433	6	7.15509e+006	4.2923e+006	
201	1.24364e+006	24	24	12	8	2	1	7.05859e+006	96433	6	7.1551e+006	4.2923e+006	
202	1.24364e+006	24	24	12	7	3	1	7.0586e+006	96433	6	7.1551e+006	4.29231e+006	
203	1.24363e+006	22	23	13	7	3	1	7.0586e+006	96433	4	7.15511e+006	4.29231e+006	
204	1.24363e+006	22	22	13	8	3	1	7.05861e+006	96433	6	7.15511e+006	4.29232e+006	
205	1.24362e+006	23	22	14	7	2	1	7.05862e+006	96433	7	7.15512e+006	4.29232e+006	
206	1.24361e+006	23	22	14	6	2	1	7.05862e+006	96433	6	7.15512e+006	4.29232e+006	
207	1.24361e+006	22	22	13	6	3	1	7.05863e+006	96433	4	7.15513e+006	4.29233e+006	
208	1.2436e+006	21	21	14	6	3	1	7.05863e+006	96434	5	7.15513e+006	4.29233e+006	
209	1.2436e+006	21	22	13	7	3	1	7.05864e+006	96434	7	7.15514e+006	4.29234e+006	
210	1.24359e+006	22	23	12	6	3	1	7.05865e+006	96434	7	7.15515e+006	4.29234e+006	
211	1.24358e+006	25	22	10	7	3	1	7.05865e+006	96434	7	7.15515e+006	4.29234e+006	
212	1.24358e+006	26	21	11	7	3	1	7.05866e+006	96434	6	7.15516e+006	4.29235e+006	
213	1.24357e+006	25	22	12	6	2	1	7.05866e+006	96434	5	7.15516e+006	4.29235e+006	
214	1.24357e+006	23	22	12	6	3	1	7.05867e+006	96434	5	7.15517e+006	4.29236e+006	
215	1.24356e+006	21	23	12	5	3	1	7.05868e+006	96435	5	7.15517e+006	4.29236e+006	
216	1.24356e+006	23	22	13	6	3	1	7.05868e+006	96435	7	7.15518e+006	4.29236e+006	
217	1.24355e+006	24	22	15	5	3	1	7.05869e+006	96435	7	7.15519e+006	4.29237e+006	
218	1.24354e+006	24	22	15	5	3	1	7.05869e+006	96435	6	7.15519e+006	4.29237e+006	
219	1.24354e+006	27	21	13	6	3	1	7.0587e+006	96435	8	7.1552e+006	4.29237e+006	
220	1.24353e+006	26	22	13	7	3	1	7.0587e+006	96435	6	7.15521e+006	4.29238e+006	
221	1.24352e+006	27	21	14	8	3	1	7.05871e+006	96435	8	7.15522e+006	4.29238e+006	
222	1.24352e+006	27	22	13	8	3	2	7.05871e+006	96435	6	7.15522e+006	4.29239e+006	
223	1.24351e+006	24	24	12	8	3	2	7.05872e+006	96435	5	7.15523e+006	4.29239e+006	
224	1.24351e+006	24	26	12	9	3	1	7.05872e+006	96435	6	7.15523e+006	4.2924e+006	
225	1.2435e+006	24	27	14	8	2	1	7.05873e+006	96435	8	7.15524e+006	4.2924e+006	
226	1.24349e+006	24	27	12	6	3	1	7.05874e+006	96435	5	7.15524e+006	4.29241e+006	
227	1.24349e+006	24	26	12	5	3	1	7.05875e+006	96435	6	7.15525e+006	4.29241e+006	
228	1.24348e+006	27	26	11	5	3	1	7.05875e+006	96435	8	7.15526e+006	4.29242e+006	
229	1.24347e+006	24	26	12	5	3	1	7.05876e+006	96435	4	7.15526e+006	4.29242e+006	
230	1.24347e+006	24	26	11	6	3	1	7.05876e+006	96435	5	7.15527e+006	4.29243e+006	
231	1.24346e+006	23	25	10	7	3	1	7.05877e+006	96435	5	7.15527e+006	4.29243e+006	
232	1.24346e+006	20	26	12	8	3	1	7.05878e+006	96436	5	7.15528e+006	4.29244e+006	
233	1.24345e+006	20	25	12	8	3	1	7.05878e+006	96436	5	7.15528e+006	4.29244e+006	
234	1.24345e+006	22	24	13	7	3	1	7.05879e+006	96436	7	7.15529e+006	4.29244e+006	
235	1.24344e+006	23	23	12	7	3	1	7.05879e+006	96436	7	7.1553e+006	4.29245e+006	
236	1.24343e+006	23	22	13	7	3	1	7.0588e+006	96436	5	7.1553e+006	4.29245e+006	
237	1.24343e+006	25	21	12	6	3	1	7.05881e+006	96436	7	7.15531e+006	4.29245e+006	
238	1.24342e+006	25	20	12	6	3	1	7.05881e+006	96436	7	7.15532e+006	4.29246e+006	
239	1.24342e+006	25	21	13	6	3	1	7.05882e+006	96436	6	7.15532e+006	4.29246e+006	
240	1.24341e+006	24	22	12	8	3	1	7.05882e+006	96436	4	7.15533e+006	4.29247e+006	
241	1.2434e+006	24	23	12	6	3	1	7.05883e+006	96436	7	7.15533e+006	4.29247e+006	
242	1.2434e+006	23	24	13	6	4	1	7.05883e+006	96436	6	7.15534e+006	4.29248e+006	
243	1.24339e+006	23	25	14	6	4	1	7.05884e+006	96436	6	7.15534e+006	4.29248e+006	
244	1.24339e+006	23	24	12	6	4	1	7.05884e+006	96436	5	7.15535e+006	4.29248e+006	
245	1.24338e+006	23	24	12	7	4	2	7.05885e+006	96436	6	7.15536e+006	4.29249e+006	
246	1.24338e+006	22	24	12	7	4	2	7.05886e+006	96437	5	7.15536e+006	4.29249e+006	
247	1.24337e+006	22	24	12	7	3	1	7.05886e+006	96437	6	7.15537e+006	4.2925e+006	
248	1.24337e+006	22	22	12	8	3	1	7.05887e+006	96437	5	7.15537e+006	4.2925e+006	
249	1.24336e+006	21	20	13	8	3	1	7.05887e+006	96437	5	7.15538e+006	4.2925e+006	
250	1.24335e+006	21	20	14	7	4	1	7.05888e+006	96437	5	7.15538e+006	4.29251e+006	
251	1.24335e+006	21	19	14	8	4	1	7.05888e+006	96437	6	7.15539e+006	4.29251e+006	
252	1.24335e+006	20	18	15	8	4	1	7.05889e+006	96437	4	7.15539e+006	4.29251e+006	
253	1.24334e+006	20	18	14	8	4	1	7.0589e+006	96437	5	7.1554e+006	4.29252e+006	
254	1.24333e+006	21	20	12	7	4	1	7.0589e+006	96437	6	7.1554e+006	4.29252e+006	
255	1.24333e+006	21	21	12	7	4	1	7.05891e+006	96437	6	7.15541e+006	4.29253e+006	
256	1.24332e+006	24	21	10	7	4	1	7.05891e+006	96438	7	7.15542e+006	4.29253e+006	
257	1.24332e+006	24	22	9	6	4	1	7.05892e+006	96438	6	7.15542e+006	4.29254e+006	
258	1.24331e+006	24	23	9	6	4	1	7.05892e+006	96438	6	7.15543e+006	4.29254e+006	
259	1.2433e+006	25	23	9	6	4	1	7.05893e+006	96438	7	7.15543e+006	4.29254e+006	
260	1.2433e+006	25	22	11	6	3	1	7.05893e+006	96438	7	7.15544e+006	4.29255e+006	
261	1.24329e+006	25	22	11	6	3	1	7.05894e+006	96438	5	7.15545e+006	4.29255e+006	
262	1.24328e+006	25	23	13	6	3	1	7.05894e+006	96438	7	7.15545e+006	4.29256e+006	
263	1.24328e+006	26	23	14	6	3	1	7.05895e+006	96438	8	7.15546e+006	4.29256e+006	
264	1.24327e+006	24	22	15	7	2	1	7.05896e+006	96439	4	7.15546e+006	4.29256e+006	
265	1.24327e+006	24	22	15	7	2	1	7.05896e+006	96439	5	7.15547e+006	4.29257e+006	
266	1.24326e+006	24	22	15	8	2	1	7.05897e+006	96439	7	7.15548e+006	4.29257e+006	
267	1.24325e+006	23	24	15	8	2	1	7.05897e+006	96439	6	7.15548e+006	4.29258e+006	
268	1.24325e+006	24	23	14	9	2	1	7.05898e+006	96439	5	7.15549e+006	4.29258e+006	
269	1.24324e+006	24	23	13	9	2	1	7.05898e+006	96439	5	7.15549e+006	4.29259e+006	
270	1.24324e+006	24	23	13	8	3	1	7.05899e+006	96439	8	7.1555e+006	4.29259e+006	
271	1.24323e+006	24	25	12	7	3	2	7.059e+006	96439	6	7.15551e+006	4.2926e+006	
272	1.24322e+006	25	24	12	7	3	2	7.059e+006	96439	7	7.15551e+006	4.2926e+006	
273	1.24322e+006	26	21	12	6	4	2	7.05901e+006	96439	6	7.15552e+006	4.2926e+006	
274	1.24321e+006	23	23	13	6	4	2	7.05902e+006	96439	5	7.15552e+006	4.29261e+006	
275	1.24321e+006	24	22	15	6	4	2	7.05902e+006	96439	6	7.15553e+006	4.29261e+006	
276	1.2432e+006	23	23	13	6	4	2	7.05903e+006	96439	6	7.15554e+006	4.29262e+006	
277	1.2432e+006	22	23	13	6	4	1	7.05903e+006	96439	5	7.15554e+006	4.29262e+006	
278	1.24319e+006	23	23	13	6	4	1	7.05904e+006	96440	6	7.15555e+006	4.29262e+006	
279	1.24318e+006	22	25	12	6	4	1	7.05904e+006	96440	5	7.15555e+006	4.29263e+006	
280	1.24318e+006	21	24	11	7	3	1	7.05905e+006	96440	5	7.15556e+006	4.29263e+006	
281	1.24318e+006	21	25	10	7	3	1	7.05906e+006	96440	4	7.15556e+006	4.29264e+006	
282	1.24317e+006	20	23	10	7	2	1	7.05906e+006	96440	5	7.15557e+006	4.29264e+006	
283	1.24316e+006	21	23	10	7	2	1	7.05907e+006	96440	6	7.15557e+006	4.29264e+006	
284	1.24316e+006	20	22	11	7	3	1	7.05907e+006	96440	4	7.15558e+006	4.29265e+006	
285	1.24315e+006	21	20	11	7	3	2	7.05908e+006	96440	5	7.15558e+006	4.29265e+006	
286	1.24315e+006	22	20	11	6	3	2	7.05909e+006	96440	6	7.15559e+006	4.29265e+006	
287	1.24314e+006	21	22	11	6	3	2	7.05909e+006	96440	5	7.15559e+006	4.29266e+006	
288	1.24314e+006	23	20	10	7	3	2	7.0591e+006	96440	6	7.1556e+006	4.29266e+006	
289	1.24313e+006	23	21	10	7	3	2	7.0591e+006	96440	6	7.15561e+006	4.29267e+006	
290	1.24313e+006	21	21	10	7	3	2	7.05911e+006	96440	4	7.15561e+006	4.29267e+006	
291	1.24312e+006	21	23	10	7	3	2	7.05911e+006	96440	5	7.15562e+006	4.29268e+006	
292	1.24312e+006	20	23	10	7	3	2	7.05912e+006	96440	5	7.15562e+006	4.29268e+006	
293	1.24311e+006	18	22	11	8	3	2	7.05912e+006	96440	4	7.15562e+006	4.29268e+006	
294	1.24311e+006	20	22	10	8	3	2	7.05913e+006	96440	6	7.15563e+006	4.29269e+006	
295	1.2431e+006	20	23	9	7	2	1	7.05913e+006	96440	5	7.15564e+006	4.29269e+006	
296	1.2431e+006	20	23	8	7	2	1	7.05914e+006	96440	5	7.15564e+006	4.2927e+006	
297	1.24309e+006	22	22	8	7	2	1	7.05915e+006	96440	6	7.15565e+006	4.2927e+006	
298	1.24308e+006	22	21	9	7	2	1	7.05915e+006	96440	6	7.15565e+006	4.2927e+006	
299	1.24308e+006	21	20	9	6	2	1	7.05916e+006	96440	4	7.15566e+006	4.29271e+006	
300	1.24308e+006	20	22	9	5	2	1	7.05916e+006	96440	4	7.15566e+006	4.29271e+006	
301	1.24307e+006	21	21	10	5	2	1	7.05917e+006	96441	6	7.15567e+006	4.29271e+006	
302	1.24306e+006	20	22	10	5	2	1	7.05917e+006	96441	6	7.15567e+006	4.29272e+006	
303	1.24306e+006	23	23	10	5	3	1	7.05918e+006	96441	7	7.15568e+006	4.29272e+006	
304	1.24305e+006	24	22	9	5	3	1	7.05918e+006	96441	6	7.15569e+006	4.29273e+006	
305	1.24305e+006	25	21	10	5	3	1	7.05919e+006	96441	6	7.15569e+006	4.29273e+006	
306	1.24304e+006	23	21	11	5	3	1	7.05919e+006	96441	4	7.1557e+006	4.29273e+006	
307	1.24304e+006	22	21	12	6	4	1	7.0592e+006	96441	6	7.1557e+006	4.29274e+006	
308	1.24303e+006	22	21	12	6	3	1	7.0592e+006	96441	6	7.15571e+006	4.29274e+006	
309	1.24302e+006	21	22	13	6	3	1	7.05921e+006	96441	5	7.15571e+006	4.29275e+006	
310	1.24302e+006	23	22	12	6	3	1	7.05921e+006	96441	5	7.15572e+006	4.29275e+006	
311	1.24301e+006	22	24	10	6	3	1	7.05922e+006	96441	5	7.15572e+006	4.29275e+006	
312	1.24301e+006	23	25	10	6	3	1	7.05922e+006	96441	7	7.15573e+006	4.29276e+006	
313	1.243e+006	23	23	10	5	3	1	7.05923e+006	96442	6	7.15574e+006	4.29276e+006	
314	1.24299e+006	24	22	11	5	3	1	7.05924e+006	96442	6	7.15574e+006	4.29276e+006	
315	1.24299e+006	23	20	11	5	2	1	7.05924e+006	96442	4	7.15575e+006	4.29277e+006	
316	1.24298e+006	22	22	13	5	2	1	7.05925e+006	96442	5	7.15575e+006	4.29277e+006	
317	1.24298e+006	21	22	13	6	2	1	7.05925e+006	96442	5	7.15576e+006	4.29278e+006	
318	1.24297e+006	21	22	13	6	2	1	7.05926e+006	96442	6	7.15576e+006	4.29278e+006	
319	1.24297e+006	21	22	12	6	2	1	7.05926e+006	96442	4	7.15577e+006	4.29279e+006	
320	1.24296e+006	21	23	11	7	2	1	7.05927e+006	96443	6	7.15577e+006	4.29279e+006	
321	1.24296e+006	22	24	10	7	2	1	7.05927e+006	96443	6	7.15578e+006	4.29279e+006	
322	1.24295e+006	21	23	10	7	2	1	7.05928e+006	96443	6	7.15579e+006	4.2928e+006	
323	1.24295e+006	23	22	10	7	3	1	7.05928e+006	96443	6	7.15579e+006	4.2928e+006	
324	1.24294e+006	24	21	10	8	2	1	7.05929e+006	96443	6	7.1558e+006	4.29281e+006	
325	1.24293e+006	23	21	12	7	2	1	7.05929e+006	96443	5	7.1558e+006	4.29281e+006	
326	1.24293e+006	22	21	12	7	2	1	7.0593e+006	96443	4	7.15581e+006	4.29281e+006	
327	1.24293e+006	20	22	12	7	3	1	7.0593e+006	96443	5	7.15581e+006	4.29282e+006	
328	1.24292e+006	20	23	11	7	4	1	7.05931e+006	96443	6	7.15582e+006	4.29282e+006	
329	1.24291e+006	21	23	11	6	4	2	7.05932e+006	96443	6	7.15582e+006	4.29283e+006	
330	1.24291e+006	23	21	12	6	4	2	7.05932e+006	96443	6	7.15583e+006	4.29283e+006	
331	1.2429e+006	23	22	11	7	4	2	7.05933e+006	96443	4	7.15583e+006	4.29283e+006	
332	1.2429e+006	21	21	12	7	4	2	7.05933e+006	96443	5	7.15584e+006	4.29284e+006	
333	1.24289e+006	20	21	12	7	4	2	7.05934e+006	96443	5	7.15584e+006	4.29284e+006	
334	1.24289e+006	20	20	12	8	4	2	7.05934e+006	96443	6	7.15585e+006	4.29285e+006	
335	1.24288e+006	21	19	12	8	4	2	7.05935e+006	96443	5	7.15586e+006	4.29285e+006	
336	1.24288e+006	21	20	12	8	4	2	7.05935e+006	96443	5	7.15586e+006	4.29285e+006	
337	1.24287e+006	22	21	12	7	4	1	7.05936e+006	96443	6	7.15587e+006	4.29286e+006	
338	1.24287e+006	20	21	11	7	4	1	7.05936e+006	96443	4	7.15587e+006	4.29286e+006	
339	1.24286e+006	22	20	11	7	3	1	7.05937e+006	96443	6	7.15588e+006	4.29286e+006	
340	1.24285e+006	23	20	10	6	3	1	7.05938e+006	96443	7	7.15588e+006	4.29287e+006	
341	1.24285e+006	23	22	10	6	3	1	7.05938e+006	96443	5	7.15589e+006	4.29287e+006	
342	1.24284e+006	23	22	10	6	3	1	7.05939e+006	96444	4	7.15589e+006	4.29288e+006	
343	1.24284e+006	22	23	10	7	3	1	7.05939e+006	96444	6	7.1559e+006	4.29288e+006	
344	1.24283e+006	20	24	10	7	4	1	7.0594e+006	96444	5	7.1559e+006	4.29289e+006	
345	1.24283e+006	21	25	9	7	4	1	7.0594e+006	96444	6	7.15591e+006	4.29289e+006	
346	1.24282e+006	23	23	10	7	4	1	7.05941e+006	96444	6	7.15592e+006	4.29289e+006	
347	1.24282e+006	22	23	9	7	4	1	7.05941e+006	96444	5	7.15592e+006	4.2929e+006	
348	1.24281e+006	22	24	9	7	4	1	7.05942e+006	96444	6	7.15593e+006	4.2929e+006	
349	1.24281e+006	22	25	8	5	5	2	7.05942e+006	96444	5	7.15593e+006	4.29291e+006	
350	1.2428e+006	20	23	9	6	4	2	7.05943e+006	96444	5	7.15594e+006	4.29291e+006	
351	1.24279e+006	22	22	10	6	4	2	7.05943e+006	96444	6	7.15594e+006	4.29291e+006	
352	1.24279e+006	23	23	11	5	4	1	7.05944e+006	96444	6	7.15595e+006	4.29292e+006	
353	1.24278e+006	23	21	12	5	4	1	7.05945e+006	96444	5	7.15595e+006	4.29292e+006	
354	1.24278e+006	24	20	12	5	3	1	7.05945e+006	96445	7	7.15596e+006	4.29292e+006	
355	1.24277e+006	25	20	12	6	3	1	7.05946e+006	96445	7	7.15597e+006	4.29293e+006	
356	1.24276e+006	25	21	12	6	3	1	7.05946e+006	96445	6	7.15597e+006	4.29293e+006	
357	1.24276e+006	25	21	12	6	3	1	7.05947e+006	96445	6	7.15598e+006	4.29294e+006	
358	1.24275e+006	24	22	12	7	2	1	7.05947e+006	96445	5	7.15598e+006	4.29294e+006	
359	1.24275e+006	23	24	12	8	2	0	7.05948e+006	96445	5	7.15599e+006	4.29295e+006	
360	1.24274e+006	24	24	14	8	2	0	7.05948e+006	96446	8	7.156e+006	4.29295e+006	
361	1.24273e+006	24	23	14	7	2	0	7.05949e+006	96446	5	7.156e+006	4.29295e+006	
362	1.24273e+006	24	22	13	7	2	0	7.05949e+006	96446	5	7.15601e+006	4.29296e+006	
363	1.24272e+006	24	23	13	7	3	0	7.0595e+006	96446	6	7.15601e+006	4.29296e+006	
364	1.24272e+006	24	24	13	6	3	1	7.05951e+006	96446	7	7.15602e+006	4.29297e+006	
External infections start at day 1 and end at:	19	Number of imported cases each day	10	
Number of contacts per day:	4	
Number of contacts per day:	4	
Number of days asymptomatic patients are infectious before symptomatic	2	
Probability of transmission from exposed patients:	0.0209	
Probability of transmission from mild symptomatic patients:	0.0209	
Probability of transmission from hospitalized patients:	0	
Probability of transmission from ICU patients:	0	
Probability of testing for mild symptomatic patients:	0.5	

Adherence to Social Distancing parameters:
Day 0:	0	
Day 10:	0	
Day 20:	0	
Day 30:	0.1	
Day 40:	0.8	
Day 50:	0.8	
Day 60:	0.8	
