Day	Susceptible-LB	Susceptible-UB	Exposed-LB	Exposed-UB	Current Detected Mild Infections-LB	Current Detected Mild Infections-UB	Current Undetected Mild Infections-LB	Current Undetected Mild Infections-UB	Current Hospitalizations-LB	Current Hospitalizations-UB	Current ICU patients-LB	Current ICU patients-UB	ventilators-LB	ventilators-UB	Recovered-LB	Recovered-UB	Deaths-LB	Deaths-UB	new infections today-LB	new infections today-UB	total number of infections-LB	total number of infections-UB	Confirmed total number of infections-LB	Confirmed total number of infections-UB	
0	8.39872e+006	8.39872e+006	16	16	0	0	0	0	0	0	0	0	0	0	0	0	0	0	0	0	16	16	0	0	
1	8.39856e+006	8.39856e+006	176	176	0	0	0	0	0	0	0	0	0	0	0	0	0	0	160	160	176	176	0	0	
2	8.3984e+006	8.3984e+006	336	336	0	0	0	0	0	0	0	0	0	0	0	0	0	0	160	160	336	336	0	0	
3	8.39822e+006	8.39822e+006	512	512	0	0	0	0	0	0	0	0	0	0	0	0	0	0	176	176	512	512	0	0	
4	8.3979e+006	8.39792e+006	798	825	16	16	0	0	0	0	0	0	0	0	0	0	0	0	302	329	814	841	16	16	
5	8.39744e+006	8.39749e+006	1074	1123	131	140	36	45	0	0	0	0	0	0	0	0	0	0	428	466	1250	1299	131	140	
6	8.39684e+006	8.39691e+006	1486	1565	251	262	74	85	0	0	0	0	0	0	0	0	0	0	564	611	1822	1901	251	262	
7	8.39596e+006	8.39608e+006	2143	2264	381	396	116	131	0	0	0	0	0	0	0	0	0	0	821	887	2655	2776	381	396	
8	8.3947e+006	8.39489e+006	3029	3197	609	642	192	212	0	0	0	0	0	0	0	0	0	0	1180	1270	3849	4032	612	639	
9	8.39295e+006	8.39321e+006	4268	4495	936	991	299	323	0	0	0	0	0	0	0	0	0	0	1664	1768	5525	5787	942	985	
10	8.39047e+006	8.39085e+006	6053	6370	1346	1432	440	473	0	0	0	0	0	0	16	16	0	0	2344	2490	7885	8262	1374	1437	
11	8.38689e+006	8.38745e+006	8627	9081	1854	1983	599	644	27	35	0	0	0	0	141	149	0	0	3390	3603	11290	11850	2014	2108	
12	8.382e+006	8.38279e+006	12086	12718	2617	2811	858	922	56	67	0	0	0	0	269	280	0	0	4637	4907	15944	16740	2909	3047	
13	8.37528e+006	8.37641e+006	16789	17680	3740	4014	1227	1307	88	101	0	0	0	0	411	424	0	0	6367	6730	22325	23457	4177	4377	
14	8.36559e+006	8.36724e+006	23599	24893	5269	5647	1734	1842	144	163	0	0	0	0	660	688	0	0	9148	9709	31493	33145	5966	6255	
15	8.35226e+006	8.35457e+006	32866	34632	7458	8006	2488	2639	233	255	0	0	0	0	1007	1053	0	0	12652	13348	44165	46472	8529	8955	
16	8.33557e+006	8.3387e+006	44083	46439	10473	11235	3525	3728	343	371	0	0	0	0	1471	1538	0	0	15854	16714	60036	63170	12025	12634	
17	8.31464e+006	8.31884e+006	57563	60650	14568	15632	4937	5213	478	512	15	19	14	17	2152	2255	0	0	19848	20941	79901	84094	16843	17701	
18	8.28915e+006	8.29462e+006	72613	76455	20454	21991	6966	7346	675	722	25	30	19	22	3135	3293	0	0	24202	25509	104116	109590	23750	25007	
19	8.25978e+006	8.26671e+006	87849	92494	28614	30748	9715	10249	974	1035	33	40	23	27	4506	4725	0	0	27894	29380	132024	138956	33343	35086	
20	8.22761e+006	8.23619e+006	102495	107964	38634	41497	13115	13814	1378	1458	50	59	31	37	6441	6761	0	0	30506	32179	162542	171123	45332	47707	
21	8.19451e+006	8.20469e+006	114139	120141	50853	54619	17237	18146	1951	2059	74	85	43	50	9246	9724	0	0	31494	33116	194051	204224	60363	63546	
22	8.16347e+006	8.17524e+006	119370	125693	65409	70248	22098	23266	2748	2898	107	121	58	68	13069	13741	0	0	29437	31057	223501	235268	78757	82917	
23	8.13853e+006	8.15151e+006	115195	121265	81387	87392	27484	28936	3847	4048	152	169	77	89	18306	19260	0	0	23718	24953	247230	260210	99989	105253	
24	8.10924e+006	8.12364e+006	112545	118384	97317	104480	32751	34478	5382	5684	219	241	109	123	25870	27241	0	0	27854	29300	275099	289495	123360	129897	
25	8.07671e+006	8.09271e+006	111966	117820	111314	119438	37473	39413	7535	7950	318	345	152	170	36291	38199	0	0	30921	32546	306031	322031	147607	155394	
26	8.04242e+006	8.06e+006	115223	121060	121434	130352	40816	42961	10154	10696	443	477	206	228	49418	52018	0	0	32692	34298	338736	356316	170513	179531	
27	8.00631e+006	8.02561e+006	125885	132230	124306	133385	41778	43976	13355	14078	628	672	286	315	65883	69350	13	16	34380	36124	373127	392428	189272	199241	
28	7.9684e+006	7.9895e+006	134122	140852	127008	136238	42698	44945	17159	18069	875	932	397	434	86044	90590	17	20	36092	37921	409232	430336	211334	222415	
29	7.92939e+006	7.95233e+006	140364	147331	129277	138659	43420	45725	21319	22455	1227	1306	560	606	109436	115196	19	22	37160	39028	446405	469351	235886	248213	
30	7.88949e+006	7.9143e+006	145691	152942	130892	140204	43998	46293	25508	26893	1719	1831	799	859	135271	142397	21	26	38019	39909	484440	509244	261902	275513	
31	7.84889e+006	7.87556e+006	150031	157436	132979	142430	44762	47109	29133	30706	2412	2558	1124	1200	162455	170953	26	32	38715	40624	523172	549851	289191	304159	
32	7.80751e+006	7.83608e+006	153412	160907	137905	147567	46469	48859	31784	33537	3254	3445	1511	1609	188401	198272	34	42	39469	41396	562657	591231	317695	334098	
33	7.76504e+006	7.79551e+006	156803	164367	147942	158251	49788	52335	32552	34334	4305	4561	2004	2130	210302	221288	44	53	40551	42487	603224	633701	346776	364625	
34	7.72058e+006	7.75295e+006	161328	168934	155441	166208	52392	55048	33262	35065	5587	5905	2590	2741	236162	248482	61	72	42543	44477	645785	678161	376598	395890	
35	7.67443e+006	7.70877e+006	166776	174477	161238	172286	54356	57081	33830	35662	7050	7441	3266	3450	265038	278859	85	97	44167	46163	689968	724309	407134	427887	
36	7.62713e+006	7.66344e+006	172620	180396	166302	177675	56025	58835	34232	36013	8650	9143	4017	4242	295710	311062	113	129	45312	47316	735298	771606	438340	460587	
37	7.57848e+006	7.61677e+006	178720	186577	170982	182548	57486	60354	34806	36598	10194	10767	4715	4976	327935	344913	162	180	46649	48670	781966	820258	470461	494209	
38	7.52877e+006	7.56901e+006	183917	191828	175795	187475	59089	62020	36057	37886	11608	12261	5347	5650	361311	379975	224	246	47740	49727	829722	869969	504143	529376	
39	7.47782e+006	7.52002e+006	188734	196626	180947	192773	60900	63900	38634	40571	12594	13296	5802	6128	394835	415179	310	338	48982	50964	878719	920918	539054	565824	
40	7.42576e+006	7.46996e+006	193460	201396	186461	198396	62674	65691	40620	42668	13643	14389	6270	6618	429707	451750	435	473	50043	52081	928779	972981	574916	603257	
41	7.37285e+006	7.41899e+006	197757	205656	192387	204429	64686	67699	42124	44242	14630	15434	6718	7095	465772	489554	610	656	50946	52930	979746	1.02589e+006	611779	641704	
42	7.3188e+006	7.36677e+006	202216	209993	201013	213102	64369	67320	43484	45663	15595	16447	7178	7568	502726	528277	818	878	52195	54068	1.03196e+006	1.07994e+006	651938	683506	
43	7.2635e+006	7.31334e+006	206655	214343	209800	221904	64081	66926	44629	46870	16406	17291	7537	7946	541086	568427	1073	1144	53417	55318	1.0854e+006	1.13523e+006	693064	726291	
44	7.20707e+006	7.25868e+006	211246	218713	218012	230195	63436	66172	45877	48140	17064	17996	7831	8259	581415	610576	1395	1483	54628	56457	1.14006e+006	1.19167e+006	735198	770124	
45	7.14973e+006	7.20312e+006	215842	223142	225786	237923	62528	65125	47225	49497	17578	18540	8064	8515	623353	654419	1778	1885	55545	57357	1.19562e+006	1.249e+006	778131	814716	
46	7.09166e+006	7.14682e+006	219923	227168	233615	245599	61654	64127	48651	50950	17986	18949	8244	8705	666430	699411	2196	2332	56272	58098	1.25192e+006	1.30708e+006	822085	860230	
47	7.06205e+006	7.11804e+006	195262	201486	241512	253347	60592	62960	50210	52529	18415	19385	8430	8898	710698	745612	2607	2769	28755	29637	1.2807e+006	1.33669e+006	867131	906843	
48	7.03195e+006	7.08878e+006	169877	175149	247053	258714	61974	64287	51801	54169	18984	19961	8718	9186	755889	792680	3010	3197	29241	30121	1.30996e+006	1.36679e+006	912728	953961	
49	7.00153e+006	7.05913e+006	143953	148238	252302	263784	63325	65574	53515	55863	19886	20906	9113	9607	801949	840649	3332	3537	29617	30450	1.3396e+006	1.39721e+006	959025	1.00178e+006	
50	6.97274e+006	7.03108e+006	115707	118960	257258	268509	64636	66827	55027	57381	20673	21715	9492	9998	849331	889981	3713	3941	28032	28814	1.36766e+006	1.426e+006	1.00594e+006	1.0502e+006	
51	6.94555e+006	7.00451e+006	113490	116543	239653	249769	60176	62147	56315	58695	21445	22489	9835	10339	897828	940373	4120	4372	26536	27222	1.39423e+006	1.45319e+006	1.03098e+006	1.07599e+006	
52	6.91996e+006	6.97952e+006	109218	112034	221455	230556	55528	57307	57656	60008	22144	23213	10134	10656	947558	991920	4565	4838	24968	25613	1.41922e+006	1.47878e+006	1.05643e+006	1.10218e+006	
53	6.8962e+006	6.9563e+006	102798	105368	202478	210481	50837	52382	59048	61366	22831	23909	10456	10987	998467	1.04468e+006	5017	5314	23193	23788	1.44244e+006	1.50254e+006	1.08219e+006	1.12866e+006	
54	6.87436e+006	6.9349e+006	96139	98418	181288	188228	45537	46885	60392	62654	23492	24592	10794	11338	1.05062e+006	1.09863e+006	5508	5829	21368	21869	1.46384e+006	1.52438e+006	1.10677e+006	1.15389e+006	
55	6.85468e+006	6.91562e+006	88839	90910	158239	164025	39685	40847	61642	63873	24141	25244	11120	11651	1.10378e+006	1.15358e+006	6008	6354	19239	19711	1.48311e+006	1.54405e+006	1.13022e+006	1.1779e+006	
56	6.8374e+006	6.89864e+006	80828	82611	133330	137919	33413	34343	62851	65061	24809	25915	11406	11935	1.1577e+006	1.20927e+006	6512	6876	16954	17317	1.5001e+006	1.56134e+006	1.15242e+006	1.20066e+006	
57	6.82265e+006	6.88412e+006	72121	73600	128910	133202	32304	33179	58625	60606	25492	26619	11757	12296	1.1895e+006	1.24209e+006	7027	7418	14478	14785	1.51461e+006	1.57609e+006	1.17215e+006	1.22086e+006	
58	6.80858e+006	6.87029e+006	64551	65838	122625	126521	30763	31561	54143	55928	26201	27334	12078	12622	1.22199e+006	1.27558e+006	7579	7992	13801	14104	1.52844e+006	1.59016e+006	1.19038e+006	1.23948e+006	
59	6.79534e+006	6.85723e+006	58336	59404	114388	117911	28658	29396	49491	51050	26954	28077	12437	12975	1.25497e+006	1.30955e+006	8138	8584	13019	13282	1.5415e+006	1.6034e+006	1.20702e+006	1.25645e+006	
60	6.78323e+006	6.8453e+006	53267	54242	105605	108687	26425	27061	44323	45651	27697	28827	12746	13288	1.2869e+006	1.34241e+006	8696	9162	11881	12159	1.55344e+006	1.61551e+006	1.22174e+006	1.27143e+006	
61	6.77211e+006	6.83431e+006	49736	50618	96007	98696	24010	24570	38667	39818	28336	29466	13036	13578	1.31787e+006	1.37417e+006	9301	9789	10946	11161	1.56443e+006	1.62663e+006	1.23439e+006	1.28429e+006	
62	6.76203e+006	6.82435e+006	45870	46625	87153	89488	21740	22226	32560	33457	28954	30063	13320	13856	1.34774e+006	1.40488e+006	9917	10434	9919	10128	1.57439e+006	1.63671e+006	1.24644e+006	1.29656e+006	
63	6.7529e+006	6.8153e+006	41848	42519	79026	81014	19727	20160	31432	32277	27977	29013	12871	13371	1.37245e+006	1.43022e+006	10534	11078	8995	9178	1.58344e+006	1.64584e+006	1.2578e+006	1.30808e+006	
64	6.74456e+006	6.80702e+006	38195	38750	71482	73226	17807	18215	29875	30658	26956	27919	12381	12845	1.39577e+006	1.45409e+006	11188	11761	8226	8392	1.59172e+006	1.65417e+006	1.26822e+006	1.31864e+006	
65	6.73698e+006	6.79946e+006	34751	35232	64860	66334	16173	16520	27856	28581	25868	26769	11867	12304	1.41748e+006	1.47632e+006	11849	12449	7500	7645	1.59928e+006	1.66176e+006	1.27775e+006	1.32829e+006	
66	6.73009e+006	6.79262e+006	31619	32037	59265	60562	14759	15078	25670	26343	24633	25462	11318	11719	1.43718e+006	1.49642e+006	12551	13174	6787	6933	1.60611e+006	1.66864e+006	1.28641e+006	1.33707e+006	
67	6.72384e+006	6.78639e+006	28806	29167	55816	56964	12765	13030	23351	23918	23245	23999	10673	11031	1.45472e+006	1.51435e+006	13233	13888	6181	6309	1.61235e+006	1.6749e+006	1.29511e+006	1.34584e+006	
68	6.71811e+006	6.78067e+006	26230	26573	52216	53195	10825	11051	21186	21704	21687	22364	9956	10281	1.47156e+006	1.53154e+006	13944	14621	5656	5793	1.61806e+006	1.68063e+006	1.30312e+006	1.35391e+006	
69	6.71281e+006	6.77539e+006	23959	24278	48576	49423	8972	9160	19226	19692	19977	20579	9159	9455	1.48755e+006	1.54783e+006	14679	15374	5231	5348	1.62335e+006	1.68593e+006	1.31044e+006	1.36126e+006	
70	6.70804e+006	6.77062e+006	21875	22178	45192	45893	7290	7436	17404	17816	18079	18609	8302	8567	1.50245e+006	1.56301e+006	15428	16152	4716	4819	1.62812e+006	1.69069e+006	1.31705e+006	1.36793e+006	
71	6.70369e+006	6.76624e+006	20014	20284	42020	42628	5709	5835	15775	16125	16040	16502	7378	7614	1.51635e+006	1.57715e+006	16185	16930	4316	4418	1.63249e+006	1.69505e+006	1.32309e+006	1.37399e+006	
72	6.69973e+006	6.76228e+006	18259	18501	39136	39689	4328	4441	14388	14670	13835	14228	6370	6578	1.52914e+006	1.59017e+006	16953	17716	3902	4010	1.63645e+006	1.699e+006	1.3286e+006	1.37951e+006	
73	6.6961e+006	6.75864e+006	16612	16846	35756	36239	3953	4053	13305	13560	13041	13395	5999	6186	1.53967e+006	1.60084e+006	17343	18114	3589	3687	1.6401e+006	1.70264e+006	1.33353e+006	1.38445e+006	
74	6.69283e+006	6.75534e+006	15131	15363	32582	33019	3614	3703	12202	12433	12151	12484	5584	5763	1.54953e+006	1.61082e+006	17745	18526	3238	3334	1.64339e+006	1.70591e+006	1.33797e+006	1.38889e+006	
75	6.68984e+006	6.75234e+006	13759	13991	29715	30110	3299	3384	11135	11336	11246	11544	5156	5320	1.55866e+006	1.62003e+006	18146	18937	2947	3043	1.6464e+006	1.7089e+006	1.34206e+006	1.39296e+006	
76	6.68709e+006	6.74956e+006	12575	12792	27108	27490	3010	3092	10132	10311	10336	10613	4738	4890	1.56703e+006	1.62848e+006	18526	19326	2722	2806	1.64918e+006	1.71165e+006	1.34575e+006	1.39664e+006	
77	6.68454e+006	6.74699e+006	11496	11716	24776	25139	2747	2823	9196	9358	9476	9721	4333	4475	1.5747e+006	1.63622e+006	18883	19693	2514	2607	1.65175e+006	1.71419e+006	1.34916e+006	1.40004e+006	
78	6.68225e+006	6.74467e+006	10520	10729	22625	22954	2478	2552	8411	8561	8629	8856	3944	4073	1.58171e+006	1.64328e+006	19214	20036	2270	2339	1.65407e+006	1.71649e+006	1.35225e+006	1.40312e+006	
79	6.68014e+006	6.74254e+006	9647	9853	20567	20890	2240	2323	7690	7832	7846	8038	3596	3710	1.58818e+006	1.64981e+006	19522	20353	2084	2158	1.65619e+006	1.7186e+006	1.35506e+006	1.40591e+006	
80	6.67821e+006	6.74059e+006	8817	9030	18767	19078	2042	2126	7024	7174	7104	7281	3255	3361	1.59405e+006	1.6557e+006	19822	20656	1897	1977	1.65815e+006	1.72052e+006	1.35765e+006	1.40847e+006	
81	6.67647e+006	6.73881e+006	8027	8222	17119	17438	1880	1963	6402	6547	6444	6599	2962	3058	1.59944e+006	1.66109e+006	20092	20930	1723	1800	1.65993e+006	1.72227e+006	1.36004e+006	1.41083e+006	
82	6.6749e+006	6.73722e+006	7302	7499	15644	15946	1715	1792	5846	5978	5863	6002	2698	2783	1.6043e+006	1.66598e+006	20323	21167	1545	1618	1.66152e+006	1.72384e+006	1.36219e+006	1.41298e+006	
83	6.67343e+006	6.73572e+006	6669	6867	14280	14574	1568	1641	5344	5471	5392	5516	2480	2561	1.60872e+006	1.67039e+006	20525	21370	1452	1524	1.66302e+006	1.72531e+006	1.36418e+006	1.41495e+006	
84	6.6721e+006	6.73436e+006	6076	6267	13050	13347	1454	1514	4853	4971	4941	5057	2274	2357	1.61277e+006	1.67444e+006	20710	21562	1308	1373	1.66437e+006	1.72664e+006	1.36599e+006	1.41674e+006	
85	6.67091e+006	6.73314e+006	5528	5702	11942	12244	1326	1386	4420	4526	4503	4611	2072	2151	1.61647e+006	1.67814e+006	20884	21736	1173	1237	1.66559e+006	1.72783e+006	1.36765e+006	1.41837e+006	
86	6.6698e+006	6.73202e+006	5063	5236	10882	11178	1206	1266	4010	4117	4100	4204	1889	1962	1.6199e+006	1.68155e+006	21040	21895	1084	1148	1.66672e+006	1.72893e+006	1.36914e+006	1.41984e+006	
87	6.66876e+006	6.73095e+006	4632	4806	9936	10212	1089	1150	3655	3758	3733	3827	1723	1789	1.62305e+006	1.68468e+006	21191	22046	1030	1084	1.66779e+006	1.72998e+006	1.37054e+006	1.42121e+006	
88	6.66782e+006	6.73e+006	4240	4404	9066	9338	998	1056	3346	3446	3401	3487	1565	1631	1.62588e+006	1.6875e+006	21318	22174	919	968	1.66874e+006	1.73092e+006	1.3718e+006	1.42245e+006	
89	6.66696e+006	6.72912e+006	3906	4067	8243	8514	907	962	3039	3133	3103	3192	1428	1489	1.6285e+006	1.6901e+006	21437	22299	842	897	1.66962e+006	1.73178e+006	1.37294e+006	1.42356e+006	
90	6.66617e+006	6.7283e+006	3592	3749	7508	7776	824	877	2790	2883	2830	2913	1299	1362	1.63086e+006	1.69243e+006	21548	22412	773	828	1.67043e+006	1.73256e+006	1.37399e+006	1.42459e+006	
91	6.66546e+006	6.72757e+006	3263	3415	6878	7127	761	811	2546	2636	2582	2671	1172	1234	1.63303e+006	1.69456e+006	21652	22517	700	750	1.67117e+006	1.73328e+006	1.37498e+006	1.42557e+006	
92	6.6648e+006	6.72689e+006	2986	3139	6302	6544	703	751	2326	2405	2361	2445	1065	1122	1.63497e+006	1.69649e+006	21744	22608	643	692	1.67185e+006	1.73393e+006	1.37587e+006	1.42643e+006	
93	6.66419e+006	6.72625e+006	2746	2896	5749	5989	640	686	2123	2194	2167	2247	982	1035	1.6368e+006	1.69829e+006	21825	22687	603	653	1.67249e+006	1.73455e+006	1.37669e+006	1.42724e+006	
94	6.66363e+006	6.72568e+006	2515	2646	5266	5508	583	627	1928	2001	1975	2049	892	940	1.63846e+006	1.69993e+006	21906	22766	539	581	1.67305e+006	1.7351e+006	1.37745e+006	1.42797e+006	
95	6.66312e+006	6.72516e+006	2310	2439	4842	5068	537	577	1768	1839	1795	1864	814	858	1.63995e+006	1.70139e+006	21979	22838	496	542	1.67358e+006	1.73561e+006	1.37813e+006	1.42864e+006	
96	6.66243e+006	6.72445e+006	2341	2472	4441	4662	492	532	1615	1687	1645	1706	742	785	1.64132e+006	1.70274e+006	22040	22900	675	724	1.67429e+006	1.73631e+006	1.37876e+006	1.42925e+006	
97	6.66177e+006	6.72377e+006	2379	2515	4055	4273	450	490	1475	1545	1497	1556	672	715	1.64262e+006	1.70402e+006	22095	22957	641	696	1.67496e+006	1.73697e+006	1.37935e+006	1.42982e+006	
98	6.66119e+006	6.72317e+006	2410	2547	3718	3925	409	449	1365	1428	1369	1424	616	658	1.64377e+006	1.70515e+006	22146	23006	570	613	1.67556e+006	1.73755e+006	1.37988e+006	1.43033e+006	
99	6.66059e+006	6.72256e+006	2494	2631	3404	3605	376	415	1252	1315	1243	1293	557	599	1.64484e+006	1.7062e+006	22199	23057	581	625	1.67617e+006	1.73814e+006	1.38037e+006	1.43081e+006	
100	6.66006e+006	6.72201e+006	2337	2474	3317	3509	367	405	1152	1213	1133	1186	509	549	1.64582e+006	1.70715e+006	22241	23099	519	566	1.67673e+006	1.73868e+006	1.38102e+006	1.43145e+006	
101	6.65955e+006	6.72148e+006	2194	2328	3264	3462	358	401	1055	1110	1029	1079	464	502	1.64672e+006	1.70802e+006	22287	23143	499	548	1.67726e+006	1.73919e+006	1.38165e+006	1.43206e+006	
102	6.65904e+006	6.72095e+006	2112	2252	3199	3391	351	391	960	1022	947	991	431	465	1.64753e+006	1.70882e+006	22326	23183	490	536	1.67778e+006	1.73969e+006	1.3822e+006	1.4326e+006	
103	6.65855e+006	6.72044e+006	2010	2151	3179	3368	349	387	881	942	859	903	393	427	1.64831e+006	1.70957e+006	22360	23216	479	525	1.6783e+006	1.74019e+006	1.38277e+006	1.43315e+006	
104	6.65807e+006	6.71995e+006	1954	2089	3155	3353	353	389	802	859	782	826	361	393	1.649e+006	1.71025e+006	22390	23247	462	505	1.67879e+006	1.74066e+006	1.38327e+006	1.43363e+006	
105	6.65758e+006	6.71943e+006	1937	2075	3155	3359	355	389	736	788	715	760	329	363	1.64963e+006	1.71087e+006	22417	23274	482	533	1.67931e+006	1.74116e+006	1.38376e+006	1.4341e+006	
106	6.6571e+006	6.71892e+006	1918	2058	2993	3195	332	363	716	766	651	695	301	333	1.6504e+006	1.71162e+006	22443	23300	472	518	1.67981e+006	1.74164e+006	1.38425e+006	1.43457e+006	
107	6.65663e+006	6.71844e+006	1893	2032	2847	3040	317	346	701	751	598	640	277	310	1.65112e+006	1.71233e+006	22465	23324	455	497	1.6803e+006	1.74211e+006	1.38472e+006	1.43502e+006	
108	6.65616e+006	6.71795e+006	1883	2026	2744	2942	310	339	681	729	553	595	259	289	1.65177e+006	1.71296e+006	22485	23344	454	499	1.68078e+006	1.74257e+006	1.38517e+006	1.43546e+006	
109	6.65573e+006	6.7175e+006	1821	1955	2654	2862	299	330	682	732	507	547	239	266	1.6524e+006	1.71358e+006	22506	23365	420	461	1.68123e+006	1.74301e+006	1.38565e+006	1.43592e+006	
110	6.65531e+006	6.71707e+006	1754	1886	2620	2828	284	317	675	727	465	502	219	242	1.65299e+006	1.71414e+006	22524	23383	406	448	1.68167e+006	1.74342e+006	1.38612e+006	1.43637e+006	
111	6.65491e+006	6.71664e+006	1694	1830	2585	2787	275	307	666	720	427	460	202	224	1.65355e+006	1.71469e+006	22540	23401	397	440	1.6821e+006	1.74383e+006	1.38656e+006	1.4368e+006	
112	6.6545e+006	6.7162e+006	1639	1777	2551	2753	272	305	636	686	401	432	187	208	1.65412e+006	1.71523e+006	22558	23418	398	445	1.68253e+006	1.74424e+006	1.38702e+006	1.43723e+006	
113	6.6541e+006	6.71578e+006	1601	1747	2499	2700	264	295	604	654	378	410	172	192	1.65467e+006	1.71576e+006	22574	23434	383	431	1.68295e+006	1.74463e+006	1.38743e+006	1.43763e+006	
114	6.65371e+006	6.71537e+006	1572	1721	2451	2657	253	284	587	637	361	392	165	186	1.65518e+006	1.71626e+006	22586	23445	376	422	1.68336e+006	1.74502e+006	1.38784e+006	1.43802e+006	
115	6.65332e+006	6.71497e+006	1556	1700	2378	2577	241	270	563	614	345	374	156	176	1.65573e+006	1.71679e+006	22597	23456	379	420	1.68377e+006	1.74542e+006	1.38824e+006	1.4384e+006	
116	6.65296e+006	6.71459e+006	1507	1645	2310	2511	236	263	550	601	334	363	149	169	1.65625e+006	1.71729e+006	22607	23465	349	391	1.68415e+006	1.74578e+006	1.38864e+006	1.43878e+006	
117	6.6526e+006	6.71421e+006	1472	1606	2243	2452	229	258	549	599	320	348	142	160	1.65674e+006	1.71776e+006	22619	23476	348	392	1.68453e+006	1.74614e+006	1.38903e+006	1.43914e+006	
118	6.65223e+006	6.71382e+006	1453	1583	2167	2375	230	257	539	591	310	337	134	153	1.65724e+006	1.71823e+006	22629	23485	357	400	1.68492e+006	1.7465e+006	1.3894e+006	1.4395e+006	
119	6.65189e+006	6.71345e+006	1409	1538	2129	2339	225	253	530	580	304	330	131	149	1.65769e+006	1.71867e+006	22637	23492	335	376	1.68528e+006	1.74685e+006	1.38978e+006	1.43986e+006	
120	6.65155e+006	6.7131e+006	1382	1515	2077	2285	221	249	519	565	299	327	128	147	1.65814e+006	1.7191e+006	22644	23499	324	366	1.68564e+006	1.74719e+006	1.39013e+006	1.44019e+006	
121	6.65122e+006	6.71275e+006	1348	1485	2030	2238	219	248	500	548	297	326	127	145	1.65858e+006	1.71952e+006	22650	23505	315	360	1.68599e+006	1.74751e+006	1.39048e+006	1.44053e+006	
122	6.65089e+006	6.7124e+006	1311	1444	1995	2196	214	244	500	549	281	313	122	141	1.65902e+006	1.71994e+006	22662	23517	321	359	1.68633e+006	1.74785e+006	1.39084e+006	1.44087e+006	
123	6.65057e+006	6.71207e+006	1288	1413	1947	2142	214	242	476	527	272	301	121	140	1.65946e+006	1.72036e+006	22670	23525	310	347	1.68667e+006	1.74817e+006	1.39117e+006	1.44118e+006	
124	6.65025e+006	6.71173e+006	1270	1396	1902	2095	206	234	459	508	263	293	116	134	1.65989e+006	1.72077e+006	22678	23532	306	349	1.687e+006	1.74849e+006	1.39149e+006	1.44149e+006	
125	6.64994e+006	6.71141e+006	1249	1370	1837	2035	206	234	449	499	255	286	115	134	1.6603e+006	1.72117e+006	22686	23540	295	333	1.68733e+006	1.74879e+006	1.39181e+006	1.44179e+006	
126	6.64965e+006	6.7111e+006	1213	1333	1811	2007	203	232	433	484	249	280	114	133	1.6607e+006	1.72154e+006	22693	23546	285	321	1.68764e+006	1.74909e+006	1.39213e+006	1.44209e+006	
127	6.64935e+006	6.71079e+006	1189	1309	1778	1966	199	227	423	476	245	275	109	128	1.66109e+006	1.72191e+006	22699	23552	285	323	1.68795e+006	1.74938e+006	1.39244e+006	1.44239e+006	
128	6.64906e+006	6.71048e+006	1161	1275	1732	1922	193	219	410	460	243	272	106	126	1.66148e+006	1.72229e+006	22708	23561	279	315	1.68825e+006	1.74967e+006	1.39275e+006	1.44269e+006	
129	6.64878e+006	6.71018e+006	1144	1257	1699	1889	185	212	407	453	236	263	105	123	1.66185e+006	1.72264e+006	22717	23570	277	316	1.68856e+006	1.74996e+006	1.39305e+006	1.44297e+006	
130	6.6485e+006	6.70989e+006	1123	1234	1664	1846	182	208	394	443	234	259	104	121	1.66222e+006	1.72298e+006	22724	23577	264	299	1.68885e+006	1.75023e+006	1.39333e+006	1.44323e+006	
131	6.64823e+006	6.7096e+006	1101	1215	1645	1816	174	198	386	434	228	255	102	118	1.66257e+006	1.72331e+006	22731	23583	265	302	1.68914e+006	1.75051e+006	1.39362e+006	1.44351e+006	
132	6.64796e+006	6.70931e+006	1082	1198	1609	1780	168	191	385	431	219	246	97	114	1.66292e+006	1.72365e+006	22738	23590	261	297	1.68942e+006	1.75078e+006	1.3939e+006	1.44378e+006	
133	6.64768e+006	6.70903e+006	1066	1173	1578	1752	165	189	379	421	212	239	93	109	1.66327e+006	1.72398e+006	22744	23596	259	292	1.68971e+006	1.75105e+006	1.39418e+006	1.44404e+006	
134	6.64742e+006	6.70875e+006	1059	1167	1537	1705	163	188	370	411	206	234	89	107	1.66361e+006	1.72431e+006	22751	23602	258	291	1.68999e+006	1.75132e+006	1.39445e+006	1.4443e+006	
135	6.64717e+006	6.70848e+006	1038	1139	1509	1675	161	185	361	402	202	228	88	104	1.66394e+006	1.72462e+006	22757	23608	242	275	1.69025e+006	1.75157e+006	1.39472e+006	1.44455e+006	
136	6.64691e+006	6.7082e+006	1028	1129	1489	1656	157	181	359	400	196	223	85	101	1.66426e+006	1.72491e+006	22762	23613	251	288	1.69053e+006	1.75183e+006	1.39498e+006	1.4448e+006	
137	6.64665e+006	6.70794e+006	1013	1115	1461	1623	158	183	355	394	191	217	85	101	1.66457e+006	1.72522e+006	22766	23617	245	277	1.6908e+006	1.75209e+006	1.39523e+006	1.44505e+006	
138	6.6464e+006	6.70767e+006	993	1095	1439	1601	159	183	347	388	184	210	83	100	1.66489e+006	1.72552e+006	22773	23623	238	271	1.69106e+006	1.75233e+006	1.39549e+006	1.44529e+006	
139	6.64616e+006	6.70742e+006	982	1084	1411	1566	153	177	343	387	181	207	81	97	1.66519e+006	1.72581e+006	22777	23627	230	265	1.69132e+006	1.75257e+006	1.39574e+006	1.44552e+006	
140	6.64592e+006	6.70717e+006	959	1058	1398	1554	153	177	329	370	177	204	81	97	1.66549e+006	1.72609e+006	22784	23634	228	262	1.69157e+006	1.75281e+006	1.396e+006	1.44576e+006	
141	6.6457e+006	6.70693e+006	931	1032	1380	1532	151	175	335	377	171	196	81	97	1.66578e+006	1.72636e+006	22791	23640	217	251	1.69181e+006	1.75304e+006	1.39624e+006	1.446e+006	
142	6.64546e+006	6.70669e+006	915	1014	1361	1510	147	171	332	375	169	194	80	96	1.66606e+006	1.72663e+006	22795	23644	223	252	1.69205e+006	1.75327e+006	1.39649e+006	1.44623e+006	
143	6.64524e+006	6.70644e+006	901	1003	1336	1484	145	167	318	360	164	189	78	95	1.66636e+006	1.72692e+006	22799	23647	220	251	1.69229e+006	1.7535e+006	1.39672e+006	1.44645e+006	
144	6.64501e+006	6.7062e+006	890	988	1308	1457	142	166	307	346	163	187	77	93	1.66665e+006	1.7272e+006	22804	23652	216	248	1.69253e+006	1.75372e+006	1.39695e+006	1.44667e+006	
145	6.6448e+006	6.70598e+006	879	974	1280	1431	144	169	295	331	160	183	76	91	1.66693e+006	1.72746e+006	22809	23656	206	237	1.69276e+006	1.75394e+006	1.39717e+006	1.44687e+006	
146	6.64457e+006	6.70574e+006	871	967	1252	1398	142	168	298	335	158	181	77	91	1.6672e+006	1.72771e+006	22812	23660	213	247	1.693e+006	1.75416e+006	1.39739e+006	1.44709e+006	
147	6.64436e+006	6.70551e+006	856	953	1231	1379	136	161	286	321	159	183	77	91	1.66748e+006	1.72798e+006	22816	23663	206	236	1.69323e+006	1.75438e+006	1.39762e+006	1.4473e+006	
148	6.64415e+006	6.70529e+006	839	935	1215	1362	131	155	277	310	156	181	73	88	1.66775e+006	1.72823e+006	22820	23667	200	229	1.69345e+006	1.75459e+006	1.39784e+006	1.44751e+006	
149	6.64394e+006	6.70507e+006	830	925	1193	1340	127	151	279	314	152	176	71	85	1.668e+006	1.72847e+006	22824	23671	198	227	1.69366e+006	1.75479e+006	1.39805e+006	1.44771e+006	
150	6.64374e+006	6.70486e+006	811	903	1180	1324	126	150	278	314	148	171	68	82	1.66825e+006	1.72871e+006	22829	23675	195	224	1.69388e+006	1.755e+006	1.39827e+006	1.44791e+006	
151	6.64355e+006	6.70465e+006	792	882	1171	1312	124	147	278	314	147	171	64	78	1.66849e+006	1.72894e+006	22832	23678	187	216	1.69409e+006	1.75519e+006	1.39848e+006	1.44811e+006	
152	6.64336e+006	6.70444e+006	775	868	1153	1293	120	142	274	310	143	169	63	77	1.66874e+006	1.72917e+006	22838	23683	183	214	1.69429e+006	1.75538e+006	1.39869e+006	1.4483e+006	
153	6.64316e+006	6.70423e+006	766	856	1131	1271	120	141	272	309	142	166	62	76	1.66898e+006	1.7294e+006	22840	23686	187	217	1.6945e+006	1.75558e+006	1.39889e+006	1.4485e+006	
154	6.64297e+006	6.70403e+006	755	845	1108	1247	120	142	264	301	139	163	60	74	1.66923e+006	1.72963e+006	22845	23690	184	212	1.6947e+006	1.75577e+006	1.39909e+006	1.44868e+006	
155	6.64276e+006	6.70381e+006	763	857	1091	1229	116	140	260	298	139	162	59	73	1.66946e+006	1.72984e+006	22849	23693	194	229	1.69492e+006	1.75597e+006	1.39928e+006	1.44886e+006	
156	6.64257e+006	6.70361e+006	758	852	1066	1202	111	134	260	298	135	158	59	72	1.66969e+006	1.73007e+006	22853	23697	178	209	1.69512e+006	1.75616e+006	1.39947e+006	1.44904e+006	
157	6.64239e+006	6.70342e+006	744	838	1050	1183	110	133	255	290	130	151	56	68	1.66993e+006	1.73029e+006	22858	23702	175	202	1.69532e+006	1.75635e+006	1.39966e+006	1.44922e+006	
158	6.64221e+006	6.70323e+006	732	830	1036	1169	107	131	246	281	127	148	56	68	1.67016e+006	1.73051e+006	22862	23706	173	203	1.69551e+006	1.75653e+006	1.39985e+006	1.4494e+006	
159	6.64203e+006	6.70303e+006	713	803	1032	1170	108	131	242	276	127	149	56	69	1.67038e+006	1.73071e+006	22865	23710	174	202	1.6957e+006	1.75671e+006	1.40005e+006	1.44959e+006	
160	6.64184e+006	6.70283e+006	713	804	1017	1156	108	129	240	274	124	145	55	68	1.67059e+006	1.73092e+006	22869	23713	179	210	1.69591e+006	1.7569e+006	1.40023e+006	1.44976e+006	
161	6.64166e+006	6.70264e+006	708	800	1010	1146	104	124	231	265	121	143	55	68	1.67081e+006	1.73112e+006	22873	23716	169	199	1.69609e+006	1.75708e+006	1.40042e+006	1.44993e+006	
162	6.64148e+006	6.70246e+006	702	793	1001	1136	104	122	221	255	120	140	53	66	1.67102e+006	1.73132e+006	22878	23721	167	196	1.69628e+006	1.75725e+006	1.4006e+006	1.4501e+006	
163	6.64131e+006	6.70228e+006	691	779	986	1123	104	122	220	253	118	139	52	64	1.67123e+006	1.73152e+006	22883	23726	163	188	1.69646e+006	1.75742e+006	1.40077e+006	1.45026e+006	
164	6.64115e+006	6.7021e+006	671	754	979	1119	104	124	219	253	113	135	49	61	1.67143e+006	1.73171e+006	22887	23729	159	185	1.69664e+006	1.75759e+006	1.40096e+006	1.45044e+006	
165	6.64097e+006	6.70191e+006	670	754	956	1090	103	123	216	249	109	131	46	60	1.67165e+006	1.73192e+006	22890	23731	168	198	1.69683e+006	1.75777e+006	1.40113e+006	1.4506e+006	
166	6.64081e+006	6.70173e+006	659	742	945	1078	102	122	214	245	108	129	44	57	1.67186e+006	1.73211e+006	22891	23733	156	185	1.697e+006	1.75793e+006	1.4013e+006	1.45076e+006	
167	6.64064e+006	6.70156e+006	653	740	934	1064	103	121	215	248	105	126	44	58	1.67205e+006	1.73229e+006	22894	23735	158	185	1.69718e+006	1.7581e+006	1.40147e+006	1.45092e+006	
168	6.64048e+006	6.70139e+006	642	727	921	1047	102	120	213	248	102	122	43	56	1.67225e+006	1.73247e+006	22896	23738	149	172	1.69734e+006	1.75825e+006	1.40163e+006	1.45108e+006	
169	6.64032e+006	6.70122e+006	631	713	918	1048	97	117	215	249	103	122	42	56	1.67243e+006	1.73265e+006	22899	23741	157	184	1.69752e+006	1.75842e+006	1.40181e+006	1.45124e+006	
170	6.64016e+006	6.70104e+006	630	710	897	1024	96	115	218	250	102	121	42	55	1.67263e+006	1.73283e+006	22903	23744	155	181	1.69769e+006	1.75858e+006	1.40197e+006	1.45139e+006	
171	6.63999e+006	6.70087e+006	627	708	887	1014	93	112	215	247	102	120	42	56	1.67282e+006	1.73301e+006	22907	23748	154	182	1.69787e+006	1.75874e+006	1.40213e+006	1.45155e+006	
172	6.63984e+006	6.70071e+006	624	707	872	991	92	109	208	241	102	120	43	57	1.67301e+006	1.73319e+006	22909	23750	147	171	1.69803e+006	1.7589e+006	1.40229e+006	1.45169e+006	
173	6.63968e+006	6.70053e+006	624	704	864	987	93	110	200	233	101	119	44	58	1.6732e+006	1.73337e+006	22911	23752	156	180	1.6982e+006	1.75906e+006	1.40245e+006	1.45184e+006	
174	6.63952e+006	6.70037e+006	613	696	859	983	94	111	200	232	101	120	45	59	1.67337e+006	1.73353e+006	22914	23755	145	173	1.69837e+006	1.75921e+006	1.4026e+006	1.45199e+006	
175	6.63937e+006	6.7002e+006	605	686	846	969	93	110	192	225	102	120	46	60	1.67356e+006	1.73371e+006	22918	23758	146	172	1.69853e+006	1.75937e+006	1.40277e+006	1.45214e+006	
176	6.63921e+006	6.70004e+006	606	689	839	958	91	107	184	217	104	121	47	60	1.67374e+006	1.73388e+006	22920	23760	147	174	1.6987e+006	1.75952e+006	1.40292e+006	1.45228e+006	
177	6.63906e+006	6.69987e+006	599	682	838	953	92	107	186	218	103	121	46	57	1.67392e+006	1.73404e+006	22923	23763	148	174	1.69887e+006	1.75968e+006	1.40308e+006	1.45244e+006	
178	6.63891e+006	6.69971e+006	598	680	833	956	90	107	185	218	101	120	46	58	1.67408e+006	1.7342e+006	22925	23765	144	172	1.69903e+006	1.75983e+006	1.40323e+006	1.45258e+006	
179	6.63874e+006	6.69954e+006	605	685	824	946	88	107	186	220	98	118	44	56	1.67426e+006	1.73436e+006	22928	23768	153	178	1.6992e+006	1.75999e+006	1.40338e+006	1.45272e+006	
180	6.63859e+006	6.69938e+006	601	680	820	942	84	104	184	217	97	116	43	55	1.67443e+006	1.73453e+006	22930	23770	144	169	1.69936e+006	1.76014e+006	1.40353e+006	1.45286e+006	
181	6.63844e+006	6.69921e+006	601	675	816	936	82	101	179	211	94	114	41	52	1.67461e+006	1.73469e+006	22934	23774	146	171	1.69952e+006	1.7603e+006	1.40369e+006	1.45301e+006	
182	6.63828e+006	6.69905e+006	603	675	818	939	78	97	174	204	91	110	39	50	1.67478e+006	1.73486e+006	22937	23777	146	171	1.69969e+006	1.76045e+006	1.40384e+006	1.45315e+006	
183	6.63812e+006	6.69888e+006	601	675	815	935	79	99	170	197	92	112	39	51	1.67495e+006	1.73502e+006	22940	23781	152	177	1.69985e+006	1.76061e+006	1.404e+006	1.4533e+006	
184	6.63797e+006	6.69872e+006	601	669	812	929	80	101	168	194	90	111	39	51	1.67512e+006	1.73518e+006	22943	23783	142	165	1.70001e+006	1.76076e+006	1.40414e+006	1.45344e+006	
185	6.63783e+006	6.69857e+006	588	659	813	927	81	100	168	195	87	108	37	49	1.67528e+006	1.73533e+006	22946	23786	135	159	1.70016e+006	1.76091e+006	1.40429e+006	1.45358e+006	
186	6.63769e+006	6.69842e+006	577	649	811	923	82	100	167	194	84	105	36	48	1.67545e+006	1.73549e+006	22949	23789	136	160	1.70032e+006	1.76105e+006	1.40444e+006	1.45372e+006	
187	6.63755e+006	6.69828e+006	558	624	812	921	87	103	169	196	83	103	35	47	1.67562e+006	1.73564e+006	22951	23791	131	154	1.70046e+006	1.76119e+006	1.4046e+006	1.45387e+006	
188	6.6374e+006	6.69812e+006	559	628	805	908	92	109	175	206	81	101	34	46	1.67577e+006	1.73578e+006	22954	23794	144	168	1.70062e+006	1.76134e+006	1.40474e+006	1.454e+006	
189	6.63725e+006	6.69796e+006	564	634	789	892	90	107	176	208	83	102	35	47	1.67593e+006	1.73594e+006	22956	23796	140	165	1.70078e+006	1.76149e+006	1.40488e+006	1.45413e+006	
190	6.6371e+006	6.69781e+006	563	633	785	886	87	103	180	210	86	105	37	49	1.67609e+006	1.73608e+006	22958	23798	136	158	1.70093e+006	1.76163e+006	1.40502e+006	1.45427e+006	
191	6.63696e+006	6.69766e+006	565	637	768	870	86	103	178	208	86	104	39	50	1.67625e+006	1.73624e+006	22961	23800	133	157	1.70108e+006	1.76177e+006	1.40515e+006	1.4544e+006	
192	6.63683e+006	6.69751e+006	553	624	764	867	88	105	176	205	88	106	40	51	1.67641e+006	1.73639e+006	22962	23802	133	155	1.70123e+006	1.76191e+006	1.4053e+006	1.45453e+006	
193	6.63669e+006	6.69737e+006	538	604	758	857	84	101	177	207	87	104	39	49	1.67658e+006	1.73655e+006	22965	23805	125	145	1.70137e+006	1.76204e+006	1.40544e+006	1.45467e+006	
194	6.63656e+006	6.69724e+006	525	589	753	856	80	96	175	201	88	106	39	50	1.67673e+006	1.73669e+006	22968	23808	123	143	1.7015e+006	1.76217e+006	1.40559e+006	1.45481e+006	
195	6.63642e+006	6.69709e+006	527	589	752	856	79	96	168	196	88	106	39	50	1.67689e+006	1.73684e+006	22970	23810	135	157	1.70165e+006	1.76232e+006	1.40572e+006	1.45494e+006	
196	6.63629e+006	6.69695e+006	516	578	747	850	80	97	165	192	89	105	38	49	1.67704e+006	1.73699e+006	22972	23812	121	145	1.70179e+006	1.76244e+006	1.40586e+006	1.45506e+006	
197	6.63615e+006	6.6968e+006	525	587	742	841	80	97	163	190	90	107	40	51	1.67719e+006	1.73713e+006	22974	23813	134	155	1.70194e+006	1.76259e+006	1.40599e+006	1.45518e+006	
198	6.63602e+006	6.69666e+006	528	592	722	818	78	94	166	194	89	107	39	51	1.67734e+006	1.73727e+006	22976	23815	125	149	1.70208e+006	1.76272e+006	1.40611e+006	1.4553e+006	
199	6.63589e+006	6.69652e+006	518	582	714	809	80	97	165	193	86	105	38	49	1.6775e+006	1.73742e+006	22979	23818	125	145	1.70222e+006	1.76285e+006	1.40625e+006	1.45543e+006	
200	6.63575e+006	6.69638e+006	525	587	699	795	80	98	163	189	83	102	37	48	1.67765e+006	1.73757e+006	22982	23821	129	150	1.70236e+006	1.76299e+006	1.40637e+006	1.45555e+006	
201	6.63561e+006	6.69623e+006	524	590	701	792	80	98	168	195	82	99	33	43	1.6778e+006	1.7377e+006	22984	23823	133	158	1.70251e+006	1.76313e+006	1.40651e+006	1.45568e+006	
202	6.63547e+006	6.69608e+006	534	595	695	785	79	98	166	194	80	97	32	42	1.67795e+006	1.73784e+006	22987	23826	134	155	1.70266e+006	1.76327e+006	1.40664e+006	1.4558e+006	
203	6.63533e+006	6.69594e+006	535	599	696	787	77	96	166	195	78	95	34	44	1.67808e+006	1.73797e+006	22990	23829	127	150	1.7028e+006	1.7634e+006	1.40677e+006	1.45592e+006	
204	6.6352e+006	6.69579e+006	535	601	705	796	75	93	160	187	79	95	34	44	1.67822e+006	1.73811e+006	22992	23831	128	152	1.70294e+006	1.76354e+006	1.4069e+006	1.45605e+006	
205	6.63505e+006	6.69565e+006	538	600	705	800	74	91	161	186	76	94	32	42	1.67837e+006	1.73825e+006	22995	23833	136	156	1.70309e+006	1.76368e+006	1.40704e+006	1.45618e+006	
206	6.63492e+006	6.6955e+006	533	598	719	810	73	89	158	186	74	91	33	43	1.67851e+006	1.73838e+006	22998	23836	131	152	1.70324e+006	1.76382e+006	1.40718e+006	1.45631e+006	
207	6.63478e+006	6.69535e+006	539	603	711	804	74	90	155	182	76	93	33	43	1.67866e+006	1.73852e+006	22999	23837	132	154	1.70338e+006	1.76396e+006	1.40731e+006	1.45644e+006	
208	6.63463e+006	6.6952e+006	547	607	715	807	75	90	154	181	77	95	34	45	1.6788e+006	1.73865e+006	23001	23839	136	157	1.70353e+006	1.7641e+006	1.40744e+006	1.45656e+006	
209	6.63449e+006	6.69506e+006	542	605	720	812	79	95	153	181	77	95	35	46	1.67894e+006	1.73878e+006	23003	23841	131	154	1.70368e+006	1.76424e+006	1.40757e+006	1.45669e+006	
210	6.63436e+006	6.69492e+006	539	599	719	811	82	98	153	182	76	93	35	45	1.67908e+006	1.73892e+006	23004	23842	127	146	1.70382e+006	1.76438e+006	1.4077e+006	1.45681e+006	
211	6.63422e+006	6.69478e+006	536	594	716	807	84	99	152	180	77	93	36	47	1.67923e+006	1.73906e+006	23008	23845	129	150	1.70396e+006	1.76451e+006	1.40784e+006	1.45694e+006	
212	6.63409e+006	6.69463e+006	530	587	717	809	84	100	149	177	74	91	36	47	1.67938e+006	1.7392e+006	23010	23848	129	151	1.7041e+006	1.76465e+006	1.40798e+006	1.45707e+006	
213	6.63395e+006	6.69448e+006	531	590	722	815	84	100	149	176	74	91	33	44	1.67952e+006	1.73933e+006	23012	23849	133	157	1.70425e+006	1.76479e+006	1.40811e+006	1.4572e+006	
214	6.63382e+006	6.69435e+006	528	586	723	809	82	98	150	177	72	88	32	43	1.67966e+006	1.73947e+006	23014	23852	124	142	1.70439e+006	1.76492e+006	1.40824e+006	1.45732e+006	
215	6.63368e+006	6.6942e+006	530	588	722	808	76	92	154	183	71	87	32	41	1.6798e+006	1.73961e+006	23016	23853	131	150	1.70453e+006	1.76506e+006	1.40837e+006	1.45745e+006	
216	6.63354e+006	6.69405e+006	532	592	724	809	74	90	158	186	71	88	30	40	1.67994e+006	1.73974e+006	23018	23855	133	155	1.70468e+006	1.76519e+006	1.4085e+006	1.45758e+006	
217	6.63341e+006	6.69391e+006	527	588	724	811	74	91	158	184	69	84	30	39	1.68009e+006	1.73988e+006	23021	23858	129	152	1.70483e+006	1.76533e+006	1.40864e+006	1.4577e+006	
218	6.63327e+006	6.69377e+006	535	596	713	796	74	90	162	189	67	82	28	37	1.68024e+006	1.74002e+006	23022	23859	130	150	1.70497e+006	1.76547e+006	1.40877e+006	1.45782e+006	
219	6.63314e+006	6.69363e+006	531	593	710	791	75	92	162	190	66	81	26	36	1.68038e+006	1.74016e+006	23024	23861	127	148	1.70511e+006	1.7656e+006	1.4089e+006	1.45795e+006	
220	6.63301e+006	6.69349e+006	519	578	714	800	77	93	159	186	66	81	26	35	1.68052e+006	1.74029e+006	23027	23863	120	140	1.70525e+006	1.76573e+006	1.40903e+006	1.45807e+006	
221	6.63287e+006	6.69334e+006	524	582	711	801	78	95	155	180	69	84	29	38	1.68066e+006	1.74043e+006	23029	23865	135	155	1.7054e+006	1.76587e+006	1.40917e+006	1.4582e+006	
222	6.63274e+006	6.6932e+006	520	578	712	802	77	94	152	176	72	87	30	39	1.68081e+006	1.74056e+006	23030	23866	126	146	1.70554e+006	1.766e+006	1.4093e+006	1.45833e+006	
223	6.6326e+006	6.69306e+006	519	575	709	797	74	91	151	174	70	85	30	39	1.68096e+006	1.7407e+006	23033	23869	126	146	1.70567e+006	1.76613e+006	1.40943e+006	1.45845e+006	
224	6.63247e+006	6.69292e+006	523	582	706	793	75	92	151	173	71	86	30	39	1.68109e+006	1.74083e+006	23034	23870	125	147	1.70581e+006	1.76627e+006	1.40955e+006	1.45857e+006	
225	6.63233e+006	6.69278e+006	517	576	710	799	75	91	150	172	72	88	30	40	1.68123e+006	1.74097e+006	23036	23872	129	149	1.70595e+006	1.7664e+006	1.40969e+006	1.45869e+006	
226	6.6322e+006	6.69264e+006	519	580	704	790	74	90	151	174	72	87	31	41	1.68138e+006	1.7411e+006	23038	23874	129	149	1.7061e+006	1.76654e+006	1.40982e+006	1.45882e+006	
227	6.63206e+006	6.6925e+006	521	582	701	783	75	90	147	173	73	89	33	42	1.68152e+006	1.74124e+006	23040	23875	127	148	1.70624e+006	1.76667e+006	1.40994e+006	1.45894e+006	
228	6.63193e+006	6.69236e+006	519	583	693	779	76	93	145	170	74	89	33	43	1.68167e+006	1.74138e+006	23040	23876	125	147	1.70638e+006	1.7668e+006	1.41007e+006	1.45906e+006	
229	6.63181e+006	6.69223e+006	511	571	695	780	76	92	145	171	75	91	33	43	1.6818e+006	1.74151e+006	23042	23878	119	138	1.70651e+006	1.76693e+006	1.4102e+006	1.45918e+006	
230	6.63168e+006	6.69209e+006	508	568	703	790	76	92	141	165	76	92	34	44	1.68194e+006	1.74164e+006	23044	23879	125	147	1.70665e+006	1.76706e+006	1.41033e+006	1.45931e+006	
231	6.63154e+006	6.69195e+006	509	571	696	781	76	93	141	166	74	89	32	42	1.68209e+006	1.74178e+006	23047	23881	128	151	1.70679e+006	1.7672e+006	1.41046e+006	1.45943e+006	
232	6.6314e+006	6.69181e+006	511	570	696	787	73	89	142	164	74	89	31	41	1.68223e+006	1.74191e+006	23048	23883	125	147	1.70693e+006	1.76733e+006	1.41059e+006	1.45955e+006	
233	6.63126e+006	6.69166e+006	523	587	691	779	73	87	144	166	72	88	31	41	1.68237e+006	1.74204e+006	23049	23884	132	155	1.70708e+006	1.76747e+006	1.41071e+006	1.45967e+006	
234	6.63113e+006	6.69152e+006	524	586	692	779	73	86	145	166	68	83	30	40	1.68251e+006	1.74217e+006	23051	23885	125	146	1.70721e+006	1.76761e+006	1.41084e+006	1.45979e+006	
235	6.631e+006	6.69138e+006	522	584	691	781	73	87	148	169	68	82	30	40	1.68265e+006	1.7423e+006	23053	23887	128	148	1.70736e+006	1.76774e+006	1.41097e+006	1.45992e+006	
236	6.63086e+006	6.69124e+006	524	587	692	780	72	84	151	173	66	81	29	39	1.68278e+006	1.74244e+006	23054	23889	128	150	1.7075e+006	1.76788e+006	1.4111e+006	1.46004e+006	
237	6.63073e+006	6.6911e+006	518	580	698	789	69	83	150	172	66	81	29	38	1.68292e+006	1.74257e+006	23056	23891	125	148	1.70764e+006	1.76801e+006	1.41124e+006	1.46017e+006	
238	6.6306e+006	6.69097e+006	512	569	697	785	71	86	152	178	68	82	30	39	1.68306e+006	1.74269e+006	23058	23892	117	136	1.70777e+006	1.76814e+006	1.41136e+006	1.46029e+006	
239	6.63047e+006	6.69084e+006	505	565	705	796	70	86	152	176	67	81	28	37	1.68319e+006	1.74282e+006	23060	23894	121	144	1.7079e+006	1.76827e+006	1.4115e+006	1.46042e+006	
240	6.63033e+006	6.69069e+006	505	569	705	796	73	90	152	177	67	81	28	36	1.68332e+006	1.74295e+006	23062	23896	130	153	1.70804e+006	1.7684e+006	1.41162e+006	1.46054e+006	
241	6.63021e+006	6.69056e+006	500	560	702	794	72	90	150	176	66	80	28	37	1.68347e+006	1.74309e+006	23064	23899	120	139	1.70818e+006	1.76853e+006	1.41175e+006	1.46067e+006	
242	6.63007e+006	6.69042e+006	511	576	693	782	72	90	146	171	65	78	28	37	1.68361e+006	1.74323e+006	23067	23900	129	151	1.70832e+006	1.76867e+006	1.41187e+006	1.46078e+006	
243	6.62994e+006	6.69029e+006	509	567	682	770	74	91	148	175	66	80	28	37	1.68375e+006	1.74336e+006	23068	23901	119	136	1.70845e+006	1.76879e+006	1.41199e+006	1.4609e+006	
244	6.62981e+006	6.69015e+006	502	557	685	776	76	92	148	173	69	85	30	39	1.68388e+006	1.74349e+006	23070	23903	122	144	1.70858e+006	1.76892e+006	1.41213e+006	1.46103e+006	
245	6.62968e+006	6.69001e+006	505	566	678	767	75	92	150	175	70	85	31	41	1.68402e+006	1.74362e+006	23072	23905	123	148	1.70872e+006	1.76906e+006	1.41225e+006	1.46114e+006	
246	6.62955e+006	6.68988e+006	499	556	680	771	74	90	150	174	73	87	34	44	1.68416e+006	1.74375e+006	23074	23906	122	142	1.70886e+006	1.76919e+006	1.41238e+006	1.46127e+006	
247	6.62942e+006	6.68975e+006	502	564	674	758	74	90	149	173	71	85	32	42	1.6843e+006	1.74388e+006	23077	23909	123	143	1.70899e+006	1.76932e+006	1.4125e+006	1.46139e+006	
248	6.62928e+006	6.68961e+006	505	567	676	766	75	91	151	175	71	84	32	42	1.68443e+006	1.744e+006	23078	23910	125	145	1.70913e+006	1.76945e+006	1.41262e+006	1.46151e+006	
249	6.62916e+006	6.68948e+006	502	562	680	769	73	89	144	164	70	84	32	42	1.68457e+006	1.74414e+006	23080	23912	121	143	1.70926e+006	1.76958e+006	1.41275e+006	1.46163e+006	
250	6.62902e+006	6.68934e+006	505	565	677	760	71	87	145	166	70	84	31	42	1.68471e+006	1.74428e+006	23083	23915	124	146	1.7094e+006	1.76971e+006	1.41287e+006	1.46175e+006	
251	6.6289e+006	6.68921e+006	503	560	678	764	72	88	144	166	71	86	32	42	1.68484e+006	1.7444e+006	23084	23916	119	140	1.70953e+006	1.76984e+006	1.413e+006	1.46187e+006	
252	6.62877e+006	6.68907e+006	496	554	674	760	71	86	149	170	71	86	31	41	1.68497e+006	1.74453e+006	23087	23918	119	138	1.70966e+006	1.76997e+006	1.41312e+006	1.46199e+006	
253	6.62864e+006	6.68894e+006	494	551	675	766	71	87	143	167	72	87	32	42	1.6851e+006	1.74466e+006	23089	23920	119	140	1.70979e+006	1.77009e+006	1.41325e+006	1.46211e+006	
254	6.62852e+006	6.68882e+006	485	540	678	768	71	88	144	169	72	86	31	40	1.68523e+006	1.74479e+006	23091	23922	115	134	1.70992e+006	1.77022e+006	1.41337e+006	1.46223e+006	
255	6.62839e+006	6.68868e+006	486	540	677	760	70	86	151	178	71	85	29	38	1.68536e+006	1.74491e+006	23093	23923	121	140	1.71005e+006	1.77034e+006	1.41349e+006	1.46235e+006	
256	6.62827e+006	6.68855e+006	486	539	671	755	72	88	146	171	72	87	28	38	1.6855e+006	1.74505e+006	23095	23925	118	138	1.71018e+006	1.77047e+006	1.41361e+006	1.46246e+006	
257	6.62814e+006	6.68841e+006	490	544	669	752	71	87	150	174	72	88	29	38	1.68563e+006	1.74517e+006	23096	23927	123	146	1.71032e+006	1.7706e+006	1.41374e+006	1.46258e+006	
258	6.62801e+006	6.68828e+006	496	552	660	742	71	86	147	171	71	87	28	38	1.68577e+006	1.74531e+006	23098	23928	122	140	1.71045e+006	1.77073e+006	1.41385e+006	1.4627e+006	
259	6.62788e+006	6.68816e+006	490	545	659	740	71	86	151	174	71	86	27	37	1.6859e+006	1.74543e+006	23101	23930	114	134	1.71058e+006	1.77085e+006	1.41397e+006	1.46281e+006	
260	6.62776e+006	6.68803e+006	489	544	653	732	70	86	152	176	71	86	27	37	1.68603e+006	1.74556e+006	23104	23934	117	136	1.71071e+006	1.77098e+006	1.41409e+006	1.46293e+006	
261	6.62764e+006	6.6879e+006	482	534	656	737	71	87	147	169	70	85	27	36	1.68617e+006	1.74569e+006	23105	23935	117	136	1.71084e+006	1.7711e+006	1.41422e+006	1.46305e+006	
262	6.6275e+006	6.68776e+006	487	538	659	738	72	87	145	168	70	85	28	37	1.6863e+006	1.74582e+006	23106	23936	124	146	1.71097e+006	1.77124e+006	1.41434e+006	1.46316e+006	
263	6.62738e+006	6.68764e+006	487	538	653	731	72	88	140	164	73	88	28	37	1.68643e+006	1.74594e+006	23108	23938	114	134	1.7111e+006	1.77136e+006	1.41445e+006	1.46328e+006	
264	6.62725e+006	6.6875e+006	491	546	655	733	72	89	139	162	72	86	29	37	1.68656e+006	1.74607e+006	23110	23940	123	143	1.71124e+006	1.77149e+006	1.41457e+006	1.46339e+006	
265	6.62712e+006	6.68737e+006	495	546	651	729	72	89	137	161	73	87	29	38	1.68669e+006	1.7462e+006	23112	23941	119	137	1.71137e+006	1.77161e+006	1.41469e+006	1.46351e+006	
266	6.627e+006	6.68724e+006	490	541	658	736	72	89	136	158	70	84	29	38	1.68682e+006	1.74632e+006	23115	23945	120	140	1.7115e+006	1.77174e+006	1.41482e+006	1.46363e+006	
267	6.62686e+006	6.6871e+006	502	554	651	726	71	88	138	161	70	84	30	39	1.68696e+006	1.74645e+006	23117	23947	127	146	1.71164e+006	1.77187e+006	1.41493e+006	1.46374e+006	
268	6.62673e+006	6.68697e+006	501	552	656	731	68	84	141	163	68	82	29	38	1.68709e+006	1.74658e+006	23118	23948	122	142	1.71177e+006	1.772e+006	1.41506e+006	1.46387e+006	
269	6.62661e+006	6.68683e+006	499	553	661	735	69	84	138	160	69	84	31	40	1.68721e+006	1.7467e+006	23120	23949	117	139	1.7119e+006	1.77213e+006	1.41518e+006	1.46398e+006	
270	6.62648e+006	6.6867e+006	500	553	663	739	69	83	135	160	68	82	31	41	1.68734e+006	1.74683e+006	23121	23950	121	140	1.71204e+006	1.77226e+006	1.4153e+006	1.4641e+006	
271	6.62636e+006	6.68658e+006	488	539	671	748	70	84	137	160	66	81	30	40	1.68747e+006	1.74695e+006	23123	23952	114	133	1.71216e+006	1.77238e+006	1.41543e+006	1.46422e+006	
272	6.62623e+006	6.68644e+006	489	539	669	745	69	84	139	160	66	81	31	41	1.6876e+006	1.74708e+006	23126	23954	124	140	1.71229e+006	1.77251e+006	1.41555e+006	1.46434e+006	
273	6.6261e+006	6.68631e+006	496	545	671	747	71	86	135	157	64	79	31	40	1.68774e+006	1.7472e+006	23128	23957	125	144	1.71243e+006	1.77264e+006	1.41567e+006	1.46446e+006	
274	6.62597e+006	6.68617e+006	497	547	665	739	75	91	133	155	65	80	31	40	1.68787e+006	1.74733e+006	23129	23958	123	141	1.71257e+006	1.77277e+006	1.41579e+006	1.46457e+006	
275	6.62584e+006	6.68604e+006	502	555	663	739	71	86	135	157	64	79	30	39	1.688e+006	1.74746e+006	23132	23960	120	140	1.7127e+006	1.7729e+006	1.41591e+006	1.46469e+006	
276	6.62572e+006	6.68591e+006	494	545	666	739	72	87	137	158	63	78	30	39	1.68813e+006	1.74758e+006	23133	23961	114	132	1.71282e+006	1.77302e+006	1.41603e+006	1.4648e+006	
277	6.62559e+006	6.68578e+006	491	547	665	739	71	85	139	159	63	78	29	38	1.68827e+006	1.74771e+006	23133	23962	122	146	1.71296e+006	1.77315e+006	1.41616e+006	1.46493e+006	
278	6.62546e+006	6.68564e+006	492	546	667	742	69	83	138	160	65	81	30	39	1.68839e+006	1.74784e+006	23135	23963	124	141	1.7131e+006	1.77328e+006	1.41628e+006	1.46505e+006	
279	6.62533e+006	6.68551e+006	488	541	669	742	70	83	140	161	63	78	29	37	1.68852e+006	1.74797e+006	23136	23965	116	135	1.71322e+006	1.7734e+006	1.41641e+006	1.46516e+006	
280	6.62521e+006	6.68539e+006	489	543	665	736	68	81	142	163	62	76	28	36	1.68865e+006	1.74809e+006	23138	23967	117	133	1.71335e+006	1.77353e+006	1.41652e+006	1.46527e+006	
281	6.62508e+006	6.68526e+006	486	534	667	746	72	85	140	160	63	76	28	37	1.68878e+006	1.74821e+006	23140	23969	119	136	1.71348e+006	1.77365e+006	1.41665e+006	1.46539e+006	
282	6.62495e+006	6.68512e+006	489	543	670	748	71	84	140	160	61	75	27	36	1.68891e+006	1.74834e+006	23143	23972	127	151	1.71362e+006	1.77379e+006	1.41677e+006	1.46551e+006	
283	6.62481e+006	6.68498e+006	498	553	660	737	71	85	136	156	60	75	26	35	1.68905e+006	1.74848e+006	23145	23974	123	145	1.71375e+006	1.77392e+006	1.41689e+006	1.46563e+006	
284	6.6247e+006	6.68486e+006	495	552	652	726	73	87	134	156	59	74	25	33	1.68919e+006	1.7486e+006	23147	23976	112	133	1.71388e+006	1.77404e+006	1.417e+006	1.46574e+006	
285	6.62456e+006	6.68472e+006	500	560	651	724	72	86	136	159	60	74	25	34	1.68932e+006	1.74873e+006	23149	23977	124	145	1.71402e+006	1.77417e+006	1.41712e+006	1.46586e+006	
286	6.62443e+006	6.68459e+006	493	553	665	745	71	85	134	155	62	76	26	35	1.68944e+006	1.74885e+006	23150	23979	121	143	1.71415e+006	1.7743e+006	1.41725e+006	1.46598e+006	
287	6.62431e+006	6.68446e+006	488	544	669	746	69	83	138	161	61	74	26	35	1.68957e+006	1.74897e+006	23153	23981	118	137	1.71428e+006	1.77443e+006	1.41738e+006	1.46611e+006	
288	6.62417e+006	6.68432e+006	498	557	657	736	69	84	142	166	59	73	25	34	1.6897e+006	1.7491e+006	23154	23983	123	145	1.71441e+006	1.77456e+006	1.41749e+006	1.46622e+006	
289	6.62405e+006	6.68419e+006	491	549	667	746	68	83	146	170	60	73	26	34	1.68982e+006	1.74922e+006	23155	23984	117	137	1.71454e+006	1.77469e+006	1.41762e+006	1.46634e+006	
290	6.62392e+006	6.68406e+006	486	546	670	756	69	84	142	165	60	75	27	36	1.68995e+006	1.74934e+006	23156	23985	117	139	1.71467e+006	1.77481e+006	1.41774e+006	1.46646e+006	
291	6.6238e+006	6.68393e+006	486	546	670	755	69	84	143	165	61	76	27	36	1.69008e+006	1.74946e+006	23159	23987	117	137	1.7148e+006	1.77494e+006	1.41786e+006	1.46658e+006	
292	6.62367e+006	6.6838e+006	482	539	663	745	73	88	146	170	63	76	28	37	1.69021e+006	1.74959e+006	23160	23989	118	139	1.71493e+006	1.77506e+006	1.41798e+006	1.46669e+006	
293	6.62355e+006	6.68367e+006	484	542	656	738	72	88	144	168	61	75	28	37	1.69035e+006	1.74973e+006	23161	23990	120	139	1.71507e+006	1.77519e+006	1.4181e+006	1.46681e+006	
294	6.62342e+006	6.68354e+006	489	542	658	745	73	88	136	159	64	78	30	40	1.69048e+006	1.74985e+006	23163	23992	121	140	1.7152e+006	1.77532e+006	1.41822e+006	1.46692e+006	
295	6.6233e+006	6.68341e+006	485	540	653	738	72	87	136	159	65	80	30	39	1.69061e+006	1.74998e+006	23164	23993	115	134	1.71532e+006	1.77544e+006	1.41834e+006	1.46704e+006	
296	6.62318e+006	6.68329e+006	481	533	652	734	71	86	139	163	62	76	28	37	1.69074e+006	1.75011e+006	23166	23995	113	132	1.71545e+006	1.77556e+006	1.41846e+006	1.46716e+006	
297	6.62305e+006	6.68315e+006	480	534	651	735	73	88	139	162	64	79	29	39	1.69087e+006	1.75023e+006	23167	23996	119	139	1.71558e+006	1.77569e+006	1.41858e+006	1.46727e+006	
298	6.62293e+006	6.68303e+006	472	531	654	734	69	84	141	163	66	82	31	40	1.691e+006	1.75036e+006	23169	23997	115	136	1.71571e+006	1.77581e+006	1.4187e+006	1.46739e+006	
299	6.62281e+006	6.6829e+006	467	527	649	730	71	85	138	160	67	83	31	41	1.69113e+006	1.75048e+006	23170	23999	110	130	1.71583e+006	1.77593e+006	1.41882e+006	1.4675e+006	
300	6.62269e+006	6.68278e+006	471	529	645	723	71	86	141	164	66	81	31	42	1.69126e+006	1.75061e+006	23172	24000	115	136	1.71596e+006	1.77605e+006	1.41893e+006	1.46761e+006	
301	6.62256e+006	6.68265e+006	467	525	645	724	72	88	139	162	66	81	31	41	1.69139e+006	1.75073e+006	23173	24001	116	135	1.71609e+006	1.77617e+006	1.41905e+006	1.46773e+006	
302	6.62244e+006	6.68252e+006	467	526	643	722	71	87	137	161	65	79	30	40	1.69152e+006	1.75086e+006	23175	24003	115	136	1.71622e+006	1.7763e+006	1.41917e+006	1.46784e+006	
303	6.62232e+006	6.68239e+006	471	530	634	716	69	85	136	158	66	79	30	39	1.69165e+006	1.75099e+006	23177	24005	113	134	1.71634e+006	1.77642e+006	1.41928e+006	1.46795e+006	
304	6.6222e+006	6.68227e+006	471	531	627	711	69	85	136	157	63	77	27	36	1.69178e+006	1.75111e+006	23180	24008	116	136	1.71647e+006	1.77654e+006	1.4194e+006	1.46806e+006	
305	6.62207e+006	6.68214e+006	473	536	631	715	67	83	135	157	63	75	27	36	1.69191e+006	1.75124e+006	23182	24010	117	141	1.7166e+006	1.77667e+006	1.41952e+006	1.46817e+006	
306	6.62195e+006	6.68201e+006	470	529	633	718	67	83	133	154	64	77	28	37	1.69203e+006	1.75135e+006	23184	24012	112	130	1.71672e+006	1.77679e+006	1.41964e+006	1.46829e+006	
307	6.62183e+006	6.68189e+006	466	523	632	717	63	79	135	158	62	76	28	37	1.69216e+006	1.75148e+006	23187	24014	110	128	1.71684e+006	1.77691e+006	1.41976e+006	1.4684e+006	
308	6.6217e+006	6.68175e+006	474	533	633	718	63	78	136	159	62	74	26	35	1.69229e+006	1.7516e+006	23189	24016	124	146	1.71698e+006	1.77704e+006	1.41987e+006	1.46852e+006	
309	6.62157e+006	6.68162e+006	478	534	643	730	60	77	136	160	61	74	26	34	1.69241e+006	1.75171e+006	23191	24018	120	142	1.71712e+006	1.77717e+006	1.41999e+006	1.46864e+006	
310	6.62144e+006	6.68149e+006	485	541	639	726	60	76	131	154	63	77	26	35	1.69254e+006	1.75184e+006	23192	24019	119	136	1.71724e+006	1.77729e+006	1.42011e+006	1.46875e+006	
311	6.62133e+006	6.68137e+006	488	545	632	718	61	77	136	157	61	75	26	35	1.69266e+006	1.75196e+006	23194	24021	112	133	1.71737e+006	1.77741e+006	1.42022e+006	1.46885e+006	
312	6.6212e+006	6.68124e+006	477	533	643	728	60	75	141	163	61	75	27	35	1.69278e+006	1.75207e+006	23195	24023	114	133	1.7175e+006	1.77753e+006	1.42035e+006	1.46898e+006	
313	6.62109e+006	6.68112e+006	466	519	646	731	65	80	139	161	62	77	28	37	1.6929e+006	1.75219e+006	23197	24026	108	129	1.71762e+006	1.77765e+006	1.42047e+006	1.46909e+006	
314	6.62096e+006	6.68099e+006	463	517	647	730	67	82	136	156	62	77	29	38	1.69303e+006	1.75232e+006	23200	24029	115	136	1.71774e+006	1.77777e+006	1.42059e+006	1.46921e+006	
315	6.62084e+006	6.68086e+006	466	523	641	721	68	83	135	156	62	77	29	38	1.69316e+006	1.75244e+006	23202	24031	115	138	1.71787e+006	1.7779e+006	1.4207e+006	1.46932e+006	
316	6.62072e+006	6.68073e+006	467	525	644	725	68	81	135	156	60	74	27	37	1.69329e+006	1.75256e+006	23204	24033	115	136	1.718e+006	1.77802e+006	1.42082e+006	1.46943e+006	
317	6.6206e+006	6.68061e+006	470	530	644	725	67	81	134	155	59	74	26	36	1.69341e+006	1.75268e+006	23207	24036	112	133	1.71813e+006	1.77814e+006	1.42093e+006	1.46954e+006	
318	6.62047e+006	6.68047e+006	479	541	637	715	66	80	131	153	61	75	27	37	1.69354e+006	1.75281e+006	23208	24037	124	147	1.71827e+006	1.77827e+006	1.42105e+006	1.46966e+006	
319	6.62034e+006	6.68034e+006	482	542	632	713	64	79	131	154	60	74	27	36	1.69368e+006	1.75294e+006	23211	24040	118	139	1.7184e+006	1.7784e+006	1.42117e+006	1.46977e+006	
320	6.62022e+006	6.68022e+006	476	538	630	712	64	79	133	156	58	71	26	35	1.69381e+006	1.75306e+006	23212	24041	110	131	1.71852e+006	1.77851e+006	1.42129e+006	1.46988e+006	
321	6.6201e+006	6.68009e+006	477	540	626	708	69	83	136	157	59	72	25	35	1.69393e+006	1.75318e+006	23212	24041	112	136	1.71865e+006	1.77863e+006	1.4214e+006	1.46999e+006	
322	6.61998e+006	6.67996e+006	466	529	633	719	70	87	137	159	59	71	25	34	1.69405e+006	1.7533e+006	23213	24043	114	135	1.71878e+006	1.77876e+006	1.42153e+006	1.47011e+006	
323	6.61985e+006	6.67982e+006	469	536	639	729	71	88	135	157	56	68	24	33	1.69417e+006	1.75342e+006	23215	24044	121	145	1.71891e+006	1.77888e+006	1.42165e+006	1.47022e+006	
324	6.61973e+006	6.6797e+006	471	537	635	725	71	88	134	155	57	70	25	34	1.6943e+006	1.75354e+006	23217	24046	113	132	1.71904e+006	1.77901e+006	1.42176e+006	1.47033e+006	
325	6.6196e+006	6.67956e+006	478	544	636	725	68	84	133	155	59	72	25	34	1.69443e+006	1.75366e+006	23219	24048	120	142	1.71917e+006	1.77913e+006	1.42188e+006	1.47044e+006	
326	6.61948e+006	6.67943e+006	484	551	634	726	67	84	133	156	60	74	27	36	1.69455e+006	1.75378e+006	23219	24048	121	142	1.71931e+006	1.77926e+006	1.422e+006	1.47056e+006	
327	6.61935e+006	6.6793e+006	480	542	643	738	67	83	134	156	61	74	27	36	1.69467e+006	1.7539e+006	23221	24050	116	138	1.71944e+006	1.77938e+006	1.42212e+006	1.47067e+006	
328	6.61923e+006	6.67917e+006	480	543	633	726	66	81	135	159	60	73	26	36	1.69481e+006	1.75403e+006	23223	24052	112	134	1.71956e+006	1.7795e+006	1.42224e+006	1.47078e+006	
329	6.61911e+006	6.67905e+006	476	537	633	729	66	82	138	161	60	74	25	35	1.69493e+006	1.75415e+006	23225	24054	115	135	1.71969e+006	1.77963e+006	1.42236e+006	1.4709e+006	
330	6.61898e+006	6.67891e+006	477	538	642	738	68	84	136	159	62	75	27	36	1.69506e+006	1.75427e+006	23226	24055	122	142	1.71982e+006	1.77976e+006	1.42248e+006	1.47102e+006	
331	6.61886e+006	6.67879e+006	473	530	641	736	71	88	137	159	62	75	27	36	1.69518e+006	1.75438e+006	23228	24057	111	130	1.71995e+006	1.77988e+006	1.4226e+006	1.47113e+006	
332	6.61874e+006	6.67866e+006	475	533	640	735	70	88	134	156	63	77	26	36	1.69531e+006	1.75451e+006	23229	24058	114	136	1.72008e+006	1.78e+006	1.42272e+006	1.47124e+006	
333	6.61862e+006	6.67853e+006	475	535	638	727	69	85	133	156	65	78	27	36	1.69545e+006	1.75463e+006	23230	24059	115	138	1.72021e+006	1.78012e+006	1.42284e+006	1.47136e+006	
334	6.61849e+006	6.6784e+006	471	532	648	738	68	85	130	152	63	77	26	35	1.69557e+006	1.75476e+006	23232	24061	117	140	1.72034e+006	1.78025e+006	1.42296e+006	1.47148e+006	
335	6.61837e+006	6.67827e+006	472	534	642	729	65	83	132	154	60	73	25	33	1.69571e+006	1.75488e+006	23234	24063	112	133	1.72046e+006	1.78037e+006	1.42308e+006	1.47159e+006	
336	6.61824e+006	6.67814e+006	479	544	638	725	64	80	133	156	58	71	24	32	1.69584e+006	1.75501e+006	23235	24064	123	145	1.7206e+006	1.7805e+006	1.4232e+006	1.4717e+006	
337	6.61811e+006	6.678e+006	488	550	640	728	62	77	131	154	59	71	25	33	1.69597e+006	1.75513e+006	23237	24066	124	144	1.72074e+006	1.78063e+006	1.42332e+006	1.47182e+006	
338	6.61798e+006	6.67787e+006	488	546	644	733	63	78	135	158	57	70	25	33	1.69609e+006	1.75525e+006	23238	24068	117	136	1.72087e+006	1.78075e+006	1.42344e+006	1.47193e+006	
339	6.61786e+006	6.67775e+006	491	544	642	730	62	79	135	160	58	72	25	34	1.69622e+006	1.75537e+006	23239	24068	114	132	1.72099e+006	1.78087e+006	1.42355e+006	1.47204e+006	
340	6.61774e+006	6.67762e+006	482	534	640	731	64	81	136	162	58	71	25	34	1.69635e+006	1.7555e+006	23241	24070	115	135	1.72112e+006	1.781e+006	1.42368e+006	1.47216e+006	
341	6.61761e+006	6.67749e+006	477	528	654	745	64	80	132	157	60	73	26	34	1.69647e+006	1.75562e+006	23242	24071	119	138	1.72125e+006	1.78112e+006	1.42381e+006	1.47228e+006	
342	6.61749e+006	6.67736e+006	479	525	657	746	63	79	134	161	58	71	26	35	1.6966e+006	1.75573e+006	23244	24073	118	134	1.72138e+006	1.78125e+006	1.42393e+006	1.4724e+006	
343	6.61736e+006	6.67723e+006	481	531	656	739	63	79	137	164	58	71	25	34	1.69672e+006	1.75585e+006	23246	24075	117	137	1.7215e+006	1.78137e+006	1.42405e+006	1.47251e+006	
344	6.61724e+006	6.67711e+006	482	529	656	735	62	77	138	165	59	73	27	36	1.69685e+006	1.75598e+006	23247	24075	115	132	1.72163e+006	1.78149e+006	1.42416e+006	1.47263e+006	
345	6.61711e+006	6.67697e+006	483	536	663	738	63	77	136	162	59	73	27	36	1.69698e+006	1.7561e+006	23248	24076	122	143	1.72177e+006	1.78162e+006	1.42428e+006	1.47274e+006	
346	6.61699e+006	6.67684e+006	483	540	658	726	64	77	139	163	61	75	26	35	1.69711e+006	1.75622e+006	23249	24078	117	139	1.7219e+006	1.78175e+006	1.4244e+006	1.47286e+006	
347	6.61687e+006	6.67672e+006	482	532	646	719	67	80	143	166	59	74	26	34	1.69724e+006	1.75635e+006	23251	24079	114	131	1.72202e+006	1.78187e+006	1.42452e+006	1.47297e+006	
348	6.61674e+006	6.67659e+006	483	537	641	710	70	84	143	166	61	76	27	36	1.69737e+006	1.75647e+006	23253	24081	117	136	1.72215e+006	1.782e+006	1.42463e+006	1.47308e+006	
349	6.61662e+006	6.67646e+006	475	526	645	719	72	89	141	162	62	77	29	38	1.6975e+006	1.75659e+006	23255	24083	114	133	1.72227e+006	1.78212e+006	1.42475e+006	1.4732e+006	
350	6.6165e+006	6.67634e+006	472	524	648	722	74	89	134	156	64	79	29	38	1.69763e+006	1.75671e+006	23257	24085	115	135	1.7224e+006	1.78224e+006	1.42487e+006	1.47331e+006	
351	6.61637e+006	6.67621e+006	474	526	647	719	69	85	138	160	63	77	29	38	1.69775e+006	1.75684e+006	23260	24087	115	134	1.72253e+006	1.78237e+006	1.42499e+006	1.47343e+006	
352	6.61625e+006	6.67608e+006	473	524	647	723	68	84	137	157	65	79	30	39	1.69788e+006	1.75696e+006	23261	24089	115	135	1.72265e+006	1.78249e+006	1.42511e+006	1.47354e+006	
353	6.61613e+006	6.67596e+006	470	525	645	719	67	83	136	157	66	79	31	39	1.698e+006	1.75708e+006	23263	24091	112	133	1.72278e+006	1.78261e+006	1.42522e+006	1.47365e+006	
354	6.61601e+006	6.67584e+006	466	524	650	727	63	77	135	154	65	80	30	38	1.69813e+006	1.7572e+006	23266	24094	113	132	1.7229e+006	1.78273e+006	1.42534e+006	1.47377e+006	
355	6.61588e+006	6.67571e+006	468	524	644	717	62	77	138	159	65	80	30	39	1.69826e+006	1.75733e+006	23268	24096	117	134	1.72303e+006	1.78285e+006	1.42546e+006	1.47389e+006	
356	6.61575e+006	6.67557e+006	476	529	642	714	61	77	144	165	64	78	31	39	1.69838e+006	1.75745e+006	23270	24098	123	141	1.72316e+006	1.78298e+006	1.42558e+006	1.474e+006	
357	6.61563e+006	6.67545e+006	478	528	636	715	64	80	142	163	66	80	32	40	1.6985e+006	1.75757e+006	23271	24098	114	132	1.72329e+006	1.7831e+006	1.42569e+006	1.47411e+006	
358	6.61551e+006	6.67533e+006	475	526	631	709	66	82	139	160	65	79	30	39	1.69863e+006	1.75769e+006	23273	24101	111	130	1.72341e+006	1.78322e+006	1.4258e+006	1.47422e+006	
359	6.61539e+006	6.6752e+006	479	529	632	710	66	83	139	160	64	77	29	38	1.69876e+006	1.75782e+006	23274	24102	120	138	1.72354e+006	1.78335e+006	1.42592e+006	1.47433e+006	
360	6.61526e+006	6.67507e+006	473	524	634	713	70	88	140	163	62	75	28	36	1.69888e+006	1.75794e+006	23275	24103	117	136	1.72367e+006	1.78347e+006	1.42604e+006	1.47445e+006	
361	6.61515e+006	6.67495e+006	470	518	635	712	70	85	138	159	64	76	29	37	1.69901e+006	1.75806e+006	23277	24105	109	127	1.72379e+006	1.78359e+006	1.42616e+006	1.47456e+006	
362	6.61503e+006	6.67483e+006	470	518	632	708	69	83	137	159	61	74	27	36	1.69914e+006	1.75819e+006	23279	24107	111	130	1.72391e+006	1.78371e+006	1.42627e+006	1.47467e+006	
363	6.6149e+006	6.67469e+006	469	521	638	710	70	86	134	157	61	74	27	35	1.69926e+006	1.75831e+006	23280	24108	119	140	1.72404e+006	1.78384e+006	1.42639e+006	1.47479e+006	
364	6.61477e+006	6.67456e+006	474	521	642	716	68	85	139	162	60	74	27	35	1.69938e+006	1.75843e+006	23281	24109	121	137	1.72417e+006	1.78397e+006	1.42651e+006	1.4749e+006	
