Day	Susceptible	Exposed	Current Detected Mild Infections	Current Undetected Mild Infections	Current Hospitalizations	Current ICU patients	ventilators	Recovered	Deaths	new infections today	total number of infections 	Confirmed total number of infections 	
0	8.39872e+006	16	0	0	0	0	0	0	0	0	16	0	
1	8.39856e+006	176	0	0	0	0	0	0	0	160	176	0	
2	8.3984e+006	336	0	0	0	0	0	0	0	160	336	0	
3	8.39822e+006	512	0	0	0	0	0	0	0	176	512	0	
4	8.39796e+006	764	16	0	0	0	0	0	0	268	780	16	
5	8.39761e+006	949	136	40	0	0	0	0	0	345	1125	136	
6	8.39725e+006	1149	256	80	0	0	0	0	0	360	1485	256	
7	8.39683e+006	1394	388	124	0	0	0	0	0	420	1906	388	
8	8.39639e+006	1570	588	192	0	0	0	0	0	444	2349	588	
9	8.39599e+006	1625	853	272	0	0	0	0	0	401	2750	853	
10	8.3955e+006	1750	1110	359	0	0	0	16	0	485	3235	1126	
11	8.39494e+006	1895	1304	426	31	0	0	145	0	566	3801	1446	
12	8.39435e+006	2034	1526	487	61	0	0	275	0	583	4383	1790	
13	8.39372e+006	2268	1694	545	94	0	0	418	0	636	5019	2094	
14	8.39301e+006	2488	1859	596	145	0	0	635	0	704	5723	2472	
15	8.39225e+006	2684	2016	659	216	0	0	909	0	762	6485	2909	
16	8.39144e+006	2912	2182	716	287	0	0	1199	0	810	7295	3362	
17	8.39057e+006	3152	2341	772	339	17	15	1550	0	876	8171	3855	
18	8.38964e+006	3375	2532	841	396	28	20	1926	0	927	9098	4411	
19	8.38866e+006	3593	2807	927	442	36	25	2272	0	980	10078	5014	
20	8.3877e+006	3741	3049	1011	488	52	33	2695	0	958	11036	5651	
21	8.38666e+006	3901	3287	1083	523	73	42	3204	0	1036	12072	6339	
22	8.38559e+006	4051	3544	1171	570	92	51	3721	0	1077	13149	7064	
23	8.38443e+006	4232	3797	1262	607	113	61	4299	0	1162	14311	7823	
24	8.38319e+006	4507	3978	1336	667	139	72	4916	0	1232	15543	8571	
25	8.38191e+006	4757	4174	1413	729	160	82	5596	0	1286	16829	9370	
26	8.38057e+006	5016	4376	1477	797	189	97	6309	0	1335	18164	10215	
27	8.37917e+006	5254	4589	1551	858	202	96	7096	15	1400	19564	11127	
28	8.37772e+006	5478	4796	1650	912	229	107	7939	18	1456	21021	12066	
29	8.3762e+006	5703	5037	1714	983	255	118	8820	21	1512	22532	13075	
30	8.37458e+006	5988	5327	1801	1018	282	131	9714	23	1620	24152	14120	
31	8.37291e+006	6265	5614	1878	1072	302	140	10669	29	1677	25829	15222	
32	8.37113e+006	6587	5892	1980	1112	333	151	11669	34	1778	27607	16361	
33	8.37018e+006	6021	6139	2083	1177	360	164	12734	39	946	28553	17534	
34	8.3692e+006	5388	6437	2172	1251	383	177	13863	46	986	29540	18795	
35	8.36814e+006	4763	6728	2272	1315	421	193	15043	51	1053	30592	20120	
36	8.36713e+006	3998	7049	2393	1394	447	202	16265	58	1013	31605	21511	
37	8.36617e+006	4010	6698	2291	1468	477	218	17554	66	959	32564	22286	
38	8.3652e+006	3997	6349	2170	1542	498	225	18908	74	973	33537	23096	
39	8.36428e+006	3859	6008	2052	1608	530	244	20312	83	915	34452	23952	
40	8.36341e+006	3721	5566	1888	1681	554	253	21825	92	875	35326	24790	
41	8.3626e+006	3570	5028	1706	1750	587	270	23390	102	808	36134	25586	
42	8.36185e+006	3347	4478	1451	1831	613	285	25050	113	750	36884	26446	
43	8.36117e+006	3111	4502	1396	1740	641	298	26047	125	678	37562	27224	
44	8.36051e+006	2899	4463	1324	1658	675	313	27068	138	663	38225	27974	
45	8.35985e+006	2748	4330	1212	1556	701	326	28184	152	657	38882	28676	
46	8.35926e+006	2596	4165	1114	1443	740	344	29257	166	598	39480	29320	
47	8.35867e+006	2500	3975	1024	1307	773	359	30302	181	583	40062	29891	
48	8.35812e+006	2387	3729	960	1159	812	382	31370	195	550	40612	30458	
49	8.35759e+006	2268	3523	907	1161	797	376	32284	210	538	41150	31020	
50	8.35709e+006	2166	3308	846	1133	790	372	33177	227	496	41646	31536	
51	8.35662e+006	2056	3129	799	1096	770	363	34023	244	473	42119	32037	
52	8.35619e+006	1939	2977	752	1041	747	356	34831	265	432	42551	32511	
53	8.35575e+006	1833	2878	709	980	724	345	35574	284	432	42983	32972	
54	8.35534e+006	1746	2749	672	921	700	334	36300	304	409	43392	33402	
55	8.35495e+006	1669	2603	634	864	668	318	37028	322	395	43787	33804	
56	8.35458e+006	1604	2466	606	808	625	300	37704	343	368	44155	34173	
57	8.35424e+006	1518	2344	576	760	578	278	38360	365	346	44501	34544	
58	8.3539e+006	1443	2226	554	727	524	250	38973	389	334	44835	34890	
59	8.35357e+006	1382	2104	534	710	509	239	39529	403	334	45169	35226	
60	8.35326e+006	1318	1998	512	674	486	232	40069	417	304	45473	35542	
61	8.35297e+006	1267	1899	483	646	466	221	40576	430	295	45768	35839	
62	8.35268e+006	1222	1816	468	616	445	210	41047	443	289	46058	36119	
63	8.3524e+006	1163	1740	447	585	424	202	41518	456	274	46332	36404	
64	8.35213e+006	1133	1661	420	554	402	192	41967	469	275	46607	36667	
65	8.35188e+006	1090	1588	393	520	382	183	42405	481	252	46859	36919	
66	8.35163e+006	1044	1526	376	487	359	172	42816	493	243	47102	37164	
67	8.35139e+006	1012	1494	337	459	342	164	43195	505	243	47344	37424	
68	8.35117e+006	963	1476	295	441	319	156	43560	515	226	47570	37684	
69	8.35095e+006	928	1436	253	425	305	148	43912	528	216	47787	37925	
70	8.35074e+006	896	1410	218	400	292	139	44243	539	211	47998	38156	
71	8.35053e+006	858	1392	184	382	280	134	44559	547	205	48203	38386	
72	8.35034e+006	830	1363	149	373	268	128	44864	553	198	48400	38601	
73	8.35014e+006	808	1313	141	356	256	121	45159	561	194	48594	38804	
74	8.34996e+006	784	1257	134	343	238	112	45456	570	187	48781	38998	
75	8.34978e+006	752	1213	131	325	223	105	45733	577	174	48955	39188	
76	8.34961e+006	725	1170	129	314	213	100	45989	585	170	49125	39369	
77	8.34944e+006	699	1126	124	305	198	94	46248	594	168	49293	39550	
78	8.34928e+006	676	1092	119	290	195	91	46486	599	164	49457	39724	
79	8.34912e+006	659	1051	117	282	187	87	46712	606	157	49614	39884	
80	8.34896e+006	652	1014	113	274	179	84	46932	613	164	49777	40040	
81	8.3488e+006	645	979	111	267	170	81	47150	616	160	49937	40196	
82	8.34866e+006	621	952	104	261	164	78	47354	621	141	50078	40346	
83	8.34851e+006	616	919	101	247	159	74	47561	627	152	50230	40492	
84	8.34837e+006	591	895	102	240	152	70	47758	630	139	50368	40642	
85	8.34823e+006	570	881	101	236	147	67	47938	635	139	50507	40788	
86	8.3481e+006	558	857	96	228	140	64	48117	640	129	50636	40920	
87	8.34796e+006	544	842	95	220	136	60	48294	643	138	50774	41059	
88	8.34783e+006	540	820	92	211	131	58	48469	646	134	50908	41187	
89	8.34771e+006	517	802	91	203	126	56	48634	650	116	51024	41313	
90	8.34758e+006	520	769	89	200	121	53	48802	654	131	51156	41430	
91	8.34746e+006	506	750	87	197	118	50	48965	658	124	51279	41557	
92	8.34734e+006	490	742	88	190	113	47	49113	662	119	51398	41680	
93	8.34722e+006	493	711	84	186	108	45	49270	666	120	51518	41788	
94	8.3471e+006	479	705	82	179	105	44	49415	669	117	51635	41910	
95	8.34699e+006	472	693	80	176	103	44	49556	672	116	51751	42025	
96	8.34682e+006	514	687	75	167	102	44	49693	674	160	51912	42135	
97	8.34666e+006	555	672	72	158	101	43	49838	677	161	52073	42245	
98	8.34652e+006	585	655	72	156	95	41	49977	679	147	52220	42353	
99	8.34636e+006	625	655	72	151	94	41	50098	682	157	52377	42459	
100	8.34621e+006	619	681	75	149	89	39	50232	685	154	52531	42606	
101	8.34605e+006	618	713	81	148	85	36	50358	688	160	52691	42752	
102	8.34588e+006	636	739	83	151	83	35	50473	691	165	52856	42887	
103	8.34571e+006	649	769	90	148	80	35	50596	694	170	53025	43028	
104	8.34553e+006	672	804	92	146	79	34	50713	696	177	53203	43171	
105	8.34535e+006	692	841	98	148	78	35	50828	698	180	53383	43316	
106	8.34516e+006	721	844	100	155	76	33	50979	702	194	53577	43467	
107	8.34497e+006	739	851	101	160	74	33	51135	704	187	53764	43622	
108	8.34478e+006	757	877	106	159	74	33	51281	706	196	53960	43783	
109	8.34457e+006	779	900	106	171	72	32	51425	708	202	54162	43948	
110	8.34438e+006	784	933	113	181	72	33	51568	710	200	54361	44124	
111	8.34416e+006	809	959	114	190	73	34	51717	711	212	54573	44295	
112	8.34395e+006	829	985	119	189	74	35	51880	713	216	54789	44472	
113	8.34373e+006	847	1020	116	189	76	35	52045	715	220	55009	44661	
114	8.34351e+006	864	1042	116	200	76	35	52211	717	216	55225	44846	
115	8.34328e+006	887	1072	119	201	77	36	52384	720	234	55460	45041	
116	8.34305e+006	894	1094	117	204	80	37	52571	722	223	55682	45240	
117	8.34282e+006	903	1124	121	208	82	37	52750	725	230	55912	45441	
118	8.34258e+006	933	1144	122	213	83	38	52938	726	246	56159	45639	
119	8.34234e+006	937	1173	125	221	87	40	53125	728	238	56397	45857	
120	8.34209e+006	968	1192	129	221	92	42	53319	730	254	56650	46061	
121	8.34183e+006	994	1208	132	227	96	44	53519	732	256	56907	46271	
122	8.34157e+006	1004	1235	135	231	97	43	53727	734	256	57162	46497	
123	8.34131e+006	1033	1251	137	235	96	43	53942	736	268	57430	46714	
124	8.34103e+006	1058	1287	139	239	100	45	54148	738	278	57708	46947	
125	8.34076e+006	1070	1300	147	246	102	46	54372	740	268	57976	47178	
126	8.34048e+006	1092	1332	148	251	99	45	54589	743	278	58255	47416	
127	8.34019e+006	1117	1363	155	252	99	44	54815	746	292	58547	47656	
128	8.3399e+006	1130	1392	157	257	103	47	55050	748	291	58838	47912	
129	8.3396e+006	1157	1420	159	263	105	46	55278	750	296	59134	48159	
130	8.3393e+006	1178	1442	162	272	104	45	55521	753	299	59432	48416	
131	8.33901e+006	1178	1480	161	276	108	48	55767	756	293	59725	48689	
132	8.33871e+006	1191	1510	166	282	111	50	56011	759	304	60029	48957	
133	8.33839e+006	1216	1538	166	293	114	51	56263	760	321	60350	49229	
134	8.33809e+006	1218	1553	171	299	115	53	56532	762	300	60650	49501	
135	8.33776e+006	1255	1578	170	304	116	53	56792	765	330	60980	49771	
136	8.33743e+006	1277	1602	172	308	121	56	57058	767	325	61306	50053	
137	8.3371e+006	1283	1623	180	314	127	61	57337	769	327	61632	50345	
138	8.33678e+006	1303	1628	184	320	129	62	57616	773	321	61953	50620	
139	8.33646e+006	1298	1662	184	324	132	64	57902	775	326	62279	50925	
140	8.33611e+006	1325	1690	183	330	136	68	58188	778	352	62631	51225	
141	8.33576e+006	1347	1717	191	334	137	67	58471	783	349	62980	51524	
142	8.3354e+006	1379	1729	195	339	140	67	58765	786	352	63332	51817	
143	8.33506e+006	1400	1740	188	351	145	69	59066	788	347	63679	52123	
144	8.33471e+006	1400	1795	186	361	147	69	59351	791	352	64031	52452	
145	8.33434e+006	1417	1808	191	367	153	72	59667	793	366	64397	52771	
146	8.33396e+006	1443	1832	195	376	157	75	59975	797	378	64775	53096	
147	8.33359e+006	1470	1848	199	384	157	73	60291	801	374	65149	53412	
148	8.33321e+006	1492	1875	203	388	158	72	60604	803	375	65524	53733	
149	8.33284e+006	1499	1907	211	383	162	74	60927	808	372	65896	54069	
150	8.33247e+006	1496	1922	222	385	164	74	61271	811	376	66271	54411	
151	8.33208e+006	1505	1947	223	383	164	75	61618	815	383	66654	54755	
152	8.33169e+006	1522	1967	225	383	167	79	61963	819	392	67046	55100	
153	8.33129e+006	1552	1992	225	389	168	81	62297	824	402	67448	55441	
154	8.33089e+006	1574	2015	224	396	172	81	62636	827	397	67845	55785	
155	8.33047e+006	1612	2027	231	405	171	81	62988	833	421	68266	56133	
156	8.33006e+006	1633	2039	232	409	174	81	63355	837	413	68679	56490	
157	8.32964e+006	1645	2068	231	424	176	83	63709	840	413	69093	56864	
158	8.32922e+006	1675	2089	232	425	177	86	64077	845	427	69520	57229	
159	8.3288e+006	1675	2139	232	428	178	84	64440	850	422	69941	57620	
160	8.32835e+006	1705	2174	235	429	181	86	64808	853	443	70385	58000	
161	8.32792e+006	1719	2205	234	426	185	87	65187	856	427	70812	58381	
162	8.32747e+006	1744	2235	239	433	187	85	65566	860	452	71264	58771	
163	8.32702e+006	1770	2252	241	437	190	86	65956	865	448	71712	59161	
164	8.32657e+006	1777	2294	246	444	192	87	66340	868	450	72162	59570	
165	8.32612e+006	1803	2297	248	450	197	91	66747	872	452	72614	59964	
166	8.32566e+006	1815	2329	256	468	198	92	67136	876	465	73079	60381	
167	8.32518e+006	1843	2361	258	478	200	90	67534	880	475	73555	60793	
168	8.32472e+006	1854	2387	255	480	205	91	67951	884	461	74016	61209	
169	8.32425e+006	1875	2409	264	486	210	95	68356	888	473	74489	61622	
170	8.32379e+006	1871	2426	269	496	212	98	68784	893	461	74950	62048	
171	8.32331e+006	1874	2464	279	499	215	101	69200	898	479	75429	62480	
172	8.32282e+006	1901	2476	276	502	219	108	69640	904	488	75917	62907	
173	8.32233e+006	1913	2496	282	506	221	109	70075	909	485	76402	63341	
174	8.32184e+006	1949	2505	284	511	225	111	70513	914	497	76899	63763	
175	8.32134e+006	1967	2536	278	512	226	110	70958	919	496	77396	64209	
176	8.32084e+006	1976	2562	275	516	228	108	71411	925	497	77893	64664	
177	8.32035e+006	1982	2576	272	521	230	110	71875	929	491	78384	65112	
178	8.31985e+006	1985	2605	278	515	232	112	72334	935	500	78884	65567	
179	8.31934e+006	1999	2629	277	531	232	110	72787	940	510	79395	66024	
180	8.31882e+006	2019	2666	277	538	236	110	73230	946	518	79912	66485	
181	8.3183e+006	2056	2669	286	546	242	112	73690	952	528	80440	66933	
182	8.31778e+006	2074	2677	290	554	242	109	74161	959	518	80958	67394	
183	8.31724e+006	2099	2697	295	555	243	108	74640	964	535	81493	67864	
184	8.31671e+006	2114	2722	291	568	245	108	75115	971	534	82027	68343	
185	8.31617e+006	2123	2753	292	568	250	112	75600	977	537	82564	68830	
186	8.31561e+006	2170	2769	296	572	255	118	76083	983	564	83128	69307	
187	8.31507e+006	2174	2813	296	575	263	122	76557	989	540	83668	69801	
188	8.31452e+006	2191	2834	308	573	270	126	77047	995	550	84218	70283	
189	8.31396e+006	2210	2860	309	588	272	127	77534	1000	556	84773	70777	
190	8.3134e+006	2207	2896	320	591	277	129	78037	1008	562	85335	71291	
191	8.31283e+006	2238	2899	329	598	278	127	78551	1013	570	85905	71783	
192	8.31226e+006	2259	2924	335	598	277	129	79062	1020	571	86477	72287	
193	8.31169e+006	2277	2939	341	604	284	134	79580	1025	574	87051	72797	
194	8.31111e+006	2293	2971	337	615	287	135	80095	1031	577	87628	73312	
195	8.31052e+006	2315	2995	347	617	288	133	80620	1038	592	88220	73832	
196	8.30993e+006	2328	3003	346	627	289	131	81168	1043	585	88805	74355	
197	8.30934e+006	2347	3045	338	627	288	132	81703	1049	593	89398	74890	
198	8.30873e+006	2374	3068	343	632	285	131	82243	1057	604	90002	75419	
199	8.30814e+006	2378	3101	346	640	290	135	82781	1062	596	90598	75964	
200	8.30754e+006	2387	3125	345	645	295	140	83325	1070	594	91192	76503	
201	8.30693e+006	2408	3147	345	654	294	140	83882	1076	613	91805	77048	
202	8.30633e+006	2401	3183	343	657	299	141	84439	1082	598	92403	77608	
203	8.3057e+006	2435	3192	355	665	297	140	85000	1090	630	93033	78152	
204	8.30508e+006	2467	3203	360	679	300	141	85555	1095	626	93659	78693	
205	8.30446e+006	2472	3225	360	680	302	146	86136	1102	618	94277	79258	
206	8.30383e+006	2507	3236	362	682	305	147	86708	1109	633	94910	79809	
207	8.3032e+006	2502	3272	364	688	307	147	87286	1116	625	95535	80389	
208	8.30258e+006	2497	3281	376	694	313	148	87872	1122	620	96156	80956	
209	8.30194e+006	2516	3304	375	694	315	149	88457	1132	637	96793	81526	
210	8.3013e+006	2522	3349	369	695	313	147	89044	1139	639	97432	82110	
211	8.30067e+006	2536	3354	376	698	319	150	89643	1146	639	98071	82677	
212	8.30001e+006	2574	3372	381	707	321	150	90222	1153	658	98730	83248	
213	8.29937e+006	2570	3377	383	704	325	152	90842	1161	634	99363	83830	
214	8.29871e+006	2591	3399	374	711	332	153	91447	1169	660	100023	84426	
215	8.29806e+006	2602	3417	377	725	328	150	92047	1177	651	100673	85013	
216	8.2974e+006	2609	3433	387	740	332	151	92654	1184	665	101339	85613	
217	8.29675e+006	2626	3445	383	743	334	151	93267	1192	651	101989	86198	
218	8.29608e+006	2631	3482	385	750	338	153	93869	1199	665	102654	86806	
219	8.2954e+006	2663	3494	387	754	341	153	94491	1207	682	103336	87403	
220	8.29472e+006	2683	3513	394	748	344	152	95124	1215	685	104021	88014	
221	8.29404e+006	2710	3532	386	744	350	154	95753	1224	678	104700	88620	
222	8.29332e+006	2758	3540	385	743	355	157	96401	1231	712	105412	89230	
223	8.29263e+006	2767	3581	392	744	354	157	97026	1239	692	106104	89855	
224	8.29193e+006	2786	3602	396	746	353	156	97676	1247	704	106807	90486	
225	8.29125e+006	2792	3626	400	749	359	157	98312	1254	684	107491	91106	
226	8.29055e+006	2773	3669	404	752	359	159	98967	1261	694	108185	91760	
227	8.28985e+006	2787	3695	419	756	359	161	99606	1268	705	108890	92392	
228	8.28913e+006	2794	3730	423	750	365	164	100261	1278	712	109602	93037	
229	8.28841e+006	2831	3735	420	762	359	162	100928	1287	721	110323	93669	
230	8.2877e+006	2852	3746	418	764	363	165	101601	1293	715	111038	94310	
231	8.28699e+006	2856	3773	418	767	362	164	102266	1304	708	111746	94958	
232	8.28626e+006	2873	3769	421	774	360	165	102963	1314	728	112475	95612	
233	8.28553e+006	2886	3799	420	790	361	167	103630	1323	734	113208	96276	
234	8.2848e+006	2903	3814	416	811	363	170	104302	1332	732	113940	96935	
235	8.28406e+006	2932	3833	422	805	366	174	104977	1343	738	114678	97584	
236	8.28334e+006	2921	3866	423	805	368	175	105660	1352	717	115395	98259	
237	8.28259e+006	2936	3897	421	814	372	174	106343	1360	750	116145	98938	
238	8.28187e+006	2925	3918	421	821	368	174	107043	1370	721	116866	99610	
239	8.28112e+006	2933	3932	424	815	375	178	107756	1377	746	117612	100286	
240	8.28039e+006	2955	3927	430	817	376	178	108458	1386	738	118350	100944	
241	8.27966e+006	2936	3966	433	826	373	177	109151	1395	731	119081	101634	
242	8.2789e+006	2972	3953	438	837	377	181	109859	1401	756	119838	102296	
243	8.27815e+006	2978	3962	442	848	384	183	110566	1410	752	120590	102985	
244	8.27739e+006	2994	3969	440	851	387	184	111284	1419	754	121344	103669	
245	8.27665e+006	3003	3961	442	852	386	183	112013	1428	740	122084	104339	
246	8.27589e+006	3013	4003	440	844	392	183	112724	1436	767	122851	105035	
247	8.27513e+006	3014	4007	438	855	391	184	113453	1447	753	123604	105728	
248	8.27438e+006	3013	4036	442	851	394	185	114166	1455	754	124357	106418	
249	8.27362e+006	3035	4026	447	844	401	189	114901	1466	762	125119	107096	
250	8.27285e+006	3040	4045	456	849	398	189	115629	1475	772	125891	107797	
251	8.27207e+006	3063	4062	460	857	403	190	116337	1484	776	126667	108486	
252	8.2713e+006	3075	4053	467	866	403	186	117074	1496	766	127432	109174	
253	8.27052e+006	3099	4062	467	869	407	188	117810	1504	785	128218	109877	
254	8.26973e+006	3113	4081	466	875	405	186	118547	1516	786	129004	110589	
255	8.26893e+006	3138	4113	470	876	406	188	119273	1528	801	129805	111298	
256	8.26812e+006	3183	4118	464	881	403	190	120029	1538	811	130616	112006	
257	8.26732e+006	3196	4147	467	880	409	192	120768	1547	798	131414	112722	
258	8.26652e+006	3214	4178	468	882	405	189	121514	1556	804	132218	113443	
259	8.26574e+006	3189	4218	468	881	405	187	122264	1569	776	132994	114185	
260	8.26492e+006	3204	4249	476	886	411	190	123014	1580	826	133820	114929	
261	8.2641e+006	3226	4276	471	896	413	190	123766	1592	820	134639	115664	
262	8.2633e+006	3221	4312	473	889	418	193	124523	1603	800	135439	116405	
263	8.26249e+006	3257	4304	472	900	412	189	125293	1614	812	136251	117114	
264	8.26166e+006	3261	4331	485	900	414	194	126066	1622	830	137081	117862	
265	8.26084e+006	3257	4337	497	899	418	195	126856	1632	816	137896	118611	
266	8.26002e+006	3275	4333	491	904	423	193	127649	1640	817	138714	119351	
267	8.2592e+006	3285	4343	495	900	427	195	128435	1652	822	139536	120097	
268	8.25836e+006	3292	4366	497	915	430	198	129214	1659	837	140373	120863	
269	8.25753e+006	3305	4408	494	913	429	199	129983	1668	829	141202	121613	
270	8.2567e+006	3318	4413	481	925	426	195	130790	1679	830	142032	122369	
271	8.25585e+006	3354	4416	480	941	425	199	131584	1690	858	142890	123121	
272	8.255e+006	3360	4445	488	941	426	202	132372	1700	843	143733	123888	
273	8.25417e+006	3363	4461	489	950	425	201	133168	1708	831	144564	124651	
274	8.25331e+006	3390	4449	502	957	430	201	133977	1717	857	145422	125401	
275	8.25247e+006	3380	4479	515	966	429	200	134772	1729	848	146270	126180	
276	8.2516e+006	3402	4503	516	974	433	204	135565	1742	865	147134	126958	
277	8.25075e+006	3423	4513	515	967	436	204	136380	1754	853	147987	127723	
278	8.24989e+006	3421	4540	509	972	437	201	137198	1765	855	148842	128520	
279	8.24901e+006	3455	4551	517	964	442	204	138020	1776	882	149725	129293	
280	8.24811e+006	3491	4588	515	953	449	208	138846	1784	901	150625	130084	
281	8.24723e+006	3522	4590	507	952	455	207	139689	1794	883	151509	130869	
282	8.24637e+006	3528	4600	509	950	459	206	140518	1806	862	152371	131659	
283	8.24548e+006	3534	4653	508	957	467	210	141327	1814	889	153259	132474	
284	8.24458e+006	3531	4684	520	959	463	207	142173	1827	898	154157	133299	
285	8.24368e+006	3544	4717	522	973	464	208	142996	1837	896	155053	134110	
286	8.24279e+006	3577	4715	521	990	459	204	143837	1848	895	155948	134901	
287	8.24188e+006	3599	4751	521	993	453	205	144682	1859	910	156858	135724	
288	8.24099e+006	3591	4790	524	994	462	208	145517	1869	889	157748	136551	
289	8.2401e+006	3581	4798	531	1012	464	209	146366	1882	887	158634	137375	
290	8.2392e+006	3587	4791	532	1036	462	207	147232	1896	901	159535	138200	
291	8.23829e+006	3588	4816	534	1043	462	209	148096	1908	912	160446	139034	
292	8.23739e+006	3601	4842	535	1036	461	210	148952	1921	902	161348	139849	
293	8.23647e+006	3637	4839	536	1051	459	210	149818	1931	923	162271	140668	
294	8.23558e+006	3625	4836	542	1060	461	212	150695	1941	888	163160	141491	
295	8.23464e+006	3645	4846	547	1046	469	214	151590	1948	932	164092	142326	
296	8.23375e+006	3634	4859	542	1032	484	220	152473	1959	891	164983	143158	
297	8.23284e+006	3630	4871	542	1036	488	221	153366	1969	918	165901	144005	
298	8.23193e+006	3649	4875	537	1042	485	223	154238	1983	908	166809	144824	
299	8.23102e+006	3626	4914	544	1033	480	218	155125	1996	909	167718	145681	
300	8.23011e+006	3640	4912	536	1043	483	222	156002	2006	905	168623	146509	
301	8.22917e+006	3667	4927	528	1048	489	224	156893	2017	945	169568	147359	
302	8.22826e+006	3666	4928	532	1048	492	228	157780	2028	907	170475	148192	
303	8.22735e+006	3665	4922	525	1052	501	232	158680	2038	908	171383	149034	
304	8.22643e+006	3683	4933	530	1069	502	233	159539	2051	923	172306	149866	
305	8.22551e+006	3659	4944	532	1075	499	232	160454	2064	920	173227	150734	
306	8.22459e+006	3674	4950	543	1063	495	235	161346	2078	923	174149	151563	
307	8.22365e+006	3699	4940	542	1072	496	235	162244	2089	933	175082	152403	
308	8.22271e+006	3723	4949	549	1074	501	236	163133	2100	947	176029	153245	
309	8.22179e+006	3724	4955	554	1068	508	241	164032	2110	922	176951	154089	
310	8.22085e+006	3738	4971	555	1062	512	242	164927	2122	936	177887	154938	
311	8.21993e+006	3729	4957	556	1070	509	238	165853	2136	924	178811	155796	
312	8.219e+006	3712	4996	558	1078	505	234	166745	2147	930	179741	156665	
313	8.21806e+006	3731	5003	565	1074	503	231	167645	2161	940	180681	157512	
314	8.21715e+006	3701	5030	550	1072	507	234	168557	2171	906	181587	158383	
315	8.21621e+006	3719	5034	551	1074	505	236	169467	2180	942	182530	159234	
316	8.21527e+006	3728	5043	549	1070	502	231	170384	2193	940	183469	160093	
317	8.21432e+006	3739	5051	548	1063	509	235	171306	2205	951	184420	160954	
318	8.21338e+006	3768	5013	546	1067	503	232	172239	2219	935	185355	161785	
319	8.21241e+006	3798	5033	546	1064	501	230	173152	2233	973	186328	162651	
320	8.21148e+006	3785	5023	559	1080	495	227	174066	2246	927	187255	163511	
321	8.21055e+006	3769	5047	562	1081	498	226	174975	2257	935	188190	164386	
322	8.20961e+006	3774	5044	570	1082	503	227	175887	2269	939	189129	165239	
323	8.20866e+006	3747	5074	573	1086	500	229	176816	2279	945	190074	166135	
324	8.20772e+006	3760	5092	576	1080	503	227	177715	2290	941	191015	166985	
325	8.20677e+006	3773	5077	583	1083	506	225	178640	2301	948	191963	167838	
326	8.20581e+006	3793	5080	579	1077	505	227	179575	2313	959	192922	168700	
327	8.20486e+006	3803	5078	576	1084	498	220	180510	2329	955	193877	169571	
328	8.2039e+006	3817	5083	577	1093	496	220	181425	2342	956	194833	170432	
329	8.20294e+006	3829	5059	577	1101	500	221	182374	2353	959	195792	171303	
330	8.202e+006	3817	5090	577	1104	505	223	183282	2363	947	196739	172182	
331	8.20105e+006	3811	5120	567	1106	504	225	184204	2376	949	197688	173064	
332	8.2001e+006	3808	5133	570	1110	503	224	185128	2388	952	198641	173941	
333	8.19914e+006	3806	5142	575	1106	507	226	186064	2397	957	199598	174825	
334	8.19816e+006	3835	5148	576	1111	509	227	186985	2411	976	200574	175692	
335	8.19719e+006	3858	5153	572	1101	515	230	187927	2421	973	201547	176567	
336	8.19622e+006	3877	5154	565	1099	517	232	188872	2434	971	202518	177449	
337	8.19524e+006	3902	5155	565	1101	518	234	189814	2444	982	203500	178333	
338	8.19426e+006	3899	5168	573	1107	525	239	190745	2455	972	204472	179224	
339	8.19327e+006	3919	5180	575	1110	523	239	191689	2469	993	205466	180118	
340	8.1923e+006	3917	5208	571	1111	522	239	192623	2482	969	206435	181012	
341	8.19133e+006	3911	5241	571	1118	526	239	193551	2493	976	207411	181923	
342	8.19036e+006	3907	5253	579	1117	528	240	194487	2508	968	208380	182815	
343	8.18939e+006	3883	5280	588	1124	529	238	195424	2521	968	209348	183726	
344	8.18839e+006	3911	5280	581	1121	531	238	196390	2532	997	210345	184620	
345	8.18745e+006	3880	5282	582	1127	526	236	197348	2545	946	211291	185514	
346	8.18646e+006	3894	5281	581	1132	533	240	198294	2558	983	212274	186409	
347	8.18548e+006	3905	5267	581	1139	536	240	199253	2572	980	213254	187302	
348	8.18448e+006	3912	5286	587	1145	535	240	200209	2584	1004	214258	188215	
349	8.18348e+006	3961	5241	584	1145	537	237	201190	2595	995	215253	189085	
350	8.18251e+006	3956	5258	581	1144	539	240	202144	2608	977	216230	189994	
351	8.1815e+006	3987	5259	584	1148	537	241	203103	2624	1011	217241	190897	
352	8.18049e+006	3987	5283	595	1133	540	244	204069	2636	1004	218244	191816	
353	8.17947e+006	4011	5300	605	1130	543	245	205025	2651	1020	219264	192728	
354	8.17848e+006	4032	5282	602	1135	540	244	206007	2664	997	220261	193624	
355	8.1775e+006	3996	5348	602	1132	546	249	206939	2675	976	221237	194553	
356	8.17653e+006	3964	5359	612	1141	546	249	207895	2691	971	222208	195472	
357	8.17553e+006	3946	5394	617	1140	553	253	208858	2703	1002	223210	196405	
358	8.17452e+006	3954	5393	611	1153	555	251	209833	2716	1006	224216	197323	
359	8.17353e+006	3969	5380	604	1151	551	253	210821	2730	991	225206	198223	
360	8.17253e+006	3997	5378	600	1152	552	253	211782	2744	999	226205	199114	
361	8.17152e+006	4005	5373	596	1160	553	254	212771	2757	1010	227215	200040	
362	8.1705e+006	4019	5376	595	1156	554	253	213764	2771	1019	228234	200967	
363	8.16951e+006	4019	5356	586	1164	558	255	214759	2784	991	229225	201882	
364	8.16851e+006	4025	5357	586	1155	561	256	215748	2796	1005	230230	202801	
External infections start at day 1 and end at:	19	Number of imported cases each day	10	
Number of contacts per day:	5	
Number of contacts per day:	5	
Number of days asymptomatic patients are infectious before symptomatic	2	
Probability of transmission from exposed patients:	0.0418	
Probability of transmission from mild symptomatic patients:	0.0418	
Probability of transmission from hospitalized patients:	0	
Probability of transmission from ICU patients:	0	
Probability of testing for mild symptomatic patients:	0.75	

Adherence to Social Distancing parameters:
Day 0:	0	
Day 10:	0.8	
Day 20:	0.8	
Day 30:	0.8	
Day 40:	0.9	
Day 50:	0.9	
Day 60:	0.9	
