Day	Susceptible-LB	Susceptible-UB	Exposed-LB	Exposed-UB	Current Detected Mild Infections-LB	Current Detected Mild Infections-UB	Current Undetected Mild Infections-LB	Current Undetected Mild Infections-UB	Current Hospitalizations-LB	Current Hospitalizations-UB	Current ICU patients-LB	Current ICU patients-UB	ventilators-LB	ventilators-UB	Recovered-LB	Recovered-UB	Deaths-LB	Deaths-UB	new infections today-LB	new infections today-UB	total number of infections-LB	total number of infections-UB	Confirmed total number of infections-LB	Confirmed total number of infections-UB	
0	8.39714e+006	8.39714e+006	1600	1600	0	0	0	0	0	0	0	0	0	0	0	0	0	0	0	0	1600	1600	0	0	
1	8.39698e+006	8.39698e+006	1760	1760	0	0	0	0	0	0	0	0	0	0	0	0	0	0	160	160	1760	1760	0	0	
2	8.39682e+006	8.39682e+006	1920	1920	0	0	0	0	0	0	0	0	0	0	0	0	0	0	160	160	1920	1920	0	0	
3	8.39565e+006	8.3957e+006	3036	3084	0	0	0	0	0	0	0	0	0	0	0	0	0	0	1116	1164	3036	3084	0	0	
4	8.39444e+006	8.39451e+006	2625	2696	802	828	772	798	0	0	0	0	0	0	0	0	0	0	1176	1225	4225	4296	802	828	
5	8.39312e+006	8.3932e+006	3772	3861	880	907	853	880	0	0	0	0	0	0	0	0	0	0	1294	1339	5532	5621	880	907	
6	8.39102e+006	8.39116e+006	5654	5795	962	990	930	958	0	0	0	0	0	0	0	0	0	0	2027	2108	7574	7715	962	990	
7	8.38823e+006	8.38843e+006	7260	7434	1519	1590	1479	1532	0	0	0	0	0	0	0	0	0	0	2715	2810	10306	10507	1531	1578	
8	8.38463e+006	8.3849e+006	9602	9817	2110	2208	2067	2136	0	0	0	0	0	0	0	0	0	0	3510	3616	13838	14102	2129	2189	
9	8.38016e+006	8.38051e+006	12681	12968	2755	2872	2726	2801	0	0	0	0	0	0	0	0	0	0	4365	4497	18224	18578	2779	2848	
10	8.37477e+006	8.37524e+006	15900	16270	2968	3136	2947	3037	279	299	0	0	0	0	1301	1321	0	0	5247	5409	23492	23967	3960	4060	
11	8.36917e+006	8.36977e+006	18639	19081	4223	4456	4248	4367	306	327	0	0	0	0	1433	1454	0	0	5452	5623	28962	29571	5323	5452	
12	8.36266e+006	8.36342e+006	21465	21994	5874	6177	5950	6098	338	359	0	0	0	0	1561	1582	0	0	6339	6527	35320	36079	7091	7249	
13	8.3556e+006	8.35653e+006	23966	24579	7490	7868	7571	7754	562	594	0	0	0	0	2457	2507	0	0	6873	7076	42211	43137	9420	9634	
14	8.34879e+006	8.34987e+006	25356	25997	9480	9967	9627	9863	789	826	0	0	0	0	3420	3486	0	0	6631	6832	48868	49943	12144	12417	
15	8.3427e+006	8.34392e+006	25834	26480	11510	12127	11726	12016	1041	1084	0	0	0	0	4475	4554	0	0	5923	6113	54815	56032	14994	15332	
16	8.33788e+006	8.33922e+006	24177	24796	13602	14341	13913	14254	1154	1212	91	104	50	59	6303	6425	0	0	4686	4840	59517	60855	18340	18756	
17	8.33248e+006	8.33396e+006	22543	23136	15669	16528	15969	16367	1642	1706	98	111	53	62	8540	8717	0	0	5238	5416	64774	66253	22048	22545	
18	8.32657e+006	8.32818e+006	21669	22238	17225	18185	17508	17954	2292	2369	106	120	57	66	11409	11642	0	0	5755	5936	70553	72165	25729	26307	
19	8.3206e+006	8.32236e+006	21543	22124	17994	19013	18285	18752	2946	3044	168	186	84	97	15079	15379	0	0	5803	5993	76376	78138	29136	29807	
20	8.31465e+006	8.31659e+006	22612	23248	17739	18755	17977	18443	3733	3852	231	252	112	127	19493	19898	0	0	5752	5967	82146	84086	32004	32741	
21	8.30866e+006	8.31076e+006	23184	23839	17620	18645	17878	18351	4540	4681	306	330	146	162	24085	24591	0	0	5813	6005	87977	90073	35132	35962	
22	8.30258e+006	8.30484e+006	23322	24012	17334	18342	17588	18055	5373	5536	422	450	197	218	29495	30122	0	0	5904	6098	93898	96154	38614	39518	
23	8.29661e+006	8.29904e+006	23302	24016	16793	17791	17056	17526	6222	6418	572	606	267	292	35386	36144	0	0	5785	5994	99701	102131	42215	43207	
24	8.29083e+006	8.29343e+006	23145	23836	16353	17372	16611	17085	6862	7074	769	813	359	389	41201	42091	0	0	5593	5789	105311	107902	45758	46853	
25	8.28512e+006	8.28785e+006	22889	23562	16291	17329	16549	17034	7128	7341	1022	1078	472	507	46625	47652	0	0	5554	5734	110886	113615	49296	50490	
26	8.27945e+006	8.28232e+006	22500	23153	16849	17936	17192	17703	7024	7246	1218	1280	556	595	51195	52335	34	40	5514	5690	116417	119288	52717	53992	
27	8.27356e+006	8.2766e+006	22416	23062	17144	18268	17440	17953	6980	7195	1511	1582	695	735	56202	57479	36	42	5704	5900	122133	125175	56126	57510	
28	8.26766e+006	8.27087e+006	22539	23193	17080	18240	17320	17856	6865	7076	1870	1958	870	919	61732	63135	37	44	5719	5918	127870	131076	59513	60991	
29	8.26179e+006	8.26516e+006	22669	23349	16958	18100	17203	17726	6640	6834	2184	2280	1021	1075	67452	69008	53	62	5687	5886	133575	136944	62870	64428	
30	8.25596e+006	8.25949e+006	22807	23506	16841	17936	17100	17596	6446	6649	2496	2604	1163	1221	73093	74801	67	77	5653	5847	139246	142772	66188	67844	
31	8.25013e+006	8.25383e+006	22751	23459	16752	17863	17071	17573	6428	6629	2752	2867	1283	1346	78667	80520	88	100	5645	5854	144911	148607	69594	71351	
32	8.24435e+006	8.24821e+006	22631	23339	16672	17790	16962	17470	6659	6869	2890	3010	1347	1412	84192	86189	114	128	5599	5799	150529	154387	73043	74888	
33	8.23855e+006	8.24257e+006	22555	23273	16631	17742	16901	17414	6771	6995	3020	3147	1403	1470	89714	91867	152	166	5611	5821	156162	160186	76479	78415	
34	8.23279e+006	8.23698e+006	22482	23199	16616	17731	16974	17485	6744	6972	3143	3274	1463	1534	95180	97489	197	214	5575	5777	161753	165946	79831	81860	
35	8.22707e+006	8.23141e+006	22383	23085	16647	17796	17024	17551	6707	6925	3208	3338	1501	1572	100667	103120	256	279	5547	5741	167324	171663	83201	85328	
36	8.22131e+006	8.22582e+006	22354	23070	16668	17850	17072	17621	6663	6865	3246	3380	1510	1582	106134	108741	325	352	5571	5783	172914	177427	86538	88740	
37	8.21554e+006	8.22022e+006	22329	23041	16621	17814	17025	17579	6657	6859	3285	3421	1525	1599	111746	114515	398	428	5584	5793	178521	183196	89906	92206	
38	8.20979e+006	8.21462e+006	22316	23043	16556	17738	16962	17497	6606	6808	3257	3384	1502	1572	117467	120406	492	525	5562	5779	184112	188947	93219	95626	
39	8.20407e+006	8.20906e+006	22313	23041	16474	17648	16904	17442	6567	6763	3202	3326	1476	1544	123168	126279	587	626	5537	5746	189676	194664	96525	99019	
40	8.19837e+006	8.2035e+006	22280	22986	16467	17655	16827	17373	6567	6763	3146	3269	1454	1522	128801	132068	681	723	5538	5728	195239	200368	99862	102454	
41	8.19274e+006	8.19802e+006	22151	22840	16455	17644	16779	17321	6584	6799	3129	3248	1442	1506	134392	137806	758	802	5453	5648	200714	205994	103220	105923	
42	8.1871e+006	8.19254e+006	22044	22730	16721	17908	16494	17020	6592	6824	3180	3297	1471	1536	139891	143450	817	865	5460	5665	206193	211639	106825	109637	
43	8.1815e+006	8.1871e+006	21928	22607	16984	18155	16170	16684	6575	6814	3231	3350	1498	1569	145420	149130	887	939	5423	5621	211641	217235	110437	113348	
44	8.17589e+006	8.18163e+006	21833	22518	17252	18414	15866	16376	6546	6789	3228	3345	1489	1563	150968	154839	963	1020	5441	5640	217110	222847	114026	117037	
45	8.17028e+006	8.17617e+006	21817	22501	17520	18667	15521	16013	6568	6805	3211	3326	1477	1551	156466	160484	1034	1092	5432	5636	222570	228455	117611	120720	
46	8.16471e+006	8.17074e+006	21758	22435	17724	18864	15211	15693	6563	6818	3194	3303	1478	1551	161997	166174	1117	1175	5400	5600	227999	234026	121157	124378	
47	8.16049e+006	8.16663e+006	20417	21057	17909	19036	14864	15349	6562	6808	3173	3285	1466	1542	167545	171888	1196	1261	4083	4242	232103	238247	124713	128025	
48	8.15631e+006	8.16256e+006	19023	19618	17886	19003	14764	15246	6557	6810	3150	3270	1450	1524	173071	177568	1282	1349	4050	4200	236176	242423	128252	131661	
49	8.15214e+006	8.1585e+006	17628	18179	17824	18937	14719	15204	6557	6806	3138	3259	1440	1514	178571	183230	1356	1425	4040	4192	240240	246592	131759	135259	
50	8.14813e+006	8.15459e+006	16115	16616	17749	18866	14658	15145	6566	6801	3124	3242	1433	1505	184059	188874	1435	1506	3889	4036	244151	250605	135225	138816	
51	8.14424e+006	8.1508e+006	15794	16292	16987	18069	14051	14535	6522	6755	3129	3252	1436	1509	189499	194457	1511	1583	3763	3916	247936	254500	137986	141642	
52	8.14051e+006	8.14718e+006	15346	15836	16239	17260	13406	13862	6496	6731	3139	3270	1432	1506	194913	200028	1591	1664	3605	3741	251559	258223	140715	144446	
53	8.13692e+006	8.14368e+006	14787	15257	15485	16452	12802	13216	6444	6674	3128	3249	1415	1486	200339	205617	1675	1751	3482	3612	255060	261816	143419	147221	
54	8.13348e+006	8.14033e+006	14216	14689	14612	15532	12126	12529	6399	6635	3124	3249	1417	1491	205778	211198	1748	1827	3325	3461	258403	265258	146034	149899	
55	8.13029e+006	8.13723e+006	13541	13985	13702	14577	11373	11760	6373	6610	3152	3277	1429	1500	211170	216724	1820	1900	3083	3217	261511	268450	148611	152547	
56	8.12724e+006	8.13427e+006	12872	13309	12738	13554	10549	10916	6359	6603	3144	3269	1416	1489	216551	222237	1889	1973	2936	3065	264466	271496	151086	155081	
57	8.12437e+006	8.13148e+006	12164	12591	12406	13194	10287	10638	6105	6341	3121	3252	1405	1478	220856	226662	1964	2050	2774	2894	267261	274370	153376	157432	
58	8.12163e+006	8.1288e+006	11494	11890	11981	12764	9986	10331	5832	6044	3110	3242	1403	1476	225135	231065	2041	2130	2655	2760	269937	277109	155548	159673	
59	8.11894e+006	8.12618e+006	11013	11382	11461	12222	9551	9896	5553	5761	3104	3233	1397	1471	229413	235450	2112	2205	2601	2710	272558	279798	157603	161785	
60	8.11639e+006	8.12371e+006	10522	10884	10933	11684	9123	9467	5259	5461	3105	3237	1399	1477	233543	239687	2184	2280	2445	2568	275023	282346	159565	163801	
61	8.11391e+006	8.12131e+006	10133	10486	10393	11106	8687	9009	4932	5125	3099	3233	1396	1476	237582	243840	2263	2361	2381	2499	277427	284823	161440	165730	
62	8.11161e+006	8.11907e+006	9698	10050	9862	10534	8283	8585	4572	4753	3102	3234	1404	1483	241490	247863	2334	2435	2222	2322	279667	287126	163216	167548	
63	8.10941e+006	8.11693e+006	9213	9564	9391	10034	7883	8171	4444	4618	3013	3141	1370	1450	245130	251599	2415	2515	2120	2220	281805	289328	164975	169350	
64	8.1073e+006	8.11488e+006	8800	9126	8938	9570	7455	7744	4301	4467	2925	3045	1317	1397	248628	255206	2492	2598	2037	2125	283857	291439	166646	171068	
65	8.10526e+006	8.11291e+006	8367	8686	8567	9184	7125	7412	4112	4275	2824	2936	1271	1348	251947	258615	2571	2682	1953	2054	285829	293474	168244	172707	
66	8.1033e+006	8.111e+006	8038	8350	8190	8771	6804	7065	3930	4083	2740	2857	1234	1309	255091	261857	2646	2759	1893	1985	287741	295440	169745	174253	
67	8.10142e+006	8.10916e+006	7732	8029	8058	8621	6286	6537	3722	3874	2663	2774	1205	1273	258089	264952	2719	2837	1813	1900	289573	297321	171394	175949	
68	8.09967e+006	8.10746e+006	7379	7659	7959	8509	5772	6010	3550	3686	2558	2666	1162	1227	260970	267908	2794	2914	1681	1760	291272	299063	172989	177582	
69	8.09798e+006	8.10582e+006	7056	7319	7795	8338	5293	5520	3372	3505	2452	2554	1121	1182	263807	270816	2864	2987	1627	1717	292920	300758	174493	179137	
70	8.09634e+006	8.10423e+006	6729	6986	7687	8205	4851	5068	3196	3323	2330	2425	1056	1111	266498	273596	2939	3063	1566	1652	294502	302393	175956	180638	
71	8.0948e+006	8.10273e+006	6402	6647	7557	8049	4423	4615	3075	3190	2184	2275	992	1045	269102	276274	3010	3140	1485	1562	296008	303934	177345	182070	
72	8.09332e+006	8.10129e+006	6144	6386	7438	7898	4015	4190	2925	3036	2030	2120	917	968	271570	278811	3086	3216	1424	1499	297448	305417	178646	183405	
73	8.09188e+006	8.09988e+006	5903	6133	7130	7572	3837	4006	2806	2917	1959	2047	885	935	273843	281147	3142	3273	1386	1462	298856	306858	179876	184669	
74	8.09051e+006	8.09854e+006	5653	5875	6804	7240	3694	3863	2676	2787	1887	1973	860	910	276048	283405	3193	3327	1318	1392	300195	308229	181033	185862	
75	8.08921e+006	8.09728e+006	5403	5634	6506	6909	3533	3692	2562	2675	1803	1885	822	870	278164	285583	3249	3383	1240	1316	301454	309525	182137	186993	
76	8.08799e+006	8.0961e+006	5147	5370	6195	6577	3381	3531	2466	2582	1712	1790	789	836	280211	287680	3300	3439	1170	1233	302639	310743	183201	188087	
77	8.0868e+006	8.09493e+006	4908	5120	5929	6298	3223	3370	2347	2463	1629	1706	749	797	282191	289711	3355	3492	1149	1211	303806	311936	184243	189151	
78	8.08566e+006	8.09382e+006	4681	4887	5684	6056	3101	3248	2268	2380	1548	1625	711	760	283998	291563	3406	3546	1089	1160	304913	313078	185224	190156	
79	8.08458e+006	8.09277e+006	4473	4662	5429	5801	2963	3109	2154	2266	1479	1553	670	719	285775	293395	3457	3599	1030	1094	305962	314152	186158	191116	
80	8.08354e+006	8.09175e+006	4304	4494	5182	5530	2820	2954	2064	2173	1407	1481	647	696	287476	295147	3502	3645	1002	1064	306983	315198	187032	192016	
81	8.08256e+006	8.09079e+006	4097	4279	4970	5305	2699	2825	1977	2080	1345	1413	620	667	289090	296804	3543	3689	942	995	307942	316176	187897	192901	
82	8.0816e+006	8.08985e+006	3930	4096	4753	5086	2581	2705	1885	1983	1284	1354	598	644	290644	298403	3583	3730	921	978	308883	317135	188712	193743	
83	8.0807e+006	8.08898e+006	3757	3920	4529	4851	2451	2571	1802	1895	1229	1296	573	617	292154	299950	3620	3768	861	914	309757	318035	189495	194540	
84	8.07983e+006	8.08813e+006	3592	3748	4328	4636	2338	2457	1713	1801	1179	1244	545	589	293592	301426	3659	3810	837	892	310610	318911	190247	195308	
85	8.07899e+006	8.0873e+006	3451	3612	4124	4407	2247	2360	1643	1726	1128	1195	523	563	294935	302808	3697	3848	804	857	311433	319749	190953	196028	
86	8.07819e+006	8.08653e+006	3282	3447	3966	4240	2159	2271	1573	1650	1080	1144	497	535	296208	304117	3729	3881	755	810	312203	320544	191645	196733	
87	8.07743e+006	8.08579e+006	3154	3316	3779	4052	2054	2164	1495	1567	1026	1093	473	512	297472	305409	3763	3917	732	784	312951	321311	192291	197398	
88	8.07669e+006	8.08506e+006	3019	3179	3610	3868	1975	2078	1415	1490	982	1048	456	495	298668	306638	3798	3952	701	756	313673	322046	192911	198033	
89	8.07599e+006	8.08439e+006	2880	3034	3441	3694	1918	2015	1362	1433	936	1001	436	475	299785	307784	3828	3985	664	712	314351	322744	193500	198634	
90	8.07531e+006	8.08372e+006	2775	2922	3282	3528	1832	1924	1301	1375	894	957	415	452	300883	308907	3852	4011	650	698	315017	323426	194064	199221	
91	8.07466e+006	8.08308e+006	2663	2807	3157	3409	1742	1835	1243	1311	860	923	397	434	301909	309955	3878	4039	622	667	315655	324078	194628	199796	
92	8.07404e+006	8.08247e+006	2557	2690	3020	3267	1660	1754	1197	1265	819	878	372	411	302910	310978	3904	4067	594	640	316265	324701	195166	200346	
93	8.07344e+006	8.08189e+006	2456	2591	2888	3129	1596	1690	1153	1220	779	836	352	389	303844	311936	3930	4094	564	611	316843	325299	195665	200857	
94	8.07285e+006	8.08133e+006	2355	2488	2774	3012	1521	1615	1108	1173	735	792	334	370	304761	312878	3954	4119	551	593	317404	325882	196152	201357	
95	8.0723e+006	8.08079e+006	2262	2392	2664	2900	1445	1542	1049	1109	707	763	322	357	305652	313785	3976	4141	530	570	317949	326437	196621	201833	
96	8.07176e+006	8.08026e+006	2178	2311	2569	2791	1384	1475	997	1054	682	736	309	343	306481	314638	3996	4162	510	560	318476	326980	197071	202296	
97	8.07122e+006	8.07974e+006	2121	2249	2452	2669	1336	1423	952	1013	653	705	294	328	307275	315454	4022	4187	508	548	318999	327514	197491	202733	
98	8.07072e+006	8.07924e+006	2053	2178	2344	2557	1289	1377	910	970	624	671	279	313	308047	316244	4044	4209	484	521	319497	328020	197903	203160	
99	8.07025e+006	8.07879e+006	1963	2091	2259	2466	1242	1325	868	927	595	641	269	300	308775	316996	4064	4229	439	484	319950	328491	198306	203567	
100	8.06978e+006	8.07833e+006	1897	2015	2170	2380	1192	1270	828	884	576	618	259	288	309487	317726	4080	4245	444	483	320409	328958	198693	203964	
101	8.06934e+006	8.0779e+006	1804	1917	2106	2310	1141	1222	799	854	547	588	247	273	310167	318418	4096	4263	415	451	320837	329396	199081	204358	
102	8.06891e+006	8.07748e+006	1726	1842	2036	2233	1102	1180	770	830	523	562	239	263	310814	319079	4110	4278	406	446	321255	329830	199452	204735	
103	8.06823e+006	8.07682e+006	1932	2052	1946	2143	1067	1142	747	808	501	540	234	259	311422	319706	4126	4292	644	696	321916	330508	199783	205080	
104	8.06759e+006	8.0762e+006	2090	2227	1884	2077	1022	1098	707	763	482	520	228	252	312030	320337	4140	4308	604	656	322536	331148	200123	205425	
105	8.06698e+006	8.07561e+006	2249	2403	1812	2001	981	1054	674	729	462	496	220	242	312612	320934	4156	4323	574	626	323127	331758	200437	205748	
106	8.06633e+006	8.07498e+006	2458	2623	1748	1927	941	1013	655	708	441	476	214	236	313162	321503	4171	4339	614	668	323757	332409	200748	206070	
107	8.06565e+006	8.07432e+006	2456	2619	1837	2028	986	1061	630	677	417	453	203	226	313721	322077	4185	4353	642	691	324416	333084	201218	206550	
108	8.06499e+006	8.07368e+006	2480	2638	1899	2104	1042	1122	612	658	401	437	193	218	314237	322608	4198	4365	628	674	325058	333744	201647	206993	
109	8.0643e+006	8.073e+006	2565	2723	1991	2204	1084	1165	572	615	386	422	185	210	314735	323125	4209	4376	658	713	325736	334438	202059	207422	
110	8.06357e+006	8.07228e+006	2648	2807	2099	2331	1142	1226	554	594	363	399	174	198	315224	323621	4222	4390	697	750	326454	335167	202500	207881	
111	8.06281e+006	8.07154e+006	2729	2898	2244	2487	1225	1311	530	573	348	383	167	191	315681	324088	4232	4399	723	784	327198	335930	202957	208350	
112	8.06201e+006	8.07077e+006	2857	3037	2383	2631	1309	1394	511	552	338	371	160	183	316123	324544	4240	4407	756	813	327971	336725	203401	208806	
113	8.06115e+006	8.06993e+006	3011	3204	2381	2635	1321	1412	540	586	328	361	152	175	316754	325187	4250	4418	811	881	328804	337584	203883	209298	
114	8.0603e+006	8.06911e+006	3119	3324	2455	2708	1341	1433	559	611	313	344	142	164	317360	325809	4260	4429	803	872	329626	338437	204396	209820	
115	8.05944e+006	8.06827e+006	3215	3424	2553	2815	1388	1486	597	653	292	320	131	150	317924	326388	4270	4439	820	884	330470	339297	204924	210364	
116	8.05855e+006	8.0674e+006	3307	3526	2639	2903	1444	1544	629	686	278	304	122	140	318526	327014	4280	4449	847	916	331339	340191	205466	210920	
117	8.0576e+006	8.06648e+006	3388	3616	2737	3021	1513	1618	681	737	267	292	118	135	319138	327639	4288	4457	895	967	332254	341139	206042	211519	
118	8.05665e+006	8.06556e+006	3493	3715	2847	3153	1574	1687	720	778	258	284	114	132	319742	328259	4297	4465	905	974	333181	342091	206617	212117	
119	8.05563e+006	8.06457e+006	3638	3868	2940	3257	1640	1757	728	790	260	287	114	132	320396	328931	4306	4474	961	1041	334171	343103	207198	212715	
120	8.05457e+006	8.06354e+006	3799	4036	3023	3357	1702	1827	746	805	265	294	116	135	321084	329632	4313	4481	1007	1085	335200	344165	207799	213331	
121	8.05351e+006	8.06251e+006	3908	4155	3129	3473	1769	1895	772	831	272	301	118	137	321790	330353	4320	4488	1005	1085	336229	345226	208444	213995	
122	8.05241e+006	8.06143e+006	4048	4306	3222	3569	1830	1955	798	860	274	304	121	141	322528	331112	4326	4495	1046	1124	337302	346325	209087	214660	
123	8.05125e+006	8.0603e+006	4192	4461	3327	3681	1875	2002	827	898	279	308	124	144	323313	331926	4334	4503	1110	1190	338436	347490	209786	215375	
124	8.05006e+006	8.05915e+006	4308	4584	3457	3817	1950	2079	873	944	290	320	128	150	324070	332712	4343	4512	1123	1209	339585	348673	210505	216120	
125	8.04885e+006	8.05796e+006	4467	4749	3583	3964	2005	2136	892	963	310	341	138	160	324869	333526	4349	4518	1159	1254	340781	349890	211225	216864	
126	8.04756e+006	8.05671e+006	4634	4940	3715	4105	2070	2206	914	987	330	364	148	170	325691	334370	4352	4522	1216	1313	342027	351174	211977	217633	
127	8.04626e+006	8.05544e+006	4767	5081	3855	4254	2142	2283	942	1019	348	383	156	179	326555	335263	4356	4526	1240	1333	343297	352478	212773	218453	
128	8.04493e+006	8.05415e+006	4904	5228	3993	4415	2213	2365	973	1050	361	396	161	183	327431	336165	4363	4533	1259	1356	344586	353803	213576	219279	
129	8.04351e+006	8.05277e+006	5090	5431	4107	4546	2294	2451	1008	1085	367	407	166	191	328369	337124	4372	4541	1346	1456	345965	355226	214409	220127	
130	8.04206e+006	8.05136e+006	5251	5595	4237	4704	2365	2529	1043	1120	380	421	175	199	329342	338128	4381	4550	1375	1480	347372	356675	215286	221033	
131	8.04058e+006	8.04992e+006	5415	5778	4394	4865	2447	2612	1093	1174	390	432	180	203	330302	339116	4390	4559	1406	1515	348813	358154	216176	221952	
132	8.03907e+006	8.04847e+006	5587	5957	4534	5023	2519	2687	1133	1219	404	445	186	207	331310	340149	4398	4567	1430	1535	350271	359662	217086	222888	
133	8.03749e+006	8.04693e+006	5739	6125	4685	5204	2600	2777	1176	1261	418	459	187	210	332381	341250	4406	4575	1501	1622	351811	361245	218059	223894	
134	8.03585e+006	8.04535e+006	5906	6317	4845	5381	2691	2871	1226	1313	430	472	193	215	333459	342355	4416	4585	1543	1671	353385	362885	219041	224907	
135	8.03417e+006	8.04373e+006	6082	6522	5017	5567	2764	2948	1256	1348	451	492	202	227	334591	343512	4427	4595	1584	1718	355006	364567	220057	225951	
136	8.03243e+006	8.04205e+006	6296	6767	5169	5722	2831	3011	1297	1390	462	504	208	234	335772	344733	4437	4606	1646	1777	356689	366306	221091	227027	
137	8.03065e+006	8.04032e+006	6487	6966	5330	5922	2915	3114	1336	1431	481	522	215	241	336970	345970	4448	4616	1693	1821	358421	368089	222173	228143	
138	8.02882e+006	8.03854e+006	6682	7158	5508	6132	3014	3226	1380	1477	498	543	225	254	338190	347219	4458	4626	1736	1864	360195	369914	223283	229297	
139	8.02691e+006	8.0367e+006	6904	7382	5652	6310	3094	3325	1433	1533	518	562	228	258	339485	348554	4469	4638	1803	1946	362036	371822	224433	230487	
140	8.02497e+006	8.03481e+006	7106	7592	5821	6514	3185	3428	1470	1573	535	578	238	266	340825	349934	4480	4650	1846	1989	363925	373768	225611	231711	
141	8.02292e+006	8.03283e+006	7353	7861	6009	6724	3281	3528	1520	1628	558	604	250	281	342180	351326	4491	4661	1942	2088	365904	375819	226837	232977	
142	8.02083e+006	8.03081e+006	7599	8130	6187	6927	3404	3659	1555	1664	579	630	260	292	343570	352760	4502	4673	1984	2132	367929	377910	228072	234250	
143	8.01864e+006	8.02871e+006	7853	8412	6378	7137	3514	3773	1612	1730	601	653	274	307	345018	354244	4514	4685	2058	2226	370027	380096	229370	235599	
144	8.01642e+006	8.02658e+006	8094	8683	6574	7345	3619	3885	1664	1789	620	673	283	316	346506	355794	4527	4698	2089	2257	372157	382313	230695	236968	
145	8.01412e+006	8.02436e+006	8332	8935	6801	7579	3756	4016	1712	1848	634	691	293	326	348049	357386	4540	4712	2180	2341	374375	384615	232089	238415	
146	8.01177e+006	8.02208e+006	8581	9209	7012	7812	3877	4144	1762	1911	660	719	303	336	349636	359022	4557	4728	2230	2409	376660	386969	233508	239884	
147	8.00935e+006	8.01974e+006	8806	9447	7229	8074	4013	4297	1806	1963	685	743	316	350	351283	360714	4572	4742	2284	2463	378992	389384	234988	241425	
148	8.00684e+006	8.01733e+006	9097	9737	7448	8340	4135	4437	1863	2024	706	765	326	359	352964	362445	4586	4757	2375	2553	381410	391894	236483	242982	
149	8.00428e+006	8.01485e+006	9344	10008	7677	8589	4278	4588	1912	2073	731	791	339	375	354717	364261	4601	4773	2427	2612	383884	394459	238032	244596	
150	8.00164e+006	8.0123e+006	9624	10284	7927	8878	4406	4726	1987	2149	749	816	348	387	356493	366086	4620	4793	2509	2685	386438	397099	239654	246273	
151	7.99892e+006	8.00968e+006	9912	10593	8132	9118	4533	4869	2049	2209	773	844	358	397	358369	368032	4636	4810	2573	2771	389061	399821	241288	247970	
152	7.9961e+006	8.00696e+006	10199	10911	8389	9394	4674	5008	2119	2281	795	871	367	410	360279	370011	4655	4828	2665	2868	391774	402640	242988	249743	
153	7.99323e+006	8.0042e+006	10484	11225	8626	9653	4799	5142	2198	2359	819	899	374	417	362259	372074	4671	4844	2710	2928	394541	405511	244734	251565	
154	7.99025e+006	8.00132e+006	10799	11563	8888	9918	4954	5306	2270	2439	850	931	388	433	364269	374160	4689	4862	2822	3024	397417	408482	246521	253409	
155	7.9872e+006	7.99837e+006	11119	11904	9158	10222	5078	5433	2332	2510	870	951	392	437	366386	376354	4706	4880	2892	3113	400364	411541	248377	255345	
156	7.98405e+006	7.99534e+006	11429	12242	9427	10521	5233	5604	2401	2587	895	979	405	451	368552	378584	4728	4903	2976	3205	403395	414691	250282	257332	
157	7.98084e+006	7.99224e+006	11770	12576	9733	10863	5352	5728	2458	2657	915	1001	413	461	370785	380891	4747	4923	3052	3261	406500	417898	252258	259386	
158	7.97749e+006	7.98903e+006	12109	12953	10012	11173	5509	5900	2542	2737	949	1038	429	478	373068	383261	4767	4943	3163	3399	409711	421249	254284	261482	
159	7.97408e+006	7.98574e+006	12444	13304	10305	11504	5670	6082	2614	2820	970	1062	436	488	375419	385703	4789	4967	3227	3464	412995	424657	256363	263642	
160	7.97055e+006	7.98235e+006	12804	13679	10612	11868	5821	6247	2695	2903	1005	1098	448	500	377836	388205	4807	4987	3337	3579	416385	428182	258504	265873	
161	7.96693e+006	7.97886e+006	13189	14098	10914	12186	5990	6427	2791	3006	1034	1127	460	511	380312	390774	4828	5009	3437	3681	419877	431808	260697	268144	
162	7.96319e+006	7.97527e+006	13566	14489	11222	12528	6178	6618	2874	3089	1072	1166	479	530	382879	393447	4853	5034	3540	3790	423469	435546	262955	270512	
163	7.95939e+006	7.9716e+006	13941	14889	11544	12869	6367	6819	2972	3194	1102	1196	492	545	385493	396160	4877	5059	3604	3863	427132	439350	265281	272936	
164	7.95545e+006	7.9678e+006	14356	15300	11903	13270	6520	6976	3052	3290	1144	1238	511	563	388220	398975	4898	5082	3753	3989	430934	443290	267702	275468	
165	7.95137e+006	7.96389e+006	14785	15748	12272	13663	6697	7150	3134	3378	1185	1282	532	585	391023	401878	4919	5104	3865	4129	434850	447368	270176	278051	
166	7.94718e+006	7.95986e+006	15215	16204	12632	14049	6891	7358	3228	3473	1225	1324	550	605	393894	404860	4948	5133	3969	4246	438875	451559	272705	280691	
167	7.94291e+006	7.95577e+006	15651	16660	13008	14478	7056	7542	3315	3560	1272	1378	575	630	396836	407905	4973	5160	4039	4319	442967	455826	275318	283407	
168	7.93855e+006	7.95159e+006	16023	17091	13405	14876	7249	7734	3406	3660	1307	1415	589	649	399895	411092	4999	5187	4124	4421	447150	460188	278007	286203	
169	7.93401e+006	7.94723e+006	16451	17556	13790	15294	7493	7989	3497	3753	1350	1462	609	669	403023	414330	5024	5213	4293	4595	451502	464724	280754	289073	
170	7.92933e+006	7.94274e+006	16918	18050	14152	15699	7744	8272	3601	3868	1384	1498	625	685	406244	417670	5056	5247	4436	4741	455992	469411	283585	292027	
171	7.92455e+006	7.93816e+006	17406	18567	14515	16100	7973	8519	3722	3988	1424	1539	645	706	409547	421106	5084	5276	4528	4835	460575	474191	286468	295041	
172	7.91967e+006	7.9335e+006	17894	19078	14887	16516	8182	8737	3851	4130	1464	1583	662	724	412934	424629	5116	5308	4612	4931	465241	479068	289429	298142	
173	7.91464e+006	7.92869e+006	18349	19568	15299	16975	8447	9021	3959	4254	1518	1641	687	752	416405	428220	5146	5339	4749	5084	470049	484094	292502	301354	
174	7.90942e+006	7.92368e+006	18869	20101	15745	17496	8666	9271	4089	4391	1550	1676	701	766	420015	431952	5178	5372	4955	5275	475055	489318	295709	304707	
175	7.90412e+006	7.91861e+006	19353	20626	16224	18019	8844	9461	4220	4523	1595	1725	722	786	423722	435811	5213	5409	5011	5361	480123	494621	299005	308156	
176	7.89868e+006	7.91342e+006	19880	21185	16657	18493	9053	9672	4338	4647	1637	1774	741	808	427553	439796	5246	5444	5141	5489	485320	500054	302316	311627	
177	7.89306e+006	7.90804e+006	20450	21781	17105	19000	9304	9941	4467	4789	1681	1818	755	821	431436	443840	5281	5481	5319	5680	490698	505676	305723	315202	
178	7.88733e+006	7.90255e+006	20922	22297	17636	19556	9599	10244	4558	4889	1736	1880	770	841	435435	448003	5317	5519	5426	5792	496182	511410	309247	318890	
179	7.88144e+006	7.89693e+006	21481	22884	18094	20064	9851	10510	4681	5021	1790	1938	801	875	439574	452314	5352	5557	5570	5947	501811	517298	312833	322655	
180	7.87538e+006	7.89116e+006	22058	23501	18514	20532	10123	10803	4801	5151	1856	2007	833	909	443841	456769	5386	5593	5714	6110	507579	523354	316504	326494	
181	7.86912e+006	7.88518e+006	22658	24136	18980	21054	10436	11137	4939	5297	1917	2069	861	936	448182	461297	5428	5637	5918	6317	513554	529615	320317	330480	
182	7.86284e+006	7.87919e+006	23165	24682	19471	21597	10744	11469	5079	5441	1966	2121	883	959	452615	465935	5472	5681	5932	6339	519547	535893	324197	334537	
183	7.85631e+006	7.87294e+006	23776	25335	19993	22164	11036	11773	5194	5566	2019	2172	907	983	457207	470741	5517	5727	6184	6598	525794	542427	328175	338699	
184	7.84962e+006	7.86659e+006	24353	25977	20479	22721	11302	12059	5354	5727	2074	2234	936	1014	461959	475702	5555	5768	6291	6752	532148	549116	332253	342992	
185	7.84271e+006	7.86e+006	24961	26632	21079	23371	11601	12373	5487	5866	2137	2297	970	1051	466790	480757	5599	5812	6527	6971	538732	556029	336486	347445	
186	7.83574e+006	7.85335e+006	25620	27318	21566	23914	11900	12684	5637	6019	2196	2361	1000	1084	471729	485925	5647	5862	6590	7025	545384	562993	340707	351878	
187	7.82855e+006	7.8465e+006	26231	27973	22090	24492	12231	13034	5780	6170	2253	2419	1028	1114	476866	491289	5691	5906	6795	7253	552234	570191	345101	356477	
188	7.82121e+006	7.83951e+006	26871	28618	22681	25180	12487	13324	5929	6334	2313	2477	1064	1148	482091	496751	5739	5958	6931	7396	559222	577530	349645	361257	
189	7.81366e+006	7.83231e+006	27490	29247	23285	25861	12820	13687	6115	6530	2367	2533	1085	1167	487436	502338	5785	6006	7144	7601	566423	585075	354311	366161	
190	7.80588e+006	7.82489e+006	28269	30062	23851	26474	13116	14003	6273	6700	2423	2596	1111	1198	492935	508107	5838	6061	7370	7840	573849	592859	359028	371101	
191	7.79796e+006	7.81735e+006	28951	30785	24427	27112	13405	14312	6455	6893	2477	2656	1140	1229	498614	514059	5894	6120	7480	7973	581383	600778	363910	376234	
192	7.78982e+006	7.80961e+006	29706	31580	25094	27842	13722	14655	6613	7070	2551	2736	1175	1265	504324	520026	5946	6174	7686	8192	589123	608916	368872	381451	
193	7.78148e+006	7.80166e+006	30458	32376	25704	28496	14066	15011	6774	7245	2621	2809	1203	1297	510285	526249	6004	6236	7896	8398	597076	617256	373940	386771	
194	7.77294e+006	7.79352e+006	31168	33138	26364	29163	14488	15429	6947	7446	2693	2889	1236	1336	516332	532608	6057	6291	8080	8602	605215	625798	379176	392282	
195	7.76425e+006	7.78523e+006	31915	33916	26989	29844	14806	15760	7114	7623	2771	2972	1265	1368	522601	539192	6127	6363	8224	8754	613504	634487	384531	397918	
196	7.75538e+006	7.77677e+006	32628	34655	27684	30611	15194	16172	7278	7789	2846	3051	1293	1398	528952	545846	6188	6427	8400	8931	621966	643357	390000	403679	
197	7.74627e+006	7.76812e+006	33336	35413	28366	31344	15601	16597	7479	7993	2927	3140	1328	1434	535466	552693	6244	6483	8602	9156	630619	652462	395645	409609	
198	7.73698e+006	7.75925e+006	34066	36172	29096	32136	16004	17025	7644	8172	3011	3233	1372	1484	542142	559687	6310	6553	8809	9361	639491	661761	401399	415655	
199	7.72743e+006	7.75013e+006	34904	37016	29787	32900	16382	17425	7815	8351	3101	3326	1412	1530	549010	566892	6379	6624	9062	9598	648610	671302	407255	421801	
200	7.71767e+006	7.74082e+006	35755	37908	30452	33630	16732	17800	8026	8544	3184	3415	1451	1567	556082	574313	6446	6697	9252	9822	657919	681066	413262	428106	
201	7.70772e+006	7.73134e+006	36581	38754	31178	34413	17124	18206	8204	8742	3282	3514	1485	1606	563276	581868	6510	6764	9427	10003	667399	691017	419386	434561	
202	7.69744e+006	7.72157e+006	37472	39738	31906	35192	17504	18611	8419	8975	3354	3586	1522	1642	570657	589629	6581	6838	9701	10344	677166	701296	425685	441162	
203	7.68702e+006	7.71164e+006	38290	40610	32634	35956	17935	19055	8643	9211	3435	3674	1559	1683	578236	597572	6651	6909	9878	10472	687097	711714	432147	447930	
204	7.67647e+006	7.70157e+006	39059	41390	33412	36789	18315	19456	8890	9457	3512	3758	1599	1723	585977	605707	6725	6986	10020	10603	697170	722264	438792	454896	
205	7.66562e+006	7.69121e+006	39936	42290	34200	37625	18718	19882	9122	9710	3582	3839	1640	1768	593887	613983	6803	7065	10308	10900	707530	733112	445505	461946	
206	7.65458e+006	7.68069e+006	40702	43039	35025	38567	19170	20376	9327	9932	3673	3935	1683	1814	601977	622460	6877	7143	10464	11096	718050	744152	452437	469245	
207	7.64336e+006	7.66996e+006	41491	43842	35835	39419	19626	20850	9572	10173	3761	4028	1723	1861	610226	631146	6954	7221	10670	11271	728772	755372	459480	476638	
208	7.63179e+006	7.6589e+006	42493	44861	36605	40223	20061	21294	9781	10383	3846	4115	1762	1899	618713	640053	7044	7317	11021	11624	739840	766949	466624	484132	
209	7.62003e+006	7.64767e+006	43357	45773	37386	41061	20519	21765	9977	10589	3945	4221	1807	1944	627450	649201	7126	7403	11168	11816	751065	778707	473958	491829	
210	7.60805e+006	7.63626e+006	44257	46711	38140	41876	20972	22229	10179	10812	4043	4321	1852	1991	636368	658550	7216	7497	11367	12031	762481	790690	481423	499673	
211	7.59585e+006	7.62461e+006	45189	47685	38958	42728	21388	22654	10414	11047	4146	4427	1908	2046	645423	668064	7304	7591	11600	12246	774130	802887	489042	507640	
212	7.58342e+006	7.61273e+006	45991	48545	39831	43548	21854	23095	10649	11311	4250	4539	1955	2095	654754	677877	7398	7685	11821	12486	786007	815317	496884	515858	
213	7.57076e+006	7.6006e+006	46898	49438	40610	44386	22346	23618	10854	11538	4347	4641	2004	2149	664290	687871	7491	7778	12075	12709	798136	827972	504796	524153	
214	7.55791e+006	7.5883e+006	47781	50320	41459	45322	22830	24126	11127	11815	4458	4749	2051	2195	673886	697933	7588	7879	12246	12919	810441	840831	512901	532657	
215	7.54483e+006	7.5758e+006	48630	51202	42300	46220	23265	24591	11369	12065	4575	4866	2104	2246	683794	708311	7683	7980	12450	13127	822938	853911	521152	541302	
216	7.53146e+006	7.563e+006	49552	52134	43148	47100	23767	25107	11610	12307	4667	4966	2148	2295	693879	718898	7787	8087	12745	13416	835736	867274	529565	550111	
217	7.51792e+006	7.55003e+006	50392	53023	44075	48048	24255	25587	11853	12555	4764	5069	2192	2342	704157	729657	7891	8197	12918	13595	848709	880814	538204	559137	
218	7.50413e+006	7.53685e+006	51272	53943	44848	48897	24686	26052	12101	12790	4871	5191	2240	2399	714772	740759	7997	8307	13126	13839	861885	894603	546937	568272	
219	7.49005e+006	7.52339e+006	52249	54942	45707	49791	25099	26479	12363	13062	4991	5313	2299	2459	725506	752010	8105	8423	13423	14130	875350	908690	555819	577568	
220	7.47584e+006	7.50978e+006	53060	55781	46593	50676	25597	26973	12604	13338	5102	5426	2358	2520	736449	763493	8218	8539	13556	14256	888953	922898	564881	587050	
221	7.46132e+006	7.49584e+006	54028	56757	47455	51569	26052	27430	12856	13606	5188	5517	2402	2564	747654	775210	8328	8659	13888	14568	902896	937412	574090	596686	
222	7.44657e+006	7.48166e+006	55028	57724	48317	52481	26488	27877	13145	13902	5295	5623	2445	2607	759024	787126	8437	8772	14124	14807	917077	952162	583466	606506	
223	7.4316e+006	7.46728e+006	55933	58616	49178	53422	26955	28377	13430	14205	5432	5768	2490	2656	770612	799213	8554	8894	14329	15021	931456	967134	593050	616539	
224	7.41637e+006	7.45266e+006	56935	59648	50000	54280	27432	28868	13691	14466	5546	5882	2535	2702	782423	811576	8671	9017	14559	15286	946072	982362	602704	626619	
225	7.40096e+006	7.43785e+006	57813	60540	50938	55214	27945	29362	13928	14707	5672	6020	2593	2766	794441	824151	8790	9140	14759	15467	960883	997778	612585	636939	
226	7.38534e+006	7.42282e+006	58660	61410	51848	56127	28418	29836	14197	14961	5797	6154	2653	2824	806723	836985	8918	9276	14969	15679	975913	1.0134e+006	622639	647405	
227	7.36958e+006	7.40764e+006	59454	62216	52770	57066	28905	30326	14460	15224	5921	6277	2719	2890	819186	850011	9040	9404	15123	15828	991098	1.02916e+006	632862	658056	
228	7.35358e+006	7.39223e+006	60249	62984	53697	58014	29396	30840	14708	15492	6044	6402	2776	2946	831858	863262	9174	9546	15354	16054	1.00651e+006	1.04516e+006	643262	668881	
229	7.33718e+006	7.37647e+006	61198	63968	54533	58849	29892	31347	14944	15741	6149	6509	2829	3002	844847	876846	9313	9691	15711	16447	1.02227e+006	1.06156e+006	653788	679836	
230	7.32061e+006	7.36048e+006	62154	64916	55490	59811	30352	31803	15175	15986	6266	6634	2877	3047	857979	890540	9445	9828	15927	16625	1.03826e+006	1.07812e+006	664468	690943	
231	7.30384e+006	7.34424e+006	63215	65917	56314	60652	30760	32226	15507	16303	6397	6771	2939	3113	871319	904448	9586	9975	16177	16836	1.05449e+006	1.0949e+006	675288	702174	
232	7.2869e+006	7.32789e+006	64157	66860	57131	61487	31173	32638	15751	16555	6530	6919	3002	3185	884985	918658	9723	10118	16297	16996	1.07085e+006	1.11184e+006	686272	713574	
233	7.26976e+006	7.31136e+006	64910	67617	58035	62443	31634	33124	15996	16805	6641	7027	3073	3258	898853	933113	9877	10277	16464	17206	1.08737e+006	1.12898e+006	697486	725235	
234	7.25245e+006	7.29463e+006	65656	68362	58943	63319	32100	33582	16272	17083	6781	7181	3149	3341	912902	947759	10025	10432	16677	17365	1.10411e+006	1.14629e+006	708887	737045	
235	7.23494e+006	7.2777e+006	66345	69093	59928	64250	32545	34007	16512	17315	6893	7288	3192	3387	927209	962669	10182	10592	16863	17571	1.12104e+006	1.16379e+006	720472	749031	
236	7.21736e+006	7.26068e+006	66998	69750	60780	65096	33022	34478	16804	17616	7014	7410	3243	3444	941664	977705	10339	10757	16946	17657	1.13806e+006	1.18138e+006	732106	761118	
237	7.19948e+006	7.24335e+006	67797	70491	61626	65967	33519	34982	17030	17860	7144	7538	3299	3500	956327	992934	10501	10926	17263	17946	1.15539e+006	1.19925e+006	743861	773317	
238	7.18142e+006	7.2258e+006	68597	71255	62479	66810	33992	35447	17327	18154	7253	7646	3338	3536	971173	1.00836e+006	10663	11096	17481	18124	1.17293e+006	1.21731e+006	755774	785661	
239	7.16321e+006	7.20816e+006	69324	71953	63214	67507	34427	35855	17624	18459	7371	7765	3384	3584	986356	1.02417e+006	10823	11262	17589	18270	1.19058e+006	1.23553e+006	767817	798140	
240	7.14487e+006	7.19032e+006	70146	72706	63854	68148	34825	36227	17903	18721	7515	7923	3456	3667	1.00175e+006	1.04014e+006	10990	11438	17768	18411	1.20842e+006	1.25386e+006	779951	810687	
241	7.12637e+006	7.17232e+006	70817	73326	64542	68851	35230	36627	18234	19031	7631	8043	3496	3707	1.01738e+006	1.05631e+006	11155	11612	17926	18574	1.22642e+006	1.27236e+006	792327	823468	
242	7.10776e+006	7.15421e+006	71378	73881	65353	69601	35619	36988	18510	19295	7752	8161	3567	3773	1.03316e+006	1.07269e+006	11328	11790	18040	18681	1.24453e+006	1.29098e+006	804870	836394	
243	7.08891e+006	7.13588e+006	72043	74532	66107	70298	35995	37352	18761	19539	7872	8288	3628	3836	1.04913e+006	1.08927e+006	11513	11984	18258	18917	1.26286e+006	1.30982e+006	817445	849387	
244	7.06999e+006	7.1174e+006	72670	75128	66831	70975	36366	37717	18963	19735	8012	8417	3688	3885	1.06534e+006	1.10606e+006	11698	12178	18392	19010	1.28134e+006	1.32875e+006	830167	862477	
245	7.05092e+006	7.09879e+006	73274	75706	67528	71611	36724	38091	19196	19976	8149	8554	3755	3951	1.08171e+006	1.12301e+006	11874	12361	18529	19152	1.29995e+006	1.34782e+006	843036	875711	
246	7.03165e+006	7.07999e+006	73951	76373	68296	72300	37069	38409	19374	20169	8295	8697	3826	4021	1.09822e+006	1.14008e+006	12057	12550	18718	19348	1.31875e+006	1.36708e+006	855995	889048	
247	7.01241e+006	7.06115e+006	74456	76779	68911	72899	37435	38795	19596	20390	8418	8821	3886	4075	1.11501e+006	1.15741e+006	12248	12751	18763	19322	1.33759e+006	1.38633e+006	869090	902506	
248	6.99298e+006	7.04212e+006	75008	77279	69469	73416	37802	39148	19786	20591	8569	8964	3959	4144	1.13202e+006	1.17494e+006	12435	12946	18936	19518	1.35661e+006	1.40576e+006	882281	916030	
249	6.97342e+006	7.02296e+006	75544	77784	70117	74007	38098	39436	20006	20794	8709	9108	4020	4209	1.14912e+006	1.1926e+006	12624	13142	19069	19654	1.37577e+006	1.42532e+006	895580	929670	
250	6.95387e+006	7.00378e+006	75921	78074	70691	74558	38495	39801	20236	21026	8819	9213	4062	4249	1.16641e+006	1.2104e+006	12826	13355	19088	19645	1.39496e+006	1.44487e+006	908967	943418	
251	6.93419e+006	6.98449e+006	76343	78537	71261	75026	38796	40049	20443	21220	8951	9343	4123	4310	1.18387e+006	1.22837e+006	13028	13568	19185	19784	1.41425e+006	1.46455e+006	922438	957185	
252	6.91428e+006	6.96494e+006	76843	79040	71762	75453	39212	40436	20666	21416	9067	9460	4161	4348	1.20143e+006	1.24645e+006	13236	13782	19442	20016	1.4338e+006	1.48446e+006	935981	971021	
253	6.89443e+006	6.94539e+006	77232	79322	72320	75932	39480	40680	20806	21560	9212	9602	4221	4408	1.21928e+006	1.26479e+006	13441	13995	19445	19948	1.45334e+006	1.5043e+006	949699	985039	
254	6.87453e+006	6.92581e+006	77604	79697	72748	76283	39762	40950	20992	21733	9293	9688	4263	4454	1.23728e+006	1.28323e+006	13655	14213	19462	20019	1.47292e+006	1.5242e+006	963365	998974	
255	6.85468e+006	6.90629e+006	77839	79862	73135	76643	40036	41217	21179	21913	9398	9787	4298	4486	1.25538e+006	1.30181e+006	13867	14434	19418	19951	1.49244e+006	1.54405e+006	977158	1.01306e+006	
256	6.83462e+006	6.88647e+006	78103	80024	73698	77160	40188	41377	21366	22089	9486	9869	4339	4524	1.27369e+006	1.3206e+006	14077	14652	19693	20191	1.51227e+006	1.56412e+006	991191	1.02734e+006	
257	6.81461e+006	6.86671e+006	78292	80209	74150	77536	40435	41609	21528	22229	9591	9975	4383	4573	1.29205e+006	1.33937e+006	14297	14878	19635	20133	1.53203e+006	1.58412e+006	1.00517e+006	1.04156e+006	
258	6.79455e+006	6.84685e+006	78571	80375	74557	77916	40554	41729	21694	22395	9682	10072	4426	4615	1.31057e+006	1.3583e+006	14531	15123	19736	20190	1.55189e+006	1.60418e+006	1.0192e+006	1.05583e+006	
259	6.77455e+006	6.82704e+006	78815	80571	74810	78107	40660	41826	21890	22579	9776	10153	4475	4660	1.32921e+006	1.37737e+006	14755	15355	19663	20146	1.57169e+006	1.62419e+006	1.03321e+006	1.07008e+006	
260	6.75453e+006	6.80723e+006	78802	80529	75287	78503	40823	41941	22055	22726	9853	10227	4508	4696	1.34793e+006	1.39647e+006	14978	15591	19680	20149	1.59151e+006	1.6442e+006	1.04739e+006	1.08447e+006	
261	6.73449e+006	6.78736e+006	78914	80565	75627	78720	40979	42026	22151	22823	9965	10336	4568	4750	1.36677e+006	1.41573e+006	15203	15824	19738	20177	1.61138e+006	1.66425e+006	1.06155e+006	1.09881e+006	
262	6.71444e+006	6.76748e+006	78908	80574	75805	78730	41157	42129	22285	22959	10068	10435	4633	4820	1.38585e+006	1.43516e+006	15435	16065	19733	20195	1.63126e+006	1.68429e+006	1.07577e+006	1.11321e+006	
263	6.6945e+006	6.74762e+006	78939	80531	75923	78816	41271	42227	22384	23060	10143	10504	4674	4854	1.40498e+006	1.45459e+006	15676	16313	19693	20105	1.65111e+006	1.70424e+006	1.0899e+006	1.12751e+006	
264	6.67449e+006	6.7277e+006	79008	80566	76082	78891	41332	42279	22470	23152	10250	10599	4719	4899	1.42411e+006	1.47406e+006	15921	16564	19752	20181	1.67104e+006	1.72425e+006	1.1041e+006	1.14186e+006	
265	6.6546e+006	6.70793e+006	78879	80433	76338	79041	41422	42329	22562	23221	10325	10679	4766	4946	1.44323e+006	1.49353e+006	16153	16805	19618	20036	1.69081e+006	1.74413e+006	1.1184e+006	1.15629e+006	
266	6.63477e+006	6.68816e+006	78739	80246	76364	79019	41450	42342	22640	23305	10431	10788	4819	4998	1.46262e+006	1.51318e+006	16382	17040	19595	20006	1.71058e+006	1.76396e+006	1.13265e+006	1.17066e+006	
267	6.61485e+006	6.66825e+006	78759	80261	76406	78964	41482	42353	22787	23420	10498	10850	4844	5022	1.48192e+006	1.53276e+006	16624	17289	19703	20129	1.73048e+006	1.78389e+006	1.14691e+006	1.18501e+006	
268	6.59513e+006	6.64854e+006	78518	79998	76442	78979	41469	42323	22861	23464	10556	10903	4872	5054	1.5014e+006	1.55247e+006	16873	17547	19517	19913	1.75019e+006	1.80361e+006	1.16122e+006	1.1994e+006	
269	6.57548e+006	6.62885e+006	78370	79833	76454	78926	41421	42255	22933	23508	10611	10960	4907	5091	1.52082e+006	1.57212e+006	17125	17807	19473	19868	1.76989e+006	1.82325e+006	1.17542e+006	1.21369e+006	
270	6.55591e+006	6.60924e+006	78157	79622	76361	78774	41438	42255	23008	23549	10678	11017	4939	5123	1.54025e+006	1.59179e+006	17364	18051	19386	19791	1.78949e+006	1.84283e+006	1.18958e+006	1.22792e+006	
271	6.53637e+006	6.58964e+006	77826	79264	76319	78728	41445	42252	23017	23550	10712	11049	4961	5137	1.5598e+006	1.61154e+006	17629	18325	19373	19770	1.8091e+006	1.86236e+006	1.20388e+006	1.24226e+006	
272	6.51703e+006	6.57023e+006	77492	78926	76186	78528	41373	42159	23016	23517	10761	11090	4962	5133	1.57939e+006	1.63132e+006	17881	18582	19177	19580	1.82851e+006	1.88171e+006	1.218e+006	1.2564e+006	
273	6.49776e+006	6.55084e+006	77147	78593	76075	78391	41267	42057	22997	23499	10799	11118	4966	5129	1.59897e+006	1.65101e+006	18124	18831	19122	19540	1.8479e+006	1.90098e+006	1.23217e+006	1.27053e+006	
274	6.47858e+006	6.53152e+006	76774	78281	75841	78153	41110	41929	23012	23489	10831	11146	4964	5129	1.61858e+006	1.67074e+006	18387	19099	19017	19475	1.86721e+006	1.92016e+006	1.24627e+006	1.28461e+006	
275	6.45956e+006	6.51234e+006	76279	77825	75754	78055	40949	41765	22978	23451	10867	11172	4968	5130	1.63811e+006	1.69037e+006	18638	19358	18878	19315	1.88639e+006	1.93917e+006	1.26039e+006	1.29872e+006	
276	6.44068e+006	6.4933e+006	75835	77434	75532	77824	40766	41557	22935	23410	10865	11168	4956	5119	1.65764e+006	1.70999e+006	18903	19628	18737	19185	1.90543e+006	1.95805e+006	1.27434e+006	1.31264e+006	
277	6.42206e+006	6.47448e+006	75199	76861	75137	77425	40564	41383	22949	23425	10887	11174	4973	5126	1.67722e+006	1.72963e+006	19174	19907	18490	18963	1.92426e+006	1.97668e+006	1.28828e+006	1.32651e+006	
278	6.40344e+006	6.45565e+006	74662	76352	74795	77158	40385	41234	22924	23401	10931	11196	4994	5144	1.69665e+006	1.7491e+006	19429	20169	18489	18957	1.94309e+006	1.9953e+006	1.30213e+006	1.34029e+006	
279	6.38506e+006	6.43703e+006	74053	75768	74416	76807	40168	41034	22859	23333	10947	11208	4991	5146	1.71611e+006	1.76854e+006	19697	20445	18266	18735	1.96171e+006	2.01368e+006	1.31593e+006	1.35399e+006	
280	6.36675e+006	6.41846e+006	73503	75269	73989	76435	39930	40814	22760	23247	10963	11215	4994	5139	1.73552e+006	1.78795e+006	19960	20711	18186	18686	1.98028e+006	2.03198e+006	1.32966e+006	1.3676e+006	
281	6.34861e+006	6.40006e+006	73046	74813	73306	75842	39714	40617	22704	23201	10952	11209	4997	5150	1.75488e+006	1.80732e+006	20220	20974	18037	18503	1.99868e+006	2.05012e+006	1.34317e+006	1.38097e+006	
282	6.33079e+006	6.38196e+006	72264	74070	72834	75458	39473	40403	22611	23091	10944	11191	5007	5161	1.77412e+006	1.82654e+006	20481	21244	17702	18220	2.01678e+006	2.06794e+006	1.35671e+006	1.39438e+006	
283	6.3131e+006	6.36395e+006	71583	73453	72279	74946	39181	40101	22469	22940	10941	11198	5019	5178	1.79338e+006	1.84571e+006	20742	21502	17592	18111	2.03478e+006	2.08564e+006	1.37014e+006	1.40764e+006	
284	6.29543e+006	6.34601e+006	70969	72810	71758	74457	38893	39779	22391	22865	10940	11193	5043	5194	1.81248e+006	1.86474e+006	20999	21765	17571	18043	2.05273e+006	2.10331e+006	1.38354e+006	1.42087e+006	
285	6.27813e+006	6.3284e+006	70129	72014	71192	73939	38598	39504	22296	22789	10906	11162	5029	5180	1.8315e+006	1.88362e+006	21259	22029	17197	17707	2.07033e+006	2.12061e+006	1.39682e+006	1.43399e+006	
286	6.26097e+006	6.31091e+006	69471	71408	70463	73277	38278	39215	22166	22668	10888	11155	5021	5171	1.8504e+006	1.90239e+006	21526	22295	17050	17608	2.08783e+006	2.13777e+006	1.40985e+006	1.44683e+006	
287	6.24411e+006	6.29369e+006	68651	70597	69850	72723	37977	38933	22024	22538	10878	11158	5012	5169	1.86908e+006	1.92091e+006	21787	22562	16767	17305	2.10505e+006	2.15462e+006	1.42279e+006	1.45958e+006	
288	6.22737e+006	6.27657e+006	67730	69759	69235	72131	37648	38637	21920	22463	10819	11094	4977	5130	1.88778e+006	1.93943e+006	22051	22827	16655	17201	2.12217e+006	2.17136e+006	1.43571e+006	1.47232e+006	
289	6.21077e+006	6.25959e+006	67050	69121	68526	71472	37273	38284	21805	22349	10786	11051	4947	5099	1.90628e+006	1.95773e+006	22305	23086	16521	17065	2.13914e+006	2.18797e+006	1.44843e+006	1.48484e+006	
290	6.19446e+006	6.24289e+006	66231	68298	67785	70794	36863	37899	21639	22198	10745	11008	4934	5081	1.92475e+006	1.97597e+006	22584	23363	16235	16780	2.15585e+006	2.20428e+006	1.46111e+006	1.49725e+006	
291	6.17839e+006	6.2264e+006	65456	67559	66945	70032	36418	37478	21497	22048	10713	10970	4919	5063	1.94305e+006	1.99406e+006	22838	23624	15994	16564	2.17234e+006	2.22035e+006	1.47358e+006	1.50945e+006	
292	6.16253e+006	6.2101e+006	64576	66739	66258	69394	36035	37119	21266	21842	10683	10941	4896	5036	1.96111e+006	2.01188e+006	23105	23889	15773	16382	2.18863e+006	2.23621e+006	1.48589e+006	1.52151e+006	
293	6.14688e+006	6.19404e+006	63633	65811	65642	68793	35592	36663	21111	21704	10614	10871	4860	5001	1.97904e+006	2.02954e+006	23382	24164	15575	16140	2.2047e+006	2.25186e+006	1.49822e+006	1.53358e+006	
294	6.13135e+006	6.17806e+006	62848	65085	64802	68033	35085	36170	20917	21513	10560	10815	4822	4966	1.99694e+006	2.04721e+006	23652	24431	15450	16054	2.22068e+006	2.26739e+006	1.51031e+006	1.5454e+006	
295	6.11608e+006	6.16235e+006	62050	64309	64046	67353	34611	35735	20681	21273	10507	10761	4806	4942	2.01457e+006	2.06454e+006	23918	24700	15198	15787	2.23639e+006	2.28266e+006	1.52228e+006	1.55708e+006	
296	6.10112e+006	6.1469e+006	61161	63451	63182	66561	34172	35327	20463	21051	10425	10693	4768	4913	2.03206e+006	2.08173e+006	24199	24980	14888	15519	2.25183e+006	2.29762e+006	1.53405e+006	1.56855e+006	
297	6.08634e+006	6.13166e+006	60284	62629	62381	65788	33771	34946	20183	20788	10363	10629	4746	4890	2.04934e+006	2.09868e+006	24453	25233	14701	15315	2.26708e+006	2.31239e+006	1.54564e+006	1.57985e+006	
298	6.07175e+006	6.11655e+006	59349	61765	61584	65043	33367	34539	20004	20610	10321	10590	4735	4878	2.06641e+006	2.11539e+006	24711	25492	14520	15185	2.28219e+006	2.32699e+006	1.55716e+006	1.59104e+006	
299	6.0575e+006	6.10184e+006	58326	60767	60661	64173	32955	34143	19732	20343	10263	10531	4715	4855	2.08346e+006	2.13208e+006	24969	25744	14175	14791	2.2969e+006	2.34124e+006	1.56848e+006	1.60206e+006	
300	6.04334e+006	6.0872e+006	57516	59961	59726	63342	32512	33746	19497	20128	10187	10461	4689	4833	2.1002e+006	2.14844e+006	25226	25996	14076	14715	2.31153e+006	2.3554e+006	1.57963e+006	1.61287e+006	
301	6.02941e+006	6.07279e+006	56673	59133	58802	62468	32134	33379	19264	19924	10094	10385	4620	4770	2.11672e+006	2.16457e+006	25481	26248	13858	14486	2.32595e+006	2.36933e+006	1.59062e+006	1.62355e+006	
302	6.0158e+006	6.05867e+006	55696	58129	57980	61718	31679	32956	18999	19656	9982	10295	4574	4734	2.13311e+006	2.18055e+006	25744	26507	13545	14179	2.34006e+006	2.38294e+006	1.60153e+006	1.63411e+006	
303	6.00229e+006	6.04467e+006	54963	57409	57106	60895	31152	32430	18729	19387	9895	10214	4531	4688	2.14925e+006	2.19631e+006	26004	26766	13445	14067	2.35407e+006	2.39645e+006	1.61221e+006	1.64446e+006	
304	5.98898e+006	6.03084e+006	54121	56593	56248	60082	30619	31921	18508	19165	9768	10091	4465	4628	2.16531e+006	2.21193e+006	26264	27025	13236	13897	2.36789e+006	2.40975e+006	1.62282e+006	1.65474e+006	
305	5.97595e+006	6.01731e+006	53228	55716	55400	59276	30124	31430	18286	18956	9665	9996	4418	4594	2.18106e+006	2.22728e+006	26522	27282	12963	13611	2.38143e+006	2.42279e+006	1.63328e+006	1.66486e+006	
306	5.96325e+006	6.0041e+006	52310	54812	54537	58419	29644	30947	18009	18706	9567	9903	4375	4556	2.19658e+006	2.24235e+006	26791	27545	12626	13277	2.39464e+006	2.43549e+006	1.64352e+006	1.67474e+006	
307	5.95076e+006	5.99113e+006	51289	53782	53726	57625	29194	30498	17768	18463	9426	9770	4298	4484	2.21195e+006	2.25726e+006	27043	27792	12420	13040	2.40761e+006	2.44797e+006	1.65365e+006	1.68452e+006	
308	5.93849e+006	5.97832e+006	50277	52737	52868	56759	28767	30076	17557	18280	9288	9640	4234	4423	2.22712e+006	2.27197e+006	27288	28032	12223	12854	2.42042e+006	2.46024e+006	1.66364e+006	1.69415e+006	
309	5.9264e+006	5.96574e+006	49330	51781	52013	55934	28409	29723	17321	18036	9175	9526	4192	4376	2.24195e+006	2.28633e+006	27533	28271	12020	12651	2.433e+006	2.47233e+006	1.67339e+006	1.70354e+006	
310	5.9146e+006	5.95341e+006	48447	50903	50999	54935	27979	29278	17040	17770	9042	9394	4126	4312	2.25673e+006	2.30067e+006	27776	28512	11744	12397	2.44533e+006	2.48414e+006	1.68291e+006	1.7127e+006	
311	5.90302e+006	5.94133e+006	47535	50005	50057	53987	27478	28785	16789	17497	8922	9276	4091	4273	2.2713e+006	2.31474e+006	28011	28742	11513	12139	2.45741e+006	2.49572e+006	1.69234e+006	1.72178e+006	
312	5.89166e+006	5.92948e+006	46603	49074	49223	53139	27001	28297	16497	17192	8803	9162	4036	4228	2.28559e+006	2.32854e+006	28242	28972	11293	11921	2.46926e+006	2.50708e+006	1.70165e+006	1.7307e+006	
313	5.88057e+006	5.91791e+006	45597	48062	48300	52222	26504	27793	16271	16985	8669	9024	3974	4160	2.2997e+006	2.34217e+006	28488	29210	11017	11635	2.48083e+006	2.51817e+006	1.71079e+006	1.73948e+006	
314	5.86969e+006	5.90655e+006	44676	47082	47344	51254	25980	27250	16033	16749	8572	8932	3933	4117	2.31362e+006	2.35558e+006	28718	29438	10822	11419	2.49218e+006	2.52905e+006	1.71976e+006	1.74807e+006	
315	5.859e+006	5.89536e+006	43793	46193	46419	50316	25451	26718	15832	16559	8457	8811	3878	4054	2.32725e+006	2.36872e+006	28938	29654	10629	11250	2.50338e+006	2.53973e+006	1.72854e+006	1.75648e+006	
316	5.84852e+006	5.88442e+006	42923	45265	45615	49509	24897	26194	15591	16333	8339	8691	3818	3995	2.34056e+006	2.38155e+006	29172	29882	10421	10994	2.51431e+006	2.55021e+006	1.73718e+006	1.76478e+006	
317	5.83828e+006	5.87366e+006	42094	44446	44719	48620	24384	25684	15277	16042	8249	8597	3780	3954	2.3537e+006	2.39423e+006	29392	30098	10188	10817	2.52507e+006	2.56046e+006	1.74561e+006	1.77286e+006	
318	5.82827e+006	5.86318e+006	41219	43569	43797	47666	23904	25204	15043	15806	8135	8485	3731	3907	2.36663e+006	2.40664e+006	29608	30307	9949	10539	2.53555e+006	2.57047e+006	1.75386e+006	1.78077e+006	
319	5.81847e+006	5.8529e+006	40333	42663	42896	46763	23407	24713	14740	15501	8010	8353	3662	3833	2.37944e+006	2.41895e+006	29824	30516	9745	10342	2.54584e+006	2.58027e+006	1.76199e+006	1.78855e+006	
320	5.80892e+006	5.84288e+006	39402	41749	42040	45821	22952	24239	14418	15164	7911	8256	3612	3784	2.39199e+006	2.43098e+006	30030	30720	9489	10082	2.55586e+006	2.58982e+006	1.76993e+006	1.79618e+006	
321	5.7994e+006	5.83293e+006	38653	40965	41182	44961	22487	23777	14099	14843	7813	8161	3575	3748	2.40427e+006	2.44277e+006	30241	30922	9442	10030	2.56581e+006	2.59934e+006	1.77772e+006	1.80361e+006	
322	5.79024e+006	5.82329e+006	37803	40120	40302	44042	22038	23300	13789	14513	7710	8050	3521	3687	2.41634e+006	2.45435e+006	30457	31132	9097	9696	2.57545e+006	2.60849e+006	1.78533e+006	1.81087e+006	
323	5.78133e+006	5.81391e+006	36915	39222	39432	43155	21636	22893	13547	14270	7591	7941	3460	3628	2.42805e+006	2.4656e+006	30659	31331	8856	9444	2.58483e+006	2.61741e+006	1.79277e+006	1.81797e+006	
324	5.77255e+006	5.80468e+006	36139	38430	38566	42290	21163	22427	13274	13996	7435	7785	3400	3567	2.43964e+006	2.47672e+006	30857	31527	8715	9288	2.59406e+006	2.62619e+006	1.80006e+006	1.82494e+006	
325	5.76395e+006	5.79563e+006	35232	37508	37778	41466	20770	22025	13028	13756	7313	7672	3341	3511	2.45099e+006	2.48759e+006	31052	31715	8539	9104	2.60311e+006	2.63478e+006	1.80728e+006	1.83183e+006	
326	5.75559e+006	5.7868e+006	34443	36702	36927	40637	20302	21551	12785	13493	7180	7539	3292	3463	2.46212e+006	2.49825e+006	31252	31906	8310	8888	2.61193e+006	2.64315e+006	1.81428e+006	1.83849e+006	
327	5.74742e+006	5.7782e+006	33681	35930	36065	39741	19833	21072	12530	13229	7032	7398	3224	3394	2.47309e+006	2.50871e+006	31446	32095	8093	8674	2.62054e+006	2.65131e+006	1.82109e+006	1.84497e+006	
328	5.7394e+006	5.76978e+006	32920	35128	35260	38917	19403	20646	12296	12986	6892	7249	3151	3321	2.48378e+006	2.51892e+006	31627	32270	7954	8486	2.62896e+006	2.65934e+006	1.82779e+006	1.85137e+006	
329	5.73158e+006	5.76154e+006	32141	34325	34505	38130	18960	20188	11985	12678	6760	7118	3091	3257	2.49432e+006	2.52899e+006	31806	32447	7758	8302	2.6372e+006	2.66715e+006	1.83435e+006	1.85761e+006	
330	5.72393e+006	5.75348e+006	31412	33567	33730	37348	18557	19775	11710	12400	6615	6972	3028	3195	2.50457e+006	2.53878e+006	31997	32634	7576	8136	2.64526e+006	2.6748e+006	1.84077e+006	1.8637e+006	
331	5.71646e+006	5.74562e+006	30725	32811	32886	36503	18050	19265	11460	12137	6474	6833	2949	3120	2.51474e+006	2.54851e+006	32181	32809	7405	7919	2.65312e+006	2.68227e+006	1.84705e+006	1.86966e+006	
332	5.70919e+006	5.73793e+006	29980	32077	32168	35710	17640	18834	11230	11905	6326	6680	2876	3046	2.52458e+006	2.55787e+006	32365	32982	7211	7750	2.66081e+006	2.68954e+006	1.85319e+006	1.87551e+006	
333	5.70208e+006	5.73039e+006	29275	31372	31487	34977	17236	18411	11016	11688	6211	6557	2842	3012	2.53412e+006	2.56696e+006	32541	33151	7052	7598	2.66834e+006	2.69666e+006	1.8592e+006	1.88122e+006	
334	5.69514e+006	5.72307e+006	28564	30628	30752	34221	16848	18000	10775	11463	6108	6452	2792	2963	2.54351e+006	2.57591e+006	32711	33316	6867	7390	2.67566e+006	2.70359e+006	1.86509e+006	1.88681e+006	
335	5.68841e+006	5.71596e+006	27831	29886	30036	33443	16451	17572	10606	11271	5981	6326	2744	2911	2.55271e+006	2.58463e+006	32879	33478	6675	7174	2.68278e+006	2.71033e+006	1.87081e+006	1.89224e+006	
336	5.68178e+006	5.70897e+006	27185	29184	29333	32691	16065	17174	10410	11065	5850	6197	2677	2847	2.56172e+006	2.59316e+006	33046	33642	6567	7047	2.68976e+006	2.71696e+006	1.87642e+006	1.89755e+006	
337	5.67527e+006	5.70209e+006	26586	28535	28642	31955	15734	16816	10133	10792	5739	6083	2632	2804	2.57055e+006	2.60155e+006	33209	33801	6452	6949	2.69665e+006	2.72347e+006	1.8819e+006	1.90272e+006	
338	5.66899e+006	5.69546e+006	25931	27835	27932	31247	15351	16434	9882	10535	5634	5982	2583	2755	2.57918e+006	2.60977e+006	33366	33953	6213	6690	2.70328e+006	2.72975e+006	1.88725e+006	1.90781e+006	
339	5.66286e+006	5.689e+006	25319	27185	27209	30480	14993	16071	9636	10291	5511	5859	2533	2703	2.58764e+006	2.61781e+006	33514	34095	6065	6523	2.70974e+006	2.73587e+006	1.89242e+006	1.91271e+006	
340	5.65689e+006	5.68269e+006	24656	26510	26565	29756	14644	15689	9399	10045	5388	5737	2473	2643	2.59592e+006	2.62567e+006	33664	34240	5904	6371	2.71604e+006	2.74184e+006	1.8975e+006	1.91753e+006	
341	5.65109e+006	5.67656e+006	23947	25760	25938	29114	14316	15363	9162	9805	5277	5607	2424	2587	2.60399e+006	2.63334e+006	33819	34386	5744	6198	2.72218e+006	2.74765e+006	1.90252e+006	1.92228e+006	
342	5.64535e+006	5.67051e+006	23416	25173	25303	28412	13972	14986	8939	9585	5169	5498	2370	2530	2.61186e+006	2.6408e+006	33967	34529	5681	6104	2.72823e+006	2.75338e+006	1.90737e+006	1.92686e+006	
343	5.63983e+006	5.66465e+006	22816	24568	24685	27713	13603	14609	8755	9388	5045	5365	2297	2455	2.61958e+006	2.64809e+006	34112	34668	5464	5919	2.73409e+006	2.75891e+006	1.91208e+006	1.93134e+006	
344	5.63445e+006	5.65897e+006	22232	23931	24056	27033	13266	14274	8540	9177	4933	5253	2239	2395	2.62709e+006	2.65521e+006	34251	34802	5318	5736	2.73977e+006	2.76428e+006	1.91667e+006	1.9357e+006	
345	5.62918e+006	5.65341e+006	21704	23354	23480	26408	12922	13910	8329	8959	4807	5129	2181	2338	2.63442e+006	2.66215e+006	34385	34927	5214	5623	2.74533e+006	2.76956e+006	1.92115e+006	1.93995e+006	
346	5.62404e+006	5.64799e+006	21098	22733	22904	25773	12618	13597	8153	8750	4693	5012	2129	2286	2.6416e+006	2.66895e+006	34513	35050	5077	5481	2.75075e+006	2.7747e+006	1.92555e+006	1.94413e+006	
347	5.61903e+006	5.64271e+006	20573	22165	22262	25092	12278	13242	7984	8577	4588	4903	2082	2236	2.64864e+006	2.67562e+006	34638	35172	4939	5351	2.75603e+006	2.7797e+006	1.92983e+006	1.94816e+006	
348	5.61416e+006	5.63756e+006	20066	21638	21691	24456	11961	12918	7788	8368	4479	4794	2036	2191	2.65545e+006	2.68208e+006	34768	35296	4814	5206	2.76118e+006	2.78457e+006	1.93398e+006	1.9521e+006	
349	5.60942e+006	5.63256e+006	19532	21074	21161	23860	11671	12583	7568	8128	4381	4688	1991	2142	2.66213e+006	2.68841e+006	34892	35415	4678	5060	2.76618e+006	2.78931e+006	1.93803e+006	1.95593e+006	
350	5.60478e+006	5.62765e+006	19044	20564	20652	23285	11367	12254	7370	7919	4286	4584	1944	2086	2.66862e+006	2.69456e+006	35012	35530	4586	4974	2.77109e+006	2.79396e+006	1.94199e+006	1.95969e+006	
351	5.60026e+006	5.6229e+006	18552	20029	20151	22742	11071	11943	7193	7726	4182	4494	1898	2044	2.67493e+006	2.70053e+006	35131	35644	4445	4817	2.77584e+006	2.79847e+006	1.94587e+006	1.96337e+006	
352	5.5958e+006	5.61816e+006	18142	19616	19623	22181	10739	11597	7013	7540	4089	4396	1862	2010	2.68114e+006	2.70642e+006	35252	35761	4405	4792	2.78058e+006	2.80293e+006	1.94965e+006	1.96696e+006	
353	5.59156e+006	5.61367e+006	17656	19105	19145	21622	10447	11282	6817	7342	4016	4323	1835	1984	2.68716e+006	2.71212e+006	35359	35864	4194	4548	2.78507e+006	2.80718e+006	1.95333e+006	1.97044e+006	
354	5.58745e+006	5.60934e+006	17110	18520	18687	21135	10176	11005	6642	7148	3911	4217	1788	1938	2.69302e+006	2.71767e+006	35468	35971	4041	4388	2.78939e+006	2.81129e+006	1.95693e+006	1.97385e+006	
355	5.58339e+006	5.60504e+006	16659	18068	18180	20588	9921	10740	6502	6996	3834	4135	1748	1896	2.6987e+006	2.72307e+006	35575	36076	3997	4362	2.79369e+006	2.81535e+006	1.96039e+006	1.97714e+006	
356	5.57946e+006	5.60092e+006	16123	17466	17743	20132	9692	10500	6319	6821	3751	4043	1708	1851	2.70428e+006	2.72838e+006	35674	36172	3868	4190	2.79782e+006	2.81928e+006	1.96384e+006	1.98038e+006	
357	5.57562e+006	5.59685e+006	15714	17042	17237	19562	9470	10250	6151	6659	3638	3929	1658	1799	2.70973e+006	2.73356e+006	35784	36278	3785	4124	2.80189e+006	2.82312e+006	1.9671e+006	1.98346e+006	
358	5.5719e+006	5.59291e+006	15330	16646	16738	19008	9216	9967	5968	6468	3559	3836	1614	1752	2.71505e+006	2.7386e+006	35889	36377	3660	3990	2.80582e+006	2.82683e+006	1.97026e+006	1.98646e+006	
359	5.5683e+006	5.58913e+006	14873	16128	16253	18510	9019	9767	5823	6305	3459	3733	1577	1714	2.72022e+006	2.74349e+006	35987	36472	3539	3845	2.80961e+006	2.83043e+006	1.97337e+006	1.9894e+006	
360	5.56474e+006	5.58536e+006	14513	15762	15787	17976	8788	9497	5686	6161	3375	3648	1543	1678	2.72527e+006	2.74827e+006	36080	36561	3511	3821	2.81338e+006	2.834e+006	1.97639e+006	1.99227e+006	
361	5.56127e+006	5.58171e+006	14142	15341	15392	17550	8526	9226	5522	5983	3291	3550	1507	1636	2.7302e+006	2.75294e+006	36180	36656	3416	3702	2.81702e+006	2.83747e+006	1.97938e+006	1.99509e+006	
362	5.55793e+006	5.57818e+006	13770	14936	14935	17034	8249	8929	5426	5871	3185	3449	1463	1594	2.73505e+006	2.7575e+006	36281	36753	3287	3585	2.82055e+006	2.84081e+006	1.98228e+006	1.99783e+006	
363	5.55471e+006	5.57479e+006	13398	14539	14530	16576	8015	8669	5275	5698	3076	3340	1411	1541	2.73972e+006	2.76192e+006	36375	36843	3166	3449	2.82395e+006	2.84403e+006	1.98504e+006	2.00045e+006	
364	5.55151e+006	5.57141e+006	13021	14152	14191	16208	7822	8472	5126	5536	2996	3255	1379	1505	2.74421e+006	2.76618e+006	36457	36923	3134	3435	2.82732e+006	2.84722e+006	1.98779e+006	2.00306e+006	
