Day	Susceptible-LB	Susceptible-UB	Exposed-LB	Exposed-UB	Current Detected Mild Infections-LB	Current Detected Mild Infections-UB	Current Undetected Mild Infections-LB	Current Undetected Mild Infections-UB	Current Hospitalizations-LB	Current Hospitalizations-UB	Current ICU patients-LB	Current ICU patients-UB	ventilators-LB	ventilators-UB	Recovered-LB	Recovered-UB	Deaths-LB	Deaths-UB	new infections today-LB	new infections today-UB	total number of infections-LB	total number of infections-UB	Confirmed total number of infections-LB	Confirmed total number of infections-UB	
0	8.39714e+006	8.39714e+006	1600	1600	0	0	0	0	0	0	0	0	0	0	0	0	0	0	0	0	1600	1600	0	0	
1	8.39698e+006	8.39698e+006	1760	1760	0	0	0	0	0	0	0	0	0	0	0	0	0	0	160	160	1760	1760	0	0	
2	8.39682e+006	8.39682e+006	1920	1920	0	0	0	0	0	0	0	0	0	0	0	0	0	0	160	160	1920	1920	0	0	
3	8.39565e+006	8.3957e+006	3036	3084	0	0	0	0	0	0	0	0	0	0	0	0	0	0	1116	1164	3036	3084	0	0	
4	8.39444e+006	8.39451e+006	2625	2696	802	828	772	798	0	0	0	0	0	0	0	0	0	0	1176	1225	4225	4296	802	828	
5	8.39312e+006	8.3932e+006	3772	3861	880	907	853	880	0	0	0	0	0	0	0	0	0	0	1294	1339	5532	5621	880	907	
6	8.39102e+006	8.39116e+006	5654	5795	962	990	930	958	0	0	0	0	0	0	0	0	0	0	2027	2108	7574	7715	962	990	
7	8.38823e+006	8.38843e+006	7260	7434	1519	1590	1479	1532	0	0	0	0	0	0	0	0	0	0	2715	2810	10306	10507	1531	1578	
8	8.38463e+006	8.3849e+006	9602	9817	2110	2208	2067	2136	0	0	0	0	0	0	0	0	0	0	3510	3616	13838	14102	2129	2189	
9	8.38016e+006	8.38051e+006	12681	12968	2755	2872	2726	2801	0	0	0	0	0	0	0	0	0	0	4365	4497	18224	18578	2779	2848	
10	8.37477e+006	8.37524e+006	15900	16270	2968	3136	2947	3037	279	299	0	0	0	0	1301	1321	0	0	5247	5409	23492	23967	3960	4060	
11	8.36917e+006	8.36977e+006	18639	19081	4223	4456	4248	4367	306	327	0	0	0	0	1433	1454	0	0	5452	5623	28962	29571	5323	5452	
12	8.36266e+006	8.36342e+006	21465	21994	5874	6177	5950	6098	338	359	0	0	0	0	1561	1582	0	0	6339	6527	35320	36079	7091	7249	
13	8.3556e+006	8.35653e+006	23966	24579	7490	7868	7571	7754	562	594	0	0	0	0	2457	2507	0	0	6873	7076	42211	43137	9420	9634	
14	8.34879e+006	8.34987e+006	25356	25997	9480	9967	9627	9863	789	826	0	0	0	0	3420	3486	0	0	6631	6832	48868	49943	12144	12417	
15	8.3427e+006	8.34392e+006	25834	26480	11510	12127	11726	12016	1041	1084	0	0	0	0	4475	4554	0	0	5923	6113	54815	56032	14994	15332	
16	8.33788e+006	8.33922e+006	24177	24796	13602	14341	13913	14254	1154	1212	91	104	50	59	6303	6425	0	0	4686	4840	59517	60855	18340	18756	
17	8.33248e+006	8.33396e+006	22543	23136	15669	16528	15969	16367	1642	1706	98	111	53	62	8540	8717	0	0	5238	5416	64774	66253	22048	22545	
18	8.32657e+006	8.32818e+006	21669	22238	17225	18185	17508	17954	2292	2369	106	120	57	66	11409	11642	0	0	5755	5936	70553	72165	25729	26307	
19	8.3206e+006	8.32236e+006	21543	22124	17994	19013	18285	18752	2946	3044	168	186	84	97	15079	15379	0	0	5803	5993	76376	78138	29136	29807	
20	8.31465e+006	8.31659e+006	22612	23248	17739	18755	17977	18443	3733	3852	231	252	112	127	19493	19898	0	0	5752	5967	82146	84086	32004	32741	
21	8.30866e+006	8.31076e+006	23184	23839	17620	18645	17878	18351	4540	4681	306	330	146	162	24085	24591	0	0	5813	6005	87977	90073	35132	35962	
22	8.30258e+006	8.30484e+006	23322	24012	17334	18342	17588	18055	5373	5536	422	450	197	218	29495	30122	0	0	5904	6098	93898	96154	38614	39518	
23	8.29661e+006	8.29904e+006	23302	24016	16793	17791	17056	17526	6222	6418	572	606	267	292	35386	36144	0	0	5785	5994	99701	102131	42215	43207	
24	8.29083e+006	8.29343e+006	23145	23836	16353	17372	16611	17085	6862	7074	769	813	359	389	41201	42091	0	0	5593	5789	105311	107902	45758	46853	
25	8.28512e+006	8.28785e+006	22889	23562	16291	17329	16549	17034	7128	7341	1022	1078	472	507	46625	47652	0	0	5554	5734	110886	113615	49296	50490	
26	8.27945e+006	8.28232e+006	22500	23153	16849	17936	17192	17703	7024	7246	1218	1280	556	595	51195	52335	34	40	5514	5690	116417	119288	52717	53992	
27	8.27356e+006	8.2766e+006	22416	23062	17144	18268	17440	17953	6980	7195	1511	1582	695	735	56202	57479	36	42	5704	5900	122133	125175	56126	57510	
28	8.26766e+006	8.27087e+006	22539	23193	17080	18240	17320	17856	6865	7076	1870	1958	870	919	61732	63135	37	44	5719	5918	127870	131076	59513	60991	
29	8.26179e+006	8.26516e+006	22669	23349	16958	18100	17203	17726	6640	6834	2184	2280	1021	1075	67452	69008	53	62	5687	5886	133575	136944	62870	64428	
30	8.25596e+006	8.25949e+006	22807	23506	16841	17936	17100	17596	6446	6649	2496	2604	1163	1221	73093	74801	67	77	5653	5847	139246	142772	66188	67844	
31	8.25013e+006	8.25383e+006	22751	23459	16752	17863	17071	17573	6428	6629	2752	2867	1283	1346	78667	80520	88	100	5645	5854	144911	148607	69594	71351	
32	8.24435e+006	8.24821e+006	22631	23339	16672	17790	16962	17470	6659	6869	2890	3010	1347	1412	84192	86189	114	128	5599	5799	150529	154387	73043	74888	
33	8.23855e+006	8.24257e+006	22555	23273	16631	17742	16901	17414	6771	6995	3020	3147	1403	1470	89714	91867	152	166	5611	5821	156162	160186	76479	78415	
34	8.23279e+006	8.23698e+006	22482	23199	16616	17731	16974	17485	6744	6972	3143	3274	1463	1534	95180	97489	197	214	5575	5777	161753	165946	79831	81860	
35	8.22707e+006	8.23141e+006	22383	23085	16647	17796	17024	17551	6707	6925	3208	3338	1501	1572	100667	103120	256	279	5547	5741	167324	171663	83201	85328	
36	8.22131e+006	8.22582e+006	22354	23070	16668	17850	17072	17621	6663	6865	3246	3380	1510	1582	106134	108741	325	352	5571	5783	172914	177427	86538	88740	
37	8.21554e+006	8.22022e+006	22329	23041	16621	17814	17025	17579	6657	6859	3285	3421	1525	1599	111746	114515	398	428	5584	5793	178521	183196	89906	92206	
38	8.20979e+006	8.21462e+006	22316	23043	16556	17738	16962	17497	6606	6808	3257	3384	1502	1572	117467	120406	492	525	5562	5779	184112	188947	93219	95626	
39	8.20407e+006	8.20906e+006	22313	23041	16474	17648	16904	17442	6567	6763	3202	3326	1476	1544	123168	126279	587	626	5537	5746	189676	194664	96525	99019	
40	8.19837e+006	8.2035e+006	22280	22986	16467	17655	16827	17373	6567	6763	3146	3269	1454	1522	128801	132068	681	723	5538	5728	195239	200368	99862	102454	
41	8.19274e+006	8.19802e+006	22151	22840	16455	17644	16779	17321	6584	6799	3129	3248	1442	1506	134392	137806	758	802	5453	5648	200714	205994	103220	105923	
42	8.1871e+006	8.19254e+006	22044	22730	16721	17908	16494	17020	6592	6824	3180	3297	1471	1536	139891	143450	817	865	5460	5665	206193	211639	106825	109637	
43	8.1815e+006	8.1871e+006	21928	22607	16984	18155	16170	16684	6575	6814	3231	3350	1498	1569	145420	149130	887	939	5423	5621	211641	217235	110437	113348	
44	8.17589e+006	8.18163e+006	21833	22518	17252	18414	15866	16376	6546	6789	3228	3345	1489	1563	150968	154839	963	1020	5441	5640	217110	222847	114026	117037	
45	8.17028e+006	8.17617e+006	21817	22501	17520	18667	15521	16013	6568	6805	3211	3326	1477	1551	156466	160484	1034	1092	5432	5636	222570	228455	117611	120720	
46	8.16471e+006	8.17074e+006	21758	22435	17724	18864	15211	15693	6563	6818	3194	3303	1478	1551	161997	166174	1117	1175	5400	5600	227999	234026	121157	124378	
47	8.16049e+006	8.16663e+006	20417	21057	17909	19036	14864	15349	6562	6808	3173	3285	1466	1542	167545	171888	1196	1261	4083	4242	232103	238247	124713	128025	
48	8.15631e+006	8.16256e+006	19023	19618	17886	19003	14764	15246	6557	6810	3150	3270	1450	1524	173071	177568	1282	1349	4050	4200	236176	242423	128252	131661	
49	8.15214e+006	8.1585e+006	17628	18179	17824	18937	14719	15204	6557	6806	3138	3259	1440	1514	178571	183230	1356	1425	4040	4192	240240	246592	131759	135259	
50	8.14813e+006	8.15459e+006	16115	16616	17749	18866	14658	15145	6566	6801	3124	3242	1433	1505	184059	188874	1435	1506	3889	4036	244151	250605	135225	138816	
51	8.14424e+006	8.1508e+006	15794	16292	16987	18069	14051	14535	6522	6755	3129	3252	1436	1509	189499	194457	1511	1583	3763	3916	247936	254500	137986	141642	
52	8.14051e+006	8.14718e+006	15346	15836	16239	17260	13406	13862	6496	6731	3139	3270	1432	1506	194913	200028	1591	1664	3605	3741	251559	258223	140715	144446	
53	8.13692e+006	8.14368e+006	14787	15257	15485	16452	12802	13216	6444	6674	3128	3249	1415	1486	200339	205617	1675	1751	3482	3612	255060	261816	143419	147221	
54	8.13348e+006	8.14033e+006	14216	14689	14612	15532	12126	12529	6399	6635	3124	3249	1417	1491	205778	211198	1748	1827	3325	3461	258403	265258	146034	149899	
55	8.13029e+006	8.13723e+006	13541	13985	13702	14577	11373	11760	6373	6610	3152	3277	1429	1500	211170	216724	1820	1900	3083	3217	261511	268450	148611	152547	
56	8.12724e+006	8.13427e+006	12872	13309	12738	13554	10549	10916	6359	6603	3144	3269	1416	1489	216551	222237	1889	1973	2936	3065	264466	271496	151086	155081	
57	8.12437e+006	8.13148e+006	12164	12591	12406	13194	10287	10638	6105	6341	3121	3252	1405	1478	220856	226662	1964	2050	2774	2894	267261	274370	153376	157432	
58	8.12163e+006	8.1288e+006	11494	11890	11981	12764	9986	10331	5832	6044	3110	3242	1403	1476	225135	231065	2041	2130	2655	2760	269937	277109	155548	159673	
59	8.11894e+006	8.12618e+006	11013	11382	11461	12222	9551	9896	5553	5761	3104	3233	1397	1471	229413	235450	2112	2205	2601	2710	272558	279798	157603	161785	
60	8.11639e+006	8.12371e+006	10522	10884	10933	11684	9123	9467	5259	5461	3105	3237	1399	1477	233543	239687	2184	2280	2445	2568	275023	282346	159565	163801	
61	8.11391e+006	8.12131e+006	10133	10486	10393	11106	8687	9009	4932	5125	3099	3233	1396	1476	237582	243840	2263	2361	2381	2499	277427	284823	161440	165730	
62	8.11161e+006	8.11907e+006	9698	10050	9862	10534	8283	8585	4572	4753	3102	3234	1404	1483	241490	247863	2334	2435	2222	2322	279667	287126	163216	167548	
63	8.10941e+006	8.11693e+006	9213	9564	9391	10034	7883	8171	4444	4618	3013	3141	1370	1450	245130	251599	2415	2515	2120	2220	281805	289328	164975	169350	
64	8.1073e+006	8.11488e+006	8800	9126	8938	9570	7455	7744	4301	4467	2925	3045	1317	1397	248628	255206	2492	2598	2037	2125	283857	291439	166646	171068	
65	8.10526e+006	8.11291e+006	8367	8686	8567	9184	7125	7412	4112	4275	2824	2936	1271	1348	251947	258615	2571	2682	1953	2054	285829	293474	168244	172707	
66	8.1033e+006	8.111e+006	8038	8350	8190	8771	6804	7065	3930	4083	2740	2857	1234	1309	255091	261857	2646	2759	1893	1985	287741	295440	169745	174253	
67	8.10142e+006	8.10916e+006	7732	8029	8058	8621	6286	6537	3722	3874	2663	2774	1205	1273	258089	264952	2719	2837	1813	1900	289573	297321	171394	175949	
68	8.09967e+006	8.10746e+006	7379	7659	7959	8509	5772	6010	3550	3686	2558	2666	1162	1227	260970	267908	2794	2914	1681	1760	291272	299063	172989	177582	
69	8.09798e+006	8.10582e+006	7056	7319	7795	8338	5293	5520	3372	3505	2452	2554	1121	1182	263807	270816	2864	2987	1627	1717	292920	300758	174493	179137	
70	8.09634e+006	8.10423e+006	6729	6986	7687	8205	4851	5068	3196	3323	2330	2425	1056	1111	266498	273596	2939	3063	1566	1652	294502	302393	175956	180638	
71	8.0948e+006	8.10273e+006	6402	6647	7557	8049	4423	4615	3075	3190	2184	2275	992	1045	269102	276274	3010	3140	1485	1562	296008	303934	177345	182070	
72	8.09332e+006	8.10129e+006	6144	6386	7438	7898	4015	4190	2925	3036	2030	2120	917	968	271570	278811	3086	3216	1424	1499	297448	305417	178646	183405	
73	8.09188e+006	8.09988e+006	5903	6133	7130	7572	3837	4006	2806	2917	1959	2047	885	935	273843	281147	3142	3273	1386	1462	298856	306858	179876	184669	
74	8.09051e+006	8.09854e+006	5653	5875	6804	7240	3694	3863	2676	2787	1887	1973	860	910	276048	283405	3193	3327	1318	1392	300195	308229	181033	185862	
75	8.08921e+006	8.09728e+006	5403	5634	6506	6909	3533	3692	2562	2675	1803	1885	822	870	278164	285583	3249	3383	1240	1316	301454	309525	182137	186993	
76	8.08799e+006	8.0961e+006	5147	5370	6195	6577	3381	3531	2466	2582	1712	1790	789	836	280211	287680	3300	3439	1170	1233	302639	310743	183201	188087	
77	8.0868e+006	8.09493e+006	4908	5120	5929	6298	3223	3370	2347	2463	1629	1706	749	797	282191	289711	3355	3492	1149	1211	303806	311936	184243	189151	
78	8.08566e+006	8.09382e+006	4681	4887	5684	6056	3101	3248	2268	2380	1548	1625	711	760	283998	291563	3406	3546	1089	1160	304913	313078	185224	190156	
79	8.08458e+006	8.09277e+006	4473	4662	5429	5801	2963	3109	2154	2266	1479	1553	670	719	285775	293395	3457	3599	1030	1094	305962	314152	186158	191116	
80	8.08354e+006	8.09175e+006	4304	4494	5182	5530	2820	2954	2064	2173	1407	1481	647	696	287476	295147	3502	3645	1002	1064	306983	315198	187032	192016	
81	8.08256e+006	8.09079e+006	4097	4279	4970	5305	2699	2825	1977	2080	1345	1413	620	667	289090	296804	3543	3689	942	995	307942	316176	187897	192901	
82	8.0816e+006	8.08985e+006	3930	4096	4753	5086	2581	2705	1885	1983	1284	1354	598	644	290644	298403	3583	3730	921	978	308883	317135	188712	193743	
83	8.0807e+006	8.08898e+006	3757	3920	4529	4851	2451	2571	1802	1895	1229	1296	573	617	292154	299950	3620	3768	861	914	309757	318035	189495	194540	
84	8.07983e+006	8.08813e+006	3592	3748	4328	4636	2338	2457	1713	1801	1179	1244	545	589	293592	301426	3659	3810	837	892	310610	318911	190247	195308	
85	8.07899e+006	8.0873e+006	3451	3612	4124	4407	2247	2360	1643	1726	1128	1195	523	563	294935	302808	3697	3848	804	857	311433	319749	190953	196028	
86	8.07819e+006	8.08653e+006	3282	3447	3966	4240	2159	2271	1573	1650	1080	1144	497	535	296208	304117	3729	3881	755	810	312203	320544	191645	196733	
87	8.07743e+006	8.08579e+006	3154	3316	3779	4052	2054	2164	1495	1567	1026	1093	473	512	297472	305409	3763	3917	732	784	312951	321311	192291	197398	
88	8.07669e+006	8.08506e+006	3019	3179	3610	3868	1975	2078	1415	1490	982	1048	456	495	298668	306638	3798	3952	701	756	313673	322046	192911	198033	
89	8.07599e+006	8.08439e+006	2880	3034	3441	3694	1918	2015	1362	1433	936	1001	436	475	299785	307784	3828	3985	664	712	314351	322744	193500	198634	
90	8.07531e+006	8.08372e+006	2775	2922	3282	3528	1832	1924	1301	1375	894	957	415	452	300883	308907	3852	4011	650	698	315017	323426	194064	199221	
91	8.07466e+006	8.08308e+006	2663	2807	3157	3409	1742	1835	1243	1311	860	923	397	434	301909	309955	3878	4039	622	667	315655	324078	194628	199796	
92	8.07404e+006	8.08247e+006	2557	2690	3020	3267	1660	1754	1197	1265	819	878	372	411	302910	310978	3904	4067	594	640	316265	324701	195166	200346	
93	8.07344e+006	8.08189e+006	2456	2591	2888	3129	1596	1690	1153	1220	779	836	352	389	303844	311936	3930	4094	564	611	316843	325299	195665	200857	
94	8.07285e+006	8.08133e+006	2355	2488	2774	3012	1521	1615	1108	1173	735	792	334	370	304761	312878	3954	4119	551	593	317404	325882	196152	201357	
95	8.0723e+006	8.08079e+006	2262	2392	2664	2900	1445	1542	1049	1109	707	763	322	357	305652	313785	3976	4141	530	570	317949	326437	196621	201833	
96	8.07176e+006	8.08026e+006	2178	2311	2569	2791	1384	1475	997	1054	682	736	309	343	306481	314638	3996	4162	510	560	318476	326980	197071	202296	
97	8.07122e+006	8.07974e+006	2121	2249	2452	2669	1336	1423	952	1013	653	705	294	328	307275	315454	4022	4187	508	548	318999	327514	197491	202733	
98	8.07072e+006	8.07924e+006	2053	2178	2344	2557	1289	1377	910	970	624	671	279	313	308047	316244	4044	4209	484	521	319497	328020	197903	203160	
99	8.07025e+006	8.07879e+006	1963	2091	2259	2466	1242	1325	868	927	595	641	269	300	308775	316996	4064	4229	439	484	319950	328491	198306	203567	
100	8.06978e+006	8.07833e+006	1897	2015	2170	2380	1192	1270	828	884	576	618	259	288	309487	317726	4080	4245	444	483	320409	328958	198693	203964	
101	8.06934e+006	8.0779e+006	1804	1917	2106	2310	1141	1222	799	854	547	588	247	273	310167	318418	4096	4263	415	451	320837	329396	199081	204358	
102	8.06891e+006	8.07748e+006	1726	1842	2036	2233	1102	1180	770	830	523	562	239	263	310814	319079	4110	4278	406	446	321255	329830	199452	204735	
103	8.06848e+006	8.07707e+006	1685	1792	1946	2143	1067	1142	747	808	501	540	234	259	311422	319706	4126	4292	397	436	321665	330253	199783	205080	
104	8.06809e+006	8.07668e+006	1616	1722	1884	2077	1022	1098	707	763	482	520	228	252	312030	320337	4140	4308	376	411	322055	330650	200123	205425	
105	8.06771e+006	8.07631e+006	1557	1664	1812	2001	981	1054	674	729	462	496	220	242	312612	320934	4156	4323	356	393	322425	331029	200437	205748	
106	8.06733e+006	8.07595e+006	1500	1602	1748	1927	941	1013	655	708	441	476	214	236	313162	321503	4171	4339	348	385	322786	331402	200748	206070	
107	8.06698e+006	8.07561e+006	1435	1536	1675	1851	906	974	630	677	417	453	203	226	313721	322077	4185	4353	334	368	323130	331759	201049	206378	
108	8.06663e+006	8.07527e+006	1383	1486	1607	1778	869	935	612	658	401	437	193	218	314237	322608	4198	4365	326	359	323469	332105	201343	206678	
109	8.06629e+006	8.07494e+006	1341	1440	1556	1719	837	902	572	615	386	422	185	210	314735	323125	4209	4376	315	347	323792	332444	201609	206951	
110	8.06596e+006	8.07461e+006	1308	1406	1486	1651	809	874	554	594	363	399	174	198	315224	323621	4222	4390	315	350	324122	332780	201868	207220	
111	8.06564e+006	8.0743e+006	1276	1368	1430	1594	785	847	530	573	348	383	167	191	315681	324088	4232	4399	300	332	324434	333099	202118	207482	
112	8.06533e+006	8.074e+006	1238	1322	1379	1536	758	816	511	552	338	371	160	183	316123	324544	4240	4407	285	316	324732	333402	202369	207739	
113	8.06504e+006	8.07372e+006	1199	1280	1331	1484	723	779	493	536	328	361	152	175	316551	324980	4250	4418	277	304	325019	333696	202614	207996	
114	8.06475e+006	8.07344e+006	1151	1230	1285	1437	709	766	468	512	313	344	142	164	316971	325408	4260	4429	267	301	325299	333984	202849	208238	
115	8.06447e+006	8.07316e+006	1117	1194	1251	1396	689	742	456	499	292	320	131	150	317366	325810	4270	4439	267	294	325580	334264	203070	208465	
116	8.0642e+006	8.07289e+006	1084	1163	1216	1351	664	715	446	489	278	304	122	140	317744	326199	4280	4449	253	283	325845	334535	203291	208692	
117	8.06394e+006	8.07263e+006	1056	1135	1183	1314	640	690	432	474	267	292	118	135	318105	326573	4288	4457	249	276	326105	334801	203501	208905	
118	8.06368e+006	8.07237e+006	1036	1103	1141	1273	621	674	417	458	258	284	114	132	318459	326937	4297	4465	247	269	326363	335059	203704	209114	
119	8.0632e+006	8.07191e+006	1219	1302	1100	1226	616	666	397	440	247	271	106	123	318803	327297	4306	4474	449	494	326830	335534	203901	209310	
120	8.06273e+006	8.07144e+006	1410	1509	1068	1187	589	635	382	421	239	266	106	124	319150	327651	4313	4481	444	490	327293	336006	204098	209510	
121	8.06229e+006	8.071e+006	1584	1693	1039	1157	566	612	375	414	232	258	101	119	319468	327976	4320	4488	422	461	327733	336450	204290	209708	
122	8.0618e+006	8.07053e+006	1799	1922	1014	1126	552	596	358	396	223	250	97	114	319787	328301	4326	4495	462	498	328208	336934	204479	209897	
123	8.06129e+006	8.07003e+006	1835	1957	1119	1248	615	667	348	384	210	236	90	107	320088	328611	4334	4503	485	529	328710	337447	204801	210224	
124	8.06075e+006	8.0695e+006	1902	2028	1234	1375	675	732	337	374	203	230	87	105	320376	328908	4343	4512	511	561	329239	337989	205121	210552	
125	8.06019e+006	8.06895e+006	2007	2140	1343	1494	721	780	338	376	199	226	87	106	320654	329186	4349	4518	526	575	329783	338547	205436	210871	
126	8.05957e+006	8.06835e+006	2130	2276	1473	1632	798	859	332	367	194	220	85	103	320926	329467	4352	4522	583	635	330385	339163	205762	211204	
127	8.05893e+006	8.06771e+006	2260	2413	1608	1787	892	963	318	353	188	212	83	100	321202	329752	4356	4526	614	668	331025	339805	206090	211539	
128	8.05823e+006	8.06702e+006	2416	2579	1776	1978	988	1065	309	343	179	202	78	95	321471	330023	4363	4533	669	725	331714	340509	206448	211909	
129	8.05746e+006	8.06628e+006	2612	2790	1822	2029	1017	1096	340	376	173	197	77	93	321906	330465	4368	4538	722	785	332459	341272	206823	212300	
130	8.05667e+006	8.06549e+006	2786	2976	1907	2116	1074	1152	372	411	171	194	75	92	322333	330902	4374	4542	758	820	333242	342067	207240	212725	
131	8.05582e+006	8.06465e+006	2985	3183	2025	2245	1146	1230	390	430	170	193	76	93	322752	331321	4379	4548	811	878	334082	342917	207682	213168	
132	8.05492e+006	8.06378e+006	3171	3380	2148	2391	1226	1316	433	475	164	186	75	91	323184	331762	4384	4553	854	922	334958	343817	208155	213650	
133	8.05394e+006	8.06283e+006	3377	3598	2300	2565	1305	1405	477	523	161	184	72	88	323639	332226	4389	4558	928	1004	335911	344795	208665	214170	
134	8.05295e+006	8.06185e+006	3564	3801	2458	2737	1392	1494	535	589	157	179	71	86	324108	332706	4393	4562	945	1023	336884	345790	209207	214723	
135	8.05186e+006	8.06077e+006	3792	4052	2646	2932	1496	1595	551	607	166	189	75	91	324623	333233	4396	4565	1043	1125	337962	346881	209784	215308	
136	8.05069e+006	8.05964e+006	4049	4318	2824	3130	1584	1688	574	627	177	202	81	97	325189	333810	4400	4569	1110	1190	339100	348042	210391	215934	
137	8.04943e+006	8.0584e+006	4323	4615	3023	3352	1697	1805	610	667	182	207	82	98	325781	334406	4404	4573	1203	1300	340341	349304	211048	216613	
138	8.04813e+006	8.05711e+006	4624	4936	3195	3548	1795	1912	648	707	193	219	86	102	326415	335055	4409	4578	1245	1345	341624	350610	211720	217302	
139	8.04675e+006	8.05576e+006	4892	5223	3408	3782	1898	2024	701	764	200	228	91	108	327094	335747	4414	4583	1310	1413	342972	351985	212470	218061	
140	8.04526e+006	8.05431e+006	5201	5562	3634	4027	2017	2153	739	800	210	239	95	112	327827	336492	4416	4585	1420	1528	344431	353474	213263	218867	
141	8.04366e+006	8.05274e+006	5523	5897	3873	4309	2155	2309	800	858	221	251	100	116	328590	337267	4421	4590	1524	1636	345992	355072	214117	219735	
142	8.04199e+006	8.05111e+006	5872	6274	4110	4579	2303	2467	855	920	238	269	108	125	329389	338089	4423	4592	1591	1724	347629	356750	214998	220636	
143	8.04024e+006	8.04941e+006	6215	6649	4363	4858	2428	2601	928	999	258	292	119	136	330244	338963	4427	4595	1654	1787	349327	358494	215948	221608	
144	8.03838e+006	8.04759e+006	6576	7021	4667	5196	2592	2776	977	1049	281	316	127	146	331141	339880	4431	4600	1778	1904	351149	360354	216955	222636	
145	8.03638e+006	8.04564e+006	6950	7437	4983	5540	2754	2945	1037	1109	296	333	132	153	332136	340888	4438	4605	1898	2051	353097	362354	218045	223753	
146	8.03423e+006	8.04355e+006	7396	7918	5280	5888	2932	3137	1123	1202	310	346	137	158	333166	341940	4444	4612	2041	2201	355189	364504	219180	224925	
147	8.03199e+006	8.04137e+006	7861	8426	5578	6217	3088	3293	1191	1283	336	371	148	170	334303	343093	4449	4618	2121	2294	357364	366743	220363	226144	
148	8.02959e+006	8.03903e+006	8369	8979	5940	6600	3257	3471	1265	1361	354	390	157	179	335485	344296	4456	4626	2289	2453	359704	369146	221645	227454	
149	8.02708e+006	8.03658e+006	8868	9499	6301	7020	3468	3706	1338	1434	381	417	169	193	336726	345569	4461	4631	2396	2573	362159	371660	222995	228845	
150	8.02441e+006	8.03399e+006	9356	10019	6698	7473	3678	3939	1426	1533	402	438	179	202	338067	346936	4467	4636	2527	2723	364743	374325	224447	230337	
151	8.02154e+006	8.0312e+006	9966	10658	7062	7906	3894	4181	1529	1640	431	470	194	220	339488	348389	4474	4643	2732	2932	367538	377193	225961	231901	
152	8.01852e+006	8.02828e+006	10542	11287	7519	8406	4120	4425	1612	1733	464	506	210	237	340995	349935	4483	4653	2864	3084	370459	380220	227598	233587	
153	8.0153e+006	8.02516e+006	11196	11999	7994	8929	4375	4699	1703	1828	496	540	224	254	342558	351542	4491	4661	3050	3283	373575	383438	229301	235335	
154	8.01188e+006	8.02184e+006	11917	12771	8456	9466	4650	4994	1802	1933	529	575	239	269	344235	353255	4502	4672	3247	3496	376899	386856	231095	237185	
155	8.00826e+006	8.01833e+006	12631	13523	8982	10042	4948	5307	1898	2045	564	613	257	288	346036	355102	4512	4681	3444	3686	380409	390477	233026	239173	
156	8.00446e+006	8.01466e+006	13367	14313	9502	10620	5247	5618	2034	2197	603	655	275	308	347940	357050	4522	4692	3600	3873	384079	394279	235062	241285	
157	8.00037e+006	8.01071e+006	14191	15186	10080	11260	5587	5978	2138	2312	648	703	298	331	349954	359114	4535	4705	3872	4159	388025	398365	237215	243522	
158	7.99611e+006	8.00659e+006	14982	16035	10660	11929	5946	6370	2260	2441	695	754	322	357	352111	361328	4545	4716	4036	4347	392145	402628	239507	245887	
159	7.9916e+006	8.00223e+006	15821	16934	11315	12650	6329	6772	2404	2594	737	799	342	378	354366	363634	4558	4728	4283	4585	396506	407134	241933	248402	
160	7.98676e+006	7.99756e+006	16803	17994	12009	13425	6692	7165	2552	2761	786	852	364	401	356736	366071	4570	4740	4584	4931	401180	411976	244495	251062	
161	7.98171e+006	7.9927e+006	17704	18969	12727	14234	7096	7601	2726	2941	831	903	382	424	359295	368697	4585	4754	4777	5131	406041	417023	247234	253907	
162	7.97636e+006	7.98754e+006	18745	20051	13470	15069	7506	8049	2869	3085	883	962	408	452	362003	371503	4602	4772	5076	5429	411196	422372	250093	256869	
163	7.97063e+006	7.98202e+006	19897	21282	14300	15968	7897	8462	3044	3272	930	1016	427	477	364876	374468	4618	4789	5437	5814	416716	428103	253163	260043	
164	7.96462e+006	7.97625e+006	20999	22451	15160	16932	8355	8953	3220	3473	987	1080	449	499	367942	377613	4635	4806	5686	6100	422487	434118	256402	263420	
165	7.95823e+006	7.97012e+006	22267	23790	16001	17898	8820	9459	3423	3689	1044	1141	473	526	371172	380942	4652	4823	6047	6469	428617	440504	259789	266945	
166	7.95144e+006	7.96358e+006	23650	25239	16942	18921	9344	10003	3631	3903	1105	1207	501	559	374554	384444	4672	4843	6459	6878	435157	447301	263382	270690	
167	7.94429e+006	7.95673e+006	24974	26661	17982	20062	9847	10538	3862	4154	1165	1269	527	585	378183	388195	4694	4867	6757	7239	442004	454450	267275	274742	
168	7.9367e+006	7.94949e+006	26450	28233	19071	21264	10386	11112	4095	4400	1225	1337	551	612	381985	392126	4717	4889	7160	7673	449251	462037	271337	278989	
169	7.92869e+006	7.94182e+006	27972	29866	20176	22498	11021	11786	4348	4663	1301	1416	583	647	385995	396263	4741	4913	7567	8104	456915	470043	275608	283456	
170	7.92024e+006	7.93375e+006	29496	31530	21367	23767	11684	12484	4634	4958	1382	1507	618	685	390273	400698	4765	4939	7985	8540	464983	478501	280164	288194	
171	7.91133e+006	7.92524e+006	31156	33291	22627	25157	12381	13225	4902	5254	1472	1600	659	727	394749	405334	4790	4964	8419	8998	473492	487410	284924	293185	
172	7.90192e+006	7.9163e+006	32858	35110	23948	26656	13102	14014	5210	5584	1561	1689	699	767	399474	410241	4818	4993	8863	9492	482438	496818	289992	298495	
173	7.89195e+006	7.90677e+006	34729	37062	25299	28171	13851	14818	5509	5903	1670	1802	748	819	404557	415509	4846	5022	9437	10056	491965	506784	295367	304127	
174	7.88143e+006	7.89676e+006	36675	39123	26751	29772	14665	15691	5846	6277	1769	1910	802	877	409855	421018	4876	5054	9933	10600	501975	517307	301022	310068	
175	7.87026e+006	7.88613e+006	38799	41374	28275	31463	15480	16563	6169	6630	1875	2023	851	929	415524	426910	4906	5084	10543	11250	512603	528472	306978	316323	
176	7.85858e+006	7.87502e+006	40964	43656	29813	33224	16310	17452	6546	7019	1992	2146	903	984	421544	433156	4937	5117	11026	11775	523719	540157	313246	322933	
177	7.84623e+006	7.86329e+006	43168	46039	31521	35080	17250	18444	6928	7428	2112	2278	953	1038	427850	439725	4977	5157	11638	12442	535445	552511	319889	329894	
178	7.83316e+006	7.8509e+006	45538	48592	33267	36989	18245	19494	7303	7833	2240	2412	1010	1098	434556	446732	5015	5197	12302	13154	547835	565577	326869	337241	
179	7.81952e+006	7.83796e+006	47860	51055	35161	39061	19292	20601	7720	8280	2379	2563	1078	1169	441616	454100	5059	5242	12864	13713	560775	579215	334327	345081	
180	7.80495e+006	7.82414e+006	50582	53927	37082	41189	20374	21747	8146	8726	2522	2716	1145	1241	449073	461915	5101	5285	13747	14648	574597	593788	342087	353251	
181	7.7897e+006	7.80967e+006	53333	56807	39118	43454	21519	22963	8628	9232	2661	2872	1197	1304	456912	470120	5146	5331	14389	15322	589064	609033	350296	361907	
182	7.77365e+006	7.79443e+006	56185	59790	41281	45852	22744	24278	9085	9733	2822	3045	1269	1381	465185	478806	5197	5384	15157	16133	604305	625083	358928	371024	
183	7.75672e+006	7.7784e+006	59276	63083	43487	48303	23917	25533	9602	10270	2975	3207	1346	1460	473989	488018	5250	5439	15955	17005	620333	642015	368003	380590	
184	7.73889e+006	7.76149e+006	62366	66346	45916	50972	25264	26952	10162	10851	3143	3384	1420	1538	483223	497721	5303	5494	16841	17909	637250	659848	377635	390760	
185	7.72014e+006	7.74374e+006	65656	69841	48372	53666	26607	28376	10714	11448	3324	3571	1504	1629	493066	508041	5360	5553	17677	18819	654997	678597	387787	401470	
186	7.70048e+006	7.72512e+006	69056	73436	51053	56583	28024	29850	11316	12094	3506	3765	1592	1720	503327	518822	5427	5620	18553	19733	673620	698259	398474	412758	
187	7.67983e+006	7.70553e+006	72615	77148	53778	59578	29556	31480	11946	12771	3708	3979	1689	1825	514159	530215	5490	5688	19514	20719	693206	718906	409667	424586	
188	7.65821e+006	7.68502e+006	76223	80928	56727	62758	31102	33099	12595	13464	3927	4211	1791	1933	525614	542280	5561	5760	20447	21691	713719	740531	421506	437084	
189	7.63544e+006	7.66345e+006	80045	84939	59747	66083	32834	34940	13252	14159	4151	4442	1889	2034	537598	554914	5636	5838	21498	22830	735285	763292	433870	450150	
190	7.61162e+006	7.64083e+006	84050	89090	62863	69504	34453	36674	14003	14961	4387	4689	1998	2153	550355	568356	5715	5920	22557	23885	757905	787114	446959	463959	
191	7.58662e+006	7.61711e+006	88205	93425	66080	73009	36306	38620	14759	15741	4649	4967	2122	2282	563727	582457	5794	6003	23668	25055	781627	812115	460616	478378	
192	7.56038e+006	7.59222e+006	92578	98047	69386	76602	38220	40654	15577	16591	4908	5248	2244	2412	577808	597274	5885	6097	24820	26313	806514	838361	474938	493476	
193	7.5329e+006	7.56613e+006	97114	102754	72928	80430	40172	42698	16419	17470	5186	5538	2364	2539	592623	612935	5980	6197	26037	27533	832609	865836	490023	509404	
194	7.5043e+006	7.53898e+006	101643	107531	76565	84339	42195	44822	17316	18409	5476	5848	2498	2681	608255	629413	6080	6300	27089	28659	859754	894439	505873	526097	
195	7.47433e+006	7.51055e+006	106353	112494	80492	88522	44221	46913	18249	19413	5764	6163	2628	2824	624672	646733	6188	6410	28376	30019	888182	924407	522516	543654	
196	7.44313e+006	7.48091e+006	111125	117438	84463	92826	46455	49251	19153	20359	6087	6507	2779	2984	641964	664987	6296	6526	29593	31256	917829	955609	539923	562020	
197	7.41059e+006	7.44992e+006	116024	122493	88673	97342	48711	51607	20161	21431	6427	6865	2936	3144	660082	684084	6412	6650	30932	32593	948813	988149	558207	581289	
198	7.37651e+006	7.41746e+006	121346	127967	92911	101929	51047	54057	21168	22488	6783	7240	3107	3329	679111	704153	6531	6775	32408	34136	981276	1.02223e+006	577191	601307	
199	7.34101e+006	7.38367e+006	126699	133503	97306	106648	53479	56578	22244	23618	7130	7609	3270	3500	699132	725278	6660	6907	33726	35558	1.01507e+006	1.05772e+006	597092	622319	
200	7.30411e+006	7.3485e+006	132230	139200	101779	111473	55984	59183	23357	24771	7515	8015	3445	3680	720126	747401	6789	7044	35123	36954	1.05024e+006	1.09463e+006	617846	644189	
201	7.26578e+006	7.31192e+006	137823	144990	106453	116431	58521	61815	24540	26003	7883	8401	3626	3871	742162	770636	6927	7189	36528	38381	1.08682e+006	1.13296e+006	639622	667074	
202	7.22596e+006	7.27397e+006	143302	150727	111312	121540	61196	64584	25798	27359	8305	8842	3822	4078	765215	794928	7080	7347	37887	39872	1.12476e+006	1.17277e+006	662377	690963	
203	7.18485e+006	7.23464e+006	148857	156333	116298	126881	63822	67345	27042	28656	8766	9325	4039	4307	789435	820442	7252	7526	39276	41168	1.1641e+006	1.21388e+006	686141	715918	
204	7.14211e+006	7.19369e+006	154625	162179	121534	132381	66587	70173	28327	30000	9221	9792	4252	4526	814683	847054	7416	7700	40891	42801	1.20504e+006	1.25663e+006	710848	741871	
205	7.09785e+006	7.15132e+006	160426	168107	126872	137941	69352	73021	29621	31365	9705	10309	4473	4757	841158	874944	7596	7890	42325	44312	1.24742e+006	1.30089e+006	736556	768834	
206	7.05212e+006	7.10745e+006	166345	174022	132216	143624	72231	76027	31036	32860	10201	10827	4697	4990	868709	903936	7783	8087	43804	45789	1.29128e+006	1.34662e+006	763220	796811	
207	7.00485e+006	7.06202e+006	172443	180180	137627	149271	75132	78988	32434	34313	10710	11364	4925	5234	897593	934284	7975	8289	45380	47321	1.33672e+006	1.39388e+006	790913	825791	
208	6.95609e+006	7.01517e+006	178338	186198	143134	154958	78096	81976	33874	35785	11229	11917	5165	5487	927890	966110	8190	8512	46788	48816	1.38356e+006	1.44265e+006	819685	855886	
209	6.90578e+006	6.96673e+006	184399	192259	148684	160656	81130	85048	35430	37419	11801	12519	5434	5771	959343	999140	8401	8737	48384	50375	1.43201e+006	1.49296e+006	849542	887093	
210	6.85404e+006	6.91683e+006	190436	198265	154181	166329	84259	88266	37031	39071	12355	13109	5699	6052	992138	1.03357e+006	8627	8971	49838	51798	1.48191e+006	1.5447e+006	880358	919240	
211	6.80086e+006	6.86549e+006	196335	204181	159897	172148	87360	91422	38639	40719	12977	13758	5990	6358	1.02624e+006	1.06934e+006	8873	9233	51280	53236	1.53324e+006	1.59788e+006	912403	952593	
212	6.74636e+006	6.81275e+006	202229	209925	165586	177870	90585	94631	40208	42351	13574	14383	6247	6629	1.06177e+006	1.10663e+006	9125	9498	52677	54566	1.58598e+006	1.65238e+006	945298	986910	
213	6.69066e+006	6.75881e+006	207732	215303	171375	183776	93862	97974	41778	43965	14180	15024	6532	6926	1.09866e+006	1.1452e+006	9393	9778	53887	55753	1.63993e+006	1.70807e+006	979421	1.02237e+006	
214	6.63343e+006	6.70334e+006	213295	220798	177235	189688	96934	101074	43412	45631	14839	15725	6838	7251	1.13703e+006	1.18529e+006	9671	10070	55400	57295	1.69539e+006	1.7653e+006	1.01471e+006	1.059e+006	
215	6.57505e+006	6.64656e+006	218731	226021	182988	195409	100148	104267	45052	47295	15557	16463	7170	7596	1.17677e+006	1.22684e+006	9962	10376	56712	58462	1.75218e+006	1.82369e+006	1.05092e+006	1.09655e+006	
216	6.51541e+006	6.58851e+006	224028	231170	188895	201199	103150	107216	46685	48951	16286	17224	7505	7946	1.21795e+006	1.26983e+006	10276	10702	57970	59718	1.81023e+006	1.88333e+006	1.08822e+006	1.13512e+006	
217	6.45492e+006	6.52948e+006	229090	235982	194388	206597	106204	110210	48429	50726	17020	17978	7854	8305	1.26058e+006	1.31424e+006	10597	11037	58946	60567	1.86925e+006	1.94382e+006	1.12634e+006	1.17454e+006	
218	6.3931e+006	6.46912e+006	233976	240582	200124	212189	109099	113077	50183	52487	17782	18764	8184	8646	1.30457e+006	1.3601e+006	10935	11391	60283	61899	1.92962e+006	2.00564e+006	1.16562e+006	1.21509e+006	
219	6.33056e+006	6.40793e+006	238373	244740	205593	217379	112040	115892	51982	54288	18543	19547	8536	9006	1.3501e+006	1.40745e+006	11288	11763	61106	62622	1.9908e+006	2.06818e+006	1.20577e+006	1.25645e+006	
220	6.26719e+006	6.3458e+006	242444	248471	210973	222528	114837	118619	53756	56067	19312	20335	8885	9359	1.39709e+006	1.45625e+006	11647	12141	62040	63451	2.05293e+006	2.13154e+006	1.24698e+006	1.29882e+006	
221	6.20309e+006	6.28277e+006	246427	252117	216108	227295	117448	121103	55506	57782	20100	21136	9226	9704	1.44551e+006	1.50651e+006	12031	12544	62913	64230	2.11597e+006	2.19565e+006	1.2889e+006	1.34182e+006	
222	6.13828e+006	6.21902e+006	249783	255140	220994	231889	120216	123795	57252	59544	20909	21956	9634	10121	1.4953e+006	1.55802e+006	12426	12960	63633	64928	2.17972e+006	2.26046e+006	1.33162e+006	1.3856e+006	
223	6.07284e+006	6.15451e+006	253083	258059	225775	236297	122724	126186	58844	61086	21729	22790	10012	10502	1.54642e+006	1.61089e+006	12845	13403	64393	65554	2.24423e+006	2.3259e+006	1.37504e+006	1.43003e+006	
224	6.0071e+006	6.08955e+006	255857	260484	230320	240315	124929	128214	60495	62710	22544	23617	10389	10887	1.59897e+006	1.6652e+006	13290	13872	64804	65887	2.30918e+006	2.39163e+006	1.4193e+006	1.47522e+006	
225	5.94095e+006	6.02396e+006	258357	262584	234476	243985	127063	130222	62143	64311	23319	24387	10741	11234	1.65287e+006	1.72074e+006	13748	14355	65384	66358	2.37477e+006	2.45779e+006	1.46408e+006	1.52083e+006	
226	5.8747e+006	5.95818e+006	260326	264098	238163	247181	129131	132145	63684	65828	24098	25184	11096	11596	1.70811e+006	1.77755e+006	14236	14868	65580	66464	2.44056e+006	2.52404e+006	1.50941e+006	1.56695e+006	
227	5.80833e+006	5.89217e+006	261705	265138	241700	250189	131154	134009	65196	67281	24909	26000	11465	11969	1.76431e+006	1.83527e+006	14729	15383	65788	66578	2.50657e+006	2.5904e+006	1.5553e+006	1.61353e+006	
228	5.74195e+006	5.82606e+006	262771	265877	244885	252767	132642	135267	66711	68733	25718	26802	11837	12344	1.82182e+006	1.89427e+006	15256	15939	65856	66639	2.57268e+006	2.65679e+006	1.60166e+006	1.66052e+006	
229	5.67569e+006	5.75979e+006	263338	266094	247852	255083	134106	136534	68159	70136	26511	27571	12199	12701	1.88022e+006	1.95409e+006	15797	16502	65903	66623	2.63895e+006	2.72304e+006	1.64845e+006	1.70777e+006	
230	5.60969e+006	5.69366e+006	263448	266075	250257	256867	135388	137616	69447	71321	27327	28388	12576	13084	1.93971e+006	2.0149e+006	16325	17061	65679	66457	2.70508e+006	2.78905e+006	1.69546e+006	1.75516e+006	
231	5.54408e+006	5.62789e+006	262963	265578	252266	258272	136388	138426	70651	72421	28143	29199	12967	13470	2.00014e+006	2.07651e+006	16896	17658	65305	66080	2.77085e+006	2.85466e+006	1.74264e+006	1.80265e+006	
232	5.47902e+006	5.5624e+006	261913	264672	253943	259343	137076	138924	71847	73498	28930	29984	13305	13809	2.06132e+006	2.13887e+006	17472	18258	64825	65714	2.83633e+006	2.91972e+006	1.79005e+006	1.85031e+006	
233	5.41446e+006	5.49734e+006	260364	263325	255023	259893	137626	139323	72903	74495	29678	30713	13638	14143	2.12339e+006	2.20196e+006	18085	18893	64367	65262	2.9014e+006	2.98428e+006	1.83742e+006	1.89774e+006	
234	5.35068e+006	5.4329e+006	258283	261487	255654	260124	137974	139557	73728	75215	30405	31429	13958	14462	2.18614e+006	2.26562e+006	18723	19560	63609	64609	2.96584e+006	3.04806e+006	1.88477e+006	1.94506e+006	
235	5.28781e+006	5.3692e+006	255683	259268	255639	259799	138019	139495	74602	75956	31083	32102	14295	14790	2.24951e+006	2.32969e+006	19379	20242	62740	63825	3.02953e+006	3.11093e+006	1.93194e+006	1.99218e+006	
236	5.22578e+006	5.30625e+006	252740	256651	255164	259288	137771	139224	75275	76553	31762	32741	14602	15080	2.31327e+006	2.39403e+006	20036	20930	61905	63074	3.09248e+006	3.17296e+006	1.97901e+006	2.03899e+006	
237	5.16489e+006	5.24434e+006	249145	253425	254149	258430	137318	138812	75904	77091	32387	33322	14859	15326	2.37732e+006	2.4586e+006	20712	21630	60781	62027	3.1544e+006	3.23385e+006	2.0258e+006	2.08547e+006	
238	5.10506e+006	5.18334e+006	245243	249929	252487	257134	136608	138203	76311	77372	33017	33922	15153	15607	2.44167e+006	2.52339e+006	21420	22364	59722	61097	3.21539e+006	3.29368e+006	2.0722e+006	2.13145e+006	
239	5.04634e+006	5.12324e+006	241127	246301	250472	255526	135392	137081	76615	77565	33644	34540	15449	15899	2.50625e+006	2.58813e+006	22140	23108	58627	60194	3.27549e+006	3.3524e+006	2.11818e+006	2.17688e+006	
240	4.98895e+006	5.06452e+006	236521	242042	247941	253465	134047	135861	76828	77682	34187	35020	15691	16095	2.57083e+006	2.65282e+006	22884	23878	57304	58810	3.33422e+006	3.40979e+006	2.16362e+006	2.22168e+006	
241	4.9328e+006	5.00697e+006	231788	237666	244855	251008	132441	134435	76778	77609	34658	35443	15896	16286	2.63534e+006	2.71734e+006	23659	24675	56056	57643	3.39177e+006	3.46594e+006	2.20838e+006	2.26575e+006	
242	4.87799e+006	4.95065e+006	226794	232975	241300	248053	130722	132943	76687	77508	35055	35818	16076	16452	2.69962e+006	2.78142e+006	24450	25489	54733	56400	3.44809e+006	3.52075e+006	2.25243e+006	2.30905e+006	
243	4.8246e+006	4.89566e+006	221487	227839	237455	244943	128691	131123	76387	77205	35455	36165	16252	16596	2.76371e+006	2.84518e+006	25258	26315	53320	55059	3.50308e+006	3.57414e+006	2.29594e+006	2.3516e+006	
244	4.77274e+006	4.84216e+006	215982	222596	233145	241220	126551	129191	75935	76817	35791	36446	16393	16714	2.8273e+006	2.90834e+006	26094	27171	51806	53560	3.55658e+006	3.626e+006	2.33846e+006	2.39321e+006	
245	4.72248e+006	4.79013e+006	210109	217054	228626	237283	124226	127107	75294	76286	36073	36690	16490	16796	2.89039e+006	2.97083e+006	26906	27999	50191	52094	3.60861e+006	3.67626e+006	2.38019e+006	2.434e+006	
246	4.67368e+006	4.73951e+006	204090	211356	223866	233093	121667	124770	74492	75536	36308	36877	16614	16893	2.95297e+006	3.03266e+006	27744	28854	48723	50692	3.65923e+006	3.72505e+006	2.42109e+006	2.47389e+006	
247	4.62649e+006	4.69051e+006	197899	205352	218856	228618	119091	122402	73610	74756	36458	37014	16706	16987	3.0146e+006	3.09348e+006	28606	29720	47132	49053	3.70822e+006	3.77224e+006	2.46096e+006	2.51269e+006	
248	4.58088e+006	4.64308e+006	191649	199286	213611	223785	116346	119772	72591	73839	36531	37051	16765	17027	3.07554e+006	3.15347e+006	29457	30585	45558	47492	3.75566e+006	3.81786e+006	2.49989e+006	2.55047e+006	
249	4.53672e+006	4.59697e+006	185552	193363	208112	218670	113318	116877	71460	72882	36507	37002	16740	16995	3.13571e+006	3.21253e+006	30332	31469	44094	46171	3.80176e+006	3.86202e+006	2.5379e+006	2.58723e+006	
250	4.49415e+006	4.55247e+006	179341	187231	202515	213585	110232	113946	70204	71743	36460	36907	16721	16952	3.19475e+006	3.27041e+006	31192	32340	42515	44558	3.84627e+006	3.90459e+006	2.57486e+006	2.62292e+006	
251	4.45304e+006	4.50951e+006	173265	181190	196576	208012	107181	110994	68857	70497	36332	36768	16674	16893	3.25274e+006	3.32722e+006	32066	33223	41058	43010	3.88922e+006	3.9457e+006	2.61055e+006	2.65732e+006	
252	4.41357e+006	4.46815e+006	167126	175108	190510	202254	103991	107924	67535	69309	36127	36558	16570	16790	3.30952e+006	3.38273e+006	32951	34112	39418	41410	3.93058e+006	3.98517e+006	2.64523e+006	2.69073e+006	
253	4.37565e+006	4.42831e+006	160890	168847	184553	196648	100667	104698	66109	67981	35830	36313	16449	16687	3.36516e+006	3.43694e+006	33861	35024	37866	39902	3.97043e+006	4.02309e+006	2.67902e+006	2.72318e+006	
254	4.33927e+006	4.39005e+006	154705	162600	178485	190885	97388	101514	64599	66539	35505	36021	16322	16583	3.41948e+006	3.48977e+006	34752	35922	36327	38313	4.00869e+006	4.05947e+006	2.71163e+006	2.75442e+006	
255	4.30427e+006	4.35321e+006	148585	156479	172470	184942	94235	98409	62830	64824	35094	35671	16160	16458	3.47266e+006	3.54135e+006	35628	36800	34939	36888	4.04552e+006	4.09446e+006	2.74303e+006	2.78452e+006	
256	4.27069e+006	4.31781e+006	142697	150526	166355	178860	91038	95217	61181	63259	34592	35230	15923	16249	3.5244e+006	3.59143e+006	36509	37684	33531	35457	4.08093e+006	4.12805e+006	2.77333e+006	2.81344e+006	
257	4.23878e+006	4.28407e+006	136690	144414	160392	173034	87696	91931	59477	61610	34067	34765	15682	16032	3.5746e+006	3.63999e+006	37392	38567	31863	33786	4.11466e+006	4.15996e+006	2.80258e+006	2.84133e+006	
258	4.2082e+006	4.25174e+006	130878	138494	154411	167097	84449	88685	57686	59881	33475	34210	15396	15754	3.62343e+006	3.68711e+006	38281	39450	30519	32390	4.147e+006	4.19053e+006	2.83069e+006	2.8681e+006	
259	4.17895e+006	4.22079e+006	125140	132610	148466	161037	81246	85455	55868	58120	32820	33611	15096	15483	3.67102e+006	3.73287e+006	39153	40326	29198	31007	4.17795e+006	4.21979e+006	2.85775e+006	2.89387e+006	
260	4.15105e+006	4.19123e+006	119456	126758	142650	155100	78099	82271	54015	56318	32170	33026	14821	15222	3.71704e+006	3.77708e+006	40018	41190	27846	29607	4.2075e+006	4.24769e+006	2.8838e+006	2.91861e+006	
261	4.12428e+006	4.16285e+006	114311	121410	136651	149074	74905	79070	52353	54658	31421	32300	14483	14898	3.76153e+006	3.81977e+006	40867	42024	26717	28438	4.23588e+006	4.27446e+006	2.9086e+006	2.94212e+006	
262	4.09908e+006	4.1361e+006	108940	115823	130945	143238	71747	75851	50502	52812	30659	31599	14134	14576	3.80458e+006	3.86101e+006	41723	42869	25148	26802	4.26263e+006	4.29966e+006	2.93243e+006	2.96467e+006	
263	4.07493e+006	4.11044e+006	103837	110534	125361	137413	68714	72730	48735	51048	29875	30861	13782	14244	3.84607e+006	3.90066e+006	42571	43704	24096	25718	4.2883e+006	4.32381e+006	2.95528e+006	2.98628e+006	
264	4.05195e+006	4.08597e+006	98924	105446	119820	131632	65830	69747	46971	49269	29029	30067	13388	13875	3.88607e+006	3.93883e+006	43402	44518	22934	24516	4.31277e+006	4.34679e+006	2.97706e+006	3.00686e+006	
265	4.03013e+006	4.06271e+006	93955	100331	114527	126088	62959	66783	45139	47435	28254	29315	13010	13507	3.92466e+006	3.97563e+006	44228	45325	21749	23323	4.33603e+006	4.36861e+006	2.99802e+006	3.02667e+006	
266	4.00941e+006	4.04065e+006	89472	95642	109136	120405	60032	63746	43356	45641	27469	28543	12646	13136	3.96184e+006	4.01102e+006	45012	46087	20663	22115	4.35808e+006	4.38933e+006	3.01781e+006	3.04531e+006	
267	3.98964e+006	4.01958e+006	85081	91063	104183	115132	57283	60887	41586	43857	26646	27736	12283	12781	3.99741e+006	4.04477e+006	45776	46840	19707	21137	4.37916e+006	4.4091e+006	3.03679e+006	3.0632e+006	
268	3.97091e+006	3.9996e+006	80825	86582	99282	109933	54641	58171	39915	42153	25773	26887	11876	12390	4.03154e+006	4.07716e+006	46523	47578	18677	20036	4.39914e+006	4.42782e+006	3.05486e+006	3.08022e+006	
269	3.95322e+006	3.98069e+006	76713	82221	94492	104897	52026	55478	38140	40338	24942	26080	11489	12022	4.06438e+006	4.10832e+006	47253	48286	17638	18961	4.41804e+006	4.44552e+006	3.07209e+006	3.09638e+006	
270	3.9364e+006	3.96269e+006	72802	78170	89976	100053	49429	52762	36476	38631	24041	25185	11075	11616	4.09581e+006	4.13807e+006	47981	48997	16752	18064	4.43604e+006	4.46234e+006	3.08847e+006	3.11177e+006	
271	3.92045e+006	3.94564e+006	68979	74152	85432	95203	47024	50249	34959	37057	23236	24387	10706	11251	4.12588e+006	4.1665e+006	48662	49660	15887	17115	4.4531e+006	4.47829e+006	3.10404e+006	3.12642e+006	
272	3.90533e+006	3.92952e+006	65358	70306	81302	90760	44737	47872	33390	35421	22406	23536	10337	10876	4.15445e+006	4.19347e+006	49322	50296	15058	16188	4.46922e+006	4.49341e+006	3.11886e+006	3.14033e+006	
273	3.89113e+006	3.91433e+006	61854	66600	77157	86300	42483	45514	31872	33864	21600	22726	9962	10493	4.18181e+006	4.2193e+006	49991	50940	14133	15256	4.48441e+006	4.50761e+006	3.13285e+006	3.15346e+006	
274	3.87757e+006	3.8998e+006	58586	63132	73190	82045	40330	43257	30356	32309	20797	21901	9591	10119	4.20802e+006	4.24401e+006	50621	51546	13485	14595	4.49893e+006	4.52117e+006	3.14619e+006	3.16592e+006	
275	3.86482e+006	3.8862e+006	55384	59680	69436	77940	38274	41102	28976	30879	19934	21025	9196	9723	4.23297e+006	4.26746e+006	51243	52150	12683	13666	4.51253e+006	4.53391e+006	3.15884e+006	3.17777e+006	
276	3.8527e+006	3.87325e+006	52378	56516	65842	74004	36332	39042	27545	29397	19089	20169	8815	9335	4.25676e+006	4.28987e+006	51843	52727	12052	13024	4.52549e+006	4.54604e+006	3.1708e+006	3.189e+006	
277	3.84131e+006	3.86105e+006	49561	53530	62295	70133	34368	36970	26143	27956	18289	19355	8420	8938	4.27952e+006	4.3113e+006	52415	53275	11318	12269	4.53769e+006	4.55742e+006	3.1821e+006	3.19958e+006	
278	3.83054e+006	3.84952e+006	46777	50545	58998	66574	32527	35034	24851	26612	17508	18551	8060	8560	4.3011e+006	4.33158e+006	52965	53800	10700	11610	4.54922e+006	4.5682e+006	3.19294e+006	3.2097e+006	
279	3.82031e+006	3.8386e+006	44249	47860	55810	63016	30848	33209	23551	25241	16719	17749	7680	8168	4.32165e+006	4.35085e+006	53497	54307	10154	10981	4.56013e+006	4.57842e+006	3.20301e+006	3.21914e+006	
280	3.81063e+006	3.82826e+006	41801	45259	52808	59656	29215	31464	22375	24015	15974	16986	7337	7817	4.34112e+006	4.36909e+006	54020	54800	9605	10424	4.57047e+006	4.58811e+006	3.21263e+006	3.22814e+006	
281	3.80149e+006	3.81852e+006	39535	42812	49899	56447	27621	29760	21237	22808	15233	16222	6976	7445	4.35966e+006	4.38645e+006	54504	55269	9054	9819	4.58021e+006	4.59724e+006	3.22174e+006	3.23664e+006	
282	3.79291e+006	3.80936e+006	37343	40439	47088	53408	26111	28185	20157	21660	14553	15525	6668	7120	4.37716e+006	4.40288e+006	54977	55722	8507	9239	4.58938e+006	4.60583e+006	3.23032e+006	3.24467e+006	
283	3.78479e+006	3.80069e+006	35235	38199	44591	50592	24697	26657	19060	20492	13850	14794	6353	6800	4.39378e+006	4.41844e+006	55439	56166	8046	8741	4.59805e+006	4.61394e+006	3.23846e+006	3.25228e+006	
284	3.77716e+006	3.79257e+006	33180	35977	42094	47786	23374	25231	18064	19449	13181	14102	6047	6474	4.40961e+006	4.43322e+006	55882	56590	7550	8201	4.60616e+006	4.62158e+006	3.24615e+006	3.25947e+006	
285	3.76993e+006	3.78487e+006	31281	33931	39805	45277	22066	23861	17130	18461	12561	13453	5768	6178	4.42444e+006	4.44714e+006	56287	56976	7155	7773	4.61386e+006	4.6288e+006	3.25337e+006	3.26626e+006	
286	3.76313e+006	3.77765e+006	29493	31999	37586	42801	20790	22503	16211	17484	11981	12855	5514	5918	4.43858e+006	4.46037e+006	56688	57358	6722	7304	4.62109e+006	4.6356e+006	3.2602e+006	3.27266e+006	
287	3.75667e+006	3.77077e+006	27821	30225	35479	40423	19676	21302	15304	16532	11368	12203	5242	5630	4.45199e+006	4.47291e+006	57077	57726	6373	6968	4.62797e+006	4.64206e+006	3.26662e+006	3.27866e+006	
288	3.75061e+006	3.7643e+006	26264	28556	33462	38134	18594	20130	14435	15629	10804	11614	4994	5372	4.46465e+006	4.48477e+006	57442	58073	5991	6533	4.63443e+006	4.64813e+006	3.27264e+006	3.28432e+006	
289	3.74487e+006	3.7582e+006	24767	26965	31540	35997	17551	19025	13654	14802	10257	11022	4764	5122	4.47663e+006	4.496e+006	57790	58401	5657	6184	4.64054e+006	4.65386e+006	3.27836e+006	3.28971e+006	
290	3.73952e+006	3.75253e+006	23316	25416	29689	33898	16563	17961	12877	13967	9764	10498	4530	4872	4.48801e+006	4.50664e+006	58117	58709	5268	5757	4.64621e+006	4.65922e+006	3.28372e+006	3.29475e+006	
291	3.73443e+006	3.74715e+006	21948	23908	28016	32038	15600	16924	12161	13212	9246	9941	4296	4624	4.49875e+006	4.51672e+006	58425	59002	5007	5458	4.65159e+006	4.6643e+006	3.28886e+006	3.29957e+006	
292	3.72972e+006	3.74216e+006	20599	22440	26425	30252	14706	15974	11480	12460	8764	9432	4068	4384	4.50886e+006	4.52618e+006	58732	59294	4643	5065	4.65658e+006	4.66902e+006	3.29368e+006	3.30413e+006	
293	3.7252e+006	3.7374e+006	19378	21096	24929	28579	13840	15063	10832	11743	8271	8907	3823	4122	4.51849e+006	4.53519e+006	59006	59553	4438	4836	4.66134e+006	4.67354e+006	3.29821e+006	3.30839e+006	
294	3.72095e+006	3.73291e+006	18286	19897	23505	26981	13017	14183	10256	11115	7821	8429	3611	3902	4.52746e+006	4.54359e+006	59265	59806	4175	4560	4.66582e+006	4.67779e+006	3.30244e+006	3.31239e+006	
295	3.71699e+006	3.72873e+006	17162	18701	22127	25426	12283	13388	9697	10519	7403	7984	3416	3701	4.53594e+006	4.55155e+006	59521	60053	3885	4261	4.67001e+006	4.68175e+006	3.30645e+006	3.31618e+006	
296	3.71328e+006	3.72481e+006	16155	17635	20868	23997	11491	12549	9133	9914	6958	7501	3192	3456	4.54399e+006	4.55913e+006	59774	60292	3636	3998	4.67393e+006	4.68546e+006	3.31021e+006	3.31974e+006	
297	3.70974e+006	3.72107e+006	15188	16600	19652	22575	10812	11799	8612	9338	6586	7112	3007	3264	4.55161e+006	4.56626e+006	60005	60511	3471	3801	4.67767e+006	4.689e+006	3.31377e+006	3.32312e+006	
298	3.70637e+006	3.71753e+006	14314	15656	18502	21256	10183	11108	8100	8804	6225	6728	2824	3071	4.55878e+006	4.573e+006	60212	60709	3301	3616	4.68121e+006	4.69237e+006	3.3171e+006	3.32628e+006	
299	3.70323e+006	3.71423e+006	13495	14757	17353	19956	9586	10460	7646	8326	5887	6367	2657	2898	4.56552e+006	4.57933e+006	60415	60907	3064	3364	4.6845e+006	4.6955e+006	3.32021e+006	3.32922e+006	
300	3.70031e+006	3.71117e+006	12721	13892	16302	18770	9031	9861	7180	7824	5532	5991	2494	2718	4.57187e+006	4.58531e+006	60622	61101	2864	3132	4.68757e+006	4.69843e+006	3.32311e+006	3.33197e+006	
301	3.69752e+006	3.70826e+006	11966	13065	15345	17682	8484	9260	6765	7380	5224	5659	2353	2566	4.57784e+006	4.59094e+006	60803	61275	2717	2975	4.69048e+006	4.70121e+006	3.32591e+006	3.33462e+006	
302	3.69493e+006	3.70554e+006	11191	12232	14457	16679	8055	8789	6374	6966	4909	5322	2210	2417	4.58341e+006	4.59619e+006	60985	61445	2526	2782	4.6932e+006	4.7038e+006	3.32854e+006	3.33713e+006	
303	3.69251e+006	3.703e+006	10495	11462	13556	15678	7595	8304	6008	6570	4644	5032	2090	2285	4.58868e+006	4.6012e+006	61144	61598	2369	2593	4.69573e+006	4.70623e+006	3.33098e+006	3.33946e+006	
304	3.69023e+006	3.70062e+006	9845	10781	12716	14714	7149	7813	5668	6194	4395	4765	1974	2160	4.59365e+006	4.6059e+006	61294	61741	2215	2450	4.69812e+006	4.70851e+006	3.33328e+006	3.34165e+006	
305	3.68806e+006	3.69835e+006	9241	10134	12003	13870	6725	7340	5334	5836	4135	4484	1856	2031	4.59832e+006	4.61032e+006	61441	61881	2113	2327	4.70039e+006	4.71068e+006	3.33543e+006	3.34371e+006	
306	3.68604e+006	3.69624e+006	8680	9515	11306	13068	6327	6912	5034	5515	3904	4234	1758	1923	4.60268e+006	4.61445e+006	61573	62007	1964	2164	4.7025e+006	4.7127e+006	3.33745e+006	3.34564e+006	
307	3.68411e+006	3.69422e+006	8183	8998	10587	12237	5964	6514	4739	5190	3657	3975	1659	1817	4.60686e+006	4.61841e+006	61700	62130	1872	2076	4.70451e+006	4.71463e+006	3.33934e+006	3.34744e+006	
308	3.68228e+006	3.69232e+006	7738	8508	9883	11451	5593	6122	4482	4908	3438	3746	1571	1720	4.61079e+006	4.62215e+006	61818	62244	1772	1958	4.70642e+006	4.71646e+006	3.34112e+006	3.34914e+006	
309	3.68058e+006	3.69055e+006	7273	8007	9289	10771	5248	5752	4205	4623	3235	3527	1480	1617	4.61448e+006	4.62565e+006	61932	62354	1650	1825	4.70819e+006	4.71816e+006	3.34282e+006	3.35077e+006	
310	3.67896e+006	3.68887e+006	6876	7567	8728	10138	4923	5405	3951	4336	3045	3326	1392	1525	4.61792e+006	4.62893e+006	62039	62456	1565	1725	4.70987e+006	4.71977e+006	3.34439e+006	3.35229e+006	
311	3.67745e+006	3.6873e+006	6472	7111	8220	9572	4600	5058	3718	4070	2883	3159	1320	1451	4.62115e+006	4.63202e+006	62141	62559	1468	1621	4.71144e+006	4.72129e+006	3.34592e+006	3.35375e+006	
312	3.67605e+006	3.68585e+006	6055	6645	7747	9027	4332	4766	3498	3829	2724	2986	1240	1365	4.62417e+006	4.6349e+006	62238	62653	1354	1492	4.71289e+006	4.72269e+006	3.34733e+006	3.35511e+006	
313	3.67474e+006	3.6845e+006	5668	6221	7310	8543	4054	4477	3256	3563	2568	2817	1174	1292	4.62705e+006	4.63764e+006	62326	62739	1263	1400	4.71424e+006	4.724e+006	3.34866e+006	3.35638e+006	
314	3.67348e+006	3.68318e+006	5322	5857	6912	8065	3819	4213	3048	3336	2420	2657	1107	1218	4.62973e+006	4.6402e+006	62412	62823	1220	1359	4.71556e+006	4.72526e+006	3.34991e+006	3.35759e+006	
315	3.67228e+006	3.68195e+006	5001	5514	6510	7595	3593	3961	2862	3132	2285	2508	1041	1148	4.63226e+006	4.64262e+006	62496	62906	1147	1279	4.71679e+006	4.72645e+006	3.35107e+006	3.35872e+006	
316	3.67117e+006	3.6808e+006	4722	5208	6141	7156	3372	3709	2690	2956	2160	2366	987	1086	4.63461e+006	4.64486e+006	62571	62979	1073	1188	4.71794e+006	4.72757e+006	3.35217e+006	3.35978e+006	
317	3.6701e+006	3.67969e+006	4490	4953	5726	6674	3188	3505	2527	2785	2048	2239	936	1030	4.63686e+006	4.64701e+006	62637	63045	1031	1144	4.71904e+006	4.72864e+006	3.35318e+006	3.36075e+006	
318	3.66911e+006	3.67867e+006	4222	4657	5363	6263	3007	3310	2382	2620	1934	2116	884	976	4.63899e+006	4.64904e+006	62697	63104	952	1064	4.72007e+006	4.72963e+006	3.35415e+006	3.36168e+006	
319	3.66816e+006	3.67769e+006	3987	4396	5050	5901	2830	3113	2262	2490	1813	1988	827	916	4.64095e+006	4.65092e+006	62761	63166	913	1018	4.72105e+006	4.73058e+006	3.35507e+006	3.36257e+006	
320	3.66727e+006	3.67678e+006	3759	4158	4750	5551	2648	2916	2133	2346	1709	1877	784	871	4.64282e+006	4.65272e+006	62817	63221	847	947	4.72196e+006	4.73146e+006	3.35593e+006	3.36341e+006	
321	3.66647e+006	3.67596e+006	3496	3871	4476	5238	2491	2748	2029	2230	1594	1745	731	809	4.64457e+006	4.65441e+006	62877	63280	768	858	4.72278e+006	4.73227e+006	3.35677e+006	3.36421e+006	
322	3.66568e+006	3.67515e+006	3301	3649	4215	4949	2354	2603	1914	2107	1502	1645	690	765	4.64618e+006	4.65596e+006	62932	63334	755	844	4.72359e+006	4.73306e+006	3.35754e+006	3.36497e+006	
323	3.66494e+006	3.67439e+006	3095	3428	4008	4709	2216	2455	1800	1979	1405	1542	646	720	4.64771e+006	4.65744e+006	62980	63382	707	797	4.72435e+006	4.7338e+006	3.35827e+006	3.36568e+006	
324	3.66425e+006	3.67368e+006	2897	3219	3793	4452	2067	2292	1688	1866	1313	1439	604	673	4.6492e+006	4.65886e+006	63025	63427	651	737	4.72505e+006	4.73448e+006	3.35895e+006	3.36634e+006	
325	3.66358e+006	3.67299e+006	2772	3081	3546	4160	1942	2155	1589	1754	1232	1358	568	637	4.65057e+006	4.66019e+006	63071	63472	643	720	4.72574e+006	4.73516e+006	3.35956e+006	3.36693e+006	
326	3.66296e+006	3.67237e+006	2605	2895	3336	3928	1833	2044	1485	1641	1156	1281	532	599	4.65186e+006	4.66145e+006	63117	63517	588	658	4.72637e+006	4.73578e+006	3.36016e+006	3.36751e+006	
327	3.66237e+006	3.67176e+006	2457	2732	3128	3696	1720	1925	1376	1530	1088	1208	498	561	4.65311e+006	4.66265e+006	63159	63559	560	633	4.72698e+006	4.73636e+006	3.36073e+006	3.36807e+006	
328	3.66183e+006	3.6712e+006	2325	2582	2931	3471	1624	1816	1279	1422	1026	1138	468	531	4.65427e+006	4.66378e+006	63194	63593	519	587	4.72753e+006	4.73691e+006	3.36125e+006	3.36857e+006	
329	3.6613e+006	3.67067e+006	2178	2417	2759	3271	1528	1716	1208	1344	973	1080	444	504	4.65535e+006	4.66482e+006	63228	63626	495	557	4.72806e+006	4.73743e+006	3.36176e+006	3.36908e+006	
330	3.6608e+006	3.67016e+006	2064	2299	2590	3067	1449	1619	1139	1268	918	1020	421	474	4.65635e+006	4.6658e+006	63266	63663	475	539	4.72858e+006	4.73793e+006	3.36223e+006	3.36953e+006	
331	3.66034e+006	3.66969e+006	1941	2161	2460	2920	1373	1538	1069	1196	875	972	399	451	4.65726e+006	4.66669e+006	63293	63690	437	495	4.72905e+006	4.73839e+006	3.36268e+006	3.36996e+006	
332	3.65989e+006	3.66923e+006	1849	2062	2316	2753	1288	1440	1016	1135	814	906	373	421	4.65816e+006	4.66757e+006	63323	63721	428	486	4.72951e+006	4.73885e+006	3.3631e+006	3.37038e+006	
333	3.65947e+006	3.6688e+006	1755	1959	2189	2596	1209	1351	961	1076	773	863	350	397	4.659e+006	4.66838e+006	63350	63748	402	452	4.72994e+006	4.73927e+006	3.3635e+006	3.37078e+006	
334	3.65907e+006	3.66839e+006	1657	1850	2078	2466	1144	1284	905	1020	725	811	328	373	4.65979e+006	4.66914e+006	63377	63775	377	430	4.73035e+006	4.73967e+006	3.36388e+006	3.37115e+006	
335	3.65871e+006	3.66801e+006	1564	1746	1949	2316	1073	1203	850	954	687	768	309	349	4.66055e+006	4.66989e+006	63402	63800	342	393	4.73072e+006	4.74003e+006	3.36423e+006	3.3715e+006	
336	3.65835e+006	3.66765e+006	1478	1643	1852	2207	1011	1139	801	899	644	722	291	330	4.66126e+006	4.67057e+006	63425	63823	341	384	4.73109e+006	4.74038e+006	3.36458e+006	3.37183e+006	
337	3.65803e+006	3.66731e+006	1383	1543	1755	2087	955	1074	758	852	603	675	272	309	4.66193e+006	4.67123e+006	63447	63844	307	352	4.73142e+006	4.74071e+006	3.3649e+006	3.37215e+006	
338	3.65772e+006	3.667e+006	1297	1446	1665	1983	905	1019	714	811	566	635	256	292	4.66255e+006	4.67183e+006	63469	63867	291	334	4.73174e+006	4.74102e+006	3.3652e+006	3.37244e+006	
339	3.65742e+006	3.66669e+006	1234	1371	1562	1869	859	965	672	762	533	598	242	277	4.66314e+006	4.67241e+006	63489	63887	279	317	4.73204e+006	4.74131e+006	3.36548e+006	3.37271e+006	
340	3.65713e+006	3.6664e+006	1169	1306	1486	1766	810	905	637	718	492	556	223	257	4.66372e+006	4.67297e+006	63507	63904	277	317	4.73234e+006	4.74161e+006	3.36576e+006	3.37298e+006	
341	3.65686e+006	3.66612e+006	1117	1250	1408	1672	762	851	601	681	458	519	208	242	4.66425e+006	4.67349e+006	63523	63920	255	296	4.73262e+006	4.74188e+006	3.36601e+006	3.37323e+006	
342	3.65661e+006	3.66585e+006	1063	1191	1324	1571	712	798	569	647	435	493	198	230	4.66475e+006	4.67398e+006	63541	63938	238	274	4.73288e+006	4.74213e+006	3.36625e+006	3.37346e+006	
343	3.65637e+006	3.66561e+006	1009	1135	1249	1486	664	747	539	612	410	466	191	222	4.66523e+006	4.67445e+006	63555	63952	224	262	4.73313e+006	4.74237e+006	3.36648e+006	3.37368e+006	
344	3.65614e+006	3.66537e+006	949	1067	1183	1408	632	711	509	577	392	445	182	212	4.66568e+006	4.67489e+006	63567	63963	217	250	4.73337e+006	4.7426e+006	3.3667e+006	3.3739e+006	
345	3.65592e+006	3.66514e+006	900	1009	1128	1342	602	678	483	551	363	415	170	200	4.66609e+006	4.67529e+006	63583	63979	205	238	4.73359e+006	4.74282e+006	3.36691e+006	3.3741e+006	
346	3.65571e+006	3.66493e+006	855	958	1060	1269	567	642	462	529	347	395	162	191	4.66649e+006	4.67567e+006	63594	63989	195	222	4.7338e+006	4.74302e+006	3.36711e+006	3.37429e+006	
347	3.65552e+006	3.66473e+006	811	907	996	1199	548	622	430	492	323	370	150	177	4.66687e+006	4.67605e+006	63605	64001	182	209	4.734e+006	4.74321e+006	3.36728e+006	3.37446e+006	
348	3.65533e+006	3.66454e+006	766	862	949	1143	522	593	398	459	306	354	144	168	4.66722e+006	4.6764e+006	63617	64013	173	205	4.73419e+006	4.7434e+006	3.36746e+006	3.37463e+006	
349	3.65516e+006	3.66436e+006	726	819	903	1087	499	565	374	430	288	332	134	159	4.66756e+006	4.67672e+006	63629	64024	164	195	4.73437e+006	4.74358e+006	3.36762e+006	3.37479e+006	
350	3.65499e+006	3.6642e+006	683	775	855	1026	467	528	354	408	279	320	131	153	4.66788e+006	4.67704e+006	63638	64033	151	179	4.73454e+006	4.74374e+006	3.36779e+006	3.37495e+006	
351	3.65482e+006	3.66402e+006	662	751	812	972	437	495	335	383	265	305	123	145	4.66819e+006	4.67734e+006	63646	64042	161	186	4.73472e+006	4.74391e+006	3.36794e+006	3.3751e+006	
352	3.65467e+006	3.66386e+006	631	714	767	924	417	474	314	361	256	293	119	140	4.66847e+006	4.67761e+006	63655	64050	141	168	4.73487e+006	4.74407e+006	3.36808e+006	3.37524e+006	
353	3.65453e+006	3.66372e+006	596	676	732	884	392	446	300	346	239	275	110	131	4.66874e+006	4.67787e+006	63663	64059	130	156	4.73502e+006	4.74421e+006	3.36821e+006	3.37537e+006	
354	3.65439e+006	3.66357e+006	574	653	689	834	370	423	289	330	220	256	101	120	4.669e+006	4.67813e+006	63672	64068	129	155	4.73516e+006	4.74435e+006	3.36833e+006	3.37549e+006	
355	3.65424e+006	3.66343e+006	547	625	663	802	352	403	276	317	208	241	95	114	4.66925e+006	4.67836e+006	63680	64076	134	159	4.73531e+006	4.74449e+006	3.36847e+006	3.37561e+006	
356	3.65412e+006	3.6633e+006	522	595	627	764	337	387	259	296	197	228	89	108	4.66948e+006	4.67859e+006	63687	64084	116	138	4.73544e+006	4.74462e+006	3.36858e+006	3.37573e+006	
357	3.654e+006	3.66318e+006	502	568	594	728	319	367	244	280	189	219	86	104	4.6697e+006	4.67881e+006	63693	64091	110	131	4.73556e+006	4.74474e+006	3.3687e+006	3.37584e+006	
358	3.65388e+006	3.66305e+006	484	547	569	695	303	348	228	263	178	208	80	98	4.66991e+006	4.67902e+006	63699	64097	112	133	4.73568e+006	4.74486e+006	3.3688e+006	3.37594e+006	
359	3.65377e+006	3.66294e+006	455	515	549	670	293	337	217	252	167	197	77	93	4.67011e+006	4.67921e+006	63704	64102	105	127	4.7358e+006	4.74497e+006	3.36891e+006	3.37604e+006	
360	3.65365e+006	3.66281e+006	447	508	529	646	277	321	207	241	157	184	72	89	4.67029e+006	4.67939e+006	63710	64107	109	129	4.73592e+006	4.74509e+006	3.369e+006	3.37614e+006	
361	3.65354e+006	3.6627e+006	436	498	493	605	264	304	195	227	149	177	68	84	4.67048e+006	4.67958e+006	63713	64111	99	120	4.73603e+006	4.7452e+006	3.36909e+006	3.37622e+006	
362	3.65344e+006	3.6626e+006	416	475	474	578	256	293	181	214	139	164	63	77	4.67066e+006	4.67975e+006	63719	64116	91	110	4.73614e+006	4.7453e+006	3.36918e+006	3.37631e+006	
363	3.65334e+006	3.6625e+006	400	455	452	552	254	289	169	205	133	158	59	74	4.67082e+006	4.6799e+006	63723	64120	90	107	4.73623e+006	4.74539e+006	3.36926e+006	3.37639e+006	
364	3.65325e+006	3.6624e+006	379	431	434	531	250	287	163	196	127	151	60	73	4.67097e+006	4.68005e+006	63726	64123	88	105	4.73633e+006	4.74549e+006	3.36935e+006	3.37647e+006	
