Day	Susceptible	Exposed	Current Detected Mild Infections	Current Undetected Mild Infections	Current Hospitalizations	Current ICU patients	ventilators	Recovered	Deaths	new infections today	total number of infections 	Confirmed total number of infections 	
0	8.39714e+006	1600	0	0	0	0	0	0	0	0	1600	0	
1	8.39698e+006	1760	0	0	0	0	0	0	0	160	1760	0	
2	8.39682e+006	1920	0	0	0	0	0	0	0	160	1920	0	
3	8.39568e+006	3060	0	0	0	0	0	0	0	1140	3060	0	
4	8.39448e+006	2660	815	785	0	0	0	0	0	1200	4260	815	
5	8.39316e+006	3817	893	867	0	0	0	0	0	1316	5577	893	
6	8.39109e+006	5724	976	944	0	0	0	0	0	2067	7644	976	
7	8.38833e+006	7347	1554	1506	0	0	0	0	0	2763	10407	1554	
8	8.38477e+006	9709	2159	2101	0	0	0	0	0	3563	13970	2159	
9	8.38034e+006	12824	2813	2763	0	0	0	0	0	4431	18401	2813	
10	8.37501e+006	16085	3052	2992	289	0	0	1311	0	5328	23729	4010	
11	8.36947e+006	18860	4339	4307	316	0	0	1444	0	5537	29266	5388	
12	8.36304e+006	21730	6025	6024	348	0	0	1572	0	6433	35700	7170	
13	8.35606e+006	24273	7679	7662	578	0	0	2482	0	6974	42674	9527	
14	8.34933e+006	25676	9723	9745	808	0	0	3453	0	6732	49405	12280	
15	8.34331e+006	26157	11818	11871	1062	0	0	4514	0	6018	55423	15163	
16	8.33855e+006	24487	13972	14084	1183	97	54	6364	0	4763	60186	18548	
17	8.33322e+006	22840	16099	16168	1674	104	57	8628	0	5327	65513	22297	
18	8.32738e+006	21953	17705	17731	2331	113	61	11526	0	5845	71359	26018	
19	8.32148e+006	21833	18504	18519	2995	177	91	15229	0	5898	77257	29472	
20	8.31562e+006	22930	18247	18210	3792	241	120	19696	0	5859	83116	32373	
21	8.30971e+006	23512	18132	18115	4610	318	154	24338	0	5909	89025	35547	
22	8.30371e+006	23667	17838	17821	5455	436	208	29809	0	6001	95026	39066	
23	8.29782e+006	23659	17292	17291	6320	589	280	35765	0	5890	100916	42711	
24	8.29213e+006	23491	16863	16848	6968	791	374	41646	0	5691	106607	46306	
25	8.28649e+006	23225	16810	16792	7235	1050	490	47138	0	5644	112250	49893	
26	8.28088e+006	22827	17393	17447	7135	1249	576	51765	37	5602	117853	53355	
27	8.27508e+006	22739	17706	17696	7087	1546	715	56841	39	5802	123654	56818	
28	8.26926e+006	22866	17660	17588	6970	1914	895	62434	41	5819	129473	60252	
29	8.26348e+006	23009	17529	17464	6737	2232	1048	68230	58	5787	135260	63649	
30	8.25773e+006	23157	17388	17348	6548	2550	1192	73947	72	5750	141009	67016	
31	8.25198e+006	23105	17307	17322	6528	2809	1315	79593	94	5750	146759	70473	
32	8.24628e+006	22985	17231	17216	6764	2950	1380	85191	121	5699	152458	73966	
33	8.24056e+006	22914	17186	17157	6883	3084	1436	90790	159	5716	158174	77447	
34	8.23489e+006	22840	17173	17229	6858	3208	1499	96334	205	5676	163849	80846	
35	8.22924e+006	22734	17221	17287	6816	3273	1537	101894	268	5644	169493	84264	
36	8.22357e+006	22712	17259	17346	6764	3313	1546	107437	339	5677	175170	87639	
37	8.21788e+006	22685	17218	17302	6758	3353	1562	113130	413	5688	180859	91056	
38	8.21221e+006	22680	17147	17229	6707	3321	1537	118937	508	5671	186529	94423	
39	8.20657e+006	22677	17061	17173	6665	3264	1510	124724	607	5641	192170	97772	
40	8.20093e+006	22633	17061	17100	6665	3208	1488	130435	702	5633	197803	101158	
41	8.19538e+006	22495	17049	17050	6692	3188	1474	136099	780	5551	203354	104571	
42	8.18982e+006	22387	17314	16757	6708	3238	1503	141671	841	5562	208916	108231	
43	8.1843e+006	22268	17570	16427	6695	3291	1534	147275	913	5522	214438	111892	
44	8.17876e+006	22175	17833	16121	6668	3287	1526	152904	992	5541	219979	115532	
45	8.17322e+006	22159	18094	15767	6686	3268	1514	158475	1063	5534	225512	119165	
46	8.16772e+006	22096	18294	15452	6690	3249	1515	164085	1146	5500	231012	122767	
47	8.16356e+006	20737	18473	15107	6685	3229	1504	169717	1228	4162	235175	126369	
48	8.15944e+006	19321	18444	15005	6684	3210	1487	175320	1316	4125	239300	129956	
49	8.15532e+006	17903	18380	14962	6682	3198	1477	180900	1390	4116	243416	133509	
50	8.15136e+006	16366	18308	14902	6684	3183	1469	186466	1470	3962	247378	137021	
51	8.14752e+006	16043	17528	14293	6639	3190	1473	191978	1547	3840	251218	139814	
52	8.14385e+006	15591	16750	13634	6613	3204	1469	197471	1628	3673	254891	142580	
53	8.1403e+006	15022	15968	13009	6559	3188	1450	202978	1713	3547	258438	145320	
54	8.13691e+006	14453	15072	12328	6517	3187	1454	208488	1788	3393	261831	147966	
55	8.13376e+006	13763	14139	11566	6491	3215	1465	213947	1860	3150	264981	150579	
56	8.13076e+006	13090	13146	10732	6481	3207	1453	219394	1931	3000	267981	153083	
57	8.12792e+006	12378	12800	10463	6223	3186	1442	223759	2007	2834	270815	155404	
58	8.12521e+006	11692	12373	10159	5938	3176	1439	228100	2086	2707	273523	157610	
59	8.12256e+006	11197	11841	9724	5657	3168	1434	232432	2158	2655	276178	159694	
60	8.12005e+006	10703	11308	9295	5360	3171	1438	236615	2232	2507	278684	161683	
61	8.11761e+006	10309	10749	8848	5028	3166	1436	240711	2312	2440	281125	163585	
62	8.11534e+006	9874	10198	8434	4662	3168	1444	244677	2384	2272	283397	165382	
63	8.11317e+006	9389	9713	8027	4531	3077	1410	248365	2465	2170	285567	167163	
64	8.11109e+006	8963	9254	7600	4384	2985	1357	251917	2545	2081	287648	168857	
65	8.10909e+006	8527	8875	7269	4193	2880	1310	255281	2626	2004	289651	170476	
66	8.10715e+006	8194	8481	6935	4007	2799	1272	258474	2702	1939	291590	171999	
67	8.10529e+006	7880	8340	6412	3798	2719	1239	261521	2778	1856	293447	173672	
68	8.10357e+006	7519	8234	5891	3618	2612	1195	264439	2854	1720	295167	175286	
69	8.1019e+006	7188	8067	5407	3438	2503	1151	267311	2925	1672	296839	176815	
70	8.10029e+006	6857	7946	4960	3259	2378	1084	270047	3001	1609	298448	178297	
71	8.09877e+006	6524	7803	4519	3132	2229	1019	272688	3075	1523	299971	179707	
72	8.0973e+006	6265	7668	4102	2980	2075	943	275190	3151	1461	301432	181025	
73	8.09588e+006	6018	7351	3922	2861	2003	910	277495	3207	1424	302857	182273	
74	8.09452e+006	5764	7022	3778	2731	1930	885	279726	3260	1355	304212	183448	
75	8.09325e+006	5519	6707	3612	2618	1844	846	281873	3316	1278	305490	184565	
76	8.09205e+006	5259	6386	3456	2524	1751	812	283946	3369	1201	306691	185644	
77	8.09087e+006	5014	6114	3296	2405	1668	773	285951	3423	1180	307871	186697	
78	8.08974e+006	4784	5870	3175	2324	1587	736	287781	3476	1124	308996	187690	
79	8.08868e+006	4568	5615	3036	2210	1516	695	289585	3528	1062	310057	188637	
80	8.08765e+006	4399	5356	2887	2118	1444	672	291312	3573	1033	311090	189524	
81	8.08668e+006	4188	5138	2762	2028	1379	644	292947	3616	969	312059	190399	
82	8.08573e+006	4013	4920	2643	1934	1319	621	294523	3657	950	313009	191228	
83	8.08484e+006	3839	4690	2511	1848	1262	595	296052	3694	887	313896	192018	
84	8.08398e+006	3670	4482	2397	1757	1212	567	297509	3735	864	314760	192777	
85	8.08315e+006	3532	4266	2304	1684	1162	543	298871	3772	830	315591	193491	
86	8.08236e+006	3364	4103	2215	1612	1112	516	300163	3805	782	316373	194189	
87	8.08161e+006	3235	3916	2109	1531	1059	492	301441	3840	758	317131	194844	
88	8.08088e+006	3099	3739	2026	1452	1015	476	302653	3875	728	317860	195472	
89	8.08019e+006	2957	3567	1966	1398	968	456	303784	3907	688	318548	196067	
90	8.07951e+006	2849	3405	1878	1338	926	433	304895	3932	674	319222	196642	
91	8.07887e+006	2735	3283	1789	1277	891	415	305932	3959	644	319866	197212	
92	8.07825e+006	2624	3144	1707	1231	848	392	306944	3986	617	320483	197756	
93	8.07767e+006	2523	3008	1643	1187	807	371	307890	4012	588	321071	198261	
94	8.07709e+006	2421	2893	1568	1141	764	352	308819	4037	572	321643	198755	
95	8.07654e+006	2327	2782	1494	1079	735	340	309718	4058	550	322193	199227	
96	8.07584e+006	2410	2680	1429	1026	709	326	310559	4079	700	322893	199684	
97	8.07515e+006	2516	2560	1380	983	679	311	311365	4104	694	323587	200112	
98	8.0745e+006	2588	2451	1333	940	647	296	312145	4127	644	324232	200532	
99	8.07387e+006	2676	2362	1284	898	618	284	312885	4147	638	324869	200937	
100	8.07323e+006	2615	2382	1289	856	597	273	313607	4163	639	325508	201436	
101	8.07259e+006	2560	2430	1291	827	568	260	314292	4180	639	326147	201941	
102	8.07197e+006	2533	2437	1311	800	542	251	314947	4194	618	326765	202396	
103	8.07135e+006	2516	2473	1325	778	520	247	315564	4209	621	327385	202860	
104	8.0707e+006	2524	2517	1348	735	501	240	316183	4224	647	328032	203310	
105	8.07004e+006	2547	2587	1368	702	479	231	316773	4240	662	328694	203773	
106	8.06939e+006	2585	2522	1350	711	458	225	317469	4255	656	329350	204212	
107	8.06874e+006	2614	2464	1334	721	435	214	318162	4269	650	330000	204659	
108	8.06808e+006	2627	2480	1321	723	419	206	318808	4282	660	330659	205132	
109	8.06743e+006	2612	2489	1335	718	404	198	319455	4293	646	331306	205604	
110	8.06677e+006	2613	2499	1342	739	381	186	320082	4306	657	331963	206069	
111	8.0661e+006	2632	2492	1360	759	365	179	320708	4315	669	332632	206530	
112	8.06545e+006	2626	2535	1360	745	363	176	321333	4323	653	333285	207006	
113	8.06479e+006	2645	2548	1372	731	362	171	321958	4334	665	333950	207461	
114	8.06413e+006	2648	2558	1373	739	352	164	322596	4345	661	334611	207940	
115	8.06348e+006	2628	2557	1381	749	338	156	323253	4355	648	335260	208412	
116	8.06282e+006	2628	2549	1387	744	339	153	323902	4364	654	335913	208867	
117	8.06215e+006	2638	2561	1390	758	341	155	324528	4373	675	336588	209347	
118	8.0615e+006	2622	2551	1401	759	343	155	325176	4381	644	337233	209811	
119	8.06084e+006	2637	2546	1408	761	338	151	325816	4390	664	337896	210262	
120	8.06016e+006	2659	2532	1418	755	347	156	326464	4397	676	338573	210727	
121	8.05949e+006	2658	2537	1419	759	357	161	327112	4404	674	339247	211204	
122	8.05881e+006	2696	2532	1415	764	352	163	327756	4413	682	339929	211659	
123	8.05816e+006	2684	2540	1406	756	355	162	328416	4424	652	340580	212141	
124	8.05749e+006	2672	2551	1410	758	360	164	329062	4431	664	341245	212617	
125	8.05682e+006	2666	2566	1421	754	367	166	329704	4436	668	341912	213087	
126	8.05615e+006	2655	2592	1423	753	365	167	330351	4444	671	342584	213578	
127	8.05547e+006	2690	2582	1410	753	367	167	331015	4454	687	343270	214046	
128	8.05479e+006	2705	2599	1413	750	365	168	331657	4461	679	343950	214517	
129	8.05411e+006	2712	2594	1422	746	372	171	332311	4468	675	344625	214994	
130	8.05344e+006	2715	2592	1419	759	370	174	332967	4476	674	345298	215475	
131	8.05276e+006	2709	2613	1411	774	369	173	333618	4485	681	345980	215971	
132	8.05208e+006	2709	2602	1419	781	369	170	334287	4492	679	346659	216450	
133	8.05139e+006	2722	2617	1428	780	364	167	334935	4502	688	347347	216934	
134	8.05072e+006	2717	2620	1433	786	359	165	335588	4512	669	348016	217411	
135	8.05004e+006	2719	2621	1446	790	360	167	336243	4520	683	348699	217891	
136	8.04937e+006	2708	2624	1450	782	363	167	336912	4528	667	349366	218375	
137	8.04868e+006	2712	2629	1447	785	365	166	337584	4536	692	350058	218872	
138	8.04799e+006	2731	2624	1443	788	368	167	338248	4546	688	350746	219347	
139	8.04729e+006	2746	2630	1444	786	365	165	338918	4556	698	351444	219838	
140	8.0466e+006	2766	2640	1427	784	363	162	339586	4565	688	352132	220324	
141	8.04592e+006	2755	2654	1425	791	367	162	340247	4575	681	352813	220818	
142	8.04524e+006	2752	2669	1418	794	371	165	340910	4584	685	353498	221314	
143	8.04456e+006	2733	2671	1427	790	375	170	341589	4593	679	354178	221809	
144	8.04387e+006	2736	2679	1437	788	384	176	342241	4602	690	354868	222294	
145	8.04318e+006	2738	2681	1433	791	385	175	342913	4610	684	355552	222787	
146	8.04251e+006	2730	2681	1451	794	384	174	343569	4619	677	356229	223269	
147	8.04182e+006	2736	2674	1445	787	381	174	344260	4630	685	356913	223757	
148	8.04113e+006	2737	2673	1449	787	380	174	344938	4640	692	357605	224253	
149	8.04044e+006	2744	2670	1437	794	384	179	345618	4648	690	358296	224751	
150	8.03978e+006	2731	2666	1430	787	384	179	346304	4658	664	358960	225232	
151	8.0391e+006	2719	2671	1429	780	384	180	346985	4664	673	359632	225724	
152	8.03841e+006	2721	2682	1425	782	384	179	347657	4676	694	360327	226221	
153	8.03771e+006	2728	2692	1426	778	383	175	348330	4687	697	361024	226712	
154	8.03702e+006	2758	2675	1417	787	381	174	349004	4696	694	361718	227194	
155	8.03632e+006	2788	2660	1421	777	381	177	349689	4704	702	362420	227669	
156	8.03565e+006	2760	2670	1428	790	381	179	350342	4715	666	363086	228165	
157	8.03495e+006	2764	2669	1442	796	381	178	351013	4723	702	363788	228661	
158	8.03427e+006	2749	2671	1442	798	382	178	351692	4733	679	364467	229161	
159	8.03358e+006	2739	2678	1447	815	381	177	352358	4741	692	365159	229668	
160	8.03289e+006	2763	2679	1447	797	388	181	353025	4750	690	365849	230144	
161	8.03219e+006	2754	2695	1460	792	387	183	353694	4760	692	366542	230636	
162	8.0315e+006	2768	2687	1453	792	389	184	354376	4769	693	367235	231126	
163	8.03082e+006	2757	2691	1445	792	391	185	355063	4779	681	367916	231629	
164	8.03012e+006	2764	2680	1452	790	391	185	355751	4786	698	368614	232116	
165	8.02942e+006	2770	2670	1452	783	393	183	356448	4797	698	369312	232619	
166	8.02872e+006	2782	2687	1461	781	389	183	357111	4806	705	370017	233111	
167	8.028e+006	2819	2680	1448	791	386	183	357797	4814	718	370735	233601	
168	8.0273e+006	2824	2694	1453	780	386	183	358475	4825	702	371437	234099	
169	8.0266e+006	2825	2693	1460	785	385	181	359154	4835	699	372136	234601	
170	8.02589e+006	2826	2704	1464	786	385	177	359836	4842	706	372842	235100	
171	8.02518e+006	2817	2723	1470	783	386	175	360520	4852	710	373552	235613	
172	8.02447e+006	2827	2733	1469	798	383	176	361192	4862	712	374264	236121	
173	8.02376e+006	2836	2750	1471	800	381	176	361865	4870	708	374972	236625	
174	8.02307e+006	2824	2756	1473	805	376	173	362552	4880	694	375667	237133	
175	8.02237e+006	2815	2750	1491	809	373	171	363240	4890	701	376367	237629	
176	8.02166e+006	2810	2751	1496	819	377	172	363923	4897	707	377074	238134	
177	8.02096e+006	2805	2748	1489	826	382	172	364621	4906	703	377777	238650	
178	8.02025e+006	2817	2736	1493	825	383	173	365314	4915	706	378484	239149	
179	8.01954e+006	2827	2734	1497	825	385	174	366003	4924	711	379194	239655	
180	8.01883e+006	2833	2731	1501	824	382	175	366703	4933	713	379907	240156	
181	8.01812e+006	2843	2738	1487	831	381	175	367399	4942	713	380620	240663	
182	8.01742e+006	2829	2739	1481	822	387	175	368102	4953	692	381312	241168	
183	8.01672e+006	2822	2732	1489	822	386	175	368803	4962	704	382016	241678	
184	8.01601e+006	2824	2738	1502	817	392	177	369486	4971	715	382731	242181	
185	8.01529e+006	2828	2745	1508	812	393	178	370184	4979	717	383448	242688	
186	8.01457e+006	2849	2741	1497	810	394	177	370883	4987	713	384162	243188	
187	8.01387e+006	2854	2741	1498	795	393	178	371593	4996	708	384870	243686	
188	8.01315e+006	2851	2742	1505	792	396	179	372288	5006	712	385582	244192	
189	8.01244e+006	2849	2749	1505	793	395	176	372990	5015	715	386297	244706	
190	8.01175e+006	2828	2756	1499	797	397	176	373689	5025	692	386990	245217	
191	8.01106e+006	2809	2750	1500	807	395	176	374384	5034	689	387679	245722	
192	8.01037e+006	2788	2762	1508	806	391	173	375068	5047	692	388371	246235	
193	8.00966e+006	2782	2779	1502	821	385	169	375754	5056	709	389080	246758	
194	8.00896e+006	2783	2765	1493	828	385	169	376453	5065	693	389773	247253	
195	8.00826e+006	2801	2746	1484	829	387	173	377159	5073	707	390480	247748	
196	8.00756e+006	2805	2734	1475	834	386	174	377860	5082	696	391176	248248	
197	8.00686e+006	2800	2737	1472	831	386	174	378560	5093	704	391879	248757	
198	8.00614e+006	2820	2726	1464	825	380	173	379273	5104	714	392593	249254	
199	8.00545e+006	2805	2712	1470	817	386	176	379982	5112	692	393285	249756	
200	8.00476e+006	2802	2719	1467	811	391	177	380667	5121	693	393978	250253	
201	8.00407e+006	2784	2730	1471	805	393	179	381351	5129	685	394663	250759	
202	8.00339e+006	2756	2744	1478	800	394	180	382037	5139	686	395349	251272	
203	8.00269e+006	2760	2737	1468	806	399	180	382727	5147	696	396045	251775	
204	8.002e+006	2762	2738	1468	815	396	180	383405	5156	695	396740	252274	
205	8.00131e+006	2766	2720	1463	817	393	176	384104	5166	689	397429	252763	
206	8.00061e+006	2780	2719	1454	819	394	177	384790	5173	701	398129	253261	
207	7.99993e+006	2758	2710	1456	828	394	178	385474	5183	674	398803	253760	
208	7.99924e+006	2761	2696	1451	840	395	175	386168	5190	698	399501	254262	
209	7.99857e+006	2740	2691	1453	827	398	178	386860	5200	668	400169	254759	
210	7.99786e+006	2747	2692	1460	830	390	177	387546	5213	708	400877	255262	
211	7.99716e+006	2776	2686	1455	831	388	176	388221	5223	703	401579	255742	
212	7.99647e+006	2764	2690	1462	826	385	176	388905	5232	686	402265	256241	
213	7.99578e+006	2791	2668	1456	818	391	182	389594	5242	695	402960	256715	
214	7.99508e+006	2781	2672	1464	812	395	182	390282	5252	698	403658	257219	
215	7.99438e+006	2776	2682	1468	817	395	182	390958	5259	697	404355	257728	
216	7.99369e+006	2786	2672	1464	815	395	178	391650	5270	696	405051	258220	
217	7.99299e+006	2788	2691	1466	811	396	179	392317	5280	697	405748	258720	
218	7.9923e+006	2779	2691	1466	812	399	184	393003	5288	689	406437	259219	
219	7.9916e+006	2777	2718	1468	815	392	179	393662	5300	696	407132	259726	
220	7.99092e+006	2770	2720	1455	822	397	181	394351	5307	689	407821	260235	
221	7.99022e+006	2770	2716	1452	820	402	182	395042	5316	697	408518	260738	
222	7.98952e+006	2776	2723	1449	817	407	184	395716	5324	694	409212	261239	
223	7.98882e+006	2784	2723	1450	824	400	181	396402	5334	703	409916	261738	
224	7.98814e+006	2777	2711	1452	827	397	182	397089	5345	682	410598	262226	
225	7.98744e+006	2780	2712	1452	825	402	187	397776	5352	700	411298	262729	
226	7.98676e+006	2769	2707	1454	813	404	188	398475	5360	683	411981	263227	
227	7.98607e+006	2746	2710	1458	817	400	185	399161	5370	681	412662	263734	
228	7.98537e+006	2772	2706	1455	817	400	183	399842	5378	708	413370	264230	
229	7.98468e+006	2762	2710	1456	818	398	184	400529	5388	690	414060	264734	
230	7.98399e+006	2761	2711	1449	815	397	182	401212	5397	682	414742	265227	
231	7.9833e+006	2776	2698	1446	818	390	182	401902	5408	696	415438	265717	
232	7.98262e+006	2748	2705	1453	816	387	181	402591	5418	680	416118	266225	
233	7.98193e+006	2742	2703	1441	813	385	178	403291	5427	684	416802	266724	
234	7.98124e+006	2756	2703	1441	811	384	175	403967	5436	697	417499	267214	
235	7.98055e+006	2746	2704	1436	812	384	172	404657	5445	686	418184	267719	
236	7.97988e+006	2740	2700	1438	811	383	173	405333	5454	674	418858	268207	
237	7.97917e+006	2768	2706	1434	796	386	176	406018	5462	711	419570	268698	
238	7.97849e+006	2750	2696	1432	804	378	173	406716	5472	679	420249	269196	
239	7.97781e+006	2742	2692	1432	807	378	171	407393	5482	677	420926	269693	
240	7.97712e+006	2760	2686	1430	806	379	171	408068	5490	692	421618	270182	
241	7.97644e+006	2730	2694	1438	799	382	168	408760	5498	682	422299	270695	
242	7.97574e+006	2743	2697	1434	790	380	168	409440	5508	692	422992	271179	
243	7.97505e+006	2761	2692	1432	800	379	170	410107	5516	696	423687	271667	
244	7.97438e+006	2744	2690	1429	790	382	172	410802	5524	674	424361	272160	
245	7.97369e+006	2748	2677	1438	791	381	171	411477	5536	686	425047	272645	
246	7.97299e+006	2752	2684	1449	791	381	170	412141	5545	696	425743	273137	
247	7.97232e+006	2730	2671	1446	800	380	169	412833	5556	674	426417	273638	
248	7.97164e+006	2736	2672	1441	808	387	171	413488	5566	680	427098	274123	
249	7.97094e+006	2748	2670	1451	804	389	171	414158	5575	697	427795	274612	
250	7.97026e+006	2729	2672	1454	815	387	172	414831	5585	677	428472	275112	
251	7.96957e+006	2746	2677	1441	807	387	173	415512	5593	691	429163	275604	
252	7.96887e+006	2767	2678	1428	817	385	172	416187	5602	701	429864	276104	
253	7.9682e+006	2742	2689	1418	820	392	174	416866	5610	672	430536	276616	
254	7.96753e+006	2732	2695	1416	813	387	172	417541	5620	668	431204	277110	
255	7.96685e+006	2726	2701	1415	818	387	172	418210	5632	685	431889	277600	
256	7.96618e+006	2697	2707	1414	814	388	173	418900	5640	672	432561	278103	
257	7.96551e+006	2690	2706	1413	820	390	173	419557	5650	665	433226	278597	
258	7.96483e+006	2698	2692	1414	809	386	173	420243	5660	676	433902	279075	
259	7.96415e+006	2703	2686	1408	805	387	176	420933	5670	689	434591	279579	
260	7.96345e+006	2724	2661	1428	813	379	172	421600	5680	694	435285	280050	
261	7.96278e+006	2735	2644	1419	816	379	174	422279	5689	676	435961	280529	
262	7.9621e+006	2739	2629	1409	811	382	172	422974	5698	680	436641	281015	
263	7.96142e+006	2720	2639	1416	803	381	174	423648	5705	671	437312	281510	
264	7.96076e+006	2694	2652	1429	804	384	175	424302	5714	668	437979	282004	
265	7.96008e+006	2700	2626	1446	791	386	174	424990	5722	681	438660	282482	
266	7.95941e+006	2688	2641	1439	794	384	173	425652	5732	668	439328	282973	
267	7.95875e+006	2678	2649	1436	788	383	175	426313	5741	661	439989	283461	
268	7.95809e+006	2665	2644	1434	788	386	172	426978	5750	655	440644	283941	
269	7.95742e+006	2660	2634	1436	791	381	169	427660	5759	676	441320	284430	
270	7.95675e+006	2661	2625	1419	802	390	173	428324	5769	669	441989	284919	
271	7.95608e+006	2663	2635	1394	801	391	172	428992	5777	663	442652	285402	
272	7.95543e+006	2666	2619	1385	799	392	173	429661	5788	658	443310	285870	
273	7.95475e+006	2662	2619	1390	799	390	170	430325	5798	672	443982	286354	
274	7.95408e+006	2670	2619	1391	799	390	172	430983	5807	677	444659	286837	
275	7.95342e+006	2665	2609	1383	810	387	172	431646	5819	658	445317	287321	
276	7.95276e+006	2662	2599	1382	792	391	176	432317	5828	655	445972	287797	
277	7.95211e+006	2648	2589	1404	796	382	172	432973	5839	659	446630	288272	
278	7.95146e+006	2616	2604	1411	781	380	172	433636	5848	645	447275	288755	
279	7.9508e+006	2621	2587	1410	776	384	175	434306	5854	663	447939	289219	
280	7.95012e+006	2641	2574	1408	778	383	176	434966	5862	674	448613	289691	
281	7.94946e+006	2642	2568	1410	769	388	179	435624	5872	659	449272	290168	
282	7.9488e+006	2660	2557	1408	772	386	180	436271	5881	663	449935	290628	
283	7.94814e+006	2657	2565	1392	779	386	181	436928	5889	661	450596	291116	
284	7.9475e+006	2627	2566	1388	793	382	178	437585	5899	644	451240	291603	
285	7.94685e+006	2618	2575	1380	793	378	175	438238	5908	650	451890	292076	
286	7.94619e+006	2608	2587	1377	786	369	170	438899	5918	654	452544	292555	
287	7.94554e+006	2601	2591	1374	776	375	172	439552	5927	653	453196	293029	
288	7.94488e+006	2615	2596	1368	776	377	174	440186	5937	658	453854	293498	
289	7.94422e+006	2623	2572	1380	763	377	174	440852	5947	659	454513	293958	
290	7.94356e+006	2630	2560	1371	763	376	171	441518	5956	660	455174	294432	
291	7.94292e+006	2618	2547	1377	763	368	166	442174	5967	641	455815	294900	
292	7.94227e+006	2615	2543	1376	761	364	161	442834	5976	655	456469	295373	
293	7.94162e+006	2602	2540	1377	770	361	160	443481	5984	645	457115	295849	
294	7.94097e+006	2592	2548	1385	768	363	160	444117	5991	651	457765	296325	
295	7.94032e+006	2606	2552	1373	772	366	164	444754	5999	655	458421	296792	
296	7.93966e+006	2602	2556	1370	766	372	166	445397	6008	651	459072	297270	
297	7.93902e+006	2606	2567	1351	766	376	170	446040	6015	650	459721	297747	
298	7.93837e+006	2596	2553	1358	776	375	168	446679	6024	640	460362	298210	
299	7.93773e+006	2587	2548	1359	775	376	167	447329	6034	646	461008	298681	
300	7.93708e+006	2582	2534	1364	777	372	168	447982	6042	646	461654	299140	
301	7.93642e+006	2592	2545	1361	774	371	170	448618	6051	659	462313	299611	
302	7.93576e+006	2613	2547	1345	769	374	175	449268	6058	662	462974	300085	
303	7.93512e+006	2608	2546	1347	768	376	175	449905	6066	642	463616	300557	
304	7.93449e+006	2591	2556	1333	757	375	176	450561	6073	629	464245	301031	
305	7.93384e+006	2579	2556	1336	745	375	175	451219	6081	647	464892	301504	
306	7.9332e+006	2565	2574	1328	746	371	172	451864	6092	648	465539	301986	
307	7.93255e+006	2568	2561	1333	747	363	170	452509	6103	644	466184	302446	
308	7.93191e+006	2584	2535	1349	749	362	171	453140	6111	645	466829	302896	
309	7.93126e+006	2587	2537	1347	744	357	170	453785	6121	649	467478	303368	
310	7.93062e+006	2580	2532	1354	751	354	168	454418	6131	641	468119	303836	
311	7.92996e+006	2589	2528	1343	751	353	164	455070	6139	653	468772	304299	
312	7.92934e+006	2569	2514	1341	754	354	165	455718	6148	626	469398	304767	
313	7.92868e+006	2574	2519	1343	744	352	164	456364	6156	654	470052	305232	
314	7.92803e+006	2584	2523	1351	736	351	165	456993	6165	651	470703	305685	
315	7.92739e+006	2573	2515	1366	744	350	164	457620	6177	642	471345	306152	
316	7.92674e+006	2601	2506	1353	741	352	165	458261	6185	654	471999	306608	
317	7.92609e+006	2597	2518	1350	743	352	161	458894	6195	650	472649	307084	
318	7.92546e+006	2575	2519	1355	739	352	160	459535	6203	629	473278	307550	
319	7.92481e+006	2585	2516	1351	744	350	159	460175	6208	652	473930	308013	
320	7.92417e+006	2564	2531	1349	753	353	162	460797	6216	632	474563	308484	
321	7.92355e+006	2540	2531	1345	747	357	165	461444	6225	627	475189	308952	
322	7.92291e+006	2545	2533	1347	742	354	164	462068	6235	633	475823	309409	
323	7.92228e+006	2531	2517	1361	749	359	167	462702	6243	638	476461	309870	
324	7.92164e+006	2533	2508	1351	756	359	165	463338	6250	635	477096	310333	
325	7.92101e+006	2540	2497	1347	757	360	165	463970	6259	634	477729	310784	
326	7.92038e+006	2535	2482	1342	756	356	162	464619	6268	629	478358	311238	
327	7.91974e+006	2536	2475	1337	760	362	167	465249	6278	639	478997	311699	
328	7.91912e+006	2521	2472	1346	765	360	167	465865	6288	620	479617	312153	
329	7.91849e+006	2519	2463	1336	763	366	172	466506	6295	632	480248	312608	
330	7.91787e+006	2508	2460	1336	757	368	173	467133	6304	617	480865	313059	
331	7.91724e+006	2499	2466	1341	757	366	169	467754	6312	631	481496	313515	
332	7.91662e+006	2499	2464	1330	756	367	167	468379	6321	620	482116	313967	
333	7.91599e+006	2497	2455	1333	759	367	166	469007	6328	630	482746	314423	
334	7.91538e+006	2486	2447	1323	749	368	167	469640	6338	606	483352	314866	
335	7.91477e+006	2470	2453	1314	736	365	167	470281	6347	614	483966	315321	
336	7.91413e+006	2487	2446	1312	734	367	167	470902	6355	638	484604	315768	
337	7.9135e+006	2494	2438	1311	736	362	163	471534	6364	636	485240	316221	
338	7.91287e+006	2515	2428	1307	738	361	165	472147	6371	627	485866	316663	
339	7.91226e+006	2512	2417	1301	725	359	160	472784	6380	612	486478	317099	
340	7.91163e+006	2506	2428	1310	722	359	160	473394	6390	632	487110	317550	
341	7.91101e+006	2489	2426	1318	731	363	164	474005	6397	619	487728	318007	
342	7.91038e+006	2492	2425	1325	728	365	167	474617	6407	629	488358	318452	
343	7.90975e+006	2509	2421	1311	720	358	165	475251	6416	630	488987	318899	
344	7.90913e+006	2497	2438	1321	708	355	162	475865	6424	619	489607	319353	
345	7.90851e+006	2496	2444	1318	705	357	165	476471	6433	618	490225	319794	
346	7.90789e+006	2490	2447	1307	712	355	164	477094	6442	623	490847	320256	
347	7.90726e+006	2490	2449	1299	710	356	165	477725	6449	630	491478	320709	
348	7.90662e+006	2509	2445	1296	705	356	163	478347	6458	638	492116	321149	
349	7.90601e+006	2501	2443	1304	704	352	160	478954	6468	610	492726	321589	
350	7.90538e+006	2506	2438	1300	718	348	158	479566	6477	627	493353	322044	
351	7.90476e+006	2497	2439	1310	727	342	154	480175	6485	622	493975	322493	
352	7.90415e+006	2466	2436	1322	726	338	152	480800	6494	606	494582	322947	
353	7.90353e+006	2477	2421	1318	732	339	153	481415	6502	621	495203	323386	
354	7.9029e+006	2486	2428	1318	735	340	154	482022	6510	636	495839	323838	
355	7.90226e+006	2499	2430	1320	734	338	153	482636	6517	635	496474	324282	
356	7.90164e+006	2516	2420	1315	726	339	156	483254	6528	623	497097	324721	
357	7.90104e+006	2497	2422	1303	727	337	156	483877	6537	603	497700	325172	
358	7.90042e+006	2477	2420	1304	728	340	158	484501	6546	616	498316	325627	
359	7.89981e+006	2454	2436	1312	728	338	158	485106	6555	612	498928	326088	
360	7.89917e+006	2468	2439	1305	735	340	159	485713	6564	638	499565	326544	
361	7.89855e+006	2482	2427	1298	741	341	159	486322	6571	616	500182	326975	
362	7.89794e+006	2477	2426	1308	741	342	160	486919	6579	611	500793	327415	
363	7.89733e+006	2479	2414	1311	734	346	163	487536	6587	614	501407	327848	
364	7.89672e+006	2455	2415	1311	732	350	165	488161	6597	613	502020	328301	
External infections start at day 1 and end at:	19	Number of imported cases each day	10	
Number of contacts per day:	11	
Number of contacts per day:	11	
Number of days asymptomatic patients are infectious before symptomatic	2	
Probability of transmission from exposed patients:	0.0209	
Probability of transmission from mild symptomatic patients:	0.0209	
Probability of transmission from hospitalized patients:	0	
Probability of transmission from ICU patients:	0	
Probability of testing for mild symptomatic patients:	0.5	

Adherence to Social Distancing parameters:
Day 0:	0	
Day 10:	0.2	
Day 20:	0.8	
Day 30:	0.8	
Day 40:	0.8	
Day 50:	0.85	
Day 60:	0.85	
