Day	Susceptible-LB	Susceptible-UB	Exposed-LB	Exposed-UB	Current Detected Mild Infections-LB	Current Detected Mild Infections-UB	Current Undetected Mild Infections-LB	Current Undetected Mild Infections-UB	Current Hospitalizations-LB	Current Hospitalizations-UB	Current ICU patients-LB	Current ICU patients-UB	ventilators-LB	ventilators-UB	Recovered-LB	Recovered-UB	Deaths-LB	Deaths-UB	new infections today-LB	new infections today-UB	total number of infections-LB	total number of infections-UB	Confirmed total number of infections-LB	Confirmed total number of infections-UB	
0	8.39714e+006	8.39714e+006	1600	1600	0	0	0	0	0	0	0	0	0	0	0	0	0	0	0	0	1600	1600	0	0	
1	8.39698e+006	8.39698e+006	1760	1760	0	0	0	0	0	0	0	0	0	0	0	0	0	0	160	160	1760	1760	0	0	
2	8.39682e+006	8.39682e+006	1920	1920	0	0	0	0	0	0	0	0	0	0	0	0	0	0	160	160	1920	1920	0	0	
3	8.39565e+006	8.3957e+006	3036	3084	0	0	0	0	0	0	0	0	0	0	0	0	0	0	1116	1164	3036	3084	0	0	
4	8.39444e+006	8.39451e+006	2625	2696	802	828	772	798	0	0	0	0	0	0	0	0	0	0	1176	1225	4225	4296	802	828	
5	8.39312e+006	8.3932e+006	3772	3861	880	907	853	880	0	0	0	0	0	0	0	0	0	0	1294	1339	5532	5621	880	907	
6	8.39102e+006	8.39116e+006	5654	5795	962	990	930	958	0	0	0	0	0	0	0	0	0	0	2027	2108	7574	7715	962	990	
7	8.38823e+006	8.38843e+006	7260	7434	1519	1590	1479	1532	0	0	0	0	0	0	0	0	0	0	2715	2810	10306	10507	1531	1578	
8	8.38463e+006	8.3849e+006	9602	9817	2110	2208	2067	2136	0	0	0	0	0	0	0	0	0	0	3510	3616	13838	14102	2129	2189	
9	8.38016e+006	8.38051e+006	12681	12968	2755	2872	2726	2801	0	0	0	0	0	0	0	0	0	0	4365	4497	18224	18578	2779	2848	
10	8.37477e+006	8.37524e+006	15900	16270	2968	3136	2947	3037	279	299	0	0	0	0	1301	1321	0	0	5247	5409	23492	23967	3960	4060	
11	8.36917e+006	8.36977e+006	18639	19081	4223	4456	4248	4367	306	327	0	0	0	0	1433	1454	0	0	5452	5623	28962	29571	5323	5452	
12	8.36266e+006	8.36342e+006	21465	21994	5874	6177	5950	6098	338	359	0	0	0	0	1561	1582	0	0	6339	6527	35320	36079	7091	7249	
13	8.3556e+006	8.35653e+006	23966	24579	7490	7868	7571	7754	562	594	0	0	0	0	2457	2507	0	0	6873	7076	42211	43137	9420	9634	
14	8.34879e+006	8.34987e+006	25356	25997	9480	9967	9627	9863	789	826	0	0	0	0	3420	3486	0	0	6631	6832	48868	49943	12144	12417	
15	8.3427e+006	8.34392e+006	25834	26480	11510	12127	11726	12016	1041	1084	0	0	0	0	4475	4554	0	0	5923	6113	54815	56032	14994	15332	
16	8.33788e+006	8.33922e+006	24177	24796	13602	14341	13913	14254	1154	1212	91	104	50	59	6303	6425	0	0	4686	4840	59517	60855	18340	18756	
17	8.33248e+006	8.33396e+006	22543	23136	15669	16528	15969	16367	1642	1706	98	111	53	62	8540	8717	0	0	5238	5416	64774	66253	22048	22545	
18	8.32657e+006	8.32818e+006	21669	22238	17225	18185	17508	17954	2292	2369	106	120	57	66	11409	11642	0	0	5755	5936	70553	72165	25729	26307	
19	8.3206e+006	8.32236e+006	21543	22124	17994	19013	18285	18752	2946	3044	168	186	84	97	15079	15379	0	0	5803	5993	76376	78138	29136	29807	
20	8.31465e+006	8.31659e+006	22612	23248	17739	18755	17977	18443	3733	3852	231	252	112	127	19493	19898	0	0	5752	5967	82146	84086	32004	32741	
21	8.30866e+006	8.31076e+006	23184	23839	17620	18645	17878	18351	4540	4681	306	330	146	162	24085	24591	0	0	5813	6005	87977	90073	35132	35962	
22	8.30258e+006	8.30484e+006	23322	24012	17334	18342	17588	18055	5373	5536	422	450	197	218	29495	30122	0	0	5904	6098	93898	96154	38614	39518	
23	8.29661e+006	8.29904e+006	23302	24016	16793	17791	17056	17526	6222	6418	572	606	267	292	35386	36144	0	0	5785	5994	99701	102131	42215	43207	
24	8.29083e+006	8.29343e+006	23145	23836	16353	17372	16611	17085	6862	7074	769	813	359	389	41201	42091	0	0	5593	5789	105311	107902	45758	46853	
25	8.28512e+006	8.28785e+006	22889	23562	16291	17329	16549	17034	7128	7341	1022	1078	472	507	46625	47652	0	0	5554	5734	110886	113615	49296	50490	
26	8.27945e+006	8.28232e+006	22500	23153	16849	17936	17192	17703	7024	7246	1218	1280	556	595	51195	52335	34	40	5514	5690	116417	119288	52717	53992	
27	8.27356e+006	8.2766e+006	22416	23062	17144	18268	17440	17953	6980	7195	1511	1582	695	735	56202	57479	36	42	5704	5900	122133	125175	56126	57510	
28	8.26766e+006	8.27087e+006	22539	23193	17080	18240	17320	17856	6865	7076	1870	1958	870	919	61732	63135	37	44	5719	5918	127870	131076	59513	60991	
29	8.26179e+006	8.26516e+006	22669	23349	16958	18100	17203	17726	6640	6834	2184	2280	1021	1075	67452	69008	53	62	5687	5886	133575	136944	62870	64428	
30	8.25596e+006	8.25949e+006	22807	23506	16841	17936	17100	17596	6446	6649	2496	2604	1163	1221	73093	74801	67	77	5653	5847	139246	142772	66188	67844	
31	8.25013e+006	8.25383e+006	22751	23459	16752	17863	17071	17573	6428	6629	2752	2867	1283	1346	78667	80520	88	100	5645	5854	144911	148607	69594	71351	
32	8.24435e+006	8.24821e+006	22631	23339	16672	17790	16962	17470	6659	6869	2890	3010	1347	1412	84192	86189	114	128	5599	5799	150529	154387	73043	74888	
33	8.23855e+006	8.24257e+006	22555	23273	16631	17742	16901	17414	6771	6995	3020	3147	1403	1470	89714	91867	152	166	5611	5821	156162	160186	76479	78415	
34	8.23279e+006	8.23698e+006	22482	23199	16616	17731	16974	17485	6744	6972	3143	3274	1463	1534	95180	97489	197	214	5575	5777	161753	165946	79831	81860	
35	8.22707e+006	8.23141e+006	22383	23085	16647	17796	17024	17551	6707	6925	3208	3338	1501	1572	100667	103120	256	279	5547	5741	167324	171663	83201	85328	
36	8.22131e+006	8.22582e+006	22354	23070	16668	17850	17072	17621	6663	6865	3246	3380	1510	1582	106134	108741	325	352	5571	5783	172914	177427	86538	88740	
37	8.21554e+006	8.22022e+006	22329	23041	16621	17814	17025	17579	6657	6859	3285	3421	1525	1599	111746	114515	398	428	5584	5793	178521	183196	89906	92206	
38	8.20979e+006	8.21462e+006	22316	23043	16556	17738	16962	17497	6606	6808	3257	3384	1502	1572	117467	120406	492	525	5562	5779	184112	188947	93219	95626	
39	8.20407e+006	8.20906e+006	22313	23041	16474	17648	16904	17442	6567	6763	3202	3326	1476	1544	123168	126279	587	626	5537	5746	189676	194664	96525	99019	
40	8.19837e+006	8.2035e+006	22280	22986	16467	17655	16827	17373	6567	6763	3146	3269	1454	1522	128801	132068	681	723	5538	5728	195239	200368	99862	102454	
41	8.19274e+006	8.19802e+006	22151	22840	16455	17644	16779	17321	6584	6799	3129	3248	1442	1506	134392	137806	758	802	5453	5648	200714	205994	103220	105923	
42	8.1871e+006	8.19254e+006	22044	22730	16721	17908	16494	17020	6592	6824	3180	3297	1471	1536	139891	143450	817	865	5460	5665	206193	211639	106825	109637	
43	8.1815e+006	8.1871e+006	21928	22607	16984	18155	16170	16684	6575	6814	3231	3350	1498	1569	145420	149130	887	939	5423	5621	211641	217235	110437	113348	
44	8.17589e+006	8.18163e+006	21833	22518	17252	18414	15866	16376	6546	6789	3228	3345	1489	1563	150968	154839	963	1020	5441	5640	217110	222847	114026	117037	
45	8.17028e+006	8.17617e+006	21817	22501	17520	18667	15521	16013	6568	6805	3211	3326	1477	1551	156466	160484	1034	1092	5432	5636	222570	228455	117611	120720	
46	8.16471e+006	8.17074e+006	21758	22435	17724	18864	15211	15693	6563	6818	3194	3303	1478	1551	161997	166174	1117	1175	5400	5600	227999	234026	121157	124378	
47	8.16049e+006	8.16663e+006	20417	21057	17909	19036	14864	15349	6562	6808	3173	3285	1466	1542	167545	171888	1196	1261	4083	4242	232103	238247	124713	128025	
48	8.15631e+006	8.16256e+006	19023	19618	17886	19003	14764	15246	6557	6810	3150	3270	1450	1524	173071	177568	1282	1349	4050	4200	236176	242423	128252	131661	
49	8.15214e+006	8.1585e+006	17628	18179	17824	18937	14719	15204	6557	6806	3138	3259	1440	1514	178571	183230	1356	1425	4040	4192	240240	246592	131759	135259	
50	8.14813e+006	8.15459e+006	16115	16616	17749	18866	14658	15145	6566	6801	3124	3242	1433	1505	184059	188874	1435	1506	3889	4036	244151	250605	135225	138816	
51	8.14424e+006	8.1508e+006	15794	16292	16987	18069	14051	14535	6522	6755	3129	3252	1436	1509	189499	194457	1511	1583	3763	3916	247936	254500	137986	141642	
52	8.14051e+006	8.14718e+006	15346	15836	16239	17260	13406	13862	6496	6731	3139	3270	1432	1506	194913	200028	1591	1664	3605	3741	251559	258223	140715	144446	
53	8.13692e+006	8.14368e+006	14787	15257	15485	16452	12802	13216	6444	6674	3128	3249	1415	1486	200339	205617	1675	1751	3482	3612	255060	261816	143419	147221	
54	8.13348e+006	8.14033e+006	14216	14689	14612	15532	12126	12529	6399	6635	3124	3249	1417	1491	205778	211198	1748	1827	3325	3461	258403	265258	146034	149899	
55	8.13029e+006	8.13723e+006	13541	13985	13702	14577	11373	11760	6373	6610	3152	3277	1429	1500	211170	216724	1820	1900	3083	3217	261511	268450	148611	152547	
56	8.12724e+006	8.13427e+006	12872	13309	12738	13554	10549	10916	6359	6603	3144	3269	1416	1489	216551	222237	1889	1973	2936	3065	264466	271496	151086	155081	
57	8.12437e+006	8.13148e+006	12164	12591	12406	13194	10287	10638	6105	6341	3121	3252	1405	1478	220856	226662	1964	2050	2774	2894	267261	274370	153376	157432	
58	8.12163e+006	8.1288e+006	11494	11890	11981	12764	9986	10331	5832	6044	3110	3242	1403	1476	225135	231065	2041	2130	2655	2760	269937	277109	155548	159673	
59	8.11894e+006	8.12618e+006	11013	11382	11461	12222	9551	9896	5553	5761	3104	3233	1397	1471	229413	235450	2112	2205	2601	2710	272558	279798	157603	161785	
60	8.11639e+006	8.12371e+006	10522	10884	10933	11684	9123	9467	5259	5461	3105	3237	1399	1477	233543	239687	2184	2280	2445	2568	275023	282346	159565	163801	
61	8.11391e+006	8.12131e+006	10133	10486	10393	11106	8687	9009	4932	5125	3099	3233	1396	1476	237582	243840	2263	2361	2381	2499	277427	284823	161440	165730	
62	8.11161e+006	8.11907e+006	9698	10050	9862	10534	8283	8585	4572	4753	3102	3234	1404	1483	241490	247863	2334	2435	2222	2322	279667	287126	163216	167548	
63	8.10941e+006	8.11693e+006	9213	9564	9391	10034	7883	8171	4444	4618	3013	3141	1370	1450	245130	251599	2415	2515	2120	2220	281805	289328	164975	169350	
64	8.1073e+006	8.11488e+006	8800	9126	8938	9570	7455	7744	4301	4467	2925	3045	1317	1397	248628	255206	2492	2598	2037	2125	283857	291439	166646	171068	
65	8.10526e+006	8.11291e+006	8367	8686	8567	9184	7125	7412	4112	4275	2824	2936	1271	1348	251947	258615	2571	2682	1953	2054	285829	293474	168244	172707	
66	8.1033e+006	8.111e+006	8038	8350	8190	8771	6804	7065	3930	4083	2740	2857	1234	1309	255091	261857	2646	2759	1893	1985	287741	295440	169745	174253	
67	8.10142e+006	8.10916e+006	7732	8029	8058	8621	6286	6537	3722	3874	2663	2774	1205	1273	258089	264952	2719	2837	1813	1900	289573	297321	171394	175949	
68	8.09967e+006	8.10746e+006	7379	7659	7959	8509	5772	6010	3550	3686	2558	2666	1162	1227	260970	267908	2794	2914	1681	1760	291272	299063	172989	177582	
69	8.09798e+006	8.10582e+006	7056	7319	7795	8338	5293	5520	3372	3505	2452	2554	1121	1182	263807	270816	2864	2987	1627	1717	292920	300758	174493	179137	
70	8.09634e+006	8.10423e+006	6729	6986	7687	8205	4851	5068	3196	3323	2330	2425	1056	1111	266498	273596	2939	3063	1566	1652	294502	302393	175956	180638	
71	8.0948e+006	8.10273e+006	6402	6647	7557	8049	4423	4615	3075	3190	2184	2275	992	1045	269102	276274	3010	3140	1485	1562	296008	303934	177345	182070	
72	8.09332e+006	8.10129e+006	6144	6386	7438	7898	4015	4190	2925	3036	2030	2120	917	968	271570	278811	3086	3216	1424	1499	297448	305417	178646	183405	
73	8.09188e+006	8.09988e+006	5903	6133	7130	7572	3837	4006	2806	2917	1959	2047	885	935	273843	281147	3142	3273	1386	1462	298856	306858	179876	184669	
74	8.09051e+006	8.09854e+006	5653	5875	6804	7240	3694	3863	2676	2787	1887	1973	860	910	276048	283405	3193	3327	1318	1392	300195	308229	181033	185862	
75	8.08921e+006	8.09728e+006	5403	5634	6506	6909	3533	3692	2562	2675	1803	1885	822	870	278164	285583	3249	3383	1240	1316	301454	309525	182137	186993	
76	8.08799e+006	8.0961e+006	5147	5370	6195	6577	3381	3531	2466	2582	1712	1790	789	836	280211	287680	3300	3439	1170	1233	302639	310743	183201	188087	
77	8.0868e+006	8.09493e+006	4908	5120	5929	6298	3223	3370	2347	2463	1629	1706	749	797	282191	289711	3355	3492	1149	1211	303806	311936	184243	189151	
78	8.08566e+006	8.09382e+006	4681	4887	5684	6056	3101	3248	2268	2380	1548	1625	711	760	283998	291563	3406	3546	1089	1160	304913	313078	185224	190156	
79	8.08458e+006	8.09277e+006	4473	4662	5429	5801	2963	3109	2154	2266	1479	1553	670	719	285775	293395	3457	3599	1030	1094	305962	314152	186158	191116	
80	8.08354e+006	8.09175e+006	4304	4494	5182	5530	2820	2954	2064	2173	1407	1481	647	696	287476	295147	3502	3645	1002	1064	306983	315198	187032	192016	
81	8.08256e+006	8.09079e+006	4097	4279	4970	5305	2699	2825	1977	2080	1345	1413	620	667	289090	296804	3543	3689	942	995	307942	316176	187897	192901	
82	8.0816e+006	8.08985e+006	3930	4096	4753	5086	2581	2705	1885	1983	1284	1354	598	644	290644	298403	3583	3730	921	978	308883	317135	188712	193743	
83	8.0807e+006	8.08898e+006	3757	3920	4529	4851	2451	2571	1802	1895	1229	1296	573	617	292154	299950	3620	3768	861	914	309757	318035	189495	194540	
84	8.07983e+006	8.08813e+006	3592	3748	4328	4636	2338	2457	1713	1801	1179	1244	545	589	293592	301426	3659	3810	837	892	310610	318911	190247	195308	
85	8.07899e+006	8.0873e+006	3451	3612	4124	4407	2247	2360	1643	1726	1128	1195	523	563	294935	302808	3697	3848	804	857	311433	319749	190953	196028	
86	8.07819e+006	8.08653e+006	3282	3447	3966	4240	2159	2271	1573	1650	1080	1144	497	535	296208	304117	3729	3881	755	810	312203	320544	191645	196733	
87	8.07743e+006	8.08579e+006	3154	3316	3779	4052	2054	2164	1495	1567	1026	1093	473	512	297472	305409	3763	3917	732	784	312951	321311	192291	197398	
88	8.07669e+006	8.08506e+006	3019	3179	3610	3868	1975	2078	1415	1490	982	1048	456	495	298668	306638	3798	3952	701	756	313673	322046	192911	198033	
89	8.07599e+006	8.08439e+006	2880	3034	3441	3694	1918	2015	1362	1433	936	1001	436	475	299785	307784	3828	3985	664	712	314351	322744	193500	198634	
90	8.07531e+006	8.08372e+006	2775	2922	3282	3528	1832	1924	1301	1375	894	957	415	452	300883	308907	3852	4011	650	698	315017	323426	194064	199221	
91	8.07466e+006	8.08308e+006	2663	2807	3157	3409	1742	1835	1243	1311	860	923	397	434	301909	309955	3878	4039	622	667	315655	324078	194628	199796	
92	8.07404e+006	8.08247e+006	2557	2690	3020	3267	1660	1754	1197	1265	819	878	372	411	302910	310978	3904	4067	594	640	316265	324701	195166	200346	
93	8.07344e+006	8.08189e+006	2456	2591	2888	3129	1596	1690	1153	1220	779	836	352	389	303844	311936	3930	4094	564	611	316843	325299	195665	200857	
94	8.07285e+006	8.08133e+006	2355	2488	2774	3012	1521	1615	1108	1173	735	792	334	370	304761	312878	3954	4119	551	593	317404	325882	196152	201357	
95	8.0723e+006	8.08079e+006	2262	2392	2664	2900	1445	1542	1049	1109	707	763	322	357	305652	313785	3976	4141	530	570	317949	326437	196621	201833	
96	8.07176e+006	8.08026e+006	2178	2311	2569	2791	1384	1475	997	1054	682	736	309	343	306481	314638	3996	4162	510	560	318476	326980	197071	202296	
97	8.07122e+006	8.07974e+006	2121	2249	2452	2669	1336	1423	952	1013	653	705	294	328	307275	315454	4022	4187	508	548	318999	327514	197491	202733	
98	8.07072e+006	8.07924e+006	2053	2178	2344	2557	1289	1377	910	970	624	671	279	313	308047	316244	4044	4209	484	521	319497	328020	197903	203160	
99	8.07025e+006	8.07879e+006	1963	2091	2259	2466	1242	1325	868	927	595	641	269	300	308775	316996	4064	4229	439	484	319950	328491	198306	203567	
100	8.06978e+006	8.07833e+006	1897	2015	2170	2380	1192	1270	828	884	576	618	259	288	309487	317726	4080	4245	444	483	320409	328958	198693	203964	
101	8.06934e+006	8.0779e+006	1804	1917	2106	2310	1141	1222	799	854	547	588	247	273	310167	318418	4096	4263	415	451	320837	329396	199081	204358	
102	8.06891e+006	8.07748e+006	1726	1842	2036	2233	1102	1180	770	830	523	562	239	263	310814	319079	4110	4278	406	446	321255	329830	199452	204735	
103	8.06835e+006	8.07694e+006	1813	1926	1946	2143	1067	1142	747	808	501	540	234	259	311422	319706	4126	4292	525	570	321796	330384	199783	205080	
104	8.06784e+006	8.07645e+006	1847	1968	1884	2077	1022	1098	707	763	482	520	228	252	312030	320337	4140	4308	481	522	322290	330892	200123	205425	
105	8.06734e+006	8.07595e+006	1908	2040	1812	2001	981	1054	674	729	462	496	220	242	312612	320934	4156	4323	476	523	322783	331398	200437	205748	
106	8.06684e+006	8.07547e+006	1973	2106	1748	1927	941	1013	655	708	441	476	214	236	313162	321503	4171	4339	469	514	323266	331899	200748	206070	
107	8.06633e+006	8.07498e+006	1921	2055	1761	1943	946	1017	630	677	417	453	203	226	313721	322077	4185	4353	474	518	323753	332403	201139	206468	
108	8.06583e+006	8.07449e+006	1916	2049	1750	1937	952	1025	612	658	401	437	193	218	314237	322608	4198	4365	474	517	324242	332906	201492	206832	
109	8.06533e+006	8.074e+006	1920	2044	1775	1965	962	1038	572	615	386	422	185	210	314735	323125	4209	4376	478	519	324736	333409	201838	207188	
110	8.06483e+006	8.07352e+006	1920	2045	1787	1986	975	1049	554	594	363	399	174	198	315224	323621	4222	4390	469	514	325221	333908	202179	207545	
111	8.06432e+006	8.07302e+006	1927	2048	1827	2033	993	1069	530	573	348	383	167	191	315681	324088	4232	4399	480	523	325718	334413	202529	207908	
112	8.06381e+006	8.07251e+006	1946	2063	1869	2074	1024	1096	511	552	338	371	160	183	316123	324544	4240	4407	494	531	326228	334929	202872	208264	
113	8.06328e+006	8.07199e+006	1963	2092	1836	2034	1013	1082	518	562	328	361	152	175	316656	325086	4250	4418	497	547	326743	335458	203229	208628	
114	8.06275e+006	8.07147e+006	1994	2126	1830	2030	1007	1080	510	559	313	344	142	164	317163	325605	4260	4429	501	548	327262	335988	203577	208983	
115	8.06223e+006	8.07097e+006	2009	2138	1837	2031	1005	1078	531	581	292	320	131	150	317647	326100	4270	4439	495	534	327771	336507	203937	209349	
116	8.0617e+006	8.07045e+006	2017	2151	1855	2043	1012	1082	536	587	278	304	122	140	318130	326601	4280	4449	501	545	328288	337037	204298	209717	
117	8.06116e+006	8.06993e+006	2023	2157	1859	2055	1026	1103	550	603	267	292	118	135	318605	327094	4288	4457	502	553	328806	337574	204658	210086	
118	8.06064e+006	8.06942e+006	2010	2145	1882	2081	1031	1108	566	614	258	284	114	132	319080	327584	4297	4465	490	534	329312	338093	205033	210470	
119	8.0601e+006	8.06889e+006	2034	2172	1897	2098	1032	1107	551	601	254	279	109	127	319583	328097	4306	4474	517	562	329844	338640	205403	210849	
120	8.05957e+006	8.06838e+006	2032	2172	1916	2117	1043	1119	556	606	253	280	111	130	320057	328583	4313	4481	500	545	330361	339168	205768	211226	
121	8.05905e+006	8.06787e+006	2021	2159	1921	2130	1059	1140	555	604	255	282	110	129	320546	329081	4320	4488	492	539	330870	339691	206129	211601	
122	8.05852e+006	8.06735e+006	2035	2172	1915	2131	1060	1142	563	607	248	276	108	127	321048	329593	4326	4495	503	547	331391	340219	206490	211971	
123	8.05798e+006	8.06682e+006	2024	2166	1928	2141	1067	1148	565	612	243	271	106	124	321557	330116	4334	4503	506	557	331913	340761	206861	212357	
124	8.05744e+006	8.0663e+006	2037	2175	1915	2125	1081	1159	569	618	244	271	107	126	322062	330631	4343	4512	511	556	332441	341301	207224	212728	
125	8.05691e+006	8.06579e+006	2038	2176	1901	2117	1090	1174	572	624	249	276	109	129	322557	331134	4349	4518	495	538	332949	341825	207580	213093	
126	8.05636e+006	8.06525e+006	2057	2194	1906	2122	1088	1170	572	623	258	286	113	133	323059	331653	4352	4522	520	567	333489	342373	207955	213472	
127	8.05582e+006	8.06471e+006	2072	2201	1914	2132	1082	1166	577	629	264	292	117	135	323563	332175	4356	4526	518	568	334026	342921	208330	213860	
128	8.05526e+006	8.06417e+006	2083	2215	1920	2138	1098	1181	580	633	266	293	119	138	324057	332680	4363	4533	522	570	334567	343473	208698	214236	
129	8.05472e+006	8.06364e+006	2103	2239	1913	2127	1086	1165	586	639	266	296	122	141	324576	333212	4370	4539	515	562	335098	344018	209062	214613	
130	8.05415e+006	8.06309e+006	2114	2259	1936	2143	1089	1164	581	631	263	292	119	139	325095	333745	4377	4546	534	583	335647	344588	209446	215004	
131	8.0536e+006	8.06256e+006	2108	2256	1960	2164	1096	1168	582	630	260	289	120	138	325596	334264	4385	4554	515	562	336180	345132	209828	215396	
132	8.05307e+006	8.06204e+006	2087	2233	1963	2177	1106	1183	580	627	263	294	121	142	326110	334785	4391	4561	503	546	336697	345663	210206	215782	
133	8.05252e+006	8.0615e+006	2094	2247	1974	2184	1104	1181	573	624	269	302	124	143	326627	335316	4397	4566	523	575	337239	346219	210583	216171	
134	8.05195e+006	8.06094e+006	2101	2249	1996	2210	1103	1184	573	619	269	301	123	141	327151	335853	4403	4572	540	586	337797	346787	210974	216578	
135	8.05138e+006	8.06037e+006	2127	2280	2001	2223	1116	1197	568	613	272	304	126	145	327656	336375	4409	4578	540	595	338362	347357	211351	216964	
136	8.05083e+006	8.05984e+006	2145	2299	1988	2213	1109	1189	577	621	270	301	126	144	328180	336909	4417	4587	517	568	338897	347907	211724	217346	
137	8.05026e+006	8.05929e+006	2156	2310	1989	2221	1109	1192	581	626	270	301	123	143	328704	337443	4426	4595	537	584	339450	348475	212110	217739	
138	8.04969e+006	8.05872e+006	2158	2317	2005	2235	1111	1193	588	639	270	299	123	141	329230	337979	4432	4602	541	594	340012	349047	212509	218148	
139	8.04912e+006	8.05817e+006	2150	2312	2020	2259	1121	1203	593	641	268	297	119	137	329753	338517	4439	4609	535	587	340566	349615	212909	218553	
140	8.04855e+006	8.05761e+006	2169	2333	2004	2241	1119	1206	607	658	272	300	120	139	330277	339059	4446	4616	537	588	341124	350182	213293	218945	
141	8.04799e+006	8.05705e+006	2170	2339	2020	2258	1122	1213	614	667	273	302	121	140	330797	339590	4450	4619	538	590	341684	350750	213688	219349	
142	8.04743e+006	8.05651e+006	2154	2323	2042	2290	1135	1232	605	658	272	302	118	138	331319	340125	4455	4625	525	578	342229	351308	214085	219754	
143	8.04686e+006	8.05596e+006	2154	2320	2049	2303	1136	1235	610	665	273	299	117	135	331847	340669	4462	4632	532	586	342781	351874	214483	220166	
144	8.04629e+006	8.0554e+006	2154	2322	2043	2301	1139	1240	609	661	278	305	121	140	332395	341229	4468	4639	538	589	343340	352442	214877	220565	
145	8.04571e+006	8.05483e+006	2166	2331	2032	2289	1147	1247	622	674	281	307	120	138	332938	341778	4474	4645	550	598	343907	353024	215269	220962	
146	8.04514e+006	8.05426e+006	2182	2351	2044	2305	1144	1240	613	664	282	310	123	142	333471	342328	4482	4653	543	597	344472	353599	215663	221370	
147	8.04456e+006	8.05369e+006	2200	2369	2039	2304	1146	1241	618	668	280	310	122	142	334014	342884	4490	4661	551	603	345043	354181	216056	221776	
148	8.04397e+006	8.05312e+006	2214	2387	2044	2308	1139	1232	633	686	281	311	121	142	334550	343433	4497	4669	550	609	345614	354769	216465	222191	
149	8.04339e+006	8.05256e+006	2205	2385	2057	2311	1147	1234	633	689	280	311	122	146	335097	343995	4502	4674	541	596	346176	355345	216872	222608	
150	8.0428e+006	8.05199e+006	2217	2396	2063	2324	1144	1233	639	694	283	314	124	147	335638	344546	4511	4683	553	609	346751	355932	217273	223018	
151	8.04222e+006	8.05141e+006	2216	2403	2081	2344	1138	1227	634	689	290	324	129	151	336189	345104	4516	4688	552	609	347323	356521	217684	223439	
152	8.04164e+006	8.05084e+006	2213	2394	2100	2368	1143	1236	642	698	296	327	133	155	336714	345642	4524	4695	549	599	347893	357098	218097	223865	
153	8.04105e+006	8.05028e+006	2224	2398	2107	2379	1143	1237	638	696	296	328	134	156	337259	346204	4532	4703	549	602	348461	357682	218500	224277	
154	8.04048e+006	8.04971e+006	2212	2389	2111	2383	1157	1251	633	691	297	328	133	155	337817	346767	4539	4711	542	598	349024	358259	218905	224693	
155	8.03989e+006	8.04914e+006	2213	2386	2107	2390	1161	1255	636	693	297	329	135	157	338373	347339	4546	4718	553	607	349592	358850	219313	225117	
156	8.0393e+006	8.04857e+006	2217	2396	2108	2386	1166	1261	632	692	301	334	135	157	338929	347902	4554	4726	554	608	350164	359441	219718	225525	
157	8.0387e+006	8.04799e+006	2228	2404	2099	2379	1173	1268	631	690	303	336	137	158	339496	348478	4559	4731	559	612	350743	360032	220120	225940	
158	8.03811e+006	8.04741e+006	2245	2424	2090	2369	1171	1269	631	694	307	342	139	162	340056	349049	4566	4739	562	616	351326	360627	220528	226359	
159	8.03753e+006	8.04684e+006	2244	2423	2100	2375	1176	1270	627	685	307	344	140	163	340618	349622	4573	4746	551	606	351899	361211	220929	226779	
160	8.03693e+006	8.04626e+006	2253	2433	2104	2382	1168	1268	629	688	308	345	142	166	341184	350198	4579	4752	562	618	352481	361809	221337	227205	
161	8.03635e+006	8.0457e+006	2237	2418	2113	2386	1167	1266	623	687	305	340	138	161	341755	350782	4589	4762	543	597	353040	362390	221751	227631	
162	8.03574e+006	8.04511e+006	2246	2433	2129	2408	1164	1260	620	681	304	341	138	160	342322	351357	4597	4770	570	632	353631	363001	222172	228059	
163	8.03514e+006	8.04453e+006	2246	2440	2137	2416	1157	1257	622	682	302	340	139	161	342883	351932	4604	4778	551	612	354202	363593	222584	228480	
164	8.03456e+006	8.04397e+006	2229	2428	2151	2432	1161	1263	618	679	308	345	142	163	343436	352498	4613	4787	547	604	354770	364177	223001	228911	
165	8.03395e+006	8.04338e+006	2251	2459	2143	2424	1159	1261	622	683	309	346	141	162	343990	353077	4621	4794	566	627	355356	364784	223398	229325	
166	8.03336e+006	8.04279e+006	2242	2450	2155	2446	1161	1266	624	683	308	346	141	163	344552	353659	4629	4802	561	624	355943	365381	223828	229768	
167	8.03275e+006	8.0422e+006	2258	2464	2145	2444	1163	1268	635	694	305	344	140	162	345114	354237	4637	4809	566	627	356533	365985	224236	230191	
168	8.03214e+006	8.04162e+006	2277	2493	2126	2427	1168	1274	647	707	304	341	139	162	345678	354814	4645	4817	567	632	357120	366596	224638	230602	
169	8.03153e+006	8.04102e+006	2289	2502	2125	2438	1177	1290	649	709	307	342	141	164	346237	355388	4653	4825	577	638	357721	367210	225052	231029	
170	8.03094e+006	8.04045e+006	2276	2486	2119	2440	1180	1296	655	716	306	342	138	162	346805	355969	4662	4835	548	607	358289	367797	225475	231463	
171	8.03034e+006	8.03986e+006	2269	2485	2136	2464	1185	1302	653	718	305	341	139	164	347358	356542	4670	4843	560	625	358874	368397	225898	231895	
172	8.02973e+006	8.03926e+006	2277	2489	2132	2463	1186	1303	656	725	306	340	140	164	347941	357140	4676	4849	575	637	359472	369010	226319	232336	
173	8.02914e+006	8.03868e+006	2257	2468	2145	2477	1197	1316	647	719	307	345	142	166	348510	357726	4684	4857	555	618	360055	369601	226738	232770	
174	8.02852e+006	8.03808e+006	2281	2500	2150	2488	1188	1314	642	719	306	344	139	163	349077	358303	4691	4864	573	637	360652	370215	227149	233194	
175	8.02791e+006	8.03749e+006	2291	2510	2149	2487	1186	1309	637	714	306	345	140	165	349661	358905	4698	4873	570	634	361249	370823	227559	233620	
176	8.02732e+006	8.0369e+006	2275	2496	2160	2495	1191	1312	637	709	307	344	142	166	350241	359500	4706	4881	559	623	361834	371420	227990	234064	
177	8.0267e+006	8.0363e+006	2301	2517	2152	2491	1186	1311	647	720	310	348	143	166	350810	360084	4713	4887	582	638	362437	372037	228412	234491	
178	8.02611e+006	8.03572e+006	2282	2493	2145	2487	1196	1322	641	714	310	349	142	166	351395	360693	4720	4895	554	614	363014	372628	228830	234919	
179	8.02549e+006	8.03512e+006	2286	2498	2151	2492	1189	1308	649	718	309	350	140	164	351978	361292	4730	4905	574	640	363613	373243	229263	235364	
180	8.02486e+006	8.0345e+006	2318	2536	2157	2503	1194	1313	642	709	313	354	145	169	352543	361876	4737	4912	591	661	364233	373875	229679	235792	
181	8.02425e+006	8.03391e+006	2310	2529	2169	2509	1203	1321	652	721	313	355	143	167	353111	362459	4743	4918	572	633	364827	374485	230108	236232	
182	8.02364e+006	8.03332e+006	2320	2547	2157	2493	1196	1312	658	730	310	353	143	167	353698	363058	4751	4926	564	632	365417	375093	230527	236661	
183	8.023e+006	8.03269e+006	2344	2575	2165	2504	1208	1324	655	726	310	354	142	167	354275	363642	4760	4935	599	667	366042	375733	230955	237101	
184	8.02236e+006	8.03207e+006	2355	2580	2178	2521	1213	1329	651	726	306	350	141	165	354867	364252	4770	4946	604	665	366671	376372	231393	237549	
185	8.02176e+006	8.03148e+006	2347	2579	2181	2522	1208	1330	653	728	309	353	142	166	355450	364849	4777	4952	565	631	367261	376977	231829	237996	
186	8.02114e+006	8.03087e+006	2362	2593	2178	2524	1214	1338	661	738	302	345	136	158	356024	365437	4786	4962	579	647	367864	377600	232247	238427	
187	8.0205e+006	8.03025e+006	2364	2587	2191	2549	1218	1343	658	735	311	354	138	161	356615	366041	4791	4968	599	661	368490	378235	232693	238886	
188	8.01985e+006	8.02962e+006	2366	2595	2225	2584	1235	1358	652	725	313	357	139	162	357187	366632	4799	4976	604	675	369117	378887	233143	239347	
189	8.01922e+006	8.02901e+006	2385	2617	2220	2582	1228	1353	658	734	316	360	139	163	357768	367228	4807	4985	582	653	369725	379515	233572	239786	
190	8.01859e+006	8.0284e+006	2394	2624	2219	2581	1215	1342	678	755	309	353	134	157	358367	367839	4814	4994	588	654	370336	380146	234015	240245	
191	8.01796e+006	8.02779e+006	2383	2620	2225	2585	1237	1365	679	755	311	355	134	159	358952	368439	4821	5001	590	655	370948	380779	234456	240692	
192	8.01734e+006	8.02719e+006	2354	2583	2258	2620	1245	1373	681	758	316	360	137	161	359529	369030	4828	5007	576	638	371549	381394	234911	241166	
193	8.0167e+006	8.02656e+006	2373	2603	2237	2601	1249	1378	684	761	310	353	136	159	360150	369665	4836	5015	601	672	372178	382038	235337	241607	
194	8.01608e+006	8.02596e+006	2359	2590	2224	2588	1249	1378	688	767	313	356	137	159	360766	370287	4844	5024	575	641	372780	382652	235769	242058	
195	8.01545e+006	8.02534e+006	2364	2586	2236	2599	1263	1391	683	764	314	357	137	159	361349	370885	4854	5033	593	653	373394	383284	236197	242504	
196	8.01479e+006	8.02471e+006	2398	2633	2237	2595	1260	1386	671	749	321	363	141	164	361952	371508	4861	5041	611	684	374031	383942	236633	242952	
197	8.01416e+006	8.02408e+006	2388	2626	2233	2602	1264	1391	676	757	316	358	140	163	362565	372132	4870	5051	593	663	374654	384576	237074	243408	
198	8.01353e+006	8.02347e+006	2403	2640	2215	2580	1252	1379	687	769	315	355	141	162	363178	372766	4877	5058	589	656	375268	385206	237516	243864	
199	8.0129e+006	8.02286e+006	2400	2639	2231	2584	1251	1372	682	762	316	357	142	164	363781	373392	4884	5066	590	652	375879	385837	237952	244314	
200	8.01226e+006	8.02223e+006	2393	2621	2240	2604	1259	1388	683	760	318	359	144	166	364385	374015	4891	5073	604	666	376508	386479	238401	244778	
201	8.01164e+006	8.02162e+006	2382	2602	2244	2615	1257	1387	683	760	317	357	144	166	364990	374641	4898	5081	580	647	377113	387101	238844	245230	
202	8.01099e+006	8.021e+006	2398	2613	2239	2614	1276	1405	682	756	313	353	141	163	365591	375254	4906	5088	604	668	377740	387746	239277	245677	
203	8.01034e+006	8.02036e+006	2417	2634	2242	2607	1264	1388	674	748	320	362	144	167	366213	375890	4913	5095	609	673	378376	388392	239714	246129	
204	8.00968e+006	8.01972e+006	2432	2659	2250	2609	1286	1410	660	735	325	369	145	169	366815	376504	4920	5103	618	692	379020	389058	240150	246576	
205	8.00903e+006	8.01909e+006	2457	2680	2245	2610	1278	1404	666	739	321	365	142	167	367421	377130	4927	5110	605	668	379647	389703	240585	247023	
206	8.00839e+006	8.01846e+006	2455	2682	2248	2601	1272	1392	677	753	322	365	142	166	368038	377765	4935	5118	603	670	380274	390349	241037	247493	
207	8.00775e+006	8.01783e+006	2450	2676	2258	2600	1283	1398	676	754	320	363	140	164	368653	378394	4944	5127	604	667	380904	390989	241483	247949	
208	8.00711e+006	8.01721e+006	2430	2645	2282	2629	1289	1404	678	757	318	362	140	165	369252	379014	4954	5138	597	661	381527	391625	241943	248426	
209	8.00647e+006	8.01658e+006	2424	2644	2298	2644	1287	1405	682	759	319	363	139	163	369855	379633	4961	5145	602	664	382153	392265	242392	248892	
210	8.00584e+006	8.01597e+006	2415	2627	2304	2655	1279	1398	688	763	323	367	139	165	370467	380257	4968	5152	594	652	382768	392896	242842	249355	
211	8.00522e+006	8.01536e+006	2401	2608	2328	2677	1279	1396	690	769	325	367	139	163	371059	380869	4975	5160	590	647	383381	393521	243301	249822	
212	8.00457e+006	8.01473e+006	2408	2614	2322	2671	1277	1395	682	760	333	376	142	168	371677	381509	4983	5167	604	667	384009	394164	243748	250278	
213	8.00392e+006	8.0141e+006	2413	2621	2321	2673	1267	1389	694	773	329	371	139	164	372295	382133	4994	5179	607	671	384639	394813	244203	250744	
214	8.00329e+006	8.01347e+006	2415	2631	2316	2651	1254	1367	701	778	323	364	141	165	372928	382790	5004	5189	595	664	385263	395447	244645	251203	
215	8.00266e+006	8.01286e+006	2418	2640	2299	2633	1254	1367	705	780	326	368	143	166	373543	383421	5012	5197	593	656	385881	396079	245083	251654	
216	8.00201e+006	8.01222e+006	2422	2645	2297	2627	1256	1371	705	780	327	367	145	167	374160	384059	5020	5205	606	675	386512	396729	245530	252112	
217	8.00137e+006	8.0116e+006	2410	2638	2287	2619	1268	1384	698	772	330	371	148	172	374789	384696	5027	5212	595	663	387135	397363	245973	252570	
218	8.00073e+006	8.01097e+006	2422	2643	2288	2625	1263	1382	698	768	331	370	147	170	375406	385326	5033	5219	607	669	387764	398010	246423	253029	
219	8.00008e+006	8.01034e+006	2433	2659	2282	2619	1261	1380	691	760	329	368	149	173	376032	385967	5042	5229	607	671	388397	398655	246864	253479	
220	7.99945e+006	8.00972e+006	2424	2645	2283	2627	1271	1395	690	757	328	367	149	173	376642	386594	5050	5237	598	660	389019	399291	247314	253942	
221	7.99881e+006	8.00909e+006	2429	2648	2279	2635	1277	1405	690	756	331	372	151	175	377244	387206	5058	5245	600	666	389647	399929	247755	254393	
222	7.99818e+006	8.00847e+006	2412	2637	2298	2650	1263	1389	692	761	332	372	153	175	377859	387834	5067	5255	592	656	390264	400559	248221	254877	
223	7.99753e+006	8.00784e+006	2416	2639	2300	2654	1261	1385	695	765	338	377	154	178	378474	388464	5075	5263	611	672	390897	401210	248671	255341	
224	7.99689e+006	8.00722e+006	2411	2635	2298	2647	1266	1388	692	765	337	376	152	176	379092	389093	5083	5272	592	657	391514	401842	249111	255792	
225	7.99627e+006	8.00661e+006	2395	2625	2298	2650	1274	1395	688	763	336	374	151	176	379705	389718	5093	5282	585	655	392126	402470	249557	256252	
226	7.99563e+006	8.00598e+006	2403	2633	2290	2640	1266	1386	692	766	336	373	147	171	380325	390357	5102	5291	600	664	392755	403105	250004	256707	
227	7.995e+006	8.00536e+006	2388	2619	2304	2649	1270	1386	693	767	334	371	145	170	380942	390985	5109	5299	595	659	393379	403735	250459	257174	
228	7.99436e+006	8.00472e+006	2403	2639	2277	2629	1277	1399	695	771	338	379	148	173	381554	391614	5117	5307	609	675	394018	404379	250902	257630	
229	7.99373e+006	8.0041e+006	2412	2639	2256	2615	1274	1398	706	779	334	377	147	171	382170	392245	5126	5316	593	656	394641	405006	251339	258078	
230	7.9931e+006	8.00348e+006	2408	2630	2257	2618	1276	1399	715	789	336	379	149	173	382773	392861	5134	5324	593	658	395260	405638	251792	258537	
231	7.99245e+006	8.00284e+006	2425	2643	2254	2613	1273	1398	724	794	334	377	149	174	383383	393487	5143	5334	611	673	395898	406284	252236	258988	
232	7.99181e+006	8.0022e+006	2418	2640	2266	2628	1278	1402	722	793	329	373	148	173	383998	394115	5151	5342	603	671	396532	406924	252694	259452	
233	7.99118e+006	8.00158e+006	2422	2645	2259	2620	1268	1393	720	794	330	372	150	173	384625	394755	5159	5350	597	661	397158	407556	253144	259911	
234	7.99054e+006	8.00095e+006	2430	2655	2263	2624	1264	1391	708	782	333	376	154	178	385243	395387	5168	5359	601	668	397790	408193	253585	260365	
235	7.98992e+006	8.00033e+006	2405	2629	2288	2638	1268	1392	701	780	338	379	157	180	385850	396006	5175	5366	584	649	398402	408813	254039	260825	
236	7.98928e+006	7.9997e+006	2412	2631	2289	2644	1266	1397	698	776	341	381	159	183	386472	396637	5183	5374	609	673	399041	409457	254491	261284	
237	7.98865e+006	7.99908e+006	2405	2622	2290	2641	1272	1398	692	771	345	386	160	183	387088	397260	5190	5382	590	653	399658	410083	254938	261734	
238	7.98802e+006	7.99845e+006	2407	2622	2286	2639	1265	1395	702	781	343	384	157	181	387704	397887	5202	5394	604	667	400291	410721	255394	262196	
239	7.98736e+006	7.9978e+006	2439	2657	2282	2634	1262	1391	704	782	347	388	157	183	388313	398502	5210	5402	617	683	400937	411375	255839	262648	
240	7.98672e+006	7.99717e+006	2432	2658	2292	2642	1271	1396	704	781	347	386	157	180	388925	399126	5218	5411	604	672	401570	412018	256294	263108	
241	7.98609e+006	7.99655e+006	2431	2660	2282	2633	1259	1386	714	787	348	390	157	181	389542	399755	5226	5418	590	654	402190	412642	256746	263567	
242	7.98545e+006	7.99592e+006	2430	2660	2284	2625	1263	1384	717	789	354	395	158	181	390161	400378	5234	5427	603	667	402821	413282	257198	264024	
243	7.98481e+006	7.99528e+006	2420	2650	2310	2658	1253	1378	716	790	352	392	156	179	390782	401004	5243	5435	606	673	403455	413927	257670	264504	
244	7.98418e+006	7.99466e+006	2408	2638	2297	2650	1264	1394	717	790	355	397	155	177	391403	401627	5251	5443	592	660	404076	414557	258116	264960	
245	7.98354e+006	7.99402e+006	2425	2651	2296	2649	1270	1401	709	781	353	397	152	176	392017	402248	5259	5452	604	669	404713	415194	258555	265403	
246	7.9829e+006	7.99339e+006	2426	2656	2294	2648	1267	1396	721	795	348	392	153	179	392638	402877	5266	5460	605	673	405344	415841	259012	265868	
247	7.98224e+006	7.99274e+006	2442	2673	2296	2658	1278	1409	713	788	348	391	154	180	393252	403501	5277	5471	622	689	405995	416501	259467	266328	
248	7.9816e+006	7.99211e+006	2451	2678	2283	2651	1277	1411	713	789	345	388	154	179	393878	404134	5286	5480	601	666	406626	417137	259913	266779	
249	7.98097e+006	7.99149e+006	2441	2673	2280	2641	1272	1402	721	794	344	386	154	178	394508	404775	5295	5489	595	663	407251	417771	260376	267247	
250	7.98034e+006	7.99087e+006	2426	2650	2293	2653	1261	1391	717	790	344	386	157	180	395136	405415	5302	5497	589	650	407865	418396	260837	267719	
251	7.97969e+006	7.99023e+006	2417	2643	2322	2682	1267	1392	724	799	340	381	153	175	395742	406029	5311	5506	613	681	408511	419044	261307	268199	
252	7.97904e+006	7.98958e+006	2432	2654	2322	2685	1263	1390	720	795	339	377	153	175	396371	406665	5319	5514	615	678	409154	419694	261759	268656	
253	7.9784e+006	7.98895e+006	2441	2659	2327	2688	1252	1373	717	790	337	375	153	175	397003	407309	5328	5522	604	668	409786	420335	262215	269118	
254	7.97777e+006	7.98832e+006	2449	2673	2331	2682	1250	1365	711	782	334	372	153	173	397622	407938	5340	5535	598	664	410415	420967	262656	269566	
255	7.97714e+006	7.9877e+006	2432	2652	2328	2686	1258	1377	711	790	335	374	156	176	398245	408561	5349	5543	595	662	411040	421600	263119	270031	
256	7.9765e+006	7.98706e+006	2425	2647	2331	2681	1269	1383	709	787	339	379	157	178	398867	409195	5357	5552	612	669	411679	422241	263575	270498	
257	7.97584e+006	7.98641e+006	2435	2660	2321	2668	1259	1377	714	792	337	377	158	178	399509	409844	5364	5559	615	681	412323	422893	264036	270969	
258	7.97521e+006	7.98579e+006	2437	2658	2317	2666	1259	1378	707	785	338	377	158	179	400137	410479	5373	5568	599	662	412949	423527	264488	271425	
259	7.97457e+006	7.98516e+006	2441	2661	2305	2655	1268	1389	707	787	337	377	155	177	400755	411101	5381	5576	600	665	413578	424163	264932	271879	
260	7.97393e+006	7.98452e+006	2441	2668	2315	2667	1277	1400	700	777	335	376	151	174	401368	411727	5392	5586	611	677	414221	424808	265377	272332	
261	7.9733e+006	7.9839e+006	2421	2644	2314	2662	1282	1403	694	768	340	383	157	181	402007	412370	5399	5593	595	657	414841	425439	265841	272801	
262	7.97265e+006	7.98326e+006	2430	2656	2309	2658	1269	1393	696	764	339	384	154	178	402641	413011	5410	5603	609	674	415480	426083	266295	273262	
263	7.97202e+006	7.98263e+006	2427	2651	2306	2660	1265	1390	678	744	342	387	155	179	403281	413660	5418	5612	597	660	416107	426713	266747	273724	
264	7.97139e+006	7.98201e+006	2415	2632	2309	2663	1276	1399	685	750	341	384	152	174	403898	414279	5427	5619	597	660	416731	427345	267205	274188	
265	7.97074e+006	7.98137e+006	2433	2655	2319	2667	1268	1388	677	745	337	381	149	171	404523	414917	5434	5627	612	680	417369	428000	267652	274642	
266	7.97011e+006	7.98075e+006	2415	2639	2316	2669	1267	1390	688	758	327	371	142	164	405150	415548	5442	5635	592	658	417989	428629	268106	275099	
267	7.96946e+006	7.98011e+006	2429	2652	2309	2658	1258	1379	685	758	327	370	139	162	405790	416192	5451	5644	611	674	418627	429275	268557	275559	
268	7.96882e+006	7.97947e+006	2440	2672	2298	2646	1268	1387	676	752	326	368	139	162	406419	416825	5460	5652	609	679	419270	429919	268994	276005	
269	7.96819e+006	7.97884e+006	2425	2647	2302	2653	1277	1395	689	766	323	365	137	160	407028	417441	5468	5661	596	656	419892	430548	269452	276476	
270	7.96754e+006	7.97821e+006	2450	2657	2286	2635	1276	1393	686	766	329	370	139	162	407659	418074	5476	5669	614	671	420529	431197	269888	276921	
271	7.9669e+006	7.97758e+006	2444	2650	2289	2637	1290	1406	701	775	324	369	135	159	408264	418684	5485	5678	604	666	421160	431835	270342	277385	
272	7.96625e+006	7.97694e+006	2446	2648	2290	2645	1286	1404	699	775	326	368	137	161	408895	419323	5492	5685	611	677	421800	432483	270800	277847	
273	7.96561e+006	7.97631e+006	2447	2660	2293	2640	1287	1401	700	774	329	371	140	165	409506	419944	5501	5694	599	665	422426	433122	271251	278302	
274	7.96498e+006	7.97569e+006	2428	2653	2320	2660	1278	1391	708	784	325	369	139	163	410113	420564	5511	5703	597	662	423049	433757	271718	278776	
275	7.96434e+006	7.97505e+006	2431	2658	2314	2646	1278	1389	705	783	324	368	140	163	410748	421209	5519	5711	608	669	423683	434401	272171	279239	
276	7.9637e+006	7.97442e+006	2430	2646	2340	2670	1273	1383	708	782	331	377	141	166	411351	421823	5526	5720	609	668	424321	435039	272631	279707	
277	7.96306e+006	7.97379e+006	2433	2642	2331	2669	1264	1381	709	785	333	378	145	170	411978	422457	5535	5727	602	661	424948	435675	273080	280168	
278	7.96243e+006	7.97316e+006	2443	2643	2328	2660	1258	1371	704	781	334	380	144	168	412613	423096	5544	5737	605	664	425580	436311	273526	280624	
279	7.96179e+006	7.97253e+006	2437	2636	2332	2670	1262	1380	707	781	337	383	147	171	413226	423712	5552	5744	602	664	426206	436951	273978	281091	
280	7.96115e+006	7.97189e+006	2434	2638	2323	2665	1263	1384	709	782	334	381	147	172	413853	424349	5562	5755	606	669	426842	437590	274437	281552	
281	7.96052e+006	7.97128e+006	2419	2627	2321	2661	1266	1380	710	784	333	378	147	171	414473	424979	5573	5766	588	649	427456	438213	274893	282016	
282	7.95989e+006	7.97067e+006	2406	2617	2319	2649	1264	1377	712	786	331	373	147	170	415107	425619	5580	5774	591	654	428070	438843	275349	282478	
283	7.95925e+006	7.97003e+006	2419	2625	2330	2653	1259	1369	705	778	324	366	142	165	415739	426266	5588	5781	615	673	428711	439490	275804	282944	
284	7.95862e+006	7.9694e+006	2413	2612	2336	2657	1258	1374	702	774	331	375	150	173	416352	426887	5596	5789	600	656	429337	440120	276262	283405	
285	7.95797e+006	7.96877e+006	2427	2630	2325	2646	1249	1366	700	775	329	373	149	172	416980	427528	5602	5796	603	666	429964	440763	276709	283864	
286	7.95733e+006	7.96814e+006	2447	2647	2302	2630	1250	1372	696	774	332	374	153	176	417611	428159	5610	5804	612	670	430600	441408	277146	284314	
287	7.95669e+006	7.9675e+006	2436	2639	2303	2630	1261	1385	701	777	332	374	152	175	418227	428781	5618	5812	604	665	431232	442045	277598	284773	
288	7.95606e+006	7.96688e+006	2441	2638	2297	2619	1266	1384	704	779	333	375	154	177	418848	429406	5626	5820	602	658	431859	442678	278047	285229	
289	7.95543e+006	7.96626e+006	2431	2629	2287	2611	1276	1395	712	781	332	373	150	173	419463	430032	5634	5828	592	659	432480	443306	278493	285687	
290	7.95479e+006	7.96562e+006	2430	2628	2298	2616	1274	1388	716	785	329	369	147	170	420090	430662	5643	5837	612	668	433116	443950	278954	286156	
291	7.95416e+006	7.965e+006	2421	2625	2309	2626	1280	1394	718	785	331	371	148	171	420692	431275	5652	5844	595	661	433741	444581	279410	286619	
292	7.95352e+006	7.96437e+006	2421	2630	2322	2629	1283	1389	718	785	331	373	148	172	421296	431894	5662	5855	604	662	434370	445218	279858	287075	
293	7.95288e+006	7.96374e+006	2428	2635	2310	2625	1271	1380	716	787	337	381	151	176	421922	432525	5671	5863	601	662	434994	445856	280304	287527	
294	7.95225e+006	7.96311e+006	2419	2623	2316	2632	1274	1386	716	787	335	379	148	174	422541	433147	5680	5872	600	658	435622	446486	280759	287991	
295	7.95161e+006	7.96248e+006	2432	2632	2312	2630	1270	1384	710	787	344	387	153	178	423158	433774	5687	5879	608	670	436257	447129	281203	288445	
296	7.95097e+006	7.96185e+006	2430	2634	2309	2626	1267	1377	718	795	340	385	153	177	423781	434404	5697	5888	603	663	436887	447765	281661	288914	
297	7.95035e+006	7.96123e+006	2424	2624	2304	2625	1267	1378	721	799	338	383	150	175	424399	435033	5706	5897	595	651	437508	448390	282114	289379	
298	7.94971e+006	7.9606e+006	2424	2629	2311	2636	1255	1370	716	796	340	384	152	178	425020	435657	5715	5907	599	664	438137	449024	282574	289841	
299	7.94908e+006	7.95997e+006	2415	2622	2319	2641	1263	1376	704	786	344	388	156	183	425640	436284	5724	5917	599	662	438766	449656	283025	290300	
300	7.94847e+006	7.95936e+006	2393	2597	2312	2635	1263	1376	710	791	349	392	158	185	426259	436908	5731	5925	581	639	439375	450267	283477	290759	
301	7.94784e+006	7.95874e+006	2387	2599	2320	2632	1258	1366	707	784	346	389	156	183	426882	437541	5740	5933	590	652	439993	450892	283926	291211	
302	7.94722e+006	7.95813e+006	2376	2583	2303	2625	1266	1380	703	779	350	392	160	186	427503	438170	5748	5942	586	650	440604	451517	284376	291666	
303	7.94661e+006	7.95752e+006	2363	2558	2298	2623	1269	1383	695	773	345	388	158	182	428131	438808	5758	5952	585	637	441215	452128	284827	292121	
304	7.94598e+006	7.9569e+006	2374	2575	2281	2603	1270	1380	698	775	344	387	156	180	428749	439430	5766	5961	592	656	441837	452755	285266	292568	
305	7.94535e+006	7.95628e+006	2380	2578	2275	2596	1259	1369	699	773	338	382	149	175	429382	440070	5774	5969	598	653	442460	453383	285710	293019	
306	7.94473e+006	7.95566e+006	2386	2573	2265	2587	1254	1363	695	765	343	387	152	177	430002	440699	5783	5978	592	645	443076	454004	286150	293472	
307	7.94411e+006	7.95504e+006	2393	2588	2253	2571	1255	1366	702	775	343	387	150	175	430606	441309	5791	5986	591	653	443697	454627	286587	293912	
308	7.94348e+006	7.95442e+006	2397	2585	2261	2575	1241	1353	703	780	344	389	151	175	431222	441930	5800	5995	596	652	444319	455253	287044	294375	
309	7.94287e+006	7.9538e+006	2388	2576	2259	2566	1244	1352	696	773	339	383	148	171	431853	442568	5808	6003	588	646	444937	455870	287485	294821	
310	7.94224e+006	7.95317e+006	2395	2586	2261	2566	1251	1359	694	769	336	378	149	171	432457	443179	5817	6012	601	654	445563	456499	287924	295262	
311	7.94162e+006	7.95255e+006	2400	2586	2266	2571	1249	1355	702	780	334	376	146	168	433059	443789	5825	6020	594	655	446190	457121	288373	295720	
312	7.941e+006	7.95193e+006	2397	2579	2278	2576	1246	1352	691	768	333	375	143	167	433675	444417	5834	6029	591	648	446808	457741	288820	296174	
313	7.94038e+006	7.95131e+006	2389	2582	2288	2586	1243	1347	683	760	333	375	143	167	434284	445029	5842	6037	583	645	447424	458353	289265	296616	
314	7.93977e+006	7.9507e+006	2373	2568	2283	2575	1255	1357	676	747	335	379	143	167	434902	445653	5852	6047	584	641	448038	458965	289707	297060	
315	7.93916e+006	7.95009e+006	2360	2555	2277	2572	1258	1361	694	760	336	379	146	169	435499	446257	5861	6056	582	640	448646	459579	290153	297505	
316	7.93853e+006	7.94947e+006	2361	2563	2282	2579	1252	1356	694	759	333	375	143	166	436111	446874	5870	6064	593	655	449271	460202	290599	297952	
317	7.93791e+006	7.94884e+006	2379	2573	2270	2564	1256	1363	694	757	333	374	146	168	436726	447490	5877	6072	600	656	449901	460828	291042	298394	
318	7.93728e+006	7.94821e+006	2395	2593	2258	2553	1258	1362	697	762	327	366	144	164	437339	448111	5888	6083	601	661	450531	461460	291484	298837	
319	7.93665e+006	7.94757e+006	2415	2616	2252	2557	1249	1360	700	762	329	370	146	167	437943	448714	5897	6092	601	664	451166	462090	291930	299291	
320	7.93604e+006	7.94696e+006	2403	2596	2247	2562	1241	1360	703	767	331	371	146	167	438556	449329	5905	6099	580	637	451774	462698	292381	299743	
321	7.93542e+006	7.94635e+006	2390	2585	2254	2563	1242	1359	691	757	337	378	149	172	439179	449950	5913	6108	588	643	452391	463312	292833	300188	
322	7.93481e+006	7.94573e+006	2369	2569	2260	2575	1244	1363	691	760	333	374	149	173	439787	450561	5923	6119	581	645	453003	463926	293288	300646	
323	7.93418e+006	7.9451e+006	2367	2564	2282	2598	1240	1358	679	748	333	374	148	173	440407	451176	5933	6128	599	658	453632	464555	293745	301102	
324	7.93357e+006	7.94449e+006	2372	2575	2283	2594	1237	1355	679	747	335	372	151	174	441011	451777	5943	6139	586	647	454250	465170	294184	301539	
325	7.93295e+006	7.94387e+006	2372	2574	2286	2595	1239	1358	682	751	336	374	155	178	441606	452377	5952	6147	586	644	454865	465784	294632	301987	
326	7.93235e+006	7.94326e+006	2367	2559	2277	2585	1240	1354	682	750	337	376	157	182	442219	452989	5962	6158	575	630	455472	466383	295068	302427	
327	7.9317e+006	7.94262e+006	2383	2580	2280	2595	1233	1349	679	746	336	375	156	181	442847	453611	5970	6165	614	680	456116	467033	295521	302884	
328	7.9311e+006	7.94202e+006	2372	2565	2268	2587	1229	1344	684	751	335	375	157	181	443467	454235	5974	6171	574	634	456720	467636	295968	303329	
329	7.93049e+006	7.94141e+006	2359	2560	2262	2571	1225	1336	684	751	335	373	157	180	444094	454857	5983	6179	575	637	457324	468244	296415	303776	
330	7.92986e+006	7.94078e+006	2386	2590	2271	2576	1213	1322	683	751	332	371	158	181	444696	455461	5991	6188	602	661	457959	468872	296861	304222	
331	7.92925e+006	7.94016e+006	2354	2560	2292	2605	1219	1329	680	746	328	367	157	180	445313	456075	5999	6196	583	648	458576	469487	297329	304694	
332	7.92863e+006	7.93954e+006	2372	2579	2293	2603	1210	1320	681	747	330	371	156	180	445913	456675	6007	6204	593	652	459200	470107	297768	305132	
333	7.92802e+006	7.93893e+006	2372	2580	2267	2580	1212	1323	685	749	328	368	157	179	446534	457297	6015	6211	576	637	459806	470714	298194	305565	
334	7.92742e+006	7.93833e+006	2339	2555	2283	2592	1212	1325	685	751	323	362	156	179	447145	457907	6025	6221	569	635	460410	471315	298661	306028	
335	7.9268e+006	7.9377e+006	2349	2563	2268	2587	1222	1335	693	757	319	359	151	173	447747	458510	6035	6231	594	656	461035	471939	299104	306472	
336	7.92617e+006	7.93708e+006	2352	2562	2267	2593	1240	1352	687	750	315	354	146	168	448355	459112	6043	6239	594	652	461659	472562	299551	306916	
337	7.92556e+006	7.93646e+006	2360	2569	2234	2560	1232	1346	688	753	312	350	146	167	448995	459752	6052	6247	584	645	462273	473177	299985	307353	
338	7.92494e+006	7.93583e+006	2387	2592	2230	2563	1230	1346	686	755	313	351	146	167	449589	460346	6060	6256	596	657	462903	473800	300421	307788	
339	7.9243e+006	7.9352e+006	2397	2600	2239	2571	1239	1357	683	753	311	350	143	165	450191	460950	6068	6263	602	666	463534	474438	300859	308225	
340	7.92371e+006	7.93461e+006	2362	2573	2237	2569	1235	1349	672	742	314	352	145	166	450824	461578	6076	6271	560	624	464128	475028	301312	308677	
341	7.92311e+006	7.934e+006	2354	2563	2240	2569	1233	1345	666	739	317	354	146	168	451437	462187	6084	6279	574	637	464739	475628	301749	309120	
342	7.92248e+006	7.93337e+006	2357	2560	2245	2577	1229	1346	669	744	313	350	145	167	452054	462798	6093	6287	596	657	465366	476254	302206	309573	
343	7.92187e+006	7.93276e+006	2334	2543	2262	2591	1241	1358	671	743	309	346	144	165	452654	463399	6102	6296	583	645	465981	476866	302655	310032	
344	7.92125e+006	7.93214e+006	2361	2569	2253	2579	1242	1358	666	739	311	347	141	162	453251	463996	6110	6305	588	651	466600	477486	303082	310458	
345	7.92062e+006	7.93151e+006	2386	2589	2254	2579	1223	1336	675	749	309	347	141	163	453859	464605	6118	6312	598	658	467231	478112	303522	310899	
346	7.92001e+006	7.93089e+006	2369	2584	2255	2581	1223	1341	678	753	312	350	143	165	454469	465212	6126	6320	582	649	467848	478726	303975	311354	
347	7.91939e+006	7.93027e+006	2381	2590	2248	2576	1226	1348	686	764	312	349	143	164	455066	465811	6134	6328	594	651	468469	479350	304408	311792	
348	7.9188e+006	7.92968e+006	2355	2556	2237	2565	1229	1352	687	767	315	353	143	164	455683	466424	6140	6335	562	617	469060	479938	304852	312237	
349	7.9182e+006	7.92908e+006	2322	2523	2222	2553	1236	1360	693	774	320	358	144	164	456292	467040	6149	6344	566	625	469655	480534	305299	312684	
350	7.91758e+006	7.92846e+006	2330	2530	2229	2564	1250	1374	689	771	319	357	142	162	456884	467626	6157	6352	590	656	470276	481158	305737	313120	
351	7.91697e+006	7.92785e+006	2318	2511	2242	2567	1261	1381	680	765	322	360	143	163	457491	468224	6165	6361	581	633	470882	481766	306181	313562	
352	7.91636e+006	7.92726e+006	2325	2531	2212	2535	1258	1372	689	770	323	362	143	162	458099	468833	6174	6369	571	633	471481	482372	306610	313990	
353	7.91576e+006	7.92665e+006	2334	2539	2206	2528	1246	1361	682	757	330	369	146	165	458710	469444	6180	6375	575	634	472083	482980	307038	314417	
354	7.91513e+006	7.92604e+006	2335	2531	2215	2542	1238	1352	680	755	328	367	145	166	459323	470060	6189	6384	590	648	472698	483602	307487	314874	
355	7.91453e+006	7.92543e+006	2332	2535	2222	2538	1217	1328	676	749	331	370	148	170	459949	470680	6197	6391	577	638	473305	484210	307930	315318	
356	7.91394e+006	7.92485e+006	2313	2514	2220	2532	1207	1321	679	752	329	369	144	169	460559	471285	6203	6398	551	614	473888	484793	308362	315760	
357	7.91334e+006	7.92424e+006	2314	2511	2212	2526	1195	1309	686	759	332	374	146	171	461162	471890	6210	6404	574	632	474494	485394	308798	316201	
358	7.91274e+006	7.92364e+006	2298	2492	2231	2550	1203	1319	677	749	335	377	148	174	461752	472476	6219	6413	575	628	475092	485998	309247	316652	
359	7.91214e+006	7.92305e+006	2287	2486	2233	2551	1214	1329	682	756	331	373	149	174	462336	473059	6229	6423	568	630	475689	486600	309674	317085	
360	7.91153e+006	7.92245e+006	2306	2506	2192	2505	1216	1333	684	755	332	373	150	175	462948	473672	6239	6433	571	633	476290	487203	310080	317494	
361	7.91094e+006	7.92185e+006	2299	2501	2184	2504	1215	1335	683	750	329	373	148	174	463547	474273	6249	6444	568	627	476889	487799	310516	317930	
362	7.91033e+006	7.92125e+006	2295	2509	2184	2493	1222	1338	677	745	330	375	148	173	464141	474873	6258	6453	570	636	477490	488404	310939	318360	
363	7.90973e+006	7.92064e+006	2298	2512	2176	2489	1222	1340	669	737	333	377	150	174	464740	475478	6266	6461	571	634	478092	489006	311366	318790	
364	7.90912e+006	7.92004e+006	2303	2520	2161	2479	1216	1336	676	746	332	376	150	176	465341	476085	6275	6469	578	641	478700	489617	311800	319228	
