Day	Susceptible-LB	Susceptible-UB	Exposed-LB	Exposed-UB	Current Detected Mild Infections-LB	Current Detected Mild Infections-UB	Current Undetected Mild Infections-LB	Current Undetected Mild Infections-UB	Current Hospitalizations-LB	Current Hospitalizations-UB	Current ICU patients-LB	Current ICU patients-UB	ventilators-LB	ventilators-UB	Recovered-LB	Recovered-UB	Deaths-LB	Deaths-UB	new infections today-LB	new infections today-UB	total number of infections-LB	total number of infections-UB	Confirmed total number of infections-LB	Confirmed total number of infections-UB	
0	8.39714e+006	8.39714e+006	1600	1600	0	0	0	0	0	0	0	0	0	0	0	0	0	0	0	0	1600	1600	0	0	
1	8.39698e+006	8.39698e+006	1760	1760	0	0	0	0	0	0	0	0	0	0	0	0	0	0	160	160	1760	1760	0	0	
2	8.39682e+006	8.39682e+006	1920	1920	0	0	0	0	0	0	0	0	0	0	0	0	0	0	160	160	1920	1920	0	0	
3	8.39565e+006	8.3957e+006	3036	3084	0	0	0	0	0	0	0	0	0	0	0	0	0	0	1116	1164	3036	3084	0	0	
4	8.39444e+006	8.39451e+006	2625	2696	802	828	772	798	0	0	0	0	0	0	0	0	0	0	1176	1225	4225	4296	802	828	
5	8.39312e+006	8.3932e+006	3772	3861	880	907	853	880	0	0	0	0	0	0	0	0	0	0	1294	1339	5532	5621	880	907	
6	8.39102e+006	8.39116e+006	5654	5795	962	990	930	958	0	0	0	0	0	0	0	0	0	0	2027	2108	7574	7715	962	990	
7	8.38823e+006	8.38843e+006	7260	7434	1519	1590	1479	1532	0	0	0	0	0	0	0	0	0	0	2715	2810	10306	10507	1531	1578	
8	8.38463e+006	8.3849e+006	9602	9817	2110	2208	2067	2136	0	0	0	0	0	0	0	0	0	0	3510	3616	13838	14102	2129	2189	
9	8.38016e+006	8.38051e+006	12681	12968	2755	2872	2726	2801	0	0	0	0	0	0	0	0	0	0	4365	4497	18224	18578	2779	2848	
10	8.37477e+006	8.37524e+006	15900	16270	2968	3136	2947	3037	279	299	0	0	0	0	1301	1321	0	0	5247	5409	23492	23967	3960	4060	
11	8.36917e+006	8.36977e+006	18639	19081	4223	4456	4248	4367	306	327	0	0	0	0	1433	1454	0	0	5452	5623	28962	29571	5323	5452	
12	8.36266e+006	8.36342e+006	21465	21994	5874	6177	5950	6098	338	359	0	0	0	0	1561	1582	0	0	6339	6527	35320	36079	7091	7249	
13	8.3556e+006	8.35653e+006	23966	24579	7490	7868	7571	7754	562	594	0	0	0	0	2457	2507	0	0	6873	7076	42211	43137	9420	9634	
14	8.34879e+006	8.34987e+006	25356	25997	9480	9967	9627	9863	789	826	0	0	0	0	3420	3486	0	0	6631	6832	48868	49943	12144	12417	
15	8.3427e+006	8.34392e+006	25834	26480	11510	12127	11726	12016	1041	1084	0	0	0	0	4475	4554	0	0	5923	6113	54815	56032	14994	15332	
16	8.33788e+006	8.33922e+006	24177	24796	13602	14341	13913	14254	1154	1212	91	104	50	59	6303	6425	0	0	4686	4840	59517	60855	18340	18756	
17	8.33248e+006	8.33396e+006	22543	23136	15669	16528	15969	16367	1642	1706	98	111	53	62	8540	8717	0	0	5238	5416	64774	66253	22048	22545	
18	8.32657e+006	8.32818e+006	21669	22238	17225	18185	17508	17954	2292	2369	106	120	57	66	11409	11642	0	0	5755	5936	70553	72165	25729	26307	
19	8.3206e+006	8.32236e+006	21543	22124	17994	19013	18285	18752	2946	3044	168	186	84	97	15079	15379	0	0	5803	5993	76376	78138	29136	29807	
20	8.31465e+006	8.31659e+006	22612	23248	17739	18755	17977	18443	3733	3852	231	252	112	127	19493	19898	0	0	5752	5967	82146	84086	32004	32741	
21	8.30866e+006	8.31076e+006	23184	23839	17620	18645	17878	18351	4540	4681	306	330	146	162	24085	24591	0	0	5813	6005	87977	90073	35132	35962	
22	8.30258e+006	8.30484e+006	23322	24012	17334	18342	17588	18055	5373	5536	422	450	197	218	29495	30122	0	0	5904	6098	93898	96154	38614	39518	
23	8.29661e+006	8.29904e+006	23302	24016	16793	17791	17056	17526	6222	6418	572	606	267	292	35386	36144	0	0	5785	5994	99701	102131	42215	43207	
24	8.29083e+006	8.29343e+006	23145	23836	16353	17372	16611	17085	6862	7074	769	813	359	389	41201	42091	0	0	5593	5789	105311	107902	45758	46853	
25	8.28512e+006	8.28785e+006	22889	23562	16291	17329	16549	17034	7128	7341	1022	1078	472	507	46625	47652	0	0	5554	5734	110886	113615	49296	50490	
26	8.27945e+006	8.28232e+006	22500	23153	16849	17936	17192	17703	7024	7246	1218	1280	556	595	51195	52335	34	40	5514	5690	116417	119288	52717	53992	
27	8.27356e+006	8.2766e+006	22416	23062	17144	18268	17440	17953	6980	7195	1511	1582	695	735	56202	57479	36	42	5704	5900	122133	125175	56126	57510	
28	8.26766e+006	8.27087e+006	22539	23193	17080	18240	17320	17856	6865	7076	1870	1958	870	919	61732	63135	37	44	5719	5918	127870	131076	59513	60991	
29	8.26179e+006	8.26516e+006	22669	23349	16958	18100	17203	17726	6640	6834	2184	2280	1021	1075	67452	69008	53	62	5687	5886	133575	136944	62870	64428	
30	8.25596e+006	8.25949e+006	22807	23506	16841	17936	17100	17596	6446	6649	2496	2604	1163	1221	73093	74801	67	77	5653	5847	139246	142772	66188	67844	
31	8.25013e+006	8.25383e+006	22751	23459	16752	17863	17071	17573	6428	6629	2752	2867	1283	1346	78667	80520	88	100	5645	5854	144911	148607	69594	71351	
32	8.24435e+006	8.24821e+006	22631	23339	16672	17790	16962	17470	6659	6869	2890	3010	1347	1412	84192	86189	114	128	5599	5799	150529	154387	73043	74888	
33	8.23855e+006	8.24257e+006	22555	23273	16631	17742	16901	17414	6771	6995	3020	3147	1403	1470	89714	91867	152	166	5611	5821	156162	160186	76479	78415	
34	8.23279e+006	8.23698e+006	22482	23199	16616	17731	16974	17485	6744	6972	3143	3274	1463	1534	95180	97489	197	214	5575	5777	161753	165946	79831	81860	
35	8.22707e+006	8.23141e+006	22383	23085	16647	17796	17024	17551	6707	6925	3208	3338	1501	1572	100667	103120	256	279	5547	5741	167324	171663	83201	85328	
36	8.22131e+006	8.22582e+006	22354	23070	16668	17850	17072	17621	6663	6865	3246	3380	1510	1582	106134	108741	325	352	5571	5783	172914	177427	86538	88740	
37	8.21554e+006	8.22022e+006	22329	23041	16621	17814	17025	17579	6657	6859	3285	3421	1525	1599	111746	114515	398	428	5584	5793	178521	183196	89906	92206	
38	8.20979e+006	8.21462e+006	22316	23043	16556	17738	16962	17497	6606	6808	3257	3384	1502	1572	117467	120406	492	525	5562	5779	184112	188947	93219	95626	
39	8.20407e+006	8.20906e+006	22313	23041	16474	17648	16904	17442	6567	6763	3202	3326	1476	1544	123168	126279	587	626	5537	5746	189676	194664	96525	99019	
40	8.19837e+006	8.2035e+006	22280	22986	16467	17655	16827	17373	6567	6763	3146	3269	1454	1522	128801	132068	681	723	5538	5728	195239	200368	99862	102454	
41	8.19274e+006	8.19802e+006	22151	22840	16455	17644	16779	17321	6584	6799	3129	3248	1442	1506	134392	137806	758	802	5453	5648	200714	205994	103220	105923	
42	8.1871e+006	8.19254e+006	22044	22730	16721	17908	16494	17020	6592	6824	3180	3297	1471	1536	139891	143450	817	865	5460	5665	206193	211639	106825	109637	
43	8.1815e+006	8.1871e+006	21928	22607	16984	18155	16170	16684	6575	6814	3231	3350	1498	1569	145420	149130	887	939	5423	5621	211641	217235	110437	113348	
44	8.17589e+006	8.18163e+006	21833	22518	17252	18414	15866	16376	6546	6789	3228	3345	1489	1563	150968	154839	963	1020	5441	5640	217110	222847	114026	117037	
45	8.17028e+006	8.17617e+006	21817	22501	17520	18667	15521	16013	6568	6805	3211	3326	1477	1551	156466	160484	1034	1092	5432	5636	222570	228455	117611	120720	
46	8.16471e+006	8.17074e+006	21758	22435	17724	18864	15211	15693	6563	6818	3194	3303	1478	1551	161997	166174	1117	1175	5400	5600	227999	234026	121157	124378	
47	8.16049e+006	8.16663e+006	20417	21057	17909	19036	14864	15349	6562	6808	3173	3285	1466	1542	167545	171888	1196	1261	4083	4242	232103	238247	124713	128025	
48	8.15631e+006	8.16256e+006	19023	19618	17886	19003	14764	15246	6557	6810	3150	3270	1450	1524	173071	177568	1282	1349	4050	4200	236176	242423	128252	131661	
49	8.15214e+006	8.1585e+006	17628	18179	17824	18937	14719	15204	6557	6806	3138	3259	1440	1514	178571	183230	1356	1425	4040	4192	240240	246592	131759	135259	
50	8.14813e+006	8.15459e+006	16115	16616	17749	18866	14658	15145	6566	6801	3124	3242	1433	1505	184059	188874	1435	1506	3889	4036	244151	250605	135225	138816	
51	8.14424e+006	8.1508e+006	15794	16292	16987	18069	14051	14535	6522	6755	3129	3252	1436	1509	189499	194457	1511	1583	3763	3916	247936	254500	137986	141642	
52	8.14051e+006	8.14718e+006	15346	15836	16239	17260	13406	13862	6496	6731	3139	3270	1432	1506	194913	200028	1591	1664	3605	3741	251559	258223	140715	144446	
53	8.13692e+006	8.14368e+006	14787	15257	15485	16452	12802	13216	6444	6674	3128	3249	1415	1486	200339	205617	1675	1751	3482	3612	255060	261816	143419	147221	
54	8.13348e+006	8.14033e+006	14216	14689	14612	15532	12126	12529	6399	6635	3124	3249	1417	1491	205778	211198	1748	1827	3325	3461	258403	265258	146034	149899	
55	8.13029e+006	8.13723e+006	13541	13985	13702	14577	11373	11760	6373	6610	3152	3277	1429	1500	211170	216724	1820	1900	3083	3217	261511	268450	148611	152547	
56	8.12724e+006	8.13427e+006	12872	13309	12738	13554	10549	10916	6359	6603	3144	3269	1416	1489	216551	222237	1889	1973	2936	3065	264466	271496	151086	155081	
57	8.12437e+006	8.13148e+006	12164	12591	12406	13194	10287	10638	6105	6341	3121	3252	1405	1478	220856	226662	1964	2050	2774	2894	267261	274370	153376	157432	
58	8.12163e+006	8.1288e+006	11494	11890	11981	12764	9986	10331	5832	6044	3110	3242	1403	1476	225135	231065	2041	2130	2655	2760	269937	277109	155548	159673	
59	8.11894e+006	8.12618e+006	11013	11382	11461	12222	9551	9896	5553	5761	3104	3233	1397	1471	229413	235450	2112	2205	2601	2710	272558	279798	157603	161785	
60	8.11639e+006	8.12371e+006	10522	10884	10933	11684	9123	9467	5259	5461	3105	3237	1399	1477	233543	239687	2184	2280	2445	2568	275023	282346	159565	163801	
61	8.11391e+006	8.12131e+006	10133	10486	10393	11106	8687	9009	4932	5125	3099	3233	1396	1476	237582	243840	2263	2361	2381	2499	277427	284823	161440	165730	
62	8.11161e+006	8.11907e+006	9698	10050	9862	10534	8283	8585	4572	4753	3102	3234	1404	1483	241490	247863	2334	2435	2222	2322	279667	287126	163216	167548	
63	8.10941e+006	8.11693e+006	9213	9564	9391	10034	7883	8171	4444	4618	3013	3141	1370	1450	245130	251599	2415	2515	2120	2220	281805	289328	164975	169350	
64	8.1073e+006	8.11488e+006	8800	9126	8938	9570	7455	7744	4301	4467	2925	3045	1317	1397	248628	255206	2492	2598	2037	2125	283857	291439	166646	171068	
65	8.10526e+006	8.11291e+006	8367	8686	8567	9184	7125	7412	4112	4275	2824	2936	1271	1348	251947	258615	2571	2682	1953	2054	285829	293474	168244	172707	
66	8.1033e+006	8.111e+006	8038	8350	8190	8771	6804	7065	3930	4083	2740	2857	1234	1309	255091	261857	2646	2759	1893	1985	287741	295440	169745	174253	
67	8.10142e+006	8.10916e+006	7732	8029	8058	8621	6286	6537	3722	3874	2663	2774	1205	1273	258089	264952	2719	2837	1813	1900	289573	297321	171394	175949	
68	8.09967e+006	8.10746e+006	7379	7659	7959	8509	5772	6010	3550	3686	2558	2666	1162	1227	260970	267908	2794	2914	1681	1760	291272	299063	172989	177582	
69	8.09798e+006	8.10582e+006	7056	7319	7795	8338	5293	5520	3372	3505	2452	2554	1121	1182	263807	270816	2864	2987	1627	1717	292920	300758	174493	179137	
70	8.09634e+006	8.10423e+006	6729	6986	7687	8205	4851	5068	3196	3323	2330	2425	1056	1111	266498	273596	2939	3063	1566	1652	294502	302393	175956	180638	
71	8.0948e+006	8.10273e+006	6402	6647	7557	8049	4423	4615	3075	3190	2184	2275	992	1045	269102	276274	3010	3140	1485	1562	296008	303934	177345	182070	
72	8.09332e+006	8.10129e+006	6144	6386	7438	7898	4015	4190	2925	3036	2030	2120	917	968	271570	278811	3086	3216	1424	1499	297448	305417	178646	183405	
73	8.09188e+006	8.09988e+006	5903	6133	7130	7572	3837	4006	2806	2917	1959	2047	885	935	273843	281147	3142	3273	1386	1462	298856	306858	179876	184669	
74	8.09051e+006	8.09854e+006	5653	5875	6804	7240	3694	3863	2676	2787	1887	1973	860	910	276048	283405	3193	3327	1318	1392	300195	308229	181033	185862	
75	8.08921e+006	8.09728e+006	5403	5634	6506	6909	3533	3692	2562	2675	1803	1885	822	870	278164	285583	3249	3383	1240	1316	301454	309525	182137	186993	
76	8.08799e+006	8.0961e+006	5147	5370	6195	6577	3381	3531	2466	2582	1712	1790	789	836	280211	287680	3300	3439	1170	1233	302639	310743	183201	188087	
77	8.0868e+006	8.09493e+006	4908	5120	5929	6298	3223	3370	2347	2463	1629	1706	749	797	282191	289711	3355	3492	1149	1211	303806	311936	184243	189151	
78	8.08566e+006	8.09382e+006	4681	4887	5684	6056	3101	3248	2268	2380	1548	1625	711	760	283998	291563	3406	3546	1089	1160	304913	313078	185224	190156	
79	8.08458e+006	8.09277e+006	4473	4662	5429	5801	2963	3109	2154	2266	1479	1553	670	719	285775	293395	3457	3599	1030	1094	305962	314152	186158	191116	
80	8.08354e+006	8.09175e+006	4304	4494	5182	5530	2820	2954	2064	2173	1407	1481	647	696	287476	295147	3502	3645	1002	1064	306983	315198	187032	192016	
81	8.08256e+006	8.09079e+006	4097	4279	4970	5305	2699	2825	1977	2080	1345	1413	620	667	289090	296804	3543	3689	942	995	307942	316176	187897	192901	
82	8.0816e+006	8.08985e+006	3930	4096	4753	5086	2581	2705	1885	1983	1284	1354	598	644	290644	298403	3583	3730	921	978	308883	317135	188712	193743	
83	8.0807e+006	8.08898e+006	3757	3920	4529	4851	2451	2571	1802	1895	1229	1296	573	617	292154	299950	3620	3768	861	914	309757	318035	189495	194540	
84	8.07983e+006	8.08813e+006	3592	3748	4328	4636	2338	2457	1713	1801	1179	1244	545	589	293592	301426	3659	3810	837	892	310610	318911	190247	195308	
85	8.07899e+006	8.0873e+006	3451	3612	4124	4407	2247	2360	1643	1726	1128	1195	523	563	294935	302808	3697	3848	804	857	311433	319749	190953	196028	
86	8.07819e+006	8.08653e+006	3282	3447	3966	4240	2159	2271	1573	1650	1080	1144	497	535	296208	304117	3729	3881	755	810	312203	320544	191645	196733	
87	8.07743e+006	8.08579e+006	3154	3316	3779	4052	2054	2164	1495	1567	1026	1093	473	512	297472	305409	3763	3917	732	784	312951	321311	192291	197398	
88	8.07669e+006	8.08506e+006	3019	3179	3610	3868	1975	2078	1415	1490	982	1048	456	495	298668	306638	3798	3952	701	756	313673	322046	192911	198033	
89	8.07599e+006	8.08439e+006	2880	3034	3441	3694	1918	2015	1362	1433	936	1001	436	475	299785	307784	3828	3985	664	712	314351	322744	193500	198634	
90	8.07531e+006	8.08372e+006	2775	2922	3282	3528	1832	1924	1301	1375	894	957	415	452	300883	308907	3852	4011	650	698	315017	323426	194064	199221	
91	8.07466e+006	8.08308e+006	2663	2807	3157	3409	1742	1835	1243	1311	860	923	397	434	301909	309955	3878	4039	622	667	315655	324078	194628	199796	
92	8.07404e+006	8.08247e+006	2557	2690	3020	3267	1660	1754	1197	1265	819	878	372	411	302910	310978	3904	4067	594	640	316265	324701	195166	200346	
93	8.07344e+006	8.08189e+006	2456	2591	2888	3129	1596	1690	1153	1220	779	836	352	389	303844	311936	3930	4094	564	611	316843	325299	195665	200857	
94	8.07285e+006	8.08133e+006	2355	2488	2774	3012	1521	1615	1108	1173	735	792	334	370	304761	312878	3954	4119	551	593	317404	325882	196152	201357	
95	8.0723e+006	8.08079e+006	2262	2392	2664	2900	1445	1542	1049	1109	707	763	322	357	305652	313785	3976	4141	530	570	317949	326437	196621	201833	
96	8.07141e+006	8.07992e+006	2512	2661	2569	2791	1384	1475	997	1054	682	736	309	343	306481	314638	3996	4162	843	909	318813	327326	197071	202296	
97	8.07056e+006	8.07909e+006	2762	2927	2452	2669	1336	1423	952	1013	653	705	294	328	307275	315454	4022	4187	817	875	319649	328181	197491	202733	
98	8.06975e+006	8.0783e+006	2979	3155	2344	2557	1289	1377	910	970	624	671	279	313	308047	316244	4044	4209	766	823	320434	328985	197903	203160	
99	8.06892e+006	8.0775e+006	3232	3430	2259	2466	1242	1325	868	927	595	641	269	300	308775	316996	4064	4229	784	845	321236	329812	198306	203567	
100	8.06808e+006	8.07668e+006	3191	3383	2386	2612	1306	1392	828	884	576	618	259	288	309487	317726	4080	4245	801	864	322057	330657	198913	204192	
101	8.06722e+006	8.07585e+006	3189	3383	2517	2760	1364	1458	799	854	547	588	247	273	310167	318418	4096	4263	812	877	322888	331514	199506	204793	
102	8.06632e+006	8.07497e+006	3278	3487	2624	2877	1428	1525	770	830	523	562	239	263	310814	319079	4110	4278	858	924	323765	332420	200058	205360	
103	8.06539e+006	8.07407e+006	3383	3586	2762	3032	1507	1606	747	808	501	540	234	259	311422	319706	4126	4292	886	946	324671	333347	200622	205944	
104	8.06443e+006	8.07313e+006	3499	3706	2934	3223	1581	1689	707	763	482	520	228	252	312030	320337	4140	4308	918	983	325611	334307	201203	206541	
105	8.0634e+006	8.07212e+006	3668	3878	3105	3417	1690	1804	674	729	462	496	220	242	312612	320934	4156	4323	978	1053	326613	335336	201768	207126	
106	8.06231e+006	8.07106e+006	3850	4061	3119	3431	1693	1804	715	770	441	476	214	236	313438	321788	4171	4339	1038	1109	327672	336424	202400	207780	
107	8.06121e+006	8.07e+006	4009	4245	3159	3465	1728	1835	757	808	417	453	203	226	314244	322613	4185	4353	1046	1128	328741	337529	203041	208439	
108	8.0601e+006	8.06893e+006	4136	4387	3251	3570	1783	1895	785	841	401	437	193	218	315001	323390	4198	4365	1045	1126	329810	338632	203706	209115	
109	8.05897e+006	8.06782e+006	4236	4496	3383	3711	1846	1961	827	885	386	422	185	210	315765	324178	4209	4376	1080	1159	330915	339766	204423	209849	
110	8.05777e+006	8.06666e+006	4337	4607	3537	3870	1928	2048	881	941	363	399	174	198	316540	324976	4222	4390	1138	1222	332074	340967	205174	210624	
111	8.05655e+006	8.06548e+006	4453	4717	3682	4032	2013	2141	941	1008	348	383	167	191	317317	325775	4232	4399	1159	1241	333258	342183	205908	211386	
112	8.05525e+006	8.06421e+006	4650	4918	3784	4151	2094	2228	941	1009	356	390	168	192	318180	326662	4240	4407	1240	1330	334528	343482	206644	212150	
113	8.05393e+006	8.06293e+006	4823	5105	3896	4286	2169	2312	950	1022	360	394	168	191	319060	327562	4250	4418	1255	1344	335807	344803	207410	212935	
114	8.05258e+006	8.06162e+006	4972	5258	4030	4439	2252	2401	990	1066	356	389	163	184	319953	328474	4260	4429	1286	1374	337117	346153	208221	213775	
115	8.05116e+006	8.06023e+006	5171	5475	4142	4548	2328	2474	1026	1099	362	395	162	182	320904	329454	4270	4439	1360	1457	338508	347579	209055	214634	
116	8.04971e+006	8.05882e+006	5312	5626	4252	4674	2419	2569	1068	1141	371	404	164	185	321903	330480	4280	4449	1379	1481	339921	349027	209932	215535	
117	8.04819e+006	8.05734e+006	5502	5831	4399	4832	2476	2632	1106	1182	386	420	168	190	322911	331519	4288	4457	1447	1547	341394	350548	210835	216466	
118	8.04664e+006	8.05584e+006	5687	6034	4560	4999	2557	2712	1141	1222	396	430	176	197	323924	332566	4297	4465	1473	1577	342898	352093	211750	217413	
119	8.04508e+006	8.05432e+006	5814	6171	4745	5204	2651	2806	1172	1258	413	448	183	205	324969	333641	4306	4474	1488	1593	344415	353657	212719	218407	
120	8.0434e+006	8.05269e+006	6030	6405	4910	5385	2724	2889	1203	1291	440	478	200	223	326063	334771	4313	4481	1597	1715	346042	355341	213713	219431	
121	8.04169e+006	8.05103e+006	6213	6599	5075	5579	2834	3014	1221	1311	471	509	212	236	327193	335927	4320	4488	1630	1740	347705	357049	214732	220479	
122	8.03992e+006	8.04932e+006	6424	6816	5230	5752	2908	3091	1267	1360	478	518	216	242	328394	337160	4332	4501	1681	1796	349419	358812	215792	221573	
123	8.03812e+006	8.04758e+006	6642	7057	5380	5918	2990	3174	1321	1407	492	533	219	246	329596	338401	4344	4514	1707	1834	351158	360614	216855	222673	
124	8.03626e+006	8.04578e+006	6807	7237	5582	6155	3090	3287	1377	1466	510	556	229	256	330822	339665	4352	4522	1762	1895	352952	362476	218006	223867	
125	8.03433e+006	8.04392e+006	6998	7465	5756	6347	3181	3383	1438	1530	526	575	241	270	332122	340999	4364	4534	1823	1966	354814	364404	219179	225070	
126	8.03233e+006	8.04198e+006	7218	7709	5952	6554	3287	3491	1482	1579	541	591	247	277	333462	342375	4374	4544	1903	2038	356752	366406	220382	226314	
127	8.03032e+006	8.04004e+006	7418	7929	6144	6768	3356	3563	1545	1647	552	601	255	283	334847	343805	4387	4557	1907	2053	358698	368421	221614	227595	
128	8.0282e+006	8.03798e+006	7681	8186	6324	6981	3455	3676	1589	1695	580	628	262	290	336269	345265	4398	4568	2021	2156	360759	370536	222877	228909	
129	8.02601e+006	8.03587e+006	7935	8441	6539	7243	3561	3803	1630	1740	600	648	271	299	337710	346750	4412	4582	2074	2224	362871	372722	224195	230271	
130	8.02376e+006	8.03368e+006	8179	8697	6721	7445	3677	3931	1691	1802	616	664	275	307	339245	348340	4428	4598	2148	2295	365056	374979	225563	231681	
131	8.02145e+006	8.03145e+006	8462	8997	6900	7660	3771	4033	1742	1858	636	687	284	316	340824	349958	4439	4609	2193	2350	367287	377290	226938	233108	
132	8.01904e+006	8.02913e+006	8716	9288	7112	7892	3897	4163	1802	1921	658	711	293	326	342443	351623	4451	4622	2277	2445	369604	379695	228378	234589	
133	8.01656e+006	8.02674e+006	8997	9587	7329	8135	4038	4319	1863	1993	682	736	307	341	344077	353315	4467	4639	2355	2523	371997	382180	229849	236122	
134	8.01405e+006	8.02432e+006	9220	9848	7582	8397	4173	4454	1920	2060	709	765	319	354	345773	355071	4479	4650	2372	2553	374413	384690	231390	237719	
135	8.01141e+006	8.02178e+006	9522	10180	7801	8626	4327	4607	1981	2128	729	784	328	364	347539	356896	4494	4667	2494	2682	376954	387325	232948	239335	
136	8.00871e+006	8.01917e+006	9811	10478	8058	8920	4439	4724	2032	2188	764	820	345	380	349375	358788	4509	4683	2565	2744	379566	390022	234597	241048	
137	8.00597e+006	8.01652e+006	10071	10743	8326	9220	4605	4908	2089	2256	798	860	362	400	351211	360683	4523	4697	2611	2791	382220	392771	236280	242794	
138	8.00314e+006	8.01378e+006	10386	11062	8539	9486	4729	5053	2146	2313	824	886	379	414	353176	362698	4539	4713	2684	2876	384956	395595	237968	244551	
139	8.00022e+006	8.01097e+006	10663	11342	8803	9788	4883	5213	2203	2368	849	915	393	430	355188	364783	4556	4730	2773	2962	387768	398517	239749	246409	
140	7.99719e+006	8.00804e+006	10972	11675	9049	10069	5049	5386	2284	2448	876	949	403	443	357245	366911	4574	4749	2872	3078	390692	401544	241577	248303	
141	7.99411e+006	8.00506e+006	11294	12021	9335	10374	5180	5524	2355	2527	899	977	419	462	359358	369098	4594	4769	2938	3132	393674	404631	243461	250256	
142	7.9909e+006	8.00196e+006	11659	12395	9578	10634	5342	5699	2438	2614	930	1010	430	476	361541	371364	4614	4790	3047	3252	396773	407832	245388	252250	
143	7.98759e+006	7.99877e+006	12023	12800	9849	10923	5489	5846	2519	2696	959	1043	440	489	363804	373714	4634	4809	3136	3366	399964	411144	247364	254311	
144	7.98424e+006	7.99554e+006	12334	13129	10191	11290	5643	6009	2598	2787	985	1071	454	504	366093	376087	4653	4828	3185	3406	403200	414499	249435	256463	
145	7.98077e+006	7.99219e+006	12693	13513	10495	11605	5775	6151	2684	2883	1012	1101	463	513	368494	378579	4675	4851	3298	3515	406549	417963	251553	258660	
146	7.97721e+006	7.98876e+006	13028	13868	10819	11951	5932	6316	2752	2957	1031	1119	468	519	370993	381158	4701	4878	3380	3609	409974	421527	253744	260925	
147	7.97351e+006	7.98521e+006	13392	14253	11145	12339	6112	6521	2828	3037	1051	1138	477	528	373532	383782	4723	4900	3499	3753	413530	425223	255995	263265	
148	7.96971e+006	7.98153e+006	13834	14703	11465	12695	6282	6706	2896	3101	1082	1174	490	544	376144	386481	4748	4925	3625	3857	417209	429026	258277	265636	
149	7.96583e+006	7.97779e+006	14225	15118	11808	13070	6457	6892	2999	3205	1124	1217	505	559	378790	389232	4770	4948	3688	3932	420949	432906	260648	268093	
150	7.96183e+006	7.97394e+006	14635	15567	12126	13406	6648	7085	3113	3318	1156	1248	521	573	381547	392088	4792	4973	3794	4054	424798	436904	263070	270621	
151	7.95775e+006	7.97001e+006	15017	15939	12457	13795	6873	7322	3192	3401	1195	1292	534	586	384385	395025	4817	4999	3883	4124	428727	440983	265561	273229	
152	7.9535e+006	7.9659e+006	15442	16387	12864	14227	7043	7496	3292	3510	1226	1324	546	600	387322	398066	4842	5024	4051	4303	432832	445232	268189	275948	
153	7.94913e+006	7.96169e+006	15912	16883	13246	14623	7211	7667	3401	3629	1262	1363	566	622	390338	401199	4866	5050	4159	4427	437045	449604	270864	278730	
154	7.94468e+006	7.95741e+006	16350	17329	13652	15067	7409	7877	3495	3734	1307	1411	581	639	393408	404373	4893	5078	4230	4502	441328	454053	273586	281574	
155	7.9401e+006	7.95301e+006	16810	17841	14029	15475	7607	8088	3585	3824	1359	1467	609	666	396584	407667	4920	5106	4342	4636	445727	458633	276363	284463	
156	7.93538e+006	7.94847e+006	17243	18312	14458	15935	7841	8330	3655	3903	1412	1522	638	698	399856	411065	4951	5137	4484	4775	450264	463354	279259	287468	
157	7.9305e+006	7.9438e+006	17712	18810	14885	16381	8064	8568	3779	4031	1460	1572	657	717	403214	414555	4978	5164	4629	4924	454939	468233	282226	290554	
158	7.92549e+006	7.93898e+006	18239	19375	15233	16769	8313	8832	3888	4147	1503	1617	676	738	406707	418165	5010	5198	4761	5064	459753	473243	285236	293688	
159	7.92039e+006	7.93408e+006	18745	19897	15611	17208	8571	9115	3999	4266	1539	1651	696	754	410267	421854	5045	5234	4849	5158	464659	478344	288344	296935	
160	7.91512e+006	7.92902e+006	19267	20449	16053	17681	8813	9370	4122	4398	1583	1697	716	776	413918	425642	5076	5266	5004	5328	469718	483617	291560	300291	
161	7.90972e+006	7.92385e+006	19752	20969	16525	18218	9065	9654	4237	4527	1629	1743	741	802	417651	429511	5109	5301	5115	5444	474882	489012	294873	303741	
162	7.90418e+006	7.91852e+006	20269	21509	16986	18733	9304	9909	4385	4676	1682	1802	762	826	421522	433517	5144	5335	5275	5606	480218	494557	298297	307314	
163	7.8985e+006	7.91307e+006	20813	22092	17478	19268	9498	10109	4511	4809	1725	1846	778	840	425533	437678	5177	5371	5390	5743	485667	500241	301809	310981	
164	7.89268e+006	7.90749e+006	21330	22635	17976	19823	9765	10389	4635	4931	1777	1906	799	864	429606	441907	5212	5408	5521	5871	491242	506058	305390	314731	
165	7.88663e+006	7.90171e+006	21949	23295	18460	20342	10048	10682	4760	5067	1823	1958	817	885	433790	446261	5251	5449	5734	6103	497031	512106	309034	318545	
166	7.8805e+006	7.89583e+006	22491	23878	18970	20889	10325	10971	4903	5213	1865	2004	832	901	438104	450748	5291	5491	5818	6190	502905	518239	312827	322495	
167	7.87423e+006	7.88982e+006	23057	24460	19429	21404	10626	11277	5042	5358	1933	2077	863	935	442534	455367	5330	5532	5958	6323	508914	524511	316664	326510	
168	7.86773e+006	7.8836e+006	23698	25144	19891	21915	10907	11590	5185	5512	1981	2129	885	958	447113	460134	5371	5573	6159	6558	515132	531011	320613	330622	
169	7.86113e+006	7.8773e+006	24218	25695	20416	22504	11253	11960	5336	5675	2039	2193	917	994	451762	464971	5412	5615	6253	6654	521439	537611	324716	334906	
170	7.85433e+006	7.87079e+006	24841	26366	20909	23047	11565	12289	5478	5828	2105	2256	949	1024	456571	469984	5455	5658	6439	6862	527942	544409	328858	339242	
171	7.84738e+006	7.86414e+006	25475	27050	21470	23644	11843	12574	5608	5963	2169	2328	977	1055	461491	475121	5503	5709	6593	7006	534595	551355	333119	343695	
172	7.84021e+006	7.85728e+006	26117	27723	22019	24261	12171	12916	5754	6115	2215	2376	1004	1084	466583	480420	5552	5761	6800	7233	541455	558528	337512	348305	
173	7.83289e+006	7.85028e+006	26797	28454	22580	24874	12458	13230	5909	6285	2288	2450	1044	1122	471755	485809	5601	5812	6936	7383	548457	565845	341972	352983	
174	7.82543e+006	7.84316e+006	27423	29105	23178	25545	12767	13562	6057	6433	2347	2513	1080	1163	477071	491358	5654	5866	7065	7513	555575	573305	346586	357800	
175	7.81778e+006	7.83583e+006	28110	29806	23733	26145	13063	13872	6194	6583	2421	2592	1108	1193	482598	497123	5705	5920	7278	7709	562906	580959	351303	362728	
176	7.80991e+006	7.8283e+006	28784	30503	24393	26875	13363	14207	6370	6769	2485	2655	1139	1226	488182	502954	5756	5972	7475	7930	570439	588831	356185	367828	
177	7.80185e+006	7.82059e+006	29496	31234	25004	27574	13713	14585	6545	6959	2535	2708	1165	1253	493910	508931	5810	6027	7648	8114	578142	596889	361137	373009	
178	7.79358e+006	7.81269e+006	30277	32044	25620	28237	13997	14884	6740	7169	2617	2796	1205	1296	499794	515075	5866	6085	7848	8321	586048	605153	366222	378342	
179	7.78502e+006	7.80452e+006	31112	32954	26290	28940	14343	15242	6913	7356	2681	2861	1228	1315	505806	521364	5923	6144	8114	8617	594218	613713	371425	383782	
180	7.77639e+006	7.79624e+006	31858	33714	26934	29621	14731	15632	7086	7544	2747	2929	1250	1339	512016	527846	5980	6203	8222	8689	602492	622350	376738	389347	
181	7.76758e+006	7.78782e+006	32568	34474	27604	30342	15112	16024	7267	7734	2808	2999	1279	1374	518358	534466	6046	6272	8358	8873	610914	631159	382192	395058	
182	7.75848e+006	7.77914e+006	33344	35303	28238	31017	15521	16441	7444	7935	2908	3101	1327	1423	524882	541279	6103	6330	8624	9151	619595	640254	387759	400893	
183	7.74921e+006	7.77027e+006	34045	36015	29017	31857	15908	16848	7646	8147	2981	3182	1356	1455	531542	548240	6168	6396	8814	9329	628466	649525	393554	406980	
184	7.73969e+006	7.76115e+006	34882	36905	29702	32574	16359	17327	7800	8307	3064	3271	1392	1495	538363	555378	6233	6463	9057	9582	637585	659045	399386	413065	
185	7.7301e+006	7.75194e+006	35680	37683	30389	33356	16730	17734	7971	8478	3155	3364	1435	1542	545366	562692	6302	6537	9155	9652	646797	668640	405365	419324	
186	7.72018e+006	7.74246e+006	36488	38506	31150	34197	17095	18138	8141	8658	3246	3470	1481	1593	552564	570206	6373	6611	9430	9975	656281	678561	411525	425777	
187	7.71006e+006	7.73279e+006	37265	39363	31882	34983	17517	18578	8353	8877	3337	3564	1520	1635	559897	577878	6442	6682	9590	10187	665944	688675	417799	432345	
188	7.69963e+006	7.72281e+006	38131	40279	32702	35849	17902	18975	8547	9063	3420	3649	1554	1672	567451	585797	6516	6758	9923	10497	675928	699111	424281	439114	
189	7.68892e+006	7.71258e+006	39147	41384	33366	36509	18275	19356	8773	9302	3521	3754	1603	1724	575225	593937	6588	6832	10170	10758	686154	709814	430822	445916	
190	7.67816e+006	7.70228e+006	39968	42225	34137	37354	18708	19802	9008	9545	3596	3840	1649	1777	583109	602171	6664	6908	10249	10818	696457	720577	437516	452933	
191	7.66715e+006	7.69171e+006	40890	43105	34932	38231	19130	20252	9243	9799	3681	3923	1688	1816	591134	610563	6740	6991	10514	11066	707028	731586	444370	460110	
192	7.6559e+006	7.68094e+006	41680	43909	35773	39120	19580	20717	9524	10093	3755	4004	1723	1851	599374	619192	6827	7080	10715	11299	717792	742836	451472	467538	
193	7.64446e+006	7.66997e+006	42426	44653	36662	40088	20026	21201	9754	10322	3845	4104	1761	1897	607838	628049	6912	7167	10917	11502	728766	754281	458734	475125	
194	7.63275e+006	7.65876e+006	43332	45600	37395	40865	20475	21670	10001	10589	3925	4183	1791	1924	616547	637131	6999	7256	11157	11763	739976	765990	466028	482746	
195	7.62078e+006	7.64731e+006	44221	46545	38262	41783	20968	22164	10177	10770	4007	4270	1841	1971	625413	646370	7085	7345	11401	12012	751424	777956	473516	490570	
196	7.60865e+006	7.63569e+006	45076	47421	39119	42687	21385	22594	10396	10994	4098	4365	1877	2012	634494	655876	7176	7442	11566	12179	763042	790083	481157	498571	
197	7.59616e+006	7.62372e+006	46075	48472	39983	43538	21855	23053	10618	11238	4189	4456	1917	2050	643750	665562	7270	7537	11918	12551	775016	802578	488946	506697	
198	7.58348e+006	7.61156e+006	47033	49434	40739	44327	22327	23534	10822	11443	4297	4574	1971	2109	653325	675584	7362	7634	12114	12726	787178	815256	496871	514973	
199	7.57059e+006	7.59918e+006	47960	50367	41513	45126	22780	23993	11104	11753	4383	4654	2017	2151	663090	685794	7458	7732	12324	12949	799561	828146	505004	523478	
200	7.55756e+006	7.58667e+006	48840	51274	42334	45993	23268	24495	11320	11976	4511	4790	2072	2210	672955	696097	7554	7832	12447	13085	812064	841176	513196	532035	
201	7.54428e+006	7.57392e+006	49619	52058	43227	46971	23763	25019	11613	12266	4623	4910	2120	2262	683030	706597	7647	7928	12697	13335	824820	854452	521676	540896	
202	7.53074e+006	7.56091e+006	50454	52936	44103	47872	24280	25550	11861	12523	4743	5027	2178	2318	693321	717367	7750	8035	12949	13604	837823	868001	530288	549869	
203	7.51691e+006	7.54763e+006	51364	53868	44981	48786	24805	26088	12114	12763	4849	5142	2229	2370	703832	728340	7858	8149	13236	13879	851108	881831	539049	558998	
204	7.50282e+006	7.53409e+006	52399	54926	45860	49692	25222	26499	12371	13029	4952	5251	2287	2433	714577	739563	7966	8257	13480	14146	864644	895921	547940	568274	
205	7.48858e+006	7.52041e+006	53332	55880	46729	50587	25643	26931	12573	13231	5080	5388	2336	2487	725593	751079	8070	8366	13627	14291	878324	910158	557015	577726	
206	7.47405e+006	7.50646e+006	54280	56852	47608	51513	26135	27443	12859	13530	5201	5513	2399	2551	736684	762659	8190	8489	13897	14577	892272	924684	566212	587328	
207	7.45933e+006	7.49226e+006	55191	57750	48451	52375	26596	27923	13137	13824	5333	5647	2470	2625	748137	774609	8299	8606	14147	14777	906474	939406	575653	597162	
208	7.44432e+006	7.47781e+006	56113	58671	49365	53340	27041	28385	13433	14138	5431	5742	2505	2659	759794	786754	8415	8727	14404	15064	920929	954420	585298	607207	
209	7.42905e+006	7.4631e+006	57131	59706	50219	54234	27487	28835	13730	14457	5550	5870	2542	2701	771650	799084	8526	8840	14644	15326	935632	969687	595023	617343	
210	7.41363e+006	7.44825e+006	58024	60608	51143	55199	28006	29369	13982	14708	5658	5979	2588	2748	783668	811624	8650	8970	14792	15477	950482	985105	604936	627670	
211	7.39795e+006	7.43314e+006	58930	61571	52080	56123	28523	29881	14233	14960	5787	6113	2652	2811	795913	824389	8776	9101	15052	15742	965592	1.00079e+006	615038	638148	
212	7.38211e+006	7.41785e+006	59769	62400	53096	57142	28966	30321	14517	15251	5903	6238	2702	2863	808382	837387	8908	9237	15240	15897	980891	1.01663e+006	625339	648845	
213	7.36608e+006	7.40233e+006	60579	63165	53986	58070	29481	30844	14789	15526	6045	6374	2779	2935	821128	850669	9035	9374	15450	16094	996404	1.03266e+006	635769	659674	
214	7.34967e+006	7.38649e+006	61571	64149	54823	58935	29947	31317	15016	15751	6204	6534	2858	3014	834153	864235	9165	9507	15784	16463	1.01224e+006	1.04907e+006	646333	670655	
215	7.33304e+006	7.3704e+006	62552	65101	55753	59895	30425	31825	15241	15987	6313	6644	2914	3072	847356	877982	9305	9654	16035	16692	1.02833e+006	1.0657e+006	657080	681803	
216	7.31617e+006	7.35407e+006	63573	66141	56609	60722	30920	32311	15532	16283	6418	6750	2959	3118	860779	891958	9439	9797	16262	16936	1.04466e+006	1.08257e+006	667943	693062	
217	7.29915e+006	7.33761e+006	64535	67116	57486	61608	31349	32739	15810	16569	6540	6883	3003	3162	874439	906110	9585	9944	16412	17069	1.06113e+006	1.09959e+006	678997	704498	
218	7.28192e+006	7.32093e+006	65361	67945	58384	62525	31826	33225	16050	16807	6683	7030	3073	3240	888369	920583	9731	10096	16605	17296	1.0778e+006	1.11681e+006	690273	716163	
219	7.26459e+006	7.30417e+006	66031	68653	59311	63427	32290	33687	16276	17057	6837	7197	3154	3328	902541	935281	9880	10250	16702	17402	1.09457e+006	1.13415e+006	701722	728004	
220	7.24697e+006	7.28706e+006	66811	69393	60290	64390	32785	34179	16549	17324	6958	7324	3213	3395	916836	950142	10041	10415	17046	17673	1.11167e+006	1.15176e+006	713355	740026	
221	7.22919e+006	7.26981e+006	67575	70187	61178	65233	33279	34642	16836	17622	7083	7455	3265	3455	931377	965232	10198	10579	17174	17865	1.12893e+006	1.16955e+006	725070	752151	
222	7.2112e+006	7.25236e+006	68356	70944	62104	66189	33715	35088	17105	17893	7201	7581	3320	3518	946120	980507	10362	10748	17385	18053	1.14638e+006	1.18754e+006	736950	764452	
223	7.19305e+006	7.2347e+006	69248	71760	62871	67016	34190	35579	17396	18170	7295	7684	3353	3555	961074	995984	10533	10924	17596	18217	1.16404e+006	1.20569e+006	748903	776827	
224	7.1747e+006	7.21685e+006	69982	72505	63649	67737	34694	36049	17687	18467	7401	7796	3395	3598	976350	1.01181e+006	10697	11096	17781	18416	1.18189e+006	1.22404e+006	761046	789342	
225	7.15625e+006	7.19889e+006	70697	73160	64371	68479	35119	36472	18011	18770	7514	7915	3444	3653	991839	1.02785e+006	10866	11271	17890	18518	1.19985e+006	1.24249e+006	773320	802010	
226	7.13761e+006	7.18072e+006	71414	73821	65081	69177	35543	36881	18332	19095	7649	8053	3508	3713	1.00753e+006	1.04409e+006	11034	11444	18103	18713	1.21802e+006	1.26113e+006	785763	814839	
227	7.11872e+006	7.16231e+006	72149	74563	65900	69962	35912	37240	18610	19347	7767	8180	3577	3787	1.02343e+006	1.06054e+006	11207	11625	18323	18967	1.23642e+006	1.28001e+006	798400	827840	
228	7.09988e+006	7.14393e+006	72676	75062	66687	70689	36320	37614	18863	19587	7890	8303	3647	3849	1.03956e+006	1.07721e+006	11386	11810	18307	18917	1.2548e+006	1.29886e+006	811166	840988	
229	7.08079e+006	7.12525e+006	73375	75719	67444	71377	36754	38038	19071	19819	8003	8401	3697	3889	1.05581e+006	1.09403e+006	11576	12005	18587	19178	1.27348e+006	1.31795e+006	823949	854117	
230	7.06155e+006	7.10645e+006	74000	76328	68195	72111	37063	38341	19305	20045	8147	8550	3764	3954	1.07236e+006	1.11109e+006	11756	12192	18727	19323	1.29229e+006	1.33719e+006	836924	867468	
231	7.04209e+006	7.08743e+006	74615	76901	68970	72843	37424	38725	19484	20236	8302	8691	3836	4019	1.08909e+006	1.12835e+006	11941	12385	18935	19542	1.31131e+006	1.35665e+006	850050	880921	
232	7.02269e+006	7.06843e+006	75222	77465	69625	73432	37705	38986	19695	20450	8449	8829	3907	4084	1.106e+006	1.14578e+006	12130	12580	18911	19483	1.3303e+006	1.37604e+006	863242	894463	
233	7.00311e+006	7.04923e+006	75744	77963	70207	73973	38120	39400	19870	20625	8600	8979	3985	4165	1.12314e+006	1.16343e+006	12310	12768	19112	19674	1.3495e+006	1.39563e+006	876562	908083	
234	6.98339e+006	7.02989e+006	76274	78435	70777	74505	38496	39776	20123	20877	8739	9114	4047	4227	1.1404e+006	1.1812e+006	12505	12971	19249	19803	1.36884e+006	1.41534e+006	889997	921833	
235	6.9637e+006	7.01055e+006	76582	78692	71458	75138	38892	40133	20368	21120	8874	9251	4102	4279	1.15777e+006	1.19907e+006	12702	13180	19241	19801	1.38819e+006	1.43504e+006	903526	935723	
236	6.94373e+006	6.99089e+006	77207	79292	71974	75617	39186	40424	20596	21346	9015	9390	4161	4343	1.17537e+006	1.21714e+006	12903	13388	19534	20085	1.40784e+006	1.45501e+006	917142	949621	
237	6.92374e+006	6.97126e+006	77633	79713	72509	76051	39480	40655	20849	21598	9142	9513	4201	4381	1.1932e+006	1.23546e+006	13094	13586	19536	20096	1.42748e+006	1.475e+006	930880	963651	
238	6.90363e+006	6.95147e+006	78068	80119	73066	76536	39881	41041	21024	21761	9262	9628	4251	4429	1.21108e+006	1.25381e+006	13301	13800	19683	20210	1.44726e+006	1.49511e+006	944670	977706	
239	6.88353e+006	6.93168e+006	78510	80530	73495	76922	40125	41260	21245	21969	9395	9773	4299	4486	1.22919e+006	1.27233e+006	13509	14015	19691	20205	1.46706e+006	1.51521e+006	958484	991789	
240	6.8634e+006	6.91183e+006	78710	80692	74043	77417	40387	41523	21396	22120	9506	9874	4351	4533	1.24751e+006	1.29109e+006	13732	14248	19729	20252	1.48691e+006	1.53534e+006	972542	1.00608e+006	
241	6.84317e+006	6.89183e+006	79054	80940	74479	77810	40542	41694	21609	22316	9593	9963	4389	4571	1.266e+006	1.31003e+006	13960	14479	19868	20355	1.50691e+006	1.55557e+006	986626	1.02041e+006	
242	6.82295e+006	6.87185e+006	79236	81074	74985	78276	40801	41962	21764	22448	9690	10059	4427	4611	1.28453e+006	1.32898e+006	14174	14698	19861	20348	1.52689e+006	1.57579e+006	1.0008e+006	1.03483e+006	
243	6.80269e+006	6.85178e+006	79487	81249	75372	78612	41005	42147	21908	22563	9790	10162	4469	4655	1.30326e+006	1.34812e+006	14401	14934	19932	20389	1.54696e+006	1.59605e+006	1.01496e+006	1.04921e+006	
244	6.78243e+006	6.83173e+006	79683	81381	75669	78871	41200	42323	22089	22742	9872	10245	4502	4692	1.3221e+006	1.36734e+006	14632	15171	19929	20381	1.56701e+006	1.61631e+006	1.02914e+006	1.06362e+006	
245	6.76219e+006	6.81168e+006	79718	81409	76156	79263	41371	42454	22242	22879	9962	10332	4554	4741	1.34096e+006	1.38659e+006	14859	15408	19900	20385	1.58705e+006	1.63655e+006	1.04347e+006	1.07811e+006	
246	6.74185e+006	6.7915e+006	79886	81548	76378	79401	41503	42552	22406	23030	10042	10408	4597	4777	1.36013e+006	1.4061e+006	15085	15641	20029	20487	1.60723e+006	1.65688e+006	1.05777e+006	1.0926e+006	
247	6.7216e+006	6.77137e+006	79937	81565	76676	79546	41676	42626	22507	23135	10153	10505	4661	4843	1.37933e+006	1.42566e+006	15312	15877	19988	20403	1.62737e+006	1.67714e+006	1.07214e+006	1.10714e+006	
248	6.70137e+006	6.75129e+006	79956	81538	76809	79592	41816	42726	22648	23281	10237	10579	4705	4878	1.39865e+006	1.44531e+006	15547	16119	19951	20350	1.64744e+006	1.69736e+006	1.08647e+006	1.12164e+006	
249	6.68117e+006	6.73118e+006	79987	81539	76980	79719	41864	42768	22734	23376	10321	10658	4762	4927	1.41803e+006	1.46499e+006	15791	16371	19930	20388	1.66756e+006	1.71757e+006	1.10086e+006	1.13617e+006	
250	6.66102e+006	6.71111e+006	79862	81359	77252	79917	41907	42790	22836	23467	10421	10764	4807	4979	1.43741e+006	1.48468e+006	16041	16628	19906	20306	1.68762e+006	1.73771e+006	1.11534e+006	1.15077e+006	
251	6.6408e+006	6.69096e+006	79870	81342	77313	79914	41965	42841	22946	23565	10490	10829	4844	5015	1.45699e+006	1.50451e+006	16274	16868	19999	20383	1.70778e+006	1.75794e+006	1.12976e+006	1.16529e+006	
252	6.62073e+006	6.67092e+006	79764	81249	77405	79918	41982	42820	23036	23646	10570	10907	4878	5047	1.47656e+006	1.52433e+006	16514	17118	19834	20268	1.72781e+006	1.77801e+006	1.14418e+006	1.17982e+006	
253	6.60077e+006	6.65097e+006	79595	81015	77385	79901	41986	42850	23166	23728	10637	10961	4902	5068	1.49617e+006	1.5442e+006	16766	17377	19764	20151	1.74777e+006	1.79797e+006	1.15863e+006	1.19434e+006	
254	6.58087e+006	6.63106e+006	79398	80804	77401	79866	41956	42800	23202	23742	10716	11037	4950	5118	1.51586e+006	1.56411e+006	17011	17632	19706	20098	1.76768e+006	1.81786e+006	1.17303e+006	1.20883e+006	
255	6.56105e+006	6.6112e+006	79049	80455	77481	79850	41991	42797	23235	23766	10759	11077	4968	5139	1.53558e+006	1.58404e+006	17256	17884	19644	20039	1.78754e+006	1.83769e+006	1.18749e+006	1.22336e+006	
256	6.54116e+006	6.59126e+006	78900	80325	77389	79712	41905	42698	23289	23796	10848	11159	5022	5190	1.55537e+006	1.60401e+006	17508	18141	19695	20128	1.80747e+006	1.85757e+006	1.20191e+006	1.23782e+006	
257	6.52166e+006	6.57168e+006	78461	79933	77274	79564	41800	42591	23299	23783	10884	11182	5021	5183	1.57521e+006	1.62399e+006	17759	18399	19323	19759	1.82706e+006	1.87707e+006	1.21627e+006	1.25219e+006	
258	6.50215e+006	6.55209e+006	78130	79564	77080	79366	41740	42545	23280	23730	10942	11238	5035	5199	1.59499e+006	1.64394e+006	18017	18666	19372	19733	1.84665e+006	1.89659e+006	1.23052e+006	1.26645e+006	
259	6.48272e+006	6.53255e+006	77759	79223	76926	79147	41615	42410	23240	23722	10969	11257	5037	5196	1.61485e+006	1.66389e+006	18274	18929	19275	19695	1.86619e+006	1.91602e+006	1.24479e+006	1.2807e+006	
260	6.4635e+006	6.51317e+006	77141	78614	76797	79050	41530	42332	23238	23709	10972	11253	5021	5172	1.63464e+006	1.6838e+006	18534	19198	19079	19518	1.88556e+006	1.93524e+006	1.2591e+006	1.29496e+006	
261	6.44434e+006	6.49387e+006	76806	78330	76372	78683	41265	42090	23296	23733	11015	11288	5038	5185	1.65443e+006	1.70369e+006	18797	19466	19000	19464	1.90487e+006	1.95439e+006	1.27323e+006	1.30904e+006	
262	6.42532e+006	6.47465e+006	76336	77941	76048	78288	41139	41938	23223	23662	11039	11309	5035	5193	1.67424e+006	1.72355e+006	19065	19736	18907	19339	1.92409e+006	1.97342e+006	1.2873e+006	1.32309e+006	
263	6.40652e+006	6.45566e+006	75717	77374	75736	78007	40959	41767	23191	23640	11065	11330	5054	5204	1.69391e+006	1.74326e+006	19331	20006	18666	19119	1.94308e+006	1.99222e+006	1.30136e+006	1.33708e+006	
264	6.3879e+006	6.43682e+006	75130	76829	75335	77672	40711	41543	23127	23594	11088	11330	5053	5194	1.71358e+006	1.76294e+006	19599	20281	18486	18980	1.96192e+006	2.01084e+006	1.3153e+006	1.35091e+006	
265	6.36942e+006	6.4181e+006	74495	76200	74934	77358	40445	41306	23060	23500	11124	11372	5065	5212	1.73322e+006	1.78256e+006	19851	20536	18366	18833	1.98064e+006	2.02932e+006	1.32924e+006	1.36477e+006	
266	6.35109e+006	6.39956e+006	73781	75527	74416	76852	40156	41039	23035	23480	11104	11335	5052	5191	1.75292e+006	1.80223e+006	20125	20819	18193	18665	1.99918e+006	2.04764e+006	1.34307e+006	1.37848e+006	
267	6.33292e+006	6.38111e+006	73186	74961	73962	76440	39944	40820	22905	23373	11112	11344	5069	5206	1.77231e+006	1.82159e+006	20400	21095	18063	18562	2.01762e+006	2.06582e+006	1.35674e+006	1.39204e+006	
268	6.3149e+006	6.36282e+006	72607	74381	73334	75955	39666	40572	22828	23292	11087	11317	5081	5222	1.79172e+006	1.84096e+006	20666	21365	17911	18395	2.03591e+006	2.08383e+006	1.37029e+006	1.40545e+006	
269	6.29718e+006	6.34482e+006	71855	73658	72714	75387	39377	40278	22726	23176	11089	11318	5102	5242	1.81109e+006	1.86024e+006	20929	21631	17620	18105	2.05392e+006	2.10156e+006	1.3838e+006	1.4188e+006	
270	6.27958e+006	6.32692e+006	71153	73000	72113	74811	39094	40000	22615	23096	11068	11311	5104	5253	1.83028e+006	1.87933e+006	21200	21908	17499	17999	2.07181e+006	2.11916e+006	1.39715e+006	1.432e+006	
271	6.26219e+006	6.30924e+006	70365	72234	71446	74178	38822	39733	22473	22958	11076	11316	5094	5242	1.84943e+006	1.89836e+006	21470	22180	17272	17797	2.0895e+006	2.13654e+006	1.41042e+006	1.4451e+006	
272	6.24507e+006	6.2918e+006	69492	71368	70781	73574	38472	39411	22339	22817	11040	11285	5097	5240	1.86854e+006	1.9173e+006	21738	22451	17038	17529	2.10694e+006	2.15367e+006	1.4236e+006	1.45811e+006	
273	6.22806e+006	6.27445e+006	68784	70703	70011	72846	38177	39146	22160	22650	10988	11241	5059	5205	1.88746e+006	1.93606e+006	22011	22730	16911	17441	2.12429e+006	2.17067e+006	1.43652e+006	1.47085e+006	
274	6.21131e+006	6.25732e+006	67959	69913	69440	72299	37743	38730	22023	22541	10953	11217	5039	5196	1.90616e+006	1.95459e+006	22278	22998	16673	17211	2.14141e+006	2.18743e+006	1.44949e+006	1.48363e+006	
275	6.19485e+006	6.2405e+006	67048	69039	68726	71655	37342	38359	21918	22469	10894	11156	5018	5173	1.92473e+006	1.97297e+006	22552	23275	16374	16909	2.15824e+006	2.20389e+006	1.4623e+006	1.4962e+006	
276	6.17852e+006	6.22379e+006	66255	68298	67990	70944	36927	37929	21753	22288	10843	11099	4985	5133	1.94322e+006	1.99127e+006	22811	23535	16241	16792	2.17494e+006	2.22022e+006	1.4749e+006	1.50857e+006	
277	6.16246e+006	6.20732e+006	65331	67408	67202	70190	36554	37570	21600	22151	10780	11026	4949	5085	1.96159e+006	2.00941e+006	23082	23805	15989	16548	2.19142e+006	2.23628e+006	1.4874e+006	1.52083e+006	
278	6.14649e+006	6.19099e+006	64546	66601	66432	69473	36083	37107	21361	21921	10742	10984	4914	5046	1.97988e+006	2.02744e+006	23349	24072	15886	16407	2.20774e+006	2.25225e+006	1.49981e+006	1.53298e+006	
279	6.13083e+006	6.17489e+006	63760	65872	65710	68818	35535	36591	21195	21753	10675	10924	4868	5008	1.99784e+006	2.04514e+006	23611	24334	15588	16180	2.22385e+006	2.26791e+006	1.51203e+006	1.54495e+006	
280	6.11544e+006	6.15907e+006	62834	64971	64928	68074	35066	36121	20961	21517	10640	10893	4858	5003	2.01572e+006	2.06275e+006	23880	24608	15314	15893	2.23967e+006	2.2833e+006	1.52417e+006	1.55682e+006	
281	6.10018e+006	6.14334e+006	62019	64236	64054	67265	34618	35720	20699	21260	10572	10827	4836	4979	2.03344e+006	2.08021e+006	24152	24881	15180	15808	2.2554e+006	2.29855e+006	1.53607e+006	1.56845e+006	
282	6.08518e+006	6.12789e+006	61060	63359	63270	66519	34234	35360	20511	21073	10494	10750	4802	4949	2.05088e+006	2.09735e+006	24415	25141	14933	15523	2.27085e+006	2.31356e+006	1.54782e+006	1.57996e+006	
283	6.07052e+006	6.11276e+006	60042	62386	62431	65751	33737	34880	20260	20831	10427	10682	4784	4926	2.06827e+006	2.1144e+006	24681	25406	14573	15204	2.28597e+006	2.32821e+006	1.55945e+006	1.59128e+006	
284	6.05605e+006	6.09786e+006	59132	61473	61481	64838	33323	34480	20034	20631	10355	10620	4753	4897	2.08539e+006	2.13118e+006	24953	25676	14403	14981	2.30088e+006	2.34269e+006	1.57085e+006	1.60239e+006	
285	6.0417e+006	6.08305e+006	58226	60538	60604	64063	32987	34172	19793	20408	10272	10554	4702	4850	2.10224e+006	2.14769e+006	25228	25948	14273	14874	2.31568e+006	2.35704e+006	1.58218e+006	1.61339e+006	
286	6.0276e+006	6.06848e+006	57316	59664	59655	63176	32602	33816	19517	20141	10183	10470	4654	4803	2.11904e+006	2.16412e+006	25488	26203	14021	14651	2.33025e+006	2.37114e+006	1.59331e+006	1.62423e+006	
287	6.01371e+006	6.05413e+006	56567	58886	58739	62344	32084	33321	19250	19874	10136	10434	4642	4801	2.13556e+006	2.18026e+006	25739	26452	13828	14423	2.34461e+006	2.38503e+006	1.60428e+006	1.63487e+006	
288	6.00016e+006	6.04011e+006	55642	57997	57825	61486	31516	32753	19012	19648	10014	10324	4586	4751	2.15195e+006	2.19633e+006	25996	26707	13480	14090	2.35863e+006	2.39858e+006	1.61512e+006	1.6454e+006	
289	5.9867e+006	6.02617e+006	54741	57137	56994	60672	31023	32270	18780	19425	9910	10218	4554	4714	2.16811e+006	2.21208e+006	26264	26971	13371	14015	2.37256e+006	2.41203e+006	1.62585e+006	1.65581e+006	
290	5.97349e+006	6.01246e+006	53870	56268	56159	59894	30554	31816	18529	19185	9785	10095	4485	4651	2.18401e+006	2.22759e+006	26534	27237	13147	13784	2.38628e+006	2.42525e+006	1.63638e+006	1.66602e+006	
291	5.96058e+006	5.99909e+006	52878	55284	55319	59018	30054	31295	18282	18950	9648	9964	4420	4585	2.19984e+006	2.24298e+006	26795	27493	12836	13439	2.39965e+006	2.43816e+006	1.64679e+006	1.6761e+006	
292	5.94793e+006	5.98597e+006	51976	54388	54362	58076	29558	30806	18040	18729	9526	9849	4352	4522	2.21538e+006	2.25811e+006	27044	27737	12578	13194	2.41277e+006	2.4508e+006	1.65692e+006	1.6859e+006	
293	5.93552e+006	5.97307e+006	50953	53331	53552	57287	29154	30417	17797	18496	9409	9732	4294	4462	2.2306e+006	2.27289e+006	27287	27977	12349	12957	2.42567e+006	2.46321e+006	1.667e+006	1.69565e+006	
294	5.92332e+006	5.96041e+006	49945	52279	52684	56488	28747	30037	17524	18222	9289	9614	4233	4406	2.24565e+006	2.28751e+006	27535	28225	12140	12731	2.43833e+006	2.47542e+006	1.67692e+006	1.70522e+006	
295	5.91142e+006	5.94802e+006	48941	51291	51708	55501	28305	29571	17239	17940	9190	9517	4205	4375	2.26058e+006	2.30201e+006	27775	28464	11835	12448	2.45072e+006	2.48732e+006	1.68657e+006	1.71453e+006	
296	5.89972e+006	5.93586e+006	47996	50323	50773	54552	27806	29054	16952	17658	9072	9406	4165	4340	2.2753e+006	2.31628e+006	28021	28706	11636	12223	2.46288e+006	2.49902e+006	1.6961e+006	1.72369e+006	
297	5.88822e+006	5.92391e+006	47070	49393	49805	53596	27289	28550	16739	17430	8922	9268	4090	4276	2.28977e+006	2.33029e+006	28268	28949	11425	12025	2.47483e+006	2.51051e+006	1.70547e+006	1.73272e+006	
298	5.87695e+006	5.91218e+006	46135	48459	48978	52747	26788	28028	16509	17210	8828	9173	4051	4227	2.30387e+006	2.34393e+006	28508	29185	11204	11798	2.48656e+006	2.52179e+006	1.71471e+006	1.74163e+006	
299	5.86591e+006	5.90068e+006	45270	47578	47950	51689	26287	27512	16290	17001	8711	9061	3984	4161	2.3179e+006	2.3575e+006	28727	29406	10969	11568	2.49806e+006	2.53282e+006	1.72368e+006	1.75025e+006	
300	5.85509e+006	5.88943e+006	44396	46665	46995	50694	25731	26945	16044	16786	8589	8924	3923	4089	2.33173e+006	2.37087e+006	28958	29631	10760	11312	2.5093e+006	2.54365e+006	1.73255e+006	1.75878e+006	
301	5.8445e+006	5.87838e+006	43495	45757	46102	49808	25200	26430	15823	16559	8465	8801	3866	4034	2.34522e+006	2.3839e+006	29184	29854	10527	11114	2.52036e+006	2.55423e+006	1.74125e+006	1.76717e+006	
302	5.83416e+006	5.86759e+006	42570	44805	45253	48936	24676	25905	15584	16313	8362	8701	3819	3992	2.35847e+006	2.39667e+006	29404	30072	10280	10845	2.53115e+006	2.56457e+006	1.74979e+006	1.77539e+006	
303	5.82407e+006	5.85706e+006	41630	43828	44396	48081	24145	25381	15270	16018	8284	8619	3787	3956	2.37152e+006	2.40926e+006	29626	30289	10029	10591	2.54168e+006	2.57466e+006	1.75819e+006	1.78347e+006	
304	5.81417e+006	5.84671e+006	40706	42927	43439	47089	23716	24959	14989	15729	8151	8490	3737	3906	2.38438e+006	2.42166e+006	29846	30507	9836	10410	2.55202e+006	2.58456e+006	1.76633e+006	1.79131e+006	
305	5.80444e+006	5.83654e+006	39850	42048	42632	46248	23226	24454	14655	15382	8010	8356	3668	3842	2.39701e+006	2.43382e+006	30071	30723	9671	10235	2.56219e+006	2.5943e+006	1.77437e+006	1.799e+006	
306	5.79497e+006	5.82666e+006	38959	41162	41723	45315	22781	24008	14336	15050	7901	8254	3612	3786	2.40939e+006	2.44575e+006	30278	30926	9390	9958	2.57208e+006	2.60376e+006	1.78218e+006	1.8065e+006	
307	5.78569e+006	5.81693e+006	38147	40365	40821	44375	22298	23504	14024	14744	7777	8126	3557	3729	2.42157e+006	2.45748e+006	30491	31132	9217	9795	2.5818e+006	2.61305e+006	1.78984e+006	1.81384e+006	
308	5.7767e+006	5.8075e+006	37245	39451	39890	43431	21853	23066	13721	14440	7654	8008	3498	3673	2.43352e+006	2.46898e+006	30695	31332	8936	9494	2.59124e+006	2.62204e+006	1.79732e+006	1.821e+006	
309	5.76782e+006	5.7982e+006	36384	38581	39024	42525	21436	22625	13445	14157	7539	7894	3441	3619	2.44521e+006	2.48021e+006	30900	31530	8811	9365	2.60054e+006	2.63092e+006	1.80471e+006	1.82809e+006	
310	5.75911e+006	5.7891e+006	35633	37788	38154	41673	20934	22126	13181	13876	7414	7778	3394	3573	2.45666e+006	2.49124e+006	31094	31720	8639	9165	2.60964e+006	2.63962e+006	1.81188e+006	1.83497e+006	
311	5.75066e+006	5.78026e+006	34794	36904	37289	40795	20492	21681	12944	13634	7263	7616	3338	3508	2.46792e+006	2.50201e+006	31293	31912	8379	8909	2.61848e+006	2.64807e+006	1.81893e+006	1.84171e+006	
312	5.74236e+006	5.77154e+006	34099	36189	36420	39929	20013	21200	12654	13324	7123	7476	3270	3439	2.47896e+006	2.5126e+006	31485	32099	8239	8781	2.62719e+006	2.65638e+006	1.82576e+006	1.84825e+006	
313	5.73434e+006	5.76312e+006	33240	35318	35615	39116	19597	20789	12386	13048	6987	7338	3208	3377	2.48971e+006	2.52291e+006	31678	32288	7955	8491	2.63562e+006	2.6644e+006	1.83251e+006	1.85469e+006	
314	5.72638e+006	5.75479e+006	32496	34552	34863	38308	19172	20332	12136	12793	6843	7197	3131	3301	2.50026e+006	2.53302e+006	31868	32473	7893	8400	2.64395e+006	2.67236e+006	1.83911e+006	1.86101e+006	
315	5.71866e+006	5.74668e+006	31768	33810	34031	37444	18715	19867	11862	12507	6713	7061	3062	3227	2.51066e+006	2.54299e+006	32051	32648	7652	8167	2.65205e+006	2.68008e+006	1.84556e+006	1.86718e+006	
316	5.71121e+006	5.73885e+006	30920	32925	33327	36710	18282	19410	11584	12232	6571	6911	2990	3157	2.52079e+006	2.5527e+006	32231	32823	7391	7896	2.65989e+006	2.68753e+006	1.85193e+006	1.87325e+006	
317	5.70387e+006	5.73113e+006	30233	32231	32547	35891	17806	18921	11332	11962	6440	6781	2929	3092	2.53074e+006	2.5622e+006	32407	32996	7270	7795	2.66761e+006	2.69487e+006	1.85809e+006	1.87912e+006	
318	5.69671e+006	5.72361e+006	29430	31417	31889	35168	17447	18524	11111	11748	6292	6629	2865	3028	2.54036e+006	2.57139e+006	32586	33171	7090	7586	2.67513e+006	2.70203e+006	1.86415e+006	1.88491e+006	
319	5.68969e+006	5.71622e+006	28742	30699	31170	34417	17002	18083	10901	11527	6151	6482	2814	2974	2.54985e+006	2.58044e+006	32766	33345	6965	7448	2.68252e+006	2.70905e+006	1.87008e+006	1.89057e+006	
320	5.68288e+006	5.70908e+006	28087	30010	30387	33606	16550	17610	10677	11296	6028	6351	2759	2923	2.55915e+006	2.58932e+006	32929	33507	6735	7208	2.68966e+006	2.71586e+006	1.87582e+006	1.89604e+006	
321	5.67616e+006	5.70201e+006	27476	29353	29641	32857	16188	17245	10464	11081	5933	6265	2708	2874	2.56813e+006	2.59792e+006	33089	33662	6659	7139	2.69673e+006	2.72258e+006	1.88145e+006	1.90139e+006	
322	5.66965e+006	5.69517e+006	26828	28670	28864	32035	15817	16871	10260	10868	5822	6143	2661	2825	2.57702e+006	2.60639e+006	33250	33818	6443	6901	2.70357e+006	2.72909e+006	1.88693e+006	1.90661e+006	
323	5.66331e+006	5.68853e+006	26137	27931	28183	31305	15513	16552	10013	10633	5676	5996	2600	2764	2.58566e+006	2.61463e+006	33422	33984	6275	6709	2.71021e+006	2.73543e+006	1.89229e+006	1.91171e+006	
324	5.65716e+006	5.68205e+006	25489	27266	27450	30540	15089	16123	9816	10431	5563	5883	2555	2716	2.59415e+006	2.62275e+006	33580	34137	6088	6541	2.71669e+006	2.74158e+006	1.89753e+006	1.91671e+006	
325	5.65115e+006	5.67575e+006	24774	26494	26795	29836	14777	15773	9563	10183	5441	5747	2498	2653	2.60248e+006	2.6307e+006	33732	34283	5946	6365	2.72299e+006	2.74759e+006	1.90267e+006	1.92159e+006	
326	5.64527e+006	5.66957e+006	24148	25840	26164	29156	14467	15451	9309	9922	5331	5633	2448	2601	2.61053e+006	2.63837e+006	33884	34433	5817	6247	2.72917e+006	2.75347e+006	1.90765e+006	1.92632e+006	
327	5.63954e+006	5.66354e+006	23547	25209	25552	28456	14091	15057	9069	9679	5219	5522	2388	2541	2.61848e+006	2.64592e+006	34025	34568	5673	6079	2.73519e+006	2.7592e+006	1.9125e+006	1.93096e+006	
328	5.63395e+006	5.65769e+006	22981	24588	24902	27772	13734	14702	8835	9446	5126	5418	2337	2488	2.62619e+006	2.65327e+006	34169	34709	5521	5922	2.74105e+006	2.76479e+006	1.91721e+006	1.93544e+006	
329	5.62849e+006	5.65193e+006	22436	24038	24300	27100	13334	14275	8636	9235	5004	5296	2276	2422	2.63377e+006	2.66048e+006	34305	34840	5400	5815	2.74681e+006	2.77025e+006	1.92184e+006	1.93986e+006	
330	5.62323e+006	5.64639e+006	21822	23387	23692	26449	13029	13960	8400	8986	4910	5207	2232	2374	2.64111e+006	2.66748e+006	34447	34975	5207	5592	2.75235e+006	2.7755e+006	1.92634e+006	1.94415e+006	
331	5.61805e+006	5.64097e+006	21261	22799	23056	25746	12678	13604	8218	8799	4784	5076	2173	2313	2.64836e+006	2.67438e+006	34585	35108	5111	5491	2.75777e+006	2.78069e+006	1.93073e+006	1.94833e+006	
332	5.61301e+006	5.63566e+006	20723	22243	22463	25091	12361	13268	8037	8597	4670	4968	2120	2263	2.65537e+006	2.68106e+006	34719	35237	4985	5365	2.76308e+006	2.78573e+006	1.93501e+006	1.95241e+006	
333	5.60813e+006	5.63055e+006	20136	21604	21916	24517	12048	12934	7827	8366	4569	4867	2066	2211	2.66221e+006	2.68758e+006	34854	35369	4812	5176	2.76819e+006	2.7906e+006	1.93922e+006	1.95641e+006	
334	5.60335e+006	5.6255e+006	19658	21115	21381	23908	11722	12574	7624	8147	4460	4754	2014	2156	2.66889e+006	2.69392e+006	34982	35493	4727	5107	2.77324e+006	2.79539e+006	1.94328e+006	1.96026e+006	
335	5.59866e+006	5.62056e+006	19180	20627	20833	23321	11442	12279	7433	7946	4364	4659	1974	2115	2.67537e+006	2.7001e+006	35098	35607	4632	5003	2.77818e+006	2.80008e+006	1.94724e+006	1.96406e+006	
336	5.59411e+006	5.6158e+006	18676	20086	20334	22775	11114	11938	7248	7757	4246	4540	1926	2067	2.68174e+006	2.70616e+006	35219	35728	4480	4825	2.78294e+006	2.80463e+006	1.95114e+006	1.96776e+006	
337	5.58972e+006	5.61117e+006	18193	19605	19817	22212	10780	11588	7041	7542	4153	4447	1891	2030	2.68795e+006	2.71208e+006	35338	35841	4330	4695	2.78757e+006	2.80902e+006	1.95489e+006	1.97135e+006	
338	5.58546e+006	5.6067e+006	17660	19023	19302	21673	10501	11311	6861	7363	4053	4356	1855	1995	2.69396e+006	2.71783e+006	35456	35959	4195	4524	2.79203e+006	2.81327e+006	1.95857e+006	1.97485e+006	
339	5.5813e+006	5.60232e+006	17138	18465	18805	21125	10248	11029	6703	7194	3940	4241	1803	1943	2.69988e+006	2.72346e+006	35569	36067	4109	4446	2.79642e+006	2.81744e+006	1.9622e+006	1.97828e+006	
340	5.57719e+006	5.59802e+006	16696	18003	18342	20616	9995	10761	6534	7024	3835	4119	1747	1888	2.70559e+006	2.72889e+006	35683	36176	4037	4364	2.80072e+006	2.82154e+006	1.96568e+006	1.98161e+006	
341	5.57329e+006	5.59392e+006	16209	17465	17808	20064	9755	10508	6353	6836	3755	4025	1712	1849	2.71118e+006	2.73423e+006	35793	36278	3842	4157	2.80482e+006	2.82544e+006	1.96903e+006	1.98479e+006	
342	5.56946e+006	5.58987e+006	15790	17044	17286	19480	9507	10232	6165	6645	3667	3927	1676	1807	2.71667e+006	2.73944e+006	35904	36383	3779	4100	2.80886e+006	2.82928e+006	1.97228e+006	1.98788e+006	
343	5.5657e+006	5.58593e+006	15375	16597	16810	18974	9288	10000	6001	6469	3569	3823	1634	1760	2.72195e+006	2.74448e+006	36012	36488	3694	3999	2.8128e+006	2.83303e+006	1.97549e+006	1.99093e+006	
344	5.56206e+006	5.58211e+006	14923	16115	16377	18486	9045	9730	5856	6321	3476	3728	1594	1720	2.72714e+006	2.74941e+006	36113	36586	3584	3882	2.81663e+006	2.83667e+006	1.97863e+006	1.99392e+006	
345	5.55851e+006	5.57838e+006	14578	15745	15861	17909	8784	9450	5724	6171	3379	3632	1549	1677	2.73223e+006	2.75423e+006	36210	36682	3499	3785	2.82036e+006	2.84023e+006	1.98163e+006	1.99678e+006	
346	5.55504e+006	5.57474e+006	14212	15345	15415	17438	8538	9187	5572	5994	3295	3551	1510	1637	2.73715e+006	2.75893e+006	36302	36772	3411	3702	2.824e+006	2.8437e+006	1.9846e+006	1.99959e+006	
347	5.55166e+006	5.5712e+006	13838	14938	15064	17020	8266	8895	5409	5834	3191	3446	1468	1597	2.74194e+006	2.76349e+006	36406	36874	3323	3590	2.82753e+006	2.84708e+006	1.9875e+006	2.00237e+006	
348	5.54838e+006	5.56775e+006	13473	14572	14675	16606	8043	8670	5290	5686	3096	3346	1421	1546	2.74655e+006	2.76787e+006	36501	36967	3218	3517	2.83099e+006	2.85036e+006	1.9903e+006	2.00505e+006	
349	5.5452e+006	5.56442e+006	13096	14170	14274	16155	7842	8452	5159	5549	3031	3274	1398	1519	2.75107e+006	2.77214e+006	36587	37049	3122	3382	2.83432e+006	2.85354e+006	1.99301e+006	2.00763e+006	
350	5.54211e+006	5.56119e+006	12722	13752	13884	15721	7618	8212	5011	5390	2938	3179	1364	1483	2.75554e+006	2.7764e+006	36673	37134	3036	3285	2.83755e+006	2.85662e+006	1.99567e+006	2.01017e+006	
351	5.53908e+006	5.55801e+006	12373	13401	13548	15343	7435	8022	4850	5224	2857	3095	1331	1450	2.7598e+006	2.78046e+006	36760	37219	2973	3239	2.84073e+006	2.85966e+006	1.99824e+006	2.01263e+006	
352	5.53611e+006	5.55488e+006	12072	13069	13181	14957	7237	7830	4721	5090	2774	3002	1289	1405	2.76399e+006	2.78444e+006	36839	37296	2916	3187	2.84386e+006	2.86263e+006	2.00077e+006	2.01504e+006	
353	5.53327e+006	5.55189e+006	11740	12719	12774	14509	7073	7661	4633	4988	2692	2914	1247	1361	2.76803e+006	2.78829e+006	36914	37366	2789	3034	2.84684e+006	2.86547e+006	2.00319e+006	2.01736e+006	
354	5.53048e+006	5.54897e+006	11434	12414	12421	14097	6894	7459	4507	4864	2619	2835	1207	1317	2.77199e+006	2.79206e+006	36990	37439	2734	2977	2.84977e+006	2.86825e+006	2.00555e+006	2.0196e+006	
355	5.52779e+006	5.54616e+006	11097	12044	12106	13759	6689	7245	4384	4733	2563	2771	1182	1286	2.77583e+006	2.79572e+006	37070	37513	2634	2870	2.85258e+006	2.87095e+006	2.00788e+006	2.02183e+006	
356	5.52515e+006	5.54341e+006	10759	11668	11791	13425	6511	7062	4266	4605	2497	2696	1149	1250	2.7796e+006	2.79932e+006	37141	37579	2580	2809	2.85533e+006	2.87359e+006	2.01016e+006	2.024e+006	
357	5.52259e+006	5.54071e+006	10482	11379	11445	13053	6326	6875	4162	4497	2422	2620	1111	1211	2.78323e+006	2.8028e+006	37222	37655	2513	2744	2.85802e+006	2.87615e+006	2.01233e+006	2.02607e+006	
358	5.52006e+006	5.53807e+006	10222	11102	11128	12674	6176	6696	4052	4390	2366	2552	1080	1173	2.7868e+006	2.80618e+006	37291	37721	2474	2699	2.86067e+006	2.87867e+006	2.01446e+006	2.0281e+006	
359	5.51765e+006	5.53555e+006	9946	10801	10838	12355	5987	6494	3919	4246	2303	2490	1044	1137	2.79026e+006	2.80948e+006	37362	37788	2357	2571	2.86319e+006	2.88109e+006	2.01652e+006	2.03007e+006	
360	5.51531e+006	5.5331e+006	9658	10495	10559	12061	5810	6312	3802	4110	2242	2425	1016	1102	2.79363e+006	2.81269e+006	37426	37850	2292	2503	2.86564e+006	2.88343e+006	2.01855e+006	2.03202e+006	
361	5.51303e+006	5.5307e+006	9371	10193	10272	11740	5639	6135	3690	3992	2187	2366	988	1071	2.79692e+006	2.81582e+006	37493	37916	2225	2443	2.86803e+006	2.8857e+006	2.02053e+006	2.03391e+006	
362	5.51082e+006	5.52838e+006	9063	9869	9987	11411	5486	5973	3585	3883	2138	2321	972	1057	2.80014e+006	2.81889e+006	37553	37974	2170	2372	2.87036e+006	2.88792e+006	2.02247e+006	2.03577e+006	
363	5.50864e+006	5.52612e+006	8831	9611	9725	11114	5324	5799	3482	3774	2093	2276	954	1040	2.80322e+006	2.82183e+006	37611	38030	2123	2314	2.87262e+006	2.89009e+006	2.02431e+006	2.03753e+006	
364	5.50653e+006	5.52391e+006	8599	9366	9445	10800	5169	5632	3390	3667	2040	2224	934	1021	2.80624e+006	2.8247e+006	37676	38091	2060	2257	2.87483e+006	2.8922e+006	2.0261e+006	2.03924e+006	
