Day	Susceptible-LB	Susceptible-UB	Exposed-LB	Exposed-UB	Current Detected Mild Infections-LB	Current Detected Mild Infections-UB	Current Undetected Mild Infections-LB	Current Undetected Mild Infections-UB	Current Hospitalizations-LB	Current Hospitalizations-UB	Current ICU patients-LB	Current ICU patients-UB	ventilators-LB	ventilators-UB	Recovered-LB	Recovered-UB	Deaths-LB	Deaths-UB	new infections today-LB	new infections today-UB	total number of infections-LB	total number of infections-UB	Confirmed total number of infections-LB	Confirmed total number of infections-UB	
0	8.39872e+006	8.39872e+006	16	16	0	0	0	0	0	0	0	0	0	0	0	0	0	0	0	0	16	16	0	0	
1	8.39856e+006	8.39856e+006	176	176	0	0	0	0	0	0	0	0	0	0	0	0	0	0	160	160	176	176	0	0	
2	8.3984e+006	8.3984e+006	336	336	0	0	0	0	0	0	0	0	0	0	0	0	0	0	160	160	336	336	0	0	
3	8.39822e+006	8.39822e+006	512	512	0	0	0	0	0	0	0	0	0	0	0	0	0	0	176	176	512	512	0	0	
4	8.3979e+006	8.39792e+006	798	825	16	16	0	0	0	0	0	0	0	0	0	0	0	0	302	329	814	841	16	16	
5	8.39744e+006	8.39749e+006	1074	1123	131	140	36	45	0	0	0	0	0	0	0	0	0	0	428	466	1250	1299	131	140	
6	8.39684e+006	8.39691e+006	1486	1565	251	262	74	85	0	0	0	0	0	0	0	0	0	0	564	611	1822	1901	251	262	
7	8.39596e+006	8.39608e+006	2143	2264	381	396	116	131	0	0	0	0	0	0	0	0	0	0	821	887	2655	2776	381	396	
8	8.3947e+006	8.39489e+006	3029	3197	609	642	192	212	0	0	0	0	0	0	0	0	0	0	1180	1270	3849	4032	612	639	
9	8.39311e+006	8.39336e+006	4117	4337	936	991	299	323	0	0	0	0	0	0	0	0	0	0	1513	1609	5374	5629	942	985	
10	8.39109e+006	8.39143e+006	5473	5753	1346	1432	440	473	0	0	0	0	0	0	16	16	0	0	1915	2031	7304	7645	1374	1437	
11	8.38854e+006	8.38902e+006	7053	7427	1854	1983	599	644	27	35	0	0	0	0	141	149	0	0	2401	2563	9716	10196	2014	2108	
12	8.38562e+006	8.38624e+006	8636	9092	2617	2811	858	922	56	67	0	0	0	0	269	280	0	0	2767	2930	12494	13114	2909	3047	
13	8.38237e+006	8.38313e+006	10220	10747	3625	3892	1193	1270	88	101	0	0	0	0	411	424	0	0	3093	3269	15605	16366	4061	4256	
14	8.37898e+006	8.37991e+006	11518	12119	4839	5181	1586	1688	144	163	0	0	0	0	660	688	0	0	3212	3403	18829	19756	5532	5793	
15	8.37579e+006	8.37688e+006	12133	12759	6291	6758	2091	2223	233	255	0	0	0	0	1007	1053	0	0	3017	3201	21858	22946	7353	7716	
16	8.37312e+006	8.37433e+006	11904	12517	7925	8505	2648	2807	343	371	0	0	0	0	1471	1538	0	0	2537	2688	24411	25619	9455	9927	
17	8.36997e+006	8.37134e+006	11778	12406	9592	10271	3247	3429	478	512	15	19	14	17	2152	2255	0	0	2972	3153	27392	28762	11811	12396	
18	8.36643e+006	8.36797e+006	11925	12565	11096	11887	3759	3963	675	722	25	30	19	22	3135	3293	0	0	3363	3559	30766	32310	14292	15003	
19	8.36268e+006	8.3644e+006	12469	13126	12196	13082	4143	4380	944	1005	33	40	23	27	4384	4597	0	0	3564	3758	34341	36058	16636	17459	
20	8.35878e+006	8.3607e+006	13615	14346	12641	13557	4319	4564	1268	1340	50	59	31	37	5970	6261	0	0	3684	3908	38037	39954	18619	19532	
21	8.35464e+006	8.35676e+006	14576	15347	13064	14007	4465	4707	1647	1740	74	85	43	50	7978	8387	0	0	3928	4158	41978	44098	20952	21999	
22	8.35032e+006	8.35266e+006	15300	16122	13504	14484	4618	4862	2069	2186	107	121	58	68	10298	10827	0	0	4091	4331	46079	48419	23595	24788	
23	8.34586e+006	8.3484e+006	15981	16838	13848	14861	4731	4988	2522	2662	152	169	77	89	12913	13553	0	0	4242	4477	50336	52881	26407	27740	
24	8.34127e+006	8.34404e+006	16643	17530	14198	15249	4844	5114	2922	3089	219	241	109	123	15667	16446	0	0	4348	4598	54695	57469	29340	30831	
25	8.33644e+006	8.33945e+006	17291	18212	14883	15981	5067	5341	3215	3398	308	335	148	166	18313	19234	0	0	4577	4839	59284	62296	32444	34095	
26	8.33147e+006	8.33472e+006	17922	18864	16070	17264	5417	5718	3332	3529	417	447	195	217	20642	21663	0	0	4721	4983	64019	67265	35669	37488	
27	8.32613e+006	8.32962e+006	18767	19745	17017	18256	5740	6050	3438	3640	539	576	243	269	23384	24549	13	16	5086	5359	69118	72611	38991	40978	
28	8.32053e+006	8.3243e+006	19730	20753	17737	19044	5988	6319	3557	3771	687	734	312	343	26485	27806	17	20	5310	5608	74439	78208	42415	44581	
29	8.31471e+006	8.31877e+006	20670	21746	18522	19897	6210	6554	3632	3855	849	905	384	419	29819	31297	19	22	5515	5835	79971	84026	46040	48396	
30	8.30866e+006	8.31301e+006	21690	22824	19292	20703	6474	6825	3709	3941	1020	1086	464	504	33265	34922	21	26	5744	6058	85725	90073	49762	52306	
31	8.30236e+006	8.30699e+006	22618	23779	20161	21614	6761	7115	3893	4138	1161	1240	529	574	36875	38711	26	32	6012	6316	91749	96377	53791	56538	
32	8.29576e+006	8.30071e+006	23577	24779	21035	22544	7106	7464	4209	4466	1276	1361	584	630	40538	42573	34	42	6270	6607	98031	102972	57970	60941	
33	8.28885e+006	8.29412e+006	24637	25877	21976	23569	7425	7809	4483	4740	1397	1494	646	697	44390	46617	44	53	6574	6933	104620	109891	62318	65509	
34	8.28169e+006	8.2873e+006	25697	26992	23047	24707	7743	8138	4674	4936	1511	1619	702	760	48426	50866	61	72	6804	7173	111438	117049	66874	70295	
35	8.27421e+006	8.28017e+006	26804	28160	24114	25813	8107	8513	4867	5131	1624	1737	756	816	52684	55358	83	95	7113	7491	118567	124523	71616	75259	
36	8.26634e+006	8.27268e+006	28005	29436	25251	27032	8503	8933	5080	5357	1718	1837	804	866	57085	59977	108	122	7471	7883	126053	132392	76554	80436	
37	8.25812e+006	8.26484e+006	29257	30746	26350	28217	8880	9335	5312	5589	1811	1935	853	917	61823	64954	144	161	7825	8244	133895	140618	81748	85886	
38	8.2495e+006	8.25665e+006	30625	32206	27451	29394	9257	9738	5537	5828	1875	2004	881	947	66814	70202	183	204	8174	8631	142082	149236	87106	91509	
39	8.24053e+006	8.24811e+006	32042	33703	28662	30659	9637	10136	5771	6079	1941	2072	913	980	72006	75655	225	247	8533	8985	150629	158207	92731	97403	
40	8.23585e+006	8.24366e+006	29004	30507	29917	32013	10094	10623	6049	6369	1989	2126	931	1001	77387	81312	271	295	4430	4690	155072	162884	98616	103582	
41	8.231e+006	8.23905e+006	25777	27138	31253	33460	10554	11120	6327	6658	2074	2209	969	1042	83011	87199	311	338	4604	4870	159690	167739	104786	110048	
42	8.22591e+006	8.23419e+006	22446	23609	33106	35428	10608	11173	6647	6999	2188	2330	1019	1096	88822	93294	347	375	4843	5101	164544	172828	111637	117269	
43	8.22095e+006	8.22947e+006	18619	19593	35006	37425	10662	11232	6915	7285	2306	2455	1067	1145	94982	99759	389	421	4707	4968	169265	177782	118802	124787	
44	8.21621e+006	8.22497e+006	18675	19663	33492	35797	9825	10354	7203	7584	2428	2579	1120	1195	101351	106447	429	466	4487	4759	173767	182527	122684	128876	
45	8.2116e+006	8.22057e+006	18456	19420	31865	34058	8963	9453	7517	7899	2531	2688	1173	1253	108008	113441	482	523	4384	4628	178167	187138	126735	133127	
46	8.20724e+006	8.21642e+006	17753	18686	30163	32191	8071	8502	7834	8232	2660	2826	1234	1317	114992	120783	536	582	4137	4371	182318	191494	130955	137555	
47	8.20313e+006	8.21249e+006	16963	17843	28083	29962	7055	7434	8182	8603	2758	2928	1272	1357	122328	128475	595	644	3915	4126	186245	195608	135090	141901	
48	8.19932e+006	8.20886e+006	16096	16902	25156	26845	6317	6658	8529	8973	2897	3071	1333	1418	129969	136519	653	707	3622	3817	189879	199412	139008	146039	
49	8.19589e+006	8.20557e+006	14977	15730	21872	23342	5477	5778	8931	9405	3030	3210	1395	1484	137921	144857	711	769	3265	3455	193162	202850	142886	150108	
50	8.19284e+006	8.20266e+006	13734	14424	21639	23082	5420	5716	8459	8922	3167	3352	1465	1557	142642	149816	769	830	2895	3063	196072	205898	146374	153774	
51	8.18985e+006	8.19981e+006	12656	13302	21081	22469	5296	5578	7963	8421	3333	3517	1545	1639	147529	154939	830	896	2839	3003	198923	208888	149690	157246	
52	8.18697e+006	8.19707e+006	11763	12373	20104	21428	5057	5329	7479	7914	3478	3664	1603	1700	152657	160317	896	968	2730	2886	201665	211762	152773	160472	
53	8.18426e+006	8.19449e+006	11066	11649	18972	20217	4760	5016	6877	7278	3620	3809	1672	1770	157768	165690	964	1040	2570	2730	204249	214478	155591	163430	
54	8.18169e+006	8.19205e+006	10597	11164	17715	18851	4438	4672	6161	6519	3782	3982	1747	1850	162750	170946	1038	1116	2427	2577	206688	217043	158096	166056	
55	8.17927e+006	8.18973e+006	10065	10593	16476	17536	4137	4358	5337	5649	3967	4178	1824	1934	167715	176151	1112	1196	2307	2432	209006	219462	160554	168631	
56	8.17702e+006	8.18758e+006	9470	9977	15348	16343	3855	4070	5300	5592	3883	4091	1782	1890	171901	180564	1197	1285	2136	2269	211155	221720	162906	171090	
57	8.1749e+006	8.18556e+006	8902	9378	14294	15236	3574	3770	5157	5426	3813	4017	1748	1853	175968	184842	1270	1361	2003	2130	213172	223835	165137	173435	
58	8.17294e+006	8.18369e+006	8341	8776	13357	14250	3322	3509	4912	5168	3723	3925	1715	1817	179849	188901	1359	1453	1863	1977	215050	225797	167234	175633	
59	8.17106e+006	8.18189e+006	7817	8233	12587	13424	3132	3314	4636	4883	3608	3810	1663	1762	183428	192641	1454	1553	1780	1892	216843	227676	169218	177703	
60	8.16933e+006	8.18024e+006	7315	7710	11978	12784	2985	3158	4321	4547	3487	3684	1602	1695	186687	196061	1539	1644	1637	1743	218492	229407	171059	179637	
61	8.16771e+006	8.1787e+006	6844	7209	11300	12066	2831	2999	4007	4217	3310	3504	1507	1603	189919	199447	1651	1757	1533	1629	220038	231023	172768	181428	
62	8.16614e+006	8.17721e+006	6462	6813	10622	11341	2650	2806	3711	3915	3149	3334	1433	1524	193021	202695	1745	1856	1481	1579	221529	232592	174383	183119	
63	8.16467e+006	8.17581e+006	6070	6404	9983	10656	2501	2652	3476	3677	2940	3112	1341	1425	195945	205755	1852	1971	1389	1482	222929	234064	175926	184735	
64	8.16329e+006	8.17449e+006	5733	6054	9364	9993	2336	2476	3237	3433	2674	2831	1215	1294	198776	208728	1964	2088	1300	1393	224242	235443	177343	186221	
65	8.16201e+006	8.17328e+006	5405	5721	8742	9338	2191	2321	3050	3239	2368	2503	1073	1147	201471	211547	2079	2213	1206	1294	225460	236726	178659	187603	
66	8.1608e+006	8.17212e+006	5070	5359	8221	8786	2054	2186	2894	3072	2277	2410	1031	1106	203809	214003	2136	2273	1142	1222	226616	237933	179933	188937	
67	8.15965e+006	8.17102e+006	4767	5040	7884	8415	1785	1902	2757	2924	2169	2296	980	1051	206011	216315	2198	2337	1086	1165	227717	239083	181275	190349	
68	8.15858e+006	8.16999e+006	4479	4732	7560	8069	1552	1658	2593	2756	2047	2169	926	995	208112	218508	2260	2402	1011	1085	228742	240155	182520	191658	
69	8.15758e+006	8.16904e+006	4217	4455	7229	7713	1317	1409	2430	2572	1941	2055	871	939	210115	220617	2321	2468	945	1017	229700	241159	183688	192882	
70	8.15662e+006	8.16813e+006	3968	4208	6950	7401	1110	1190	2279	2414	1829	1940	822	890	211965	222563	2379	2530	895	972	230606	242119	184789	194033	
71	8.15573e+006	8.16727e+006	3727	3944	6711	7144	904	981	2136	2263	1726	1830	776	836	213701	224381	2435	2590	844	901	231463	243008	185843	195131	
72	8.15489e+006	8.16647e+006	3505	3711	6441	6844	715	775	2024	2143	1591	1691	721	778	215387	226147	2490	2648	792	850	232267	243846	186822	196156	
73	8.15408e+006	8.16571e+006	3311	3514	6047	6426	668	726	1882	2000	1486	1585	664	721	216977	227811	2545	2707	752	820	233031	244653	187715	197092	
74	8.15332e+006	8.16497e+006	3136	3317	5686	6054	622	678	1782	1899	1398	1489	626	678	218429	229336	2594	2759	719	775	233762	245416	188562	197988	
75	8.15261e+006	8.16429e+006	2965	3138	5365	5703	583	634	1669	1784	1318	1402	585	633	219798	230771	2638	2806	675	721	234449	246125	189361	198817	
76	8.15194e+006	8.16364e+006	2805	2972	5048	5367	550	598	1564	1673	1246	1326	550	597	221091	232124	2678	2847	635	682	235094	246796	190105	199594	
77	8.15132e+006	8.16304e+006	2641	2791	4748	5057	518	561	1476	1581	1183	1259	524	568	222306	233393	2716	2887	588	639	235697	247420	190812	200342	
78	8.15071e+006	8.16246e+006	2493	2630	4476	4776	494	535	1393	1492	1113	1187	491	532	223446	234585	2753	2927	570	615	236277	248024	191484	201045	
79	8.15016e+006	8.16193e+006	2335	2471	4232	4507	468	507	1320	1413	1039	1113	461	502	224514	235707	2789	2964	518	560	236808	248572	192122	201704	
80	8.14963e+006	8.16141e+006	2207	2339	4001	4245	441	477	1225	1317	975	1045	429	468	225544	236800	2821	2998	505	550	237326	249109	192721	202327	
81	8.14913e+006	8.16093e+006	2086	2214	3764	4003	420	459	1159	1243	909	976	404	443	226503	237802	2849	3029	469	512	237809	249608	193277	202902	
82	8.14864e+006	8.16046e+006	1972	2100	3562	3791	400	436	1102	1182	859	922	383	421	227392	238730	2872	3053	457	499	238278	250096	193814	203460	
83	8.1482e+006	8.16003e+006	1868	1994	3351	3559	375	410	1032	1103	807	866	362	396	228254	239640	2901	3082	415	453	238703	250539	194304	203968	
84	8.14777e+006	8.15962e+006	1767	1889	3164	3360	350	383	974	1044	754	813	339	372	229068	240487	2928	3110	405	446	239121	250971	194785	204466	
85	8.14737e+006	8.15924e+006	1668	1781	2974	3167	335	367	913	979	703	761	317	351	229839	241287	2954	3138	372	402	239501	251365	195229	204922	
86	8.14699e+006	8.15886e+006	1571	1679	2815	3004	315	349	869	930	668	725	303	335	230543	242022	2974	3159	362	395	239874	251750	195667	205376	
87	8.14662e+006	8.15851e+006	1499	1599	2654	2840	298	333	812	871	636	689	288	320	231218	242714	2995	3183	341	375	240226	252113	196057	205783	
88	8.14629e+006	8.15818e+006	1408	1503	2508	2693	278	311	766	822	600	651	270	302	231858	243381	3017	3207	315	348	240552	252450	196444	206184	
89	8.14595e+006	8.15786e+006	1348	1446	2375	2548	266	297	716	775	565	612	254	286	232453	243998	3035	3226	309	348	240875	252786	196792	206545	
90	8.14564e+006	8.15756e+006	1275	1371	2249	2413	248	279	668	724	529	576	239	272	233038	244605	3051	3243	290	320	241174	253096	197141	206905	
91	8.14534e+006	8.15728e+006	1210	1304	2139	2294	231	259	635	691	502	548	226	257	233564	245148	3069	3261	277	307	241461	253392	197469	207245	
92	8.14506e+006	8.157e+006	1160	1251	2006	2156	220	247	600	652	476	519	215	244	234081	245688	3082	3275	263	297	241735	253679	197769	207555	
93	8.14478e+006	8.15674e+006	1105	1189	1916	2062	207	234	572	621	441	483	199	228	234554	246183	3097	3290	256	285	242001	253954	198070	207866	
94	8.14452e+006	8.15649e+006	1055	1141	1813	1948	196	222	542	589	415	456	190	217	235011	246659	3113	3307	242	269	242251	254214	198348	208154	
95	8.14428e+006	8.15625e+006	1005	1090	1730	1865	184	209	515	563	389	429	179	205	235431	247093	3126	3321	228	255	242489	254460	198615	208430	
96	8.14361e+006	8.1556e+006	1374	1480	1644	1778	172	197	485	530	365	403	169	192	235846	247524	3138	3333	631	688	243137	255131	198874	208701	
97	8.14296e+006	8.15498e+006	1721	1858	1564	1695	166	189	452	493	341	377	159	183	236243	247936	3151	3348	603	663	243761	255773	199117	208954	
98	8.14236e+006	8.15439e+006	2051	2215	1502	1628	155	177	421	463	324	359	152	173	236605	248311	3162	3358	568	629	244351	256380	199353	209199	
99	8.14166e+006	8.15371e+006	2485	2679	1427	1547	146	168	403	442	310	345	146	167	236953	248671	3170	3367	659	722	245031	257081	199573	209426	
100	8.14089e+006	8.15296e+006	2579	2776	1736	1883	177	202	381	418	291	322	135	156	237287	249014	3180	3376	725	786	245777	257847	200164	210040	
101	8.14004e+006	8.15214e+006	2776	2984	2035	2211	205	230	367	402	271	301	126	145	237597	249335	3192	3389	797	873	246601	258693	200737	210630	
102	8.13912e+006	8.15123e+006	3081	3312	2300	2500	244	273	349	384	258	286	121	138	237895	249645	3200	3397	873	958	247505	259620	201268	211176	
103	8.13806e+006	8.15021e+006	3415	3678	2663	2896	284	315	334	368	251	277	118	133	238175	249938	3206	3405	996	1085	248527	260679	201885	211811	
104	8.13687e+006	8.14906e+006	3815	4112	3097	3356	334	371	326	360	232	258	106	120	238445	250218	3214	3413	1124	1220	249681	261870	202561	212503	
105	8.13552e+006	8.14774e+006	4294	4623	3613	3912	390	431	310	343	226	252	101	117	238697	250482	3220	3419	1277	1383	250993	263217	203310	213271	
106	8.13395e+006	8.14623e+006	4901	5269	3824	4149	420	464	371	414	219	244	96	113	239282	251083	3228	3427	1481	1603	252510	264784	204132	214116	
107	8.13227e+006	8.1446e+006	5492	5906	4171	4526	464	512	433	480	206	230	89	106	239849	251668	3235	3434	1585	1725	254138	266466	205063	215081	
108	8.13042e+006	8.14281e+006	6109	6579	4673	5069	512	565	490	543	190	213	81	98	240388	252223	3242	3441	1739	1895	255923	268315	206115	216167	
109	8.12833e+006	8.1408e+006	6797	7334	5223	5663	578	634	570	631	176	200	75	90	240993	252844	3249	3449	1967	2136	257939	270402	207305	217390	
110	8.12601e+006	8.13855e+006	7511	8107	5906	6402	651	711	653	721	167	189	70	85	241659	253524	3255	3455	2196	2375	260188	272724	208687	218818	
111	8.12341e+006	8.13603e+006	8377	9052	6609	7172	730	800	760	835	162	182	67	83	242374	254260	3260	3461	2451	2671	262703	275331	210168	220350	
112	8.1205e+006	8.13323e+006	9370	10130	7393	8029	807	885	808	888	178	201	74	91	243203	255116	3265	3466	2733	2972	265503	278235	211799	222038	
113	8.1173e+006	8.13015e+006	10418	11261	8266	8979	901	989	887	970	194	219	82	99	244126	256072	3269	3469	3013	3268	268587	281433	213636	223940	
114	8.11374e+006	8.12671e+006	11585	12524	9228	10026	1005	1103	997	1083	209	236	91	109	245153	257129	3271	3472	3362	3639	272028	284993	215683	226055	
115	8.10977e+006	8.12289e+006	12873	13901	10289	11203	1111	1221	1117	1214	229	258	102	121	246315	258323	3276	3478	3740	4047	275844	288963	217978	228434	
116	8.1053e+006	8.11861e+006	14341	15484	11412	12442	1234	1357	1275	1380	246	278	111	130	247648	259704	3281	3483	4201	4554	280127	293436	220536	231090	
117	8.10036e+006	8.11388e+006	15968	17249	12681	13826	1387	1521	1432	1546	277	311	127	147	249085	261186	3284	3485	4642	5032	284856	298380	223329	233991	
118	8.09488e+006	8.10863e+006	17762	19181	14122	15394	1558	1709	1612	1744	317	354	144	167	250640	262792	3288	3491	5153	5573	290108	303856	226456	237224	
119	8.08877e+006	8.10277e+006	19772	21348	15701	17107	1747	1911	1796	1941	364	406	164	190	252417	264630	3292	3495	5749	6215	295964	309964	229919	240827	
120	8.08197e+006	8.09627e+006	21959	23716	17500	19079	1945	2126	2021	2186	415	460	189	215	254378	266657	3296	3499	6384	6926	302469	316769	233822	244911	
121	8.07436e+006	8.08903e+006	24440	26401	19457	21211	2169	2367	2237	2428	473	523	216	244	256609	268965	3298	3500	7125	7715	309706	324372	238130	249414	
122	8.06597e+006	8.08104e+006	27151	29351	21617	23551	2418	2639	2492	2702	519	573	238	269	259091	271543	3307	3510	7866	8521	317700	332765	242906	254394	
123	8.05657e+006	8.07209e+006	30224	32667	24077	26219	2686	2925	2762	3003	569	625	264	296	261840	274383	3317	3520	8822	9531	326650	342168	248232	259954	
124	8.04612e+006	8.06218e+006	33619	36315	26810	29213	2967	3226	3049	3315	635	696	295	331	264912	277560	3326	3529	9782	10572	336556	352616	254168	266172	
125	8.0345e+006	8.05119e+006	37368	40337	29850	32541	3296	3583	3402	3683	709	772	325	362	268292	281076	3336	3538	10873	11739	347550	364234	260750	273094	
126	8.02162e+006	8.03897e+006	41574	44844	33119	36109	3678	3997	3785	4096	799	871	368	409	272087	285029	3347	3549	12069	13031	359764	377119	268011	280728	
127	8.00729e+006	8.02546e+006	46128	49779	36837	40145	4129	4470	4209	4552	889	970	409	454	276286	289415	3356	3559	13377	14466	373278	391447	276121	289266	
128	7.99154e+006	8.01062e+006	51055	55093	40998	44685	4576	4949	4679	5059	991	1081	459	507	280947	294263	3370	3573	14709	15886	388120	407200	285148	298809	
129	7.97387e+006	7.99401e+006	56644	61165	45584	49671	5094	5507	5217	5627	1102	1201	513	563	286127	299673	3388	3592	16463	17810	404728	424865	295137	309382	
130	7.95441e+006	7.97569e+006	62754	67738	50675	55184	5663	6122	5842	6293	1231	1344	574	628	291856	305661	3403	3607	18180	19602	423045	444329	306256	321125	
131	7.93295e+006	7.95551e+006	69434	74851	56269	61278	6296	6805	6482	6996	1365	1485	638	695	298290	312411	3422	3627	20056	21580	443223	465787	318544	334171	
132	7.90908e+006	7.93311e+006	76999	82968	62402	67934	6980	7538	7198	7769	1517	1647	706	769	305391	319857	3440	3645	22273	24005	465627	489660	332040	348519	
133	7.88262e+006	7.9083e+006	85230	91734	69262	75436	7727	8350	8049	8682	1685	1829	778	847	313298	328148	3461	3667	24693	26577	490441	516116	347140	364618	
134	7.85354e+006	7.88102e+006	94212	101327	76766	83576	8583	9278	8929	9643	1881	2038	865	941	322093	337413	3483	3692	27160	29197	517717	545197	363801	382344	
135	7.82129e+006	7.8508e+006	104259	112114	84990	92460	9502	10274	9899	10696	2094	2271	970	1057	331876	347717	3511	3720	30105	32364	547934	577449	382151	401874	
136	7.78579e+006	7.81758e+006	115099	123710	94137	102382	10523	11363	10963	11839	2331	2525	1083	1180	342753	359170	3545	3757	33108	35605	581153	612942	402541	423631	
137	7.74653e+006	7.78079e+006	127096	136492	104306	113349	11625	12552	12184	13141	2589	2805	1196	1307	354761	371883	3574	3788	36689	39360	617942	652203	425144	447748	
138	7.70359e+006	7.74057e+006	140055	150343	115501	125407	12830	13857	13502	14573	2885	3122	1335	1458	367944	385847	3616	3832	40122	43045	658164	695148	450002	474263	
139	7.65633e+006	7.69632e+006	154109	165328	127746	138570	14174	15300	14952	16149	3219	3477	1494	1627	382733	401535	3655	3872	44159	47348	702417	742403	477519	503665	
140	7.60441e+006	7.64763e+006	169595	181742	141145	153039	15652	16886	16591	17903	3584	3868	1653	1798	399002	418802	3703	3922	48596	52017	751106	794326	507771	536016	
141	7.54771e+006	7.59437e+006	186070	199177	156098	169147	17277	18612	18407	19829	3960	4283	1822	1987	416941	437874	3747	3968	53164	56796	804362	851030	541290	571815	
142	7.48583e+006	7.53631e+006	203913	218102	172056	186300	19100	20569	20411	21991	4391	4761	2018	2201	436850	459049	3806	4029	57966	61969	862425	912902	577897	610909	
143	7.41815e+006	7.47266e+006	223329	238517	189493	205045	21073	22652	22649	24397	4882	5290	2246	2442	458878	482497	3868	4097	63572	67767	926081	980585	618196	653973	
144	7.34444e+006	7.40331e+006	244002	260295	208698	225649	23230	24941	25026	26930	5412	5865	2485	2700	483184	508383	3943	4172	69267	73797	995427	1.0543e+006	662546	701290	
145	7.26453e+006	7.328e+006	266079	283474	229347	247679	25561	27422	27731	29808	6006	6503	2760	2997	510021	537039	4021	4252	75242	79974	1.07074e+006	1.13421e+006	711061	752958	
146	7.17766e+006	7.24598e+006	290054	308457	251609	271456	28070	30097	30629	32912	6646	7198	3045	3310	539610	568628	4119	4354	81938	86955	1.15276e+006	1.22108e+006	763945	809318	
147	7.08384e+006	7.15731e+006	315083	334581	275698	297071	30787	32965	33870	36378	7375	7969	3387	3667	572335	603532	4222	4463	88601	93891	1.24143e+006	1.3149e+006	821945	871003	
148	6.98294e+006	7.06171e+006	341344	361751	301843	324828	33698	36048	37300	40023	8164	8826	3734	4043	608234	641855	4332	4578	95527	100967	1.33703e+006	1.41579e+006	885119	938158	
149	6.87476e+006	6.95903e+006	368708	390032	329800	354338	36743	39244	41061	44051	9058	9779	4131	4470	647711	683985	4461	4714	102603	108258	1.43971e+006	1.52398e+006	953812	1.01108e+006	
150	6.75869e+006	6.8486e+006	397126	419216	359671	385808	40131	42796	45215	48464	10020	10813	4572	4951	691147	730323	4596	4853	110354	116141	1.55014e+006	1.64005e+006	1.02853e+006	1.09024e+006	
151	6.63487e+006	6.73052e+006	426533	449218	391492	419293	43667	46485	49679	53211	11128	11994	5072	5479	738700	780943	4736	5001	118006	123894	1.66822e+006	1.76386e+006	1.10936e+006	1.17579e+006	
152	6.50352e+006	6.60485e+006	456594	479684	425301	454533	47352	50311	54479	58315	12320	13255	5629	6078	790610	836276	4900	5171	125586	131435	1.79389e+006	1.89522e+006	1.19656e+006	1.26783e+006	
153	6.36446e+006	6.47139e+006	487366	510565	460391	491086	51217	54326	59692	63823	13653	14677	6240	6735	847542	896838	5079	5362	133372	139144	1.92734e+006	2.03427e+006	1.2902e+006	1.36653e+006	
154	6.21783e+006	6.33031e+006	518007	541137	497374	529332	55257	58488	65465	69920	15047	16149	6897	7421	909522	962757	5286	5583	140996	146712	2.06842e+006	2.1809e+006	1.39098e+006	1.47247e+006	
155	6.06435e+006	6.18208e+006	548138	570831	535776	568888	59554	62917	71539	76275	16602	17815	7614	8190	976976	1.0344e+006	5514	5824	148133	153593	2.21666e+006	2.33439e+006	1.49876e+006	1.5855e+006	
156	5.90445e+006	6.02721e+006	577301	599402	575165	609096	63787	67216	78130	83188	18292	19615	8383	9006	1.05048e+006	1.1123e+006	5753	6077	154743	160012	2.37152e+006	2.49428e+006	1.61355e+006	1.70552e+006	
157	5.73852e+006	5.86591e+006	605120	626305	615414	649824	68276	71773	84948	90318	20141	21597	9244	9930	1.13022e+006	1.19672e+006	6020	6363	161188	166049	2.53283e+006	2.66021e+006	1.73535e+006	1.83247e+006	
158	5.56741e+006	5.69883e+006	631035	650879	656272	690959	72869	76401	92389	98038	22134	23722	10188	10933	1.21609e+006	1.28745e+006	6319	6680	166884	171312	2.69991e+006	2.83133e+006	1.86419e+006	1.9664e+006	
159	5.39195e+006	5.52676e+006	654784	672930	697203	731667	77498	80996	99916	105844	24272	25981	11178	11981	1.30877e+006	1.38521e+006	6658	7036	171863	175663	2.87198e+006	3.00679e+006	1.99957e+006	2.10663e+006	
160	5.21328e+006	5.35087e+006	675691	691831	737211	771138	81914	85361	107887	114067	26644	28495	12286	13148	1.40849e+006	1.49015e+006	7025	7429	175621	178943	3.04787e+006	3.18546e+006	2.14112e+006	2.25282e+006	
161	5.03194e+006	5.17168e+006	693336	707480	776132	809021	86236	89572	116191	122596	29157	31145	13455	14374	1.51535e+006	1.60236e+006	7426	7857	178806	181725	3.22706e+006	3.3668e+006	2.28863e+006	2.40462e+006	
162	4.84958e+006	4.99059e+006	707081	718976	813316	844689	90486	93646	124638	131207	31929	34062	14705	15688	1.62935e+006	1.72172e+006	7872	8328	180553	182884	3.40814e+006	3.54915e+006	2.44138e+006	2.56115e+006	
163	4.66711e+006	4.80856e+006	716514	726527	848025	877348	94423	97351	133389	140063	34818	37101	16038	17095	1.75066e+006	1.84834e+006	8379	8868	181155	183355	3.59018e+006	3.73163e+006	2.59876e+006	2.72169e+006	
164	4.48568e+006	4.62671e+006	721573	730185	879306	906134	97943	100619	142138	148874	37965	40390	17466	18596	1.87931e+006	1.98231e+006	8904	9430	180525	182755	3.77203e+006	3.91306e+006	2.75977e+006	2.88532e+006	
165	4.30643e+006	4.44635e+006	721406	729433	907142	931253	100998	103415	150968	157675	41181	43739	18950	20138	2.01489e+006	2.12301e+006	9509	10075	178617	180994	3.95239e+006	4.09231e+006	2.92391e+006	3.0515e+006	
166	4.13071e+006	4.26844e+006	716088	724939	930585	951478	103648	105779	159601	166211	44620	47326	20556	21819	2.15701e+006	2.27008e+006	10174	10778	175284	178341	4.13029e+006	4.26803e+006	3.08995e+006	3.21879e+006	
167	3.9594e+006	4.09416e+006	705721	716388	948946	966668	105653	107496	167869	174275	48261	51081	22220	23528	2.30568e+006	2.42345e+006	10895	11537	170936	174656	4.30458e+006	4.43934e+006	3.25696e+006	3.38631e+006	
168	3.7936e+006	3.92472e+006	690591	703483	961819	976524	106964	108539	176026	182155	52031	54945	23943	25299	2.46003e+006	2.58199e+006	11682	12377	165512	169734	4.47402e+006	4.60514e+006	3.424e+006	3.55305e+006	
169	3.63431e+006	3.76111e+006	670952	686403	968344	980960	107625	109003	183507	189242	55921	58935	25705	27098	2.61984e+006	2.74549e+006	12544	13283	159061	163831	4.63763e+006	4.76442e+006	3.58967e+006	3.7178e+006	
170	3.48166e+006	3.60359e+006	648092	665814	968324	980202	107563	108906	190290	195516	59889	62990	27508	28930	2.784e+006	2.91285e+006	13493	14298	152456	157721	4.79515e+006	4.91708e+006	3.75325e+006	3.87947e+006	
171	3.33673e+006	3.45333e+006	621881	641621	960943	974064	106794	108255	196423	201139	63983	67136	29382	30841	2.95191e+006	3.0834e+006	14505	15363	144751	150437	4.94541e+006	5.06201e+006	3.91355e+006	4.03715e+006	
172	3.1997e+006	3.31048e+006	593241	614885	946947	962751	105242	106925	201542	205614	67983	71154	31246	32717	3.1227e+006	3.25613e+006	15622	16556	136894	142977	5.08825e+006	5.19903e+006	4.06969e+006	4.19001e+006	
173	3.07119e+006	3.17598e+006	562550	585697	926519	945612	103076	105040	205624	209064	71936	75053	33048	34493	3.29542e+006	3.43007e+006	16814	17826	128385	134627	5.22275e+006	5.32755e+006	4.22044e+006	4.33688e+006	
174	2.95116e+006	3.04966e+006	530046	554378	900754	923392	100333	102665	208137	210959	75919	78995	34879	36304	3.46933e+006	3.60444e+006	18119	19193	119953	126401	5.34908e+006	5.44758e+006	4.36569e+006	4.47776e+006	
175	2.8395e+006	2.93169e+006	496864	522001	869947	896205	96942	99624	209501	211939	79847	82821	36676	38064	3.64275e+006	3.77769e+006	19502	20648	111580	118048	5.46705e+006	5.55923e+006	4.50437e+006	4.61162e+006	
176	2.73617e+006	2.82201e+006	463235	488776	835170	864597	93087	96111	209437	211813	83532	86366	38355	39685	3.81513e+006	3.94886e+006	20977	22205	103269	109748	5.57673e+006	5.66257e+006	4.63633e+006	4.73833e+006	
177	2.64089e+006	2.72043e+006	430053	455794	796794	828873	88725	91993	207683	210301	86944	89591	39924	41173	3.98553e+006	4.11742e+006	22566	23872	95213	101637	5.6783e+006	5.75784e+006	4.76072e+006	4.85729e+006	
178	2.55372e+006	2.62699e+006	397218	422893	755720	790082	84081	87609	204498	207621	90040	92445	41356	42479	4.15263e+006	4.28199e+006	24280	25657	87119	93499	5.77175e+006	5.84501e+006	4.87774e+006	4.9686e+006	
179	2.47406e+006	2.5414e+006	365255	390481	712933	749034	79295	82966	200177	203964	92755	94924	42634	43653	4.31523e+006	4.4414e+006	26078	27526	79621	85632	5.85734e+006	5.92468e+006	4.98711e+006	5.0722e+006	
180	2.40154e+006	2.46314e+006	334451	359046	668588	705952	74375	78155	194720	199160	94982	96853	43710	44593	4.47331e+006	4.59573e+006	27972	29497	72469	78308	5.9356e+006	5.99719e+006	5.08882e+006	5.16813e+006	
181	2.33553e+006	2.39171e+006	305210	328872	624033	662179	69338	73180	188156	193255	96692	98293	44492	45249	4.62564e+006	4.74382e+006	29975	31578	65975	71459	6.00703e+006	6.0632e+006	5.18317e+006	5.25671e+006	
182	2.27585e+006	2.32682e+006	277735	300301	579187	617644	64418	68229	180642	186384	97869	99236	45059	45722	4.77196e+006	4.88541e+006	32052	33729	59645	64927	6.07192e+006	6.12288e+006	5.26999e+006	5.33774e+006	
183	2.222e+006	2.26818e+006	251927	273348	535172	573435	59658	63453	172500	178745	98536	99727	45353	45942	4.91114e+006	5.0195e+006	34207	35944	53816	58676	6.13055e+006	6.17674e+006	5.34955e+006	5.41186e+006	
184	2.17334e+006	2.215e+006	228088	248250	492391	530050	54994	58706	163746	170428	98446	99605	45318	45899	5.04336e+006	5.14633e+006	36470	38265	48633	53208	6.18373e+006	6.2254e+006	5.42247e+006	5.47946e+006	
185	2.12983e+006	2.16734e+006	205588	224484	451315	487996	50507	54129	154444	161441	97724	98978	44978	45574	5.16841e+006	5.26583e+006	38811	40648	43474	47694	6.23139e+006	6.26891e+006	5.48898e+006	5.54099e+006	
186	2.09075e+006	2.12444e+006	184979	202503	412108	447590	46160	49645	144890	152167	96380	97883	44344	45076	5.28594e+006	5.37775e+006	41203	43082	39036	42946	6.2743e+006	6.30798e+006	5.54947e+006	5.59667e+006	
187	2.05572e+006	2.08592e+006	166162	182383	374930	408858	42017	45340	135268	142702	94399	96169	43405	44268	5.39617e+006	5.48225e+006	43634	45550	34999	38555	6.31282e+006	6.34302e+006	5.60421e+006	5.64699e+006	
188	2.02453e+006	2.05162e+006	148675	163518	340401	372525	38132	41310	125643	133119	91972	94047	42275	43268	5.4988e+006	5.57904e+006	46102	48038	31145	34344	6.34712e+006	6.37421e+006	5.65383e+006	5.69244e+006	
189	1.99652e+006	2.02068e+006	133164	146805	307997	338326	34477	37483	116102	123581	88986	91376	40929	42054	5.59411e+006	5.66883e+006	48547	50488	27961	30983	6.37806e+006	6.40221e+006	5.69832e+006	5.73312e+006	
190	1.97163e+006	1.99322e+006	118973	131367	277993	306397	31134	33964	106873	114211	85636	88307	39336	40595	5.6823e+006	5.75148e+006	51028	52961	24847	27507	6.40552e+006	6.4271e+006	5.73843e+006	5.7697e+006	
191	1.9494e+006	1.96862e+006	106154	117455	250225	276691	28014	30679	98048	105145	81896	84787	37616	38978	5.7638e+006	5.82763e+006	53505	55409	22179	24644	6.43011e+006	6.44933e+006	5.77444e+006	5.80252e+006	
192	1.92979e+006	1.94696e+006	94567	104831	224684	249056	25162	27623	89609	96427	77905	80993	35741	37195	5.8388e+006	5.89742e+006	55884	57758	19559	21719	6.45178e+006	6.46895e+006	5.80657e+006	5.83177e+006	
193	1.91222e+006	1.92754e+006	84107	93333	201490	224014	22604	24869	81569	88089	73711	76953	33818	35339	5.90743e+006	5.96121e+006	58245	60077	17502	19484	6.4712e+006	6.48651e+006	5.83558e+006	5.85804e+006	
194	1.89665e+006	1.91034e+006	74760	83101	180196	200798	20210	22286	73991	80144	69352	72684	31819	33378	5.97051e+006	6.01959e+006	60536	62325	15501	17275	6.4884e+006	6.50208e+006	5.86134e+006	5.88143e+006	
195	1.88278e+006	1.895e+006	66376	73873	161159	179989	18063	19935	67000	72776	64884	68288	29775	31359	6.02773e+006	6.07242e+006	62733	64471	13797	15413	6.50374e+006	6.51596e+006	5.88442e+006	5.90232e+006	
196	1.87052e+006	1.8815e+006	58997	65731	143676	160749	16156	17859	60519	65953	60386	63831	27701	29291	6.07977e+006	6.12041e+006	64862	66546	12180	13576	6.51723e+006	6.52822e+006	5.90471e+006	5.92072e+006	
197	1.85958e+006	1.86943e+006	52346	58407	128046	143537	14384	15905	54414	59500	56017	59442	25711	27283	6.12705e+006	6.16392e+006	66938	68550	10851	12160	6.5293e+006	6.53916e+006	5.92292e+006	5.93722e+006	
198	1.84995e+006	1.85887e+006	46367	51803	114055	128121	12801	14182	48847	53537	51643	55011	23695	25232	6.16982e+006	6.20322e+006	68854	70393	9521	10671	6.53987e+006	6.54879e+006	5.93905e+006	5.95187e+006	
199	1.84138e+006	1.84951e+006	41031	45867	101362	114018	11391	12654	43806	48140	47489	50780	21758	23261	6.20858e+006	6.2387e+006	70655	72114	8461	9477	6.54923e+006	6.55736e+006	5.95342e+006	5.96492e+006	
200	1.83377e+006	1.84125e+006	36335	40672	90054	101439	10104	11231	39174	43171	43512	46691	19942	21400	6.2434e+006	6.27058e+006	72362	73738	7484	8382	6.55749e+006	6.56497e+006	5.96612e+006	5.9765e+006	
201	1.82704e+006	1.83395e+006	32095	35931	79883	90112	9002	10020	35068	38720	39734	42806	18212	19614	6.27476e+006	6.2992e+006	73926	75233	6610	7418	6.56479e+006	6.5717e+006	5.97741e+006	5.98678e+006	
202	1.82101e+006	1.82749e+006	28458	31859	70918	80134	7980	8898	31207	34511	36172	39098	16586	17927	6.30287e+006	6.32485e+006	75400	76617	5886	6598	6.57125e+006	6.57773e+006	5.98731e+006	5.99586e+006	
203	1.81567e+006	1.82179e+006	25214	28212	62824	71068	7086	7905	27852	30857	32774	35545	15041	16307	6.32814e+006	6.34786e+006	76769	77910	5215	5831	6.57695e+006	6.58307e+006	5.99605e+006	6.00393e+006	
204	1.81095e+006	1.81678e+006	22318	24968	55659	63022	6280	7013	24875	27595	29604	32216	13583	14781	6.35069e+006	6.3684e+006	78020	79088	4590	5137	6.58196e+006	6.58779e+006	6.00377e+006	6.01111e+006	
205	1.80679e+006	1.81239e+006	19723	22081	49240	55792	5555	6205	22104	24541	26726	29170	12263	13396	6.37099e+006	6.38683e+006	79166	80164	4014	4533	6.58634e+006	6.59195e+006	6.01059e+006	6.01746e+006	
206	1.80309e+006	1.80854e+006	17398	19473	43608	49474	4920	5518	19685	21876	24036	26314	11045	12107	6.38897e+006	6.4032e+006	80218	81155	3561	3990	6.59019e+006	6.59565e+006	6.01664e+006	6.02315e+006	
207	1.79979e+006	1.80513e+006	15343	17195	38595	43762	4333	4866	17456	19426	21580	23693	9914	10904	6.40517e+006	6.41791e+006	81169	82055	3162	3551	6.59361e+006	6.59895e+006	6.02197e+006	6.02821e+006	
208	1.79684e+006	1.80208e+006	13574	15237	34180	38744	3849	4319	15518	17307	19342	21287	8898	9817	6.41941e+006	6.43089e+006	82033	82861	2821	3180	6.59666e+006	6.6019e+006	6.02665e+006	6.03265e+006	
209	1.79428e+006	1.79945e+006	12012	13445	30214	34279	3395	3811	13724	15346	17289	19067	7967	8805	6.43218e+006	6.44256e+006	82823	83596	2451	2741	6.59929e+006	6.60446e+006	6.03076e+006	6.03658e+006	
210	1.79198e+006	1.79711e+006	10636	11905	26706	30300	3006	3373	12139	13575	15416	17052	7104	7866	6.44352e+006	6.45293e+006	83557	84276	2186	2448	6.60162e+006	6.60676e+006	6.03436e+006	6.04007e+006	
211	1.78993e+006	1.79504e+006	9406	10538	23627	26799	2661	2981	10719	12012	13729	15222	6333	7037	6.45359e+006	6.46214e+006	84199	84879	1933	2185	6.6037e+006	6.6088e+006	6.03756e+006	6.04319e+006	
212	1.78814e+006	1.79323e+006	8287	9257	20878	23694	2366	2647	9499	10641	12200	13566	5608	6251	6.46252e+006	6.47036e+006	84767	85423	1700	1900	6.6055e+006	6.6106e+006	6.0404e+006	6.04598e+006	
213	1.78653e+006	1.79161e+006	7362	8219	18408	20899	2087	2337	8386	9400	10880	12115	5004	5588	6.47042e+006	6.47765e+006	85267	85899	1526	1704	6.60712e+006	6.61221e+006	6.04286e+006	6.04839e+006	
214	1.78512e+006	1.79019e+006	6515	7268	16283	18489	1820	2046	7411	8306	9706	10824	4462	4990	6.47738e+006	6.4841e+006	85705	86316	1338	1498	6.60855e+006	6.61362e+006	6.04504e+006	6.05057e+006	
215	1.78386e+006	1.78893e+006	5762	6427	14422	16364	1608	1816	6573	7366	8618	9627	3965	4433	6.48349e+006	6.48979e+006	86123	86711	1180	1344	6.60981e+006	6.61488e+006	6.04699e+006	6.0525e+006	
216	1.78274e+006	1.78781e+006	5108	5717	12772	14479	1411	1595	5822	6535	7654	8557	3508	3928	6.48889e+006	6.49488e+006	86464	87040	1050	1186	6.61093e+006	6.616e+006	6.04869e+006	6.0542e+006	
217	1.78178e+006	1.78685e+006	4484	5027	11320	12811	1241	1402	5149	5767	6755	7567	3109	3485	6.49373e+006	6.49945e+006	86786	87348	901	1014	6.61189e+006	6.61695e+006	6.05021e+006	6.05572e+006	
218	1.78093e+006	1.786e+006	3944	4434	10001	11295	1087	1227	4543	5098	6001	6730	2764	3102	6.49799e+006	6.50351e+006	87073	87618	798	904	6.61274e+006	6.61781e+006	6.05154e+006	6.05705e+006	
219	1.78016e+006	1.78524e+006	3485	3902	8870	10037	957	1078	4002	4494	5330	5978	2445	2748	6.50169e+006	6.50706e+006	87327	87861	721	812	6.6135e+006	6.61858e+006	6.05273e+006	6.05824e+006	
220	1.77949e+006	1.78457e+006	3065	3426	7853	8893	843	954	3559	3997	4718	5297	2163	2441	6.50497e+006	6.51023e+006	87543	88075	630	710	6.61417e+006	6.61925e+006	6.05378e+006	6.0593e+006	
221	1.77888e+006	1.78396e+006	2732	3055	6920	7820	753	848	3149	3535	4179	4696	1919	2167	6.50787e+006	6.51306e+006	87742	88270	567	643	6.61477e+006	6.61985e+006	6.05467e+006	6.06019e+006	
222	1.77836e+006	1.78344e+006	2423	2708	6103	6916	668	757	2767	3113	3704	4156	1700	1920	6.51044e+006	6.51556e+006	87921	88439	488	558	6.6153e+006	6.62038e+006	6.05546e+006	6.06099e+006	
223	1.77787e+006	1.78297e+006	2148	2410	5376	6101	593	677	2464	2773	3275	3679	1501	1699	6.51269e+006	6.51779e+006	88072	88587	446	514	6.61577e+006	6.62087e+006	6.05617e+006	6.06171e+006	
224	1.77744e+006	1.78254e+006	1916	2153	4739	5385	523	603	2179	2449	2896	3252	1321	1498	6.51471e+006	6.51977e+006	88204	88715	399	453	6.61619e+006	6.62129e+006	6.05681e+006	6.06234e+006	
225	1.77708e+006	1.78218e+006	1681	1903	4194	4751	462	531	1933	2179	2551	2857	1161	1311	6.51649e+006	6.52152e+006	88325	88834	335	390	6.61655e+006	6.62166e+006	6.05737e+006	6.06291e+006	
226	1.77675e+006	1.78186e+006	1495	1693	3691	4181	407	469	1700	1917	2268	2545	1032	1169	6.51805e+006	6.52308e+006	88427	88934	301	350	6.61688e+006	6.62199e+006	6.05786e+006	6.06341e+006	
227	1.77646e+006	1.78158e+006	1313	1487	3290	3732	358	412	1495	1681	2013	2263	908	1031	6.51941e+006	6.52443e+006	88523	89027	264	307	6.61716e+006	6.62227e+006	6.05831e+006	6.06387e+006	
228	1.7762e+006	1.78132e+006	1154	1309	2929	3319	323	370	1323	1489	1780	2000	801	909	6.52061e+006	6.52563e+006	88606	89110	240	275	6.61742e+006	6.62253e+006	6.0587e+006	6.06427e+006	
229	1.77598e+006	1.7811e+006	1024	1158	2582	2939	285	328	1158	1307	1572	1763	708	802	6.5217e+006	6.52672e+006	88676	89178	205	239	6.61764e+006	6.62276e+006	6.05903e+006	6.06461e+006	
230	1.77579e+006	1.78091e+006	901	1017	2287	2612	253	294	1018	1149	1386	1553	626	708	6.52265e+006	6.52767e+006	88743	89242	178	210	6.61783e+006	6.62295e+006	6.05934e+006	6.06492e+006	
231	1.77561e+006	1.78073e+006	795	895	2014	2311	221	260	894	1006	1231	1378	548	618	6.5235e+006	6.52852e+006	88800	89296	159	184	6.618e+006	6.62312e+006	6.05961e+006	6.06519e+006	
232	1.77545e+006	1.78057e+006	708	797	1792	2052	198	232	787	888	1085	1221	486	550	6.52423e+006	6.52925e+006	88855	89350	152	178	6.61817e+006	6.62329e+006	6.05985e+006	6.06543e+006	
233	1.7753e+006	1.78042e+006	638	717	1578	1805	172	204	707	798	956	1076	427	483	6.52489e+006	6.52992e+006	88895	89389	135	159	6.61831e+006	6.62344e+006	6.06006e+006	6.06565e+006	
234	1.77517e+006	1.7803e+006	577	646	1383	1589	146	177	635	719	840	950	376	428	6.52547e+006	6.53051e+006	88931	89424	116	139	6.61844e+006	6.62357e+006	6.06024e+006	6.06583e+006	
235	1.77505e+006	1.78018e+006	526	589	1226	1403	129	155	567	642	741	840	334	380	6.52597e+006	6.53102e+006	88967	89460	106	129	6.61856e+006	6.62368e+006	6.0604e+006	6.06599e+006	
236	1.77496e+006	1.78008e+006	461	521	1092	1242	117	141	498	569	651	737	295	337	6.52642e+006	6.53148e+006	89005	89497	90	107	6.61866e+006	6.62378e+006	6.06056e+006	6.06614e+006	
237	1.77486e+006	1.77999e+006	410	464	974	1104	108	129	439	507	574	648	259	297	6.52683e+006	6.53189e+006	89031	89524	85	103	6.61875e+006	6.62387e+006	6.06069e+006	6.06628e+006	
238	1.77478e+006	1.77991e+006	366	414	864	983	95	113	388	449	503	571	227	263	6.52718e+006	6.53225e+006	89058	89550	72	88	6.61883e+006	6.62395e+006	6.06081e+006	6.0664e+006	
239	1.7747e+006	1.77983e+006	328	372	777	882	85	102	338	395	441	503	199	233	6.5275e+006	6.53257e+006	89081	89572	70	85	6.61891e+006	6.62403e+006	6.06092e+006	6.06651e+006	
240	1.77464e+006	1.77976e+006	296	338	696	789	77	93	300	351	388	444	176	206	6.52777e+006	6.53284e+006	89099	89590	59	73	6.61897e+006	6.6241e+006	6.06101e+006	6.06661e+006	
241	1.77457e+006	1.7797e+006	268	306	630	715	70	84	262	309	336	389	154	183	6.52802e+006	6.53309e+006	89117	89607	57	71	6.61904e+006	6.62416e+006	6.0611e+006	6.06669e+006	
242	1.77452e+006	1.77964e+006	248	282	559	637	60	73	240	281	302	348	137	163	6.52823e+006	6.5333e+006	89132	89623	51	65	6.61909e+006	6.62422e+006	6.06118e+006	6.06677e+006	
243	1.77446e+006	1.77959e+006	222	255	500	571	54	65	218	257	269	313	122	148	6.52842e+006	6.53349e+006	89145	89635	45	57	6.61914e+006	6.62427e+006	6.06125e+006	6.06685e+006	
244	1.77442e+006	1.77955e+006	201	235	446	511	49	60	192	229	242	282	110	134	6.52859e+006	6.53366e+006	89158	89648	39	51	6.61919e+006	6.62432e+006	6.06131e+006	6.06691e+006	
245	1.77438e+006	1.77951e+006	178	209	401	460	44	54	174	204	217	254	96	117	6.52875e+006	6.53382e+006	89166	89657	35	45	6.61923e+006	6.62436e+006	6.06137e+006	6.06697e+006	
246	1.77434e+006	1.77947e+006	159	186	366	420	41	51	154	180	189	223	86	106	6.52889e+006	6.53397e+006	89173	89663	32	42	6.61927e+006	6.62439e+006	6.06143e+006	6.06702e+006	
247	1.77431e+006	1.77943e+006	145	171	328	380	37	47	136	160	171	204	79	98	6.52901e+006	6.53409e+006	89181	89671	31	41	6.6193e+006	6.62443e+006	6.06147e+006	6.06707e+006	
248	1.77428e+006	1.7794e+006	132	155	296	345	35	46	115	138	154	184	70	89	6.52912e+006	6.5342e+006	89188	89679	26	35	6.61933e+006	6.62446e+006	6.06151e+006	6.06711e+006	
249	1.77424e+006	1.77937e+006	124	146	265	310	31	41	101	122	135	164	60	78	6.52923e+006	6.53431e+006	89195	89686	27	36	6.61936e+006	6.62449e+006	6.06155e+006	6.06714e+006	
250	1.77421e+006	1.77934e+006	119	141	241	283	28	38	93	111	118	146	52	69	6.52932e+006	6.5344e+006	89200	89691	28	36	6.6194e+006	6.62452e+006	6.06158e+006	6.06718e+006	
251	1.77419e+006	1.77931e+006	108	129	215	257	26	36	84	102	106	130	46	62	6.5294e+006	6.53448e+006	89205	89697	21	28	6.61942e+006	6.62455e+006	6.06162e+006	6.06721e+006	
252	1.77417e+006	1.77929e+006	101	120	194	231	23	31	73	89	92	114	40	55	6.52948e+006	6.53456e+006	89211	89703	19	26	6.61944e+006	6.62457e+006	6.06165e+006	6.06724e+006	
253	1.77414e+006	1.77927e+006	96	114	176	212	22	30	67	82	82	102	35	49	6.52954e+006	6.53462e+006	89216	89708	22	30	6.61947e+006	6.6246e+006	6.06167e+006	6.06727e+006	
254	1.77412e+006	1.77924e+006	86	104	167	199	20	27	63	78	72	90	31	43	6.5296e+006	6.53468e+006	89218	89711	19	25	6.61949e+006	6.62462e+006	6.06171e+006	6.0673e+006	
255	1.7741e+006	1.77922e+006	84	101	155	185	18	25	55	69	66	81	29	40	6.52965e+006	6.53473e+006	89222	89715	18	26	6.61952e+006	6.62464e+006	6.06173e+006	6.06732e+006	
256	1.77408e+006	1.7792e+006	84	100	143	172	16	23	49	62	59	72	24	34	6.52969e+006	6.53478e+006	89226	89718	19	26	6.61954e+006	6.62466e+006	6.06175e+006	6.06734e+006	
257	1.77406e+006	1.77918e+006	76	92	136	163	14	21	44	57	50	63	20	29	6.52974e+006	6.53483e+006	89229	89721	15	22	6.61956e+006	6.62468e+006	6.06178e+006	6.06737e+006	
258	1.77404e+006	1.77916e+006	73	90	128	153	14	21	39	52	45	56	19	27	6.52978e+006	6.53486e+006	89232	89724	15	22	6.61957e+006	6.6247e+006	6.0618e+006	6.06739e+006	
259	1.77402e+006	1.77914e+006	68	85	122	146	11	18	36	50	40	51	17	24	6.52982e+006	6.5349e+006	89233	89726	14	21	6.61959e+006	6.62471e+006	6.06182e+006	6.06741e+006	
260	1.774e+006	1.77913e+006	63	80	114	139	10	16	35	47	36	47	16	24	6.52986e+006	6.53494e+006	89234	89727	14	21	6.61961e+006	6.62473e+006	6.06184e+006	6.06743e+006	
261	1.77399e+006	1.77911e+006	59	76	109	132	10	15	34	44	32	42	14	21	6.52989e+006	6.53497e+006	89236	89728	11	17	6.61962e+006	6.62475e+006	6.06185e+006	6.06744e+006	
262	1.77397e+006	1.77909e+006	60	76	105	127	10	15	32	42	28	36	12	18	6.52991e+006	6.535e+006	89237	89729	16	22	6.61964e+006	6.62477e+006	6.06187e+006	6.06746e+006	
263	1.77396e+006	1.77908e+006	60	74	96	118	10	16	31	40	25	34	12	19	6.52994e+006	6.53502e+006	89238	89730	13	20	6.61966e+006	6.62478e+006	6.06189e+006	6.06748e+006	
264	1.77394e+006	1.77906e+006	58	72	92	115	9	15	32	41	23	31	11	18	6.52997e+006	6.53505e+006	89239	89731	13	18	6.61968e+006	6.6248e+006	6.0619e+006	6.06749e+006	
265	1.77392e+006	1.77905e+006	60	74	85	107	9	15	29	37	20	28	10	16	6.52999e+006	6.53507e+006	89240	89732	13	19	6.61969e+006	6.62481e+006	6.06192e+006	6.0675e+006	
266	1.77391e+006	1.77903e+006	56	69	81	103	10	15	25	33	19	26	9	15	6.53002e+006	6.5351e+006	89241	89733	12	17	6.61971e+006	6.62483e+006	6.06193e+006	6.06752e+006	
267	1.7739e+006	1.77902e+006	55	68	80	101	10	15	23	31	17	24	9	14	6.53004e+006	6.53512e+006	89242	89734	12	18	6.61972e+006	6.62484e+006	6.06195e+006	6.06754e+006	
268	1.77388e+006	1.779e+006	53	65	78	98	9	14	22	30	16	23	9	14	6.53006e+006	6.53514e+006	89242	89734	11	16	6.61974e+006	6.62486e+006	6.06196e+006	6.06755e+006	
269	1.77387e+006	1.77899e+006	51	63	77	97	9	14	20	28	14	22	8	13	6.53008e+006	6.53516e+006	89243	89735	11	16	6.61975e+006	6.62487e+006	6.06198e+006	6.06756e+006	
270	1.77386e+006	1.77898e+006	48	61	74	94	9	14	18	25	14	20	7	12	6.5301e+006	6.53518e+006	89244	89736	10	15	6.61976e+006	6.62488e+006	6.06199e+006	6.06758e+006	
271	1.77384e+006	1.77896e+006	49	61	76	95	8	13	16	23	13	19	7	12	6.53012e+006	6.5352e+006	89244	89736	13	19	6.61978e+006	6.6249e+006	6.06201e+006	6.06759e+006	
272	1.77383e+006	1.77895e+006	48	60	72	91	7	12	17	24	13	19	7	11	6.53014e+006	6.53522e+006	89244	89736	10	15	6.61979e+006	6.62491e+006	6.06202e+006	6.0676e+006	
273	1.77381e+006	1.77893e+006	48	60	71	88	7	11	17	24	12	18	6	10	6.53016e+006	6.53523e+006	89244	89737	11	16	6.6198e+006	6.62492e+006	6.06203e+006	6.06762e+006	
274	1.7738e+006	1.77892e+006	48	60	68	85	7	11	17	24	12	17	6	10	6.53017e+006	6.53525e+006	89245	89737	10	14	6.61981e+006	6.62493e+006	6.06204e+006	6.06763e+006	
275	1.77379e+006	1.77891e+006	45	55	69	85	6	10	15	22	11	17	5	9	6.53019e+006	6.53527e+006	89245	89737	10	14	6.61983e+006	6.62495e+006	6.06206e+006	6.06764e+006	
276	1.77378e+006	1.7789e+006	45	55	66	84	6	10	14	20	10	16	5	9	6.53021e+006	6.53528e+006	89245	89737	10	15	6.61984e+006	6.62496e+006	6.06207e+006	6.06765e+006	
277	1.77376e+006	1.77888e+006	44	55	65	81	6	11	14	21	10	16	4	8	6.53022e+006	6.5353e+006	89245	89737	10	16	6.61985e+006	6.62497e+006	6.06208e+006	6.06767e+006	
278	1.77375e+006	1.77887e+006	45	57	64	78	6	11	13	19	10	16	5	8	6.53024e+006	6.53531e+006	89246	89738	10	16	6.61987e+006	6.62499e+006	6.06209e+006	6.06768e+006	
279	1.77374e+006	1.77886e+006	44	57	63	77	6	10	13	19	9	14	4	8	6.53025e+006	6.53533e+006	89246	89738	9	15	6.61988e+006	6.625e+006	6.0621e+006	6.06769e+006	
280	1.77373e+006	1.77885e+006	45	58	62	77	7	11	12	18	8	13	4	7	6.53026e+006	6.53534e+006	89247	89739	11	16	6.61989e+006	6.62501e+006	6.06211e+006	6.0677e+006	
281	1.77371e+006	1.77883e+006	43	57	59	75	7	11	13	19	7	12	3	7	6.53028e+006	6.53536e+006	89247	89739	9	14	6.6199e+006	6.62502e+006	6.06213e+006	6.06771e+006	
282	1.7737e+006	1.77882e+006	43	56	60	76	6	10	13	20	7	11	3	6	6.53029e+006	6.53537e+006	89247	89739	10	15	6.61991e+006	6.62503e+006	6.06214e+006	6.06772e+006	
283	1.77369e+006	1.77881e+006	44	56	59	75	6	10	12	18	7	11	3	6	6.53031e+006	6.53538e+006	89247	89739	10	16	6.61993e+006	6.62505e+006	6.06215e+006	6.06774e+006	
284	1.77368e+006	1.7788e+006	39	51	60	77	6	10	11	17	7	11	2	6	6.53032e+006	6.5354e+006	89247	89739	6	10	6.61994e+006	6.62506e+006	6.06216e+006	6.06775e+006	
285	1.77367e+006	1.77879e+006	39	52	59	77	6	10	12	17	6	10	3	6	6.53033e+006	6.53541e+006	89248	89740	9	15	6.61995e+006	6.62507e+006	6.06217e+006	6.06776e+006	
286	1.77366e+006	1.77878e+006	39	52	59	77	5	10	11	17	6	10	3	6	6.53035e+006	6.53542e+006	89248	89740	10	15	6.61996e+006	6.62508e+006	6.06218e+006	6.06777e+006	
287	1.77364e+006	1.77876e+006	38	51	59	77	5	10	10	16	6	10	3	6	6.53036e+006	6.53544e+006	89248	89740	9	14	6.61997e+006	6.62509e+006	6.0622e+006	6.06778e+006	
288	1.77363e+006	1.77875e+006	41	53	55	72	5	9	11	16	5	9	3	6	6.53037e+006	6.53545e+006	89248	89740	8	14	6.61998e+006	6.6251e+006	6.0622e+006	6.06779e+006	
289	1.77362e+006	1.77874e+006	41	52	56	72	4	9	11	17	5	9	2	5	6.53038e+006	6.53546e+006	89248	89740	9	14	6.61999e+006	6.62511e+006	6.06221e+006	6.0678e+006	
290	1.77361e+006	1.77873e+006	38	49	54	72	4	8	10	17	4	8	2	6	6.5304e+006	6.53547e+006	89249	89741	7	11	6.62e+006	6.62512e+006	6.06223e+006	6.06781e+006	
291	1.7736e+006	1.77872e+006	35	46	55	73	4	8	10	16	5	9	2	6	6.53041e+006	6.53549e+006	89249	89741	7	11	6.62001e+006	6.62513e+006	6.06224e+006	6.06782e+006	
292	1.77359e+006	1.77871e+006	36	46	54	72	3	8	10	17	5	9	3	6	6.53042e+006	6.5355e+006	89249	89741	9	14	6.62002e+006	6.62514e+006	6.06225e+006	6.06783e+006	
293	1.77358e+006	1.7787e+006	35	45	54	70	3	7	11	19	5	8	2	5	6.53043e+006	6.53551e+006	89249	89741	8	14	6.62004e+006	6.62515e+006	6.06226e+006	6.06784e+006	
294	1.77357e+006	1.77869e+006	37	48	54	70	4	8	11	18	4	8	2	5	6.53044e+006	6.53552e+006	89249	89741	9	14	6.62005e+006	6.62517e+006	6.06227e+006	6.06785e+006	
295	1.77356e+006	1.77868e+006	39	50	52	67	3	7	11	17	4	8	2	5	6.53045e+006	6.53553e+006	89250	89741	9	14	6.62006e+006	6.62518e+006	6.06228e+006	6.06786e+006	
296	1.77355e+006	1.77867e+006	37	49	52	66	3	7	11	18	4	8	2	5	6.53047e+006	6.53554e+006	89250	89742	7	12	6.62007e+006	6.62519e+006	6.06229e+006	6.06787e+006	
297	1.77354e+006	1.77866e+006	41	52	51	65	3	7	11	18	4	8	2	4	6.53048e+006	6.53555e+006	89250	89742	12	17	6.62008e+006	6.6252e+006	6.0623e+006	6.06788e+006	
298	1.77353e+006	1.77865e+006	40	50	51	65	3	7	10	16	4	8	1	4	6.53049e+006	6.53557e+006	89250	89742	7	12	6.62009e+006	6.62521e+006	6.06231e+006	6.06789e+006	
299	1.77352e+006	1.77864e+006	39	49	51	65	4	7	9	15	5	9	2	5	6.5305e+006	6.53558e+006	89250	89742	8	13	6.6201e+006	6.62522e+006	6.06232e+006	6.0679e+006	
300	1.77351e+006	1.77863e+006	40	50	52	66	3	7	9	14	4	8	1	4	6.53051e+006	6.53559e+006	89250	89743	8	13	6.62011e+006	6.62523e+006	6.06233e+006	6.06791e+006	
301	1.77349e+006	1.77861e+006	37	49	56	71	4	7	9	14	4	8	1	4	6.53052e+006	6.5356e+006	89250	89743	9	15	6.62012e+006	6.62524e+006	6.06234e+006	6.06792e+006	
302	1.77348e+006	1.7786e+006	37	49	53	68	4	8	9	14	5	9	1	4	6.53053e+006	6.53561e+006	89250	89743	8	13	6.62013e+006	6.62525e+006	6.06235e+006	6.06793e+006	
303	1.77347e+006	1.77859e+006	41	53	52	66	5	9	8	13	5	9	2	4	6.53054e+006	6.53562e+006	89251	89743	11	17	6.62015e+006	6.62527e+006	6.06236e+006	6.06794e+006	
304	1.77346e+006	1.77858e+006	42	53	51	64	6	10	10	16	5	9	2	4	6.53055e+006	6.53563e+006	89251	89743	9	13	6.62016e+006	6.62528e+006	6.06237e+006	6.06795e+006	
305	1.77345e+006	1.77857e+006	41	52	51	66	6	10	9	16	5	9	2	4	6.53056e+006	6.53564e+006	89251	89743	9	14	6.62017e+006	6.62529e+006	6.06238e+006	6.06796e+006	
306	1.77344e+006	1.77856e+006	41	52	52	67	6	10	10	16	4	8	1	4	6.53057e+006	6.53565e+006	89251	89743	8	13	6.62018e+006	6.6253e+006	6.06239e+006	6.06797e+006	
307	1.77342e+006	1.77855e+006	39	48	51	67	6	10	12	19	4	7	1	4	6.53058e+006	6.53566e+006	89251	89743	9	14	6.62019e+006	6.62531e+006	6.0624e+006	6.06799e+006	
308	1.77341e+006	1.77853e+006	41	51	53	68	5	9	12	18	4	8	2	4	6.53059e+006	6.53567e+006	89251	89743	10	15	6.6202e+006	6.62533e+006	6.06241e+006	6.068e+006	
309	1.7734e+006	1.77852e+006	42	52	55	70	4	8	11	17	4	9	1	4	6.5306e+006	6.53568e+006	89252	89744	10	15	6.62022e+006	6.62534e+006	6.06242e+006	6.06801e+006	
310	1.77339e+006	1.77851e+006	42	52	55	70	4	8	10	17	5	10	2	5	6.53062e+006	6.53569e+006	89252	89744	8	12	6.62023e+006	6.62535e+006	6.06243e+006	6.06802e+006	
311	1.77338e+006	1.7785e+006	41	51	55	69	4	8	11	17	5	9	2	4	6.53063e+006	6.5357e+006	89252	89744	9	13	6.62024e+006	6.62536e+006	6.06244e+006	6.06803e+006	
312	1.77337e+006	1.77849e+006	42	51	57	71	4	9	11	18	4	9	2	4	6.53064e+006	6.53571e+006	89252	89744	10	16	6.62025e+006	6.62537e+006	6.06245e+006	6.06804e+006	
313	1.77335e+006	1.77847e+006	44	53	56	69	4	8	9	15	5	9	2	5	6.53065e+006	6.53573e+006	89252	89744	12	17	6.62027e+006	6.62539e+006	6.06247e+006	6.06805e+006	
314	1.77334e+006	1.77846e+006	45	55	55	68	5	9	9	14	5	9	2	5	6.53066e+006	6.53574e+006	89252	89744	9	14	6.62028e+006	6.6254e+006	6.06247e+006	6.06806e+006	
315	1.77333e+006	1.77845e+006	46	56	55	68	5	9	10	16	5	9	2	5	6.53067e+006	6.53575e+006	89252	89744	10	14	6.62029e+006	6.62541e+006	6.06249e+006	6.06807e+006	
316	1.77332e+006	1.77844e+006	43	52	57	70	5	9	9	14	5	9	2	5	6.53068e+006	6.53576e+006	89253	89744	7	12	6.6203e+006	6.62542e+006	6.0625e+006	6.06808e+006	
317	1.77331e+006	1.77842e+006	41	51	59	72	6	10	7	12	5	10	2	5	6.5307e+006	6.53578e+006	89253	89744	10	16	6.62031e+006	6.62543e+006	6.06251e+006	6.06809e+006	
318	1.77329e+006	1.77841e+006	43	54	59	72	5	9	8	12	4	9	2	5	6.53071e+006	6.53579e+006	89253	89745	11	17	6.62033e+006	6.62545e+006	6.06252e+006	6.0681e+006	
319	1.77328e+006	1.7784e+006	41	52	58	70	5	10	8	12	4	8	2	5	6.53072e+006	6.5358e+006	89253	89745	8	12	6.62034e+006	6.62546e+006	6.06253e+006	6.06811e+006	
320	1.77327e+006	1.77839e+006	43	53	57	70	6	10	7	12	4	7	2	4	6.53073e+006	6.53581e+006	89253	89745	9	14	6.62035e+006	6.62547e+006	6.06254e+006	6.06812e+006	
321	1.77326e+006	1.77838e+006	42	52	59	72	6	10	7	12	4	8	2	4	6.53075e+006	6.53582e+006	89253	89745	9	15	6.62036e+006	6.62548e+006	6.06255e+006	6.06813e+006	
322	1.77325e+006	1.77836e+006	41	50	60	74	5	10	9	14	4	8	2	4	6.53076e+006	6.53583e+006	89253	89745	10	15	6.62037e+006	6.62549e+006	6.06257e+006	6.06815e+006	
323	1.77323e+006	1.77835e+006	43	53	57	70	5	9	11	16	3	6	1	3	6.53077e+006	6.53585e+006	89254	89746	10	14	6.62038e+006	6.6255e+006	6.06258e+006	6.06816e+006	
324	1.77322e+006	1.77834e+006	43	54	56	70	5	8	10	16	4	7	1	4	6.53078e+006	6.53586e+006	89254	89746	9	14	6.6204e+006	6.62552e+006	6.06259e+006	6.06817e+006	
325	1.77321e+006	1.77833e+006	43	55	56	71	4	8	10	16	4	7	1	3	6.53079e+006	6.53587e+006	89254	89746	10	16	6.62041e+006	6.62553e+006	6.0626e+006	6.06818e+006	
326	1.7732e+006	1.77832e+006	42	53	60	74	4	7	11	16	4	8	2	4	6.5308e+006	6.53588e+006	89254	89746	9	13	6.62042e+006	6.62554e+006	6.06261e+006	6.06819e+006	
327	1.77318e+006	1.77831e+006	43	54	59	72	4	8	11	17	4	8	2	4	6.53081e+006	6.53589e+006	89254	89746	10	16	6.62043e+006	6.62555e+006	6.06262e+006	6.0682e+006	
328	1.77317e+006	1.77829e+006	42	55	56	69	5	9	11	17	5	9	2	5	6.53083e+006	6.5359e+006	89254	89746	9	14	6.62044e+006	6.62556e+006	6.06263e+006	6.06821e+006	
329	1.77316e+006	1.77828e+006	42	54	58	72	5	10	10	16	4	8	1	4	6.53084e+006	6.53591e+006	89254	89746	9	15	6.62046e+006	6.62558e+006	6.06264e+006	6.06822e+006	
330	1.77315e+006	1.77827e+006	43	55	57	72	5	10	10	16	4	8	2	4	6.53085e+006	6.53593e+006	89254	89746	10	15	6.62047e+006	6.62559e+006	6.06265e+006	6.06823e+006	
331	1.77314e+006	1.77826e+006	41	52	57	73	6	10	10	16	4	8	2	5	6.53086e+006	6.53594e+006	89254	89746	8	13	6.62048e+006	6.6256e+006	6.06266e+006	6.06825e+006	
332	1.77313e+006	1.77825e+006	41	52	56	73	6	10	11	17	4	8	2	5	6.53087e+006	6.53595e+006	89254	89746	9	14	6.62049e+006	6.62561e+006	6.06267e+006	6.06826e+006	
333	1.77311e+006	1.77824e+006	40	50	57	72	6	10	11	17	4	9	2	4	6.53089e+006	6.53596e+006	89254	89747	9	14	6.6205e+006	6.62562e+006	6.06268e+006	6.06827e+006	
334	1.7731e+006	1.77822e+006	41	51	58	74	5	9	11	17	4	8	1	4	6.5309e+006	6.53597e+006	89254	89747	10	16	6.62051e+006	6.62564e+006	6.0627e+006	6.06828e+006	
335	1.77309e+006	1.77821e+006	42	52	56	72	5	9	11	18	4	8	2	4	6.53091e+006	6.53599e+006	89254	89747	9	14	6.62052e+006	6.62565e+006	6.06271e+006	6.06829e+006	
336	1.77308e+006	1.7782e+006	41	52	56	71	5	10	11	17	4	7	1	3	6.53092e+006	6.536e+006	89255	89747	8	13	6.62053e+006	6.62566e+006	6.06272e+006	6.0683e+006	
337	1.77307e+006	1.77819e+006	41	53	55	69	5	10	12	18	4	8	1	3	6.53093e+006	6.53601e+006	89255	89747	9	14	6.62055e+006	6.62567e+006	6.06273e+006	6.06831e+006	
338	1.77306e+006	1.77818e+006	37	48	55	70	5	11	12	18	4	7	1	3	6.53094e+006	6.53602e+006	89255	89748	7	11	6.62056e+006	6.62568e+006	6.06274e+006	6.06832e+006	
339	1.77304e+006	1.77817e+006	39	50	55	70	5	10	12	18	4	7	1	3	6.53096e+006	6.53603e+006	89256	89748	11	16	6.62057e+006	6.62569e+006	6.06275e+006	6.06833e+006	
340	1.77303e+006	1.77815e+006	43	54	53	66	7	11	11	17	4	8	1	4	6.53097e+006	6.53605e+006	89256	89748	12	17	6.62058e+006	6.62571e+006	6.06276e+006	6.06834e+006	
341	1.77302e+006	1.77814e+006	44	55	54	68	6	10	10	15	4	7	1	3	6.53098e+006	6.53606e+006	89256	89748	9	15	6.62059e+006	6.62572e+006	6.06277e+006	6.06835e+006	
342	1.773e+006	1.77813e+006	46	58	53	67	5	9	10	15	4	8	1	4	6.53099e+006	6.53607e+006	89256	89748	9	15	6.62061e+006	6.62573e+006	6.06278e+006	6.06836e+006	
343	1.77299e+006	1.77812e+006	46	59	54	69	5	9	9	14	4	8	1	4	6.531e+006	6.53608e+006	89256	89748	11	17	6.62062e+006	6.62575e+006	6.06279e+006	6.06837e+006	
344	1.77298e+006	1.7781e+006	43	56	56	72	5	9	8	14	5	8	2	5	6.53102e+006	6.53609e+006	89256	89748	9	14	6.62063e+006	6.62576e+006	6.0628e+006	6.06839e+006	
345	1.77297e+006	1.77809e+006	43	55	57	73	4	8	9	15	4	8	2	5	6.53103e+006	6.53611e+006	89256	89749	9	14	6.62064e+006	6.62577e+006	6.06281e+006	6.0684e+006	
346	1.77296e+006	1.77808e+006	43	54	59	75	3	7	9	15	5	8	2	5	6.53104e+006	6.53612e+006	89256	89749	9	14	6.62065e+006	6.62578e+006	6.06282e+006	6.06841e+006	
347	1.77294e+006	1.77807e+006	42	53	61	78	4	7	9	14	4	8	2	5	6.53105e+006	6.53613e+006	89256	89749	10	15	6.62067e+006	6.62579e+006	6.06284e+006	6.06842e+006	
348	1.77293e+006	1.77806e+006	41	52	64	81	4	7	8	14	4	8	1	4	6.53106e+006	6.53614e+006	89257	89749	8	13	6.62068e+006	6.6258e+006	6.06285e+006	6.06844e+006	
349	1.77292e+006	1.77805e+006	40	51	62	79	3	7	8	14	4	8	1	4	6.53107e+006	6.53615e+006	89257	89749	8	13	6.62069e+006	6.62582e+006	6.06286e+006	6.06845e+006	
350	1.77291e+006	1.77804e+006	39	50	58	74	4	8	9	15	4	8	1	4	6.53108e+006	6.53616e+006	89257	89749	8	13	6.6207e+006	6.62583e+006	6.06287e+006	6.06846e+006	
351	1.7729e+006	1.77803e+006	38	48	58	73	5	9	9	15	5	9	1	4	6.5311e+006	6.53618e+006	89257	89749	8	13	6.62071e+006	6.62584e+006	6.06288e+006	6.06847e+006	
352	1.77289e+006	1.77801e+006	39	50	57	72	5	10	9	15	4	9	1	4	6.53111e+006	6.53619e+006	89257	89749	9	15	6.62072e+006	6.62585e+006	6.06289e+006	6.06848e+006	
353	1.77288e+006	1.778e+006	39	50	53	68	6	10	11	17	5	9	1	4	6.53112e+006	6.5362e+006	89257	89749	9	14	6.62073e+006	6.62586e+006	6.0629e+006	6.06849e+006	
354	1.77287e+006	1.77799e+006	41	53	52	67	6	10	11	18	4	9	1	3	6.53113e+006	6.53621e+006	89257	89749	11	16	6.62075e+006	6.62587e+006	6.06291e+006	6.0685e+006	
355	1.77285e+006	1.77798e+006	43	56	51	66	6	10	12	19	4	9	1	3	6.53114e+006	6.53622e+006	89257	89749	10	16	6.62076e+006	6.62588e+006	6.06292e+006	6.06851e+006	
356	1.77284e+006	1.77796e+006	44	56	53	68	5	9	11	18	5	9	1	3	6.53115e+006	6.53623e+006	89258	89749	11	15	6.62077e+006	6.6259e+006	6.06293e+006	6.06852e+006	
357	1.77283e+006	1.77795e+006	45	56	53	67	5	9	10	17	5	9	1	3	6.53116e+006	6.53625e+006	89258	89750	9	14	6.62079e+006	6.62591e+006	6.06294e+006	6.06853e+006	
358	1.77282e+006	1.77794e+006	44	55	55	71	4	8	10	17	5	10	1	4	6.53118e+006	6.53626e+006	89258	89750	10	15	6.6208e+006	6.62592e+006	6.06296e+006	6.06854e+006	
359	1.7728e+006	1.77793e+006	44	53	56	72	5	9	9	16	5	9	1	4	6.53119e+006	6.53627e+006	89258	89750	9	14	6.62081e+006	6.62593e+006	6.06297e+006	6.06855e+006	
360	1.77279e+006	1.77791e+006	45	56	57	74	5	10	8	15	5	9	1	4	6.5312e+006	6.53628e+006	89258	89750	11	18	6.62082e+006	6.62595e+006	6.06298e+006	6.06856e+006	
361	1.77278e+006	1.7779e+006	44	56	57	74	6	11	7	12	5	9	1	4	6.53121e+006	6.53629e+006	89258	89750	9	14	6.62084e+006	6.62596e+006	6.06299e+006	6.06857e+006	
362	1.77277e+006	1.77789e+006	45	57	58	74	5	11	7	12	5	9	2	4	6.53122e+006	6.5363e+006	89258	89750	10	16	6.62085e+006	6.62597e+006	6.063e+006	6.06858e+006	
363	1.77275e+006	1.77787e+006	47	59	59	75	5	10	8	13	5	9	2	4	6.53123e+006	6.53631e+006	89259	89750	11	16	6.62086e+006	6.62599e+006	6.06301e+006	6.0686e+006	
364	1.77274e+006	1.77786e+006	46	58	60	76	6	11	8	14	5	10	2	5	6.53125e+006	6.53633e+006	89259	89751	11	17	6.62088e+006	6.626e+006	6.06302e+006	6.06861e+006	
