Day	Susceptible-LB	Susceptible-UB	Exposed-LB	Exposed-UB	Current Detected Mild Infections-LB	Current Detected Mild Infections-UB	Current Undetected Mild Infections-LB	Current Undetected Mild Infections-UB	Current Hospitalizations-LB	Current Hospitalizations-UB	Current ICU patients-LB	Current ICU patients-UB	ventilators-LB	ventilators-UB	Recovered-LB	Recovered-UB	Deaths-LB	Deaths-UB	new infections today-LB	new infections today-UB	total number of infections-LB	total number of infections-UB	Confirmed total number of infections-LB	Confirmed total number of infections-UB	
0	542363	542363	1	1	0	0	0	0	0	0	0	0	0	0	0	0	0	0	0	0	1	1	0	0	
1	542360	542360	4	4	0	0	0	0	0	0	0	0	0	0	0	0	0	0	3	3	4	4	0	0	
2	542357	542357	7	7	0	0	0	0	0	0	0	0	0	0	0	0	0	0	3	3	7	7	0	0	
3	542353	542353	11	11	0	0	0	0	0	0	0	0	0	0	0	0	0	0	4	4	11	11	0	0	
4	542348	542348	15	15	1	1	0	0	0	0	0	0	0	0	0	0	0	0	4	5	16	16	1	1	
5	542341	542342	18	19	3	3	1	1	0	0	0	0	0	0	0	0	0	0	6	7	22	23	3	3	
6	542333	542335	22	24	5	6	1	2	0	0	0	0	0	0	0	0	0	0	7	8	29	31	5	6	
7	542323	542325	28	29	8	9	2	3	0	0	0	0	0	0	0	0	0	0	9	10	39	41	8	9	
8	542311	542314	34	37	12	13	3	4	0	0	0	0	0	0	0	0	0	0	11	13	50	53	12	13	
9	542295	542299	43	47	16	18	5	6	0	0	0	0	0	0	0	0	0	0	15	17	65	69	16	18	
10	542274	542280	55	60	21	23	7	8	0	0	0	0	0	0	1	1	0	0	19	21	84	90	22	23	
11	542249	542257	68	74	26	28	9	10	0	1	0	0	0	0	3	4	0	0	23	25	107	115	30	31	
12	542218	542227	86	93	32	35	11	12	1	1	0	0	0	0	6	6	0	0	29	32	137	146	38	40	
13	542179	542191	108	116	40	44	13	15	2	2	0	0	0	0	9	10	0	0	36	39	173	185	50	53	
14	542133	542148	131	141	51	57	16	18	3	3	0	0	0	0	13	13	0	0	42	46	216	231	64	69	
15	542075	542095	162	175	64	71	21	23	4	4	0	0	0	0	18	19	0	0	53	58	269	289	82	87	
16	542010	542034	193	208	80	89	26	28	5	6	0	0	0	0	24	25	0	0	60	66	330	354	104	112	
17	541937	541967	224	242	100	111	32	35	6	7	0	1	0	1	32	34	0	0	67	73	397	427	132	141	
18	541854	541890	258	280	123	136	40	44	8	9	1	1	1	1	41	44	0	0	77	84	474	510	165	176	
19	541761	541804	290	314	151	168	50	55	9	11	1	1	1	1	54	58	0	0	85	93	560	603	205	220	
20	541662	541713	321	348	182	202	60	66	13	14	1	2	1	1	70	75	0	0	91	99	651	702	252	270	
21	541560	541618	349	377	215	239	71	78	16	18	2	2	1	1	89	95	0	0	94	102	746	804	304	326	
22	541455	541521	369	399	249	277	84	92	20	22	2	2	1	1	115	122	0	0	97	106	843	909	362	390	
23	541351	541424	379	410	286	319	96	105	25	27	2	3	1	2	145	155	0	0	96	104	940	1013	429	462	
24	541256	541336	376	407	322	359	108	118	31	34	3	4	2	2	181	194	0	0	88	96	1028	1108	500	539	
25	541169	541256	361	392	352	392	119	129	38	42	4	4	2	3	227	244	0	0	80	87	1108	1195	573	617	
26	541100	541191	329	356	378	421	129	140	46	50	5	5	3	3	278	300	0	0	64	70	1173	1264	648	698	
27	541049	541144	280	303	398	444	137	149	55	59	5	6	3	3	336	362	0	1	47	51	1220	1315	723	779	
28	541019	541116	219	238	408	454	139	151	64	70	6	7	3	4	402	434	1	1	27	30	1248	1345	793	855	
29	540956	541058	197	214	403	449	138	150	74	80	8	9	4	4	477	514	1	1	57	63	1306	1408	857	924	
30	540895	541003	188	205	383	427	131	142	82	89	10	12	5	6	557	601	1	1	55	61	1361	1469	909	980	
31	540841	540952	191	208	349	389	119	129	90	97	13	14	6	7	642	692	1	1	50	55	1412	1523	949	1022	
32	540790	540906	210	229	298	332	100	110	96	105	16	18	7	8	729	786	1	1	47	51	1458	1574	974	1049	
33	540741	540861	197	215	270	301	91	100	102	111	19	21	9	10	816	880	1	2	44	49	1503	1623	1021	1101	
34	540698	540820	182	198	244	274	84	92	104	113	23	25	10	12	899	970	1	2	40	44	1544	1666	1066	1150	
35	540659	540784	168	182	222	249	76	84	103	111	26	29	12	14	977	1053	1	2	36	39	1580	1705	1107	1195	
36	540623	540751	154	168	209	235	73	79	98	107	30	33	14	16	1042	1123	2	2	33	37	1613	1741	1145	1236	
37	540588	540719	141	154	207	233	72	79	90	98	34	37	15	17	1093	1179	2	3	31	35	1645	1776	1181	1275	
38	540554	540688	132	144	216	243	76	82	77	84	38	41	17	19	1130	1218	2	3	31	34	1676	1810	1212	1308	
39	540521	540657	126	139	200	225	70	77	69	75	41	45	19	21	1192	1286	3	3	31	34	1707	1843	1242	1340	
40	540488	540628	123	135	183	206	64	70	63	68	44	48	20	22	1250	1350	3	4	29	33	1736	1876	1269	1370	
41	540459	540600	118	130	170	191	60	65	58	62	45	49	20	23	1304	1408	4	5	27	30	1764	1905	1295	1398	
42	540431	540575	112	124	159	180	54	59	54	59	45	49	21	23	1353	1461	5	6	25	28	1789	1933	1322	1427	
43	540405	540551	106	116	151	170	49	54	54	59	44	48	20	23	1399	1510	6	6	24	27	1813	1959	1349	1457	
44	540381	540529	98	108	145	164	44	49	56	62	41	45	19	21	1438	1553	7	7	22	25	1835	1983	1375	1484	
45	540359	540508	92	101	141	159	40	44	52	57	40	43	18	20	1479	1597	8	9	20	23	1856	2005	1398	1510	
46	540336	540487	87	96	137	154	36	41	48	53	38	41	17	19	1517	1639	9	10	20	23	1877	2028	1420	1534	
47	540315	540468	82	90	132	149	34	38	44	48	36	39	16	18	1554	1678	10	11	19	21	1896	2049	1440	1556	
48	540295	540450	78	86	125	141	32	36	41	45	33	36	15	17	1590	1717	11	13	18	20	1914	2069	1459	1576	
49	540276	540432	75	83	117	132	30	33	38	42	30	33	14	16	1625	1755	12	14	17	20	1932	2088	1477	1596	
50	540259	540416	71	78	109	123	28	32	36	40	28	30	13	14	1658	1791	14	15	16	18	1948	2105	1495	1615	
51	540242	540400	67	74	102	116	27	30	35	39	25	28	12	13	1688	1823	15	16	15	17	1964	2122	1511	1632	
52	540225	540385	64	71	97	110	25	29	33	37	23	26	11	12	1716	1853	15	17	15	17	1979	2139	1527	1649	
53	540210	540371	60	67	93	105	24	27	32	36	22	25	10	12	1741	1881	16	18	14	16	1993	2154	1542	1666	
54	540196	540358	57	63	88	100	22	25	31	34	23	25	10	12	1765	1906	16	18	13	14	2006	2168	1556	1681	
55	540182	540344	55	61	84	95	21	24	29	32	21	24	10	11	1788	1931	17	19	13	15	2020	2182	1569	1695	
56	540168	540331	53	59	80	90	21	23	27	30	20	22	9	11	1810	1956	18	20	13	14	2033	2196	1582	1709	
57	540155	540320	51	56	76	86	19	22	25	28	19	21	9	10	1832	1980	19	21	11	13	2044	2209	1594	1722	
58	540143	540309	48	54	72	81	18	20	24	27	17	20	8	9	1853	2002	19	21	11	12	2055	2221	1605	1734	
59	540132	540298	45	51	68	77	17	19	23	25	16	18	8	9	1872	2023	20	22	10	12	2066	2232	1617	1747	
60	540121	540288	43	48	66	75	16	18	21	24	15	17	7	8	1891	2043	20	23	10	12	2076	2243	1628	1759	
61	540110	540278	41	45	63	72	15	18	20	23	14	16	7	8	1907	2061	21	23	9	11	2086	2254	1638	1769	
62	540100	540268	40	44	60	68	14	17	19	22	14	16	7	8	1924	2079	21	24	9	11	2096	2264	1647	1780	
63	540090	540259	38	43	57	65	14	16	18	20	13	15	6	8	1939	2095	22	24	9	10	2105	2274	1656	1789	
64	540081	540250	37	41	55	62	13	15	17	19	13	15	6	7	1953	2111	22	24	8	10	2114	2283	1665	1799	
65	540068	540238	39	44	52	59	13	14	16	19	12	14	6	7	1968	2126	22	25	12	13	2126	2296	1673	1808	
66	540056	540227	40	45	49	56	12	14	16	18	11	13	5	7	1982	2141	23	25	11	12	2137	2308	1681	1816	
67	540044	540216	42	47	48	54	11	13	15	17	11	12	5	6	1995	2155	23	26	10	12	2148	2320	1690	1826	
68	540032	540205	44	50	47	53	10	11	14	16	10	12	5	6	2007	2168	23	26	11	13	2159	2332	1698	1834	
69	540020	540193	43	49	49	56	9	10	13	15	10	12	5	6	2018	2180	24	26	11	13	2171	2344	1709	1846	
70	540008	540182	44	49	51	57	8	9	13	15	9	11	5	6	2029	2192	24	27	11	12	2182	2356	1720	1857	
71	539996	540171	44	49	53	60	7	9	12	14	9	11	4	5	2039	2203	24	27	10	12	2193	2368	1730	1868	
72	539984	540160	44	49	55	62	6	7	12	13	8	10	4	5	2050	2215	24	27	11	12	2204	2380	1740	1879	
73	539971	540148	44	50	57	65	7	8	11	13	8	10	4	5	2060	2225	25	27	12	14	2216	2393	1751	1890	
74	539959	540136	44	50	59	67	7	8	11	12	8	9	3	4	2070	2235	25	28	11	13	2228	2405	1761	1901	
75	539947	540124	45	51	58	66	7	8	11	13	7	9	3	4	2081	2248	25	28	11	13	2240	2417	1771	1912	
76	539934	540112	46	52	58	66	7	8	11	13	7	8	3	4	2093	2260	25	28	12	13	2252	2430	1781	1923	
77	539921	540100	46	52	59	67	7	8	11	13	6	8	3	4	2104	2272	26	29	12	14	2264	2443	1792	1935	
78	539904	540084	51	57	59	68	7	8	11	13	6	7	3	3	2116	2284	26	29	15	17	2280	2460	1803	1946	
79	539887	540068	55	61	60	68	6	8	11	13	5	7	3	3	2127	2297	26	29	16	18	2296	2477	1814	1958	
80	539871	540052	58	65	60	69	7	8	12	14	5	6	2	3	2138	2308	26	29	15	17	2312	2493	1825	1969	
81	539853	540036	63	70	62	70	7	8	12	14	5	6	2	3	2149	2320	26	29	16	18	2328	2511	1836	1981	
82	539834	540018	65	72	66	74	7	9	12	14	5	6	2	3	2160	2331	27	30	17	20	2346	2530	1851	1997	
83	539814	539999	67	75	70	78	8	9	12	14	5	6	2	3	2171	2344	27	30	18	21	2365	2550	1866	2012	
84	539793	539979	71	79	73	82	8	10	13	15	5	6	2	3	2182	2355	27	30	19	22	2385	2571	1879	2027	
85	539772	539959	75	83	77	87	9	10	13	15	5	6	2	3	2194	2368	27	30	19	22	2405	2592	1895	2043	
86	539748	539937	79	88	82	93	9	10	13	15	5	6	2	3	2205	2380	27	30	21	24	2427	2616	1911	2061	
87	539724	539913	83	92	88	99	10	11	13	16	5	6	2	3	2217	2392	27	30	23	25	2451	2640	1929	2079	
88	539698	539889	88	98	92	103	10	11	14	16	5	6	3	3	2232	2408	27	30	23	27	2475	2666	1947	2098	
89	539671	539863	93	103	95	107	10	12	15	17	6	7	3	3	2247	2424	27	30	25	28	2501	2693	1965	2118	
90	539642	539836	97	109	101	114	10	12	16	18	6	7	3	4	2261	2439	28	31	26	30	2528	2722	1986	2139	
91	539612	539808	102	115	108	120	11	13	17	19	6	7	3	4	2277	2456	28	31	28	31	2556	2752	2007	2162	
92	539581	539778	108	121	113	127	11	13	18	20	6	7	3	4	2293	2473	28	31	29	33	2586	2783	2030	2186	
93	539548	539747	113	126	118	133	12	14	19	22	6	7	3	4	2311	2491	28	31	30	34	2617	2816	2053	2211	
94	539513	539715	119	132	125	141	13	15	20	23	6	8	3	4	2329	2511	28	31	31	36	2649	2851	2078	2237	
95	539477	539681	124	138	132	149	14	16	20	24	7	8	3	4	2348	2531	28	31	33	37	2683	2887	2104	2265	
96	539439	539645	130	145	139	157	14	17	22	25	7	8	3	4	2369	2553	28	31	35	40	2719	2925	2132	2294	
97	539398	539607	136	152	145	164	15	18	23	26	7	8	3	4	2391	2576	28	32	37	41	2757	2966	2159	2324	
98	539356	539568	143	160	152	172	16	19	23	27	7	9	3	4	2414	2600	29	32	38	43	2796	3008	2189	2356	
99	539313	539527	150	168	160	180	17	20	25	28	7	9	3	4	2437	2625	29	32	40	45	2837	3051	2220	2389	
100	539265	539484	158	177	167	189	18	21	26	30	8	9	3	4	2463	2652	29	32	42	48	2880	3099	2253	2424	
101	539217	539439	164	185	175	198	19	22	28	31	8	10	4	5	2489	2680	29	32	43	50	2925	3147	2287	2460	
102	539166	539392	172	194	183	207	20	23	29	33	9	11	4	5	2517	2709	30	33	46	52	2972	3198	2323	2499	
103	539113	539343	180	203	192	217	21	24	31	35	9	11	4	5	2545	2740	30	33	47	54	3021	3251	2360	2539	
104	539055	539290	189	214	201	229	22	26	32	36	10	12	5	6	2576	2772	30	33	52	59	3074	3309	2400	2582	
105	538996	539236	199	225	211	240	24	27	33	37	10	12	5	6	2607	2806	30	33	53	61	3128	3368	2441	2626	
106	538933	539179	209	238	221	252	24	28	35	39	11	13	5	6	2641	2842	30	34	56	64	3185	3431	2484	2673	
107	538868	539119	220	249	231	264	25	29	36	41	12	14	6	7	2676	2879	30	34	58	66	3245	3496	2528	2722	
108	538801	539058	228	258	243	279	26	30	38	43	12	14	6	7	2712	2918	31	34	60	68	3306	3563	2577	2775	
109	538731	538994	238	269	255	293	28	32	40	45	13	15	6	7	2751	2959	31	34	63	71	3370	3633	2627	2830	
110	538656	538926	249	281	268	307	29	33	43	48	14	16	6	8	2790	3003	31	35	67	76	3438	3708	2679	2888	
111	538577	538855	260	295	281	322	31	35	45	51	14	16	7	8	2832	3047	32	35	70	80	3509	3787	2733	2946	
112	538494	538780	274	311	294	337	32	36	47	54	15	17	7	8	2876	3094	32	35	74	84	3584	3870	2789	3008	
113	538408	538702	288	327	307	352	34	38	49	56	15	18	7	8	2922	3144	32	36	77	88	3662	3956	2848	3072	
114	538318	538620	302	342	320	367	36	40	51	59	16	18	7	9	2971	3198	33	36	81	91	3744	4046	2910	3142	
115	538224	538536	316	357	335	384	38	43	55	63	17	19	8	9	3022	3253	33	36	83	95	3828	4140	2974	3213	
116	538127	538448	328	372	351	403	39	44	57	66	18	20	8	9	3075	3311	33	37	86	99	3916	4237	3043	3290	
117	538023	538355	343	389	368	423	41	46	60	69	18	21	8	10	3131	3372	34	37	92	105	4009	4341	3114	3369	
118	537941	538281	335	380	385	443	43	50	63	72	19	22	9	10	3188	3434	34	37	73	83	4083	4423	3189	3451	
119	537857	538205	327	371	404	465	45	51	66	75	20	23	9	11	3247	3499	34	38	75	86	4159	4507	3266	3537	
120	537765	538123	322	365	421	485	47	54	69	79	22	25	10	12	3310	3569	35	38	81	92	4241	4599	3346	3626	
121	537676	538043	309	350	442	509	48	55	72	81	23	26	11	12	3376	3643	35	39	79	90	4321	4688	3432	3722	
122	537587	537963	315	357	441	507	48	55	75	84	24	28	11	13	3447	3721	35	39	79	90	4401	4777	3500	3797	
123	537496	537881	321	364	440	506	48	55	79	89	25	29	12	14	3520	3801	36	39	81	92	4483	4868	3570	3875	
124	537402	537796	324	366	440	507	48	55	82	93	26	31	12	14	3597	3885	36	40	84	95	4568	4962	3645	3959	
125	537310	537714	326	369	436	502	48	55	86	97	28	32	13	15	3676	3973	37	40	81	93	4650	5054	3719	4041	
126	537220	537633	328	370	429	494	47	54	89	101	29	34	13	16	3758	4064	37	41	81	91	4731	5144	3792	4124	
127	537129	537551	327	370	419	482	47	53	93	105	30	35	14	16	3846	4162	38	41	80	92	4813	5235	3867	4208	
128	537040	537471	323	365	430	493	47	54	92	105	32	36	15	17	3918	4242	38	42	79	90	4893	5324	3945	4294	
129	536949	537390	321	364	435	499	48	55	92	105	33	38	15	18	3993	4325	39	43	80	92	4974	5415	4021	4378	
130	536857	537308	322	365	435	499	48	55	92	106	34	39	16	18	4072	4413	40	44	81	92	5056	5507	4096	4462	
131	536766	537226	322	364	436	501	48	55	92	105	36	41	16	19	4151	4500	40	44	81	92	5138	5598	4171	4546	
132	536676	537145	323	366	437	501	48	54	90	103	38	43	17	20	4229	4588	41	45	80	91	5219	5688	4244	4628	
133	536584	537063	324	367	436	500	47	54	89	101	39	45	18	21	4311	4678	42	46	81	92	5301	5780	4319	4711	
134	536492	536980	325	368	433	498	47	55	92	104	40	46	19	22	4391	4767	42	47	82	93	5384	5872	4395	4796	
135	536401	536898	326	367	433	497	47	55	93	105	41	47	19	22	4471	4856	43	47	81	91	5466	5963	4470	4879	
136	536310	536816	327	368	432	496	48	55	93	105	42	48	19	23	4550	4944	44	48	81	92	5548	6054	4544	4962	
137	536219	536735	326	368	433	496	48	55	93	106	43	49	20	23	4630	5033	45	49	81	92	5629	6145	4619	5046	
138	536129	536654	324	365	435	500	48	55	93	106	43	50	20	23	4709	5120	46	51	80	91	5710	6235	4695	5131	
139	536037	536571	325	367	436	499	49	56	93	106	44	50	20	23	4788	5210	47	51	82	93	5793	6327	4770	5214	
140	535946	536490	324	366	435	498	50	56	92	105	44	51	20	23	4870	5301	48	53	80	91	5874	6418	4845	5298	
141	535856	536407	325	365	435	498	50	57	93	105	43	50	20	23	4950	5391	49	54	82	91	5957	6508	4919	5381	
142	535764	536326	326	367	435	497	50	56	91	104	43	50	20	23	5032	5482	50	55	81	92	6038	6600	4993	5464	
143	535674	536245	324	365	435	498	50	57	93	105	43	49	20	23	5112	5571	51	56	80	91	6119	6690	5069	5549	
144	535583	536163	325	365	434	496	50	57	93	105	43	49	20	23	5194	5662	52	57	81	92	6201	6781	5144	5632	
145	535492	536081	324	366	434	496	50	56	93	106	43	49	20	23	5275	5752	53	58	81	92	6283	6872	5220	5715	
146	535401	536000	324	365	435	497	49	56	93	106	43	49	20	23	5356	5842	54	60	81	91	6364	6963	5295	5799	
147	535311	535919	324	364	435	497	48	55	93	105	42	49	19	22	5437	5932	55	61	80	91	6445	7053	5369	5883	
148	535221	535837	324	364	436	497	49	55	93	106	43	49	20	23	5515	6019	56	62	81	91	6527	7143	5444	5966	
149	535129	535754	325	364	435	496	48	55	93	105	43	50	20	23	5598	6111	57	63	83	92	6610	7235	5520	6050	
150	535039	535673	325	364	435	495	49	56	92	105	43	49	20	23	5678	6201	59	64	81	91	6691	7325	5594	6133	
151	534947	535590	327	366	433	495	49	55	93	105	43	49	20	23	5759	6290	60	66	82	92	6774	7417	5668	6216	
152	534857	535509	327	365	433	494	49	55	93	106	43	49	20	23	5840	6380	61	67	80	90	6855	7507	5743	6299	
153	534765	535426	327	366	435	495	49	56	93	105	43	49	19	22	5920	6470	62	68	83	93	6938	7599	5820	6383	
154	534675	535345	326	366	435	495	49	56	93	105	43	49	20	23	6001	6560	63	69	80	91	7019	7689	5894	6466	
155	534582	535262	326	366	436	495	49	55	93	105	43	50	20	23	6081	6650	64	70	82	93	7102	7782	5970	6551	
156	534491	535181	327	367	436	495	48	55	94	106	43	49	20	23	6161	6738	65	71	81	92	7183	7873	6045	6634	
157	534402	535099	325	365	439	498	48	55	93	105	44	50	20	24	6241	6827	66	72	81	90	7265	7962	6122	6719	
158	534310	535017	327	367	438	497	48	55	93	105	44	50	20	24	6322	6917	67	73	82	93	7347	8054	6196	6802	
159	534219	534935	326	365	437	497	49	55	93	104	43	49	20	23	6404	7008	68	75	81	91	7429	8145	6272	6886	
160	534130	534854	325	363	438	498	49	55	92	104	44	50	20	24	6485	7097	69	76	80	91	7510	8234	6347	6970	
161	534038	534772	325	365	436	496	49	55	92	103	44	50	20	24	6567	7189	70	77	81	92	7592	8326	6421	7052	
162	533946	534689	326	365	438	498	49	56	91	103	44	51	21	24	6647	7277	71	78	83	93	7675	8418	6497	7136	
163	533855	534607	326	366	436	496	49	56	92	103	44	50	21	24	6729	7368	72	79	81	92	7757	8509	6572	7219	
164	533764	534526	327	367	436	495	50	56	92	103	44	50	20	24	6809	7457	73	80	81	91	7838	8600	6646	7302	
165	533675	534445	325	365	435	494	49	55	93	105	44	50	20	23	6890	7547	74	81	80	90	7919	8689	6721	7385	
166	533584	534363	324	364	437	496	49	55	94	105	44	50	20	23	6969	7636	75	83	81	92	8001	8780	6798	7471	
167	533494	534282	324	362	438	498	48	54	95	106	44	50	20	23	7049	7724	76	84	81	91	8082	8870	6874	7555	
168	533403	534200	324	363	436	496	49	55	94	106	44	50	20	23	7131	7815	77	85	81	92	8164	8961	6948	7638	
169	533313	534118	325	364	435	495	49	55	94	105	44	50	20	23	7212	7905	78	86	81	91	8246	9051	7021	7720	
170	533223	534038	324	363	436	496	48	55	94	106	44	50	20	23	7292	7994	79	87	80	90	8326	9141	7097	7803	
171	533133	533957	323	363	436	495	49	55	93	105	44	50	20	23	7373	8084	80	88	81	91	8407	9231	7171	7886	
172	533039	533871	327	366	435	494	49	55	94	105	43	49	20	23	7455	8176	81	90	84	95	8493	9325	7246	7970	
173	532950	533791	325	365	434	493	49	55	93	105	44	50	20	23	7537	8265	82	91	79	90	8573	9414	7321	8053	
174	532861	533712	324	364	434	492	48	54	92	104	44	50	20	23	7617	8356	83	92	79	89	8652	9503	7396	8135	
175	532771	533630	324	364	435	494	48	54	93	105	44	50	20	23	7696	8443	84	93	81	91	8734	9593	7471	8218	
176	532680	533548	322	361	438	497	48	54	92	104	44	50	20	23	7777	8533	85	94	82	91	8816	9684	7549	8305	
177	532590	533466	323	361	437	496	47	54	92	104	44	50	20	23	7857	8622	86	95	81	90	8898	9774	7623	8387	
178	532502	533386	324	361	435	494	47	53	91	103	44	50	20	23	7939	8713	88	97	79	89	8978	9862	7697	8469	
179	532410	533303	326	363	435	494	47	53	92	103	44	50	20	23	8020	8803	88	98	83	93	9061	9954	7772	8552	
180	532321	533223	323	361	437	496	47	53	92	103	44	50	20	23	8099	8891	90	99	79	89	9141	10043	7848	8636	
181	532232	533141	323	360	437	495	47	53	92	104	44	49	20	23	8180	8980	91	100	81	90	9223	10132	7923	8718	
182	532142	533059	325	362	432	490	47	53	93	105	44	49	20	23	8263	9072	92	101	81	91	9305	10222	7996	8800	
183	532054	532979	322	357	435	493	47	53	92	104	43	49	20	23	8343	9161	93	102	79	88	9385	10310	8074	8885	
184	531966	532900	321	357	436	493	47	53	92	104	43	49	20	22	8422	9248	94	104	79	89	9464	10398	8147	8967	
185	531878	532819	320	356	436	491	47	53	92	105	43	48	20	22	8502	9337	95	104	80	89	9545	10486	8222	9049	
186	531789	532738	319	355	435	490	48	54	93	105	42	48	19	22	8584	9427	96	106	80	90	9626	10575	8298	9131	
187	531703	532660	318	353	434	489	47	53	93	104	42	48	19	22	8664	9516	97	107	78	87	9704	10661	8371	9212	
188	531615	532579	319	353	433	488	47	53	91	103	43	48	19	22	8744	9605	98	108	80	88	9785	10749	8444	9293	
189	531527	532498	319	354	430	484	48	54	93	104	43	48	19	22	8826	9694	99	109	80	90	9866	10837	8518	9374	
190	531439	532419	318	352	431	484	48	54	93	105	43	48	19	22	8904	9781	100	110	79	88	9945	10925	8592	9456	
191	531352	532340	318	353	428	481	48	54	93	104	43	49	19	22	8985	9870	101	111	78	88	10024	11012	8664	9535	
192	531264	532260	318	353	426	478	48	54	93	104	43	48	19	22	9066	9959	102	112	79	89	10104	11100	8738	9615	
193	531176	532180	317	352	427	479	48	54	92	103	43	49	19	22	9145	10046	103	113	79	89	10184	11188	8812	9696	
194	531090	532101	315	351	428	479	48	54	92	104	43	49	19	22	9223	10132	104	115	78	87	10263	11274	8885	9777	
195	531003	532021	316	351	426	479	47	53	91	102	43	49	20	22	9303	10220	105	116	79	88	10343	11361	8958	9857	
196	530917	531942	315	349	425	478	48	53	92	102	43	49	19	22	9383	10308	106	117	79	87	10422	11447	9032	9938	
197	530830	531862	316	348	426	479	47	53	92	102	43	49	19	22	9461	10393	107	118	79	88	10502	11534	9105	10019	
198	530745	531784	315	348	425	478	47	53	91	102	43	49	20	23	9541	10481	108	119	77	86	10580	11619	9177	10098	
199	530658	531704	315	348	424	476	47	53	92	103	43	49	20	23	9619	10567	109	120	79	88	10660	11706	9250	10178	
200	530571	531625	315	348	424	476	47	53	91	101	43	49	20	23	9699	10654	110	122	78	87	10739	11793	9324	10258	
201	530486	531547	313	346	424	475	47	53	91	101	43	49	20	23	9777	10741	111	123	77	86	10817	11878	9397	10337	
202	530402	531469	313	345	423	473	47	52	90	100	43	49	20	23	9858	10828	112	124	78	85	10895	11962	9469	10416	
203	530316	531390	312	344	423	473	46	52	90	100	43	49	20	23	9936	10915	113	125	78	86	10974	12048	9543	10496	
204	530232	531312	311	342	424	473	46	52	90	100	44	50	20	23	10013	11000	114	126	77	85	11052	12132	9615	10575	
205	530147	531234	311	342	423	472	45	51	89	100	44	50	20	23	10092	11086	115	127	78	86	11130	12217	9687	10654	
206	530060	531154	312	344	422	470	45	51	89	100	43	49	20	23	10171	11172	116	128	79	88	11210	12304	9760	10732	
207	529976	531076	311	343	421	469	45	51	90	100	43	49	20	23	10250	11257	117	129	77	85	11288	12388	9832	10810	
208	529893	530999	310	342	420	468	46	51	90	100	43	48	20	23	10327	11342	118	131	76	84	11365	12471	9903	10888	
209	529808	530920	310	342	418	465	46	52	90	100	43	48	20	23	10407	11429	119	132	78	86	11444	12556	9975	10965	
210	529724	530843	308	338	418	465	47	52	89	99	43	48	20	23	10485	11514	120	133	77	84	11521	12640	10048	11045	
211	529640	530765	308	338	417	464	47	52	89	98	42	48	19	23	10563	11599	122	134	77	85	11599	12724	10120	11122	
212	529557	530688	309	339	416	463	47	52	88	98	42	47	19	22	10641	11684	123	135	76	85	11676	12807	10190	11199	
213	529472	530610	308	338	416	463	47	53	88	97	42	47	19	22	10719	11769	124	137	77	86	11754	12892	10262	11277	
214	529388	530532	309	339	416	462	47	52	87	97	41	46	19	22	10797	11853	125	138	77	85	11832	12976	10334	11354	
215	529305	530456	307	338	416	462	46	52	87	96	41	46	19	21	10875	11938	126	139	76	84	11908	13059	10405	11431	
216	529220	530377	308	339	413	458	46	51	86	96	41	46	19	22	10954	12024	127	140	77	86	11987	13144	10475	11507	
217	529137	530300	307	337	414	459	46	51	86	96	42	47	19	22	11031	12106	128	141	76	84	12064	13227	10548	11585	
218	529054	530223	307	337	414	459	47	52	86	96	42	47	19	22	11106	12188	129	142	77	85	12141	13310	10619	11662	
219	528970	530145	308	337	413	458	46	51	86	96	41	47	19	22	11184	12272	130	143	76	85	12219	13394	10689	11738	
220	528888	530070	305	335	413	458	47	52	85	95	41	46	19	21	11262	12356	131	144	75	83	12294	13476	10760	11816	
221	528807	529994	304	334	412	457	47	52	86	96	41	46	19	21	11338	12439	132	145	75	82	12370	13557	10831	11892	
222	528724	529917	303	333	414	458	46	51	86	96	41	47	18	21	11414	12521	132	146	76	84	12447	13640	10903	11969	
223	528642	529841	302	331	412	456	46	52	86	96	41	46	18	21	11491	12605	134	147	75	83	12523	13722	10973	12045	
224	528560	529766	301	330	410	455	46	52	87	97	41	46	18	21	11568	12687	135	148	74	83	12598	13804	11043	12121	
225	528478	529690	302	331	409	454	46	52	87	96	40	45	18	21	11644	12770	135	149	75	83	12674	13886	11112	12196	
226	528395	529612	302	332	408	452	46	52	88	98	40	45	18	20	11720	12853	136	150	77	84	12752	13969	11183	12271	
227	528314	529538	301	330	406	451	46	52	88	97	40	45	18	20	11797	12935	137	151	73	81	12826	14050	11253	12346	
228	528232	529461	302	331	404	448	47	52	88	97	40	45	18	20	11874	13017	138	153	75	83	12903	14132	11321	12421	
229	528151	529386	301	330	403	448	46	51	87	96	40	45	18	20	11950	13101	139	154	74	82	12978	14213	11391	12497	
230	528069	529310	300	329	405	449	46	51	86	96	40	45	18	21	12026	13182	140	155	75	83	13054	14295	11463	12574	
231	527988	529233	301	330	405	449	45	50	86	96	40	45	18	20	12101	13264	141	156	76	82	13131	14376	11532	12648	
232	527906	529158	300	328	405	449	44	49	86	95	40	45	18	21	12177	13346	142	157	74	82	13206	14458	11602	12724	
233	527824	529081	302	330	405	449	44	49	86	95	40	45	18	21	12252	13426	143	158	76	84	13283	14540	11672	12799	
234	527743	529006	301	329	406	450	43	48	86	95	40	45	18	21	12327	13507	144	159	74	81	13358	14621	11742	12875	
235	527662	528930	300	329	406	448	44	49	86	95	40	46	18	21	12401	13587	145	160	75	82	13434	14702	11812	12949	
236	527580	528855	301	329	403	446	44	49	86	95	41	46	19	22	12478	13670	145	160	75	82	13509	14784	11881	13024	
237	527501	528781	298	325	404	447	45	50	86	95	40	45	18	21	12552	13750	146	162	73	80	13583	14863	11951	13100	
238	527422	528707	296	324	403	446	45	50	85	95	40	45	18	21	12628	13832	148	163	73	81	13657	14942	12021	13174	
239	527340	528631	296	324	404	445	45	50	85	94	40	45	19	21	12702	13913	149	164	75	83	13733	15024	12090	13249	
240	527260	528557	295	323	403	445	45	50	85	94	40	45	18	21	12778	13994	150	165	73	81	13807	15104	12160	13324	
241	527180	528482	296	324	402	443	44	49	84	93	40	45	19	21	12854	14074	150	166	73	81	13882	15184	12228	13396	
242	527101	528408	296	324	400	442	44	49	84	93	40	45	18	21	12928	14155	152	167	73	81	13956	15263	12296	13469	
243	527022	528334	294	321	400	441	44	49	84	93	40	45	18	21	13003	14236	153	168	73	80	14030	15342	12366	13544	
244	526943	528261	292	321	399	441	44	49	85	93	40	45	18	21	13077	14315	154	169	72	80	14103	15421	12434	13618	
245	526864	528187	292	320	398	439	44	48	85	93	40	45	18	21	13152	14396	155	170	73	80	14177	15500	12503	13691	
246	526786	528114	291	318	396	438	44	49	85	93	40	45	18	21	13227	14476	156	172	72	79	14250	15578	12571	13765	
247	526706	528040	291	319	396	438	44	49	84	92	41	45	19	21	13300	14555	156	173	73	80	14324	15658	12638	13837	
248	526627	527966	292	319	396	437	44	49	84	92	41	45	19	21	13374	14633	157	173	73	81	14398	15737	12706	13909	
249	526547	527891	293	320	394	435	43	48	83	92	40	45	18	21	13449	14714	158	175	74	81	14473	15817	12774	13982	
250	526469	527819	292	320	392	433	43	49	83	91	41	45	18	21	13522	14793	159	176	71	79	14545	15895	12841	14054	
251	526392	527747	290	317	392	433	43	48	83	91	40	45	18	21	13596	14872	160	177	71	78	14617	15972	12909	14127	
252	526317	527676	286	313	392	433	43	48	83	92	40	44	18	21	13669	14951	161	178	69	77	14688	16047	12977	14200	
253	526240	527604	284	311	393	434	42	47	83	92	40	44	18	21	13742	15029	162	179	71	79	14760	16124	13046	14274	
254	526161	527530	285	312	393	433	43	47	83	92	39	43	18	20	13815	15108	163	180	73	80	14834	16203	13113	14346	
255	526085	527459	285	311	390	431	43	47	84	92	39	43	18	20	13888	15186	164	181	70	77	14905	16279	13179	14417	
256	526010	527388	285	311	388	428	43	47	83	92	39	43	18	20	13960	15263	165	182	69	76	14976	16354	13243	14485	
257	525933	527316	284	310	387	427	43	47	82	90	39	44	18	20	14035	15343	166	183	71	78	15048	16431	13310	14556	
258	525858	527246	281	306	386	426	43	47	82	90	39	44	18	20	14108	15421	167	184	70	77	15118	16506	13378	14629	
259	525782	527174	281	306	383	423	43	47	83	91	39	43	18	20	14181	15500	168	185	70	77	15190	16582	13444	14699	
260	525706	527103	282	307	381	420	42	46	83	92	38	42	18	20	14253	15577	169	186	70	77	15261	16658	13509	14768	
261	525631	527033	280	306	381	420	42	47	82	91	39	43	18	20	14324	15653	170	187	69	76	15331	16733	13575	14839	
262	525556	526962	280	306	382	420	42	47	82	91	39	43	18	20	14393	15727	171	188	70	77	15402	16808	13640	14908	
263	525481	526892	278	304	380	418	42	47	83	92	39	43	17	20	14464	15803	172	189	68	76	15472	16883	13705	14977	
264	525406	526821	278	304	378	416	42	46	83	92	39	44	17	20	14537	15880	172	190	70	77	15543	16958	13770	15047	
265	525331	526751	278	304	376	415	42	47	83	91	39	44	17	20	14608	15956	173	191	69	76	15613	17033	13835	15116	
266	525256	526681	277	304	376	415	43	47	82	89	39	44	17	20	14678	16031	175	192	69	76	15683	17108	13900	15185	
267	525182	526611	277	304	374	413	42	47	81	89	39	43	17	20	14750	16107	176	193	68	76	15753	17182	13964	15253	
268	525108	526542	275	302	374	413	42	47	81	89	39	43	17	20	14820	16182	177	194	68	75	15822	17256	14029	15323	
269	525033	526471	276	302	374	413	41	46	81	89	39	44	17	20	14890	16257	177	195	69	76	15893	17331	14094	15392	
270	524960	526402	274	300	373	412	41	46	81	88	39	44	17	20	14961	16332	178	196	68	75	15962	17404	14158	15461	
271	524886	526333	274	299	372	411	42	46	80	88	39	43	17	20	15030	16407	179	197	68	75	16031	17478	14222	15529	
272	524811	526262	276	301	370	410	42	46	81	89	38	43	17	20	15100	16481	180	198	69	76	16102	17553	14285	15596	
273	524736	526192	275	300	371	410	42	46	81	88	39	43	17	20	15169	16554	181	199	69	76	16172	17628	14350	15665	
274	524662	526122	276	301	370	409	41	46	80	88	39	43	17	20	15240	16629	182	200	69	75	16242	17702	14414	15733	
275	524591	526056	274	298	369	407	41	45	80	88	39	43	17	20	15309	16704	183	201	66	72	16308	17773	14478	15801	
276	524520	525988	271	294	369	407	41	45	80	88	38	42	17	19	15379	16778	184	202	66	72	16376	17844	14543	15870	
277	524446	525919	270	294	370	408	41	45	79	87	38	43	17	20	15448	16853	185	203	68	75	16445	17918	14607	15939	
278	524374	525851	268	292	371	409	41	45	79	87	38	42	17	19	15517	16925	186	204	67	73	16513	17990	14671	16006	
279	524301	525782	270	293	368	405	40	44	79	87	38	42	17	19	15587	17000	187	205	67	74	16582	18063	14733	16072	
280	524228	525713	271	295	367	402	40	45	78	87	38	42	17	19	15655	17073	187	206	68	74	16651	18136	14794	16137	
281	524157	525645	269	293	366	402	41	45	78	86	38	42	17	19	15725	17147	188	207	67	73	16719	18207	14858	16205	
282	524085	525578	269	293	364	400	40	45	78	86	38	42	17	19	15794	17220	189	208	66	73	16786	18279	14920	16271	
283	524013	525510	268	292	362	398	41	45	78	86	38	42	17	19	15863	17294	190	209	66	73	16854	18351	14983	16337	
284	523940	525441	268	292	362	397	40	44	78	85	38	42	17	19	15932	17368	191	210	68	74	16923	18424	15047	16405	
285	523870	525375	267	291	363	398	40	44	77	85	37	41	17	19	15999	17439	192	211	65	72	16989	18494	15110	16471	
286	523800	525308	266	288	363	399	39	44	77	84	37	41	17	19	16066	17510	193	212	65	71	17056	18564	15172	16537	
287	523730	525242	265	287	361	397	39	43	77	84	36	41	17	19	16136	17583	194	213	65	71	17122	18634	15234	16603	
288	523658	525174	264	286	363	398	39	43	76	83	37	41	17	19	16203	17655	195	214	67	73	17190	18706	15297	16670	
289	523587	525106	265	287	361	397	38	42	76	83	37	41	17	19	16271	17727	195	215	66	73	17258	18777	15359	16735	
290	523517	525040	264	287	359	394	38	42	75	82	37	41	17	19	16340	17800	196	215	65	71	17324	18847	15420	16799	
291	523448	524974	264	287	358	392	38	42	75	82	37	41	17	19	16407	17871	197	216	65	71	17390	18916	15481	16864	
292	523377	524907	263	285	358	391	38	42	75	83	36	40	17	19	16474	17942	198	217	65	72	17457	18987	15544	16930	
293	523307	524840	262	284	358	392	38	42	74	82	36	40	17	19	16542	18013	199	218	66	71	17524	19057	15606	16996	
294	523237	524773	263	285	356	389	38	42	74	82	36	39	16	19	16610	18086	200	219	66	72	17591	19127	15667	17060	
295	523169	524708	262	283	355	388	38	42	74	82	36	39	16	19	16676	18156	201	220	63	70	17656	19195	15728	17124	
296	523099	524642	261	282	355	389	38	42	74	82	35	39	16	19	16742	18225	202	221	64	71	17722	19265	15789	17188	
297	523031	524577	259	281	355	389	38	43	74	81	36	40	16	19	16808	18294	202	222	64	70	17787	19333	15851	17253	
298	522961	524510	258	280	354	387	39	43	74	81	35	39	16	18	16875	18365	203	223	65	71	17854	19403	15912	17317	
299	522892	524444	259	281	351	383	39	43	74	81	35	39	16	18	16942	18436	204	224	65	71	17920	19472	15972	17380	
300	522823	524379	259	280	350	383	40	43	74	80	35	39	16	18	17008	18505	205	225	64	70	17985	19541	16032	17443	
301	522756	524314	258	279	349	381	40	44	74	81	35	39	16	18	17073	18574	206	225	63	69	18050	19608	16092	17506	
302	522689	524250	256	277	349	381	40	43	74	82	35	39	16	18	17138	18643	206	226	63	69	18114	19675	16153	17570	
303	522621	524186	254	276	348	381	39	43	75	82	35	39	16	18	17204	18712	207	227	63	69	18178	19743	16214	17634	
304	522554	524122	253	274	347	380	39	43	74	81	35	39	16	19	17271	18782	208	228	63	69	18242	19810	16274	17697	
305	522487	524059	251	273	347	379	38	42	74	81	35	39	16	19	17335	18849	209	229	62	67	18305	19877	16333	17759	
306	522421	523995	251	272	346	377	38	42	74	81	35	39	16	18	17400	18918	210	230	62	68	18369	19943	16393	17821	
307	522355	523933	249	270	344	377	38	42	74	80	35	39	16	19	17466	18986	210	231	61	67	18431	20009	16451	17883	
308	522287	523868	250	271	342	375	38	42	73	79	36	39	17	19	17531	19055	211	232	63	70	18496	20077	16510	17945	
309	522220	523804	251	272	339	371	38	41	74	80	36	39	17	19	17595	19123	212	233	63	69	18560	20144	16568	18006	
310	522154	523742	249	271	338	369	37	41	74	80	36	39	16	18	17660	19191	213	234	61	67	18622	20210	16627	18068	
311	522088	523678	250	271	336	368	37	41	73	79	35	39	16	18	17724	19258	214	235	62	68	18686	20276	16684	18128	
312	522021	523615	249	270	336	368	38	42	72	79	35	38	16	18	17789	19326	215	236	62	68	18749	20343	16743	18190	
313	521955	523552	248	268	336	368	38	41	72	79	35	38	16	18	17852	19393	216	236	61	67	18812	20409	16802	18252	
314	521891	523491	247	267	335	367	37	41	71	78	35	38	16	18	17916	19460	217	237	60	66	18873	20473	16859	18313	
315	521825	523428	246	267	335	366	37	41	70	77	35	38	16	18	17979	19526	218	238	61	67	18936	20539	16917	18373	
316	521760	523365	245	265	335	367	37	41	69	76	35	38	16	18	18042	19593	219	239	61	67	18999	20604	16976	18435	
317	521695	523304	244	264	335	367	37	41	70	77	34	38	15	17	18104	19658	219	240	60	66	19060	20669	17033	18495	
318	521629	523240	246	267	333	364	36	40	71	77	33	37	15	17	18168	19725	221	241	62	68	19124	20735	17089	18554	
319	521565	523180	244	265	331	362	37	41	71	77	33	37	15	17	18232	19792	221	242	59	65	19184	20799	17147	18614	
320	521501	523119	242	263	330	362	37	41	71	77	33	37	15	17	18293	19857	222	243	60	65	19245	20863	17204	18674	
321	521437	523057	242	263	330	360	36	40	71	77	33	37	15	17	18355	19922	223	244	60	65	19307	20927	17261	18734	
322	521373	522996	240	260	329	359	37	41	72	78	33	37	15	17	18418	19987	224	245	60	66	19368	20991	17319	18795	
323	521310	522935	240	259	327	358	37	41	71	78	33	37	15	17	18480	20052	224	245	59	65	19429	21054	17375	18853	
324	521247	522874	240	259	327	358	36	40	71	77	33	37	15	17	18541	20117	225	246	59	65	19490	21117	17432	18912	
325	521184	522814	238	258	327	357	36	40	70	76	32	36	14	16	18604	20183	226	247	58	64	19550	21180	17488	18972	
326	521121	522754	237	257	325	356	36	39	71	76	32	35	14	16	18667	20248	227	248	59	64	19610	21243	17545	19030	
327	521057	522692	238	259	324	355	36	39	70	76	33	36	15	17	18727	20311	227	249	60	66	19672	21307	17601	19089	
328	520994	522632	237	258	322	352	35	38	69	75	33	36	15	17	18791	20378	228	249	59	65	19732	21370	17657	19147	
329	520933	522572	237	256	322	352	34	38	68	74	33	36	15	17	18851	20441	229	250	58	63	19792	21431	17712	19205	
330	520872	522513	235	255	321	351	35	38	69	75	33	36	15	17	18911	20504	230	251	58	63	19851	21492	17768	19263	
331	520809	522453	234	253	321	351	35	39	69	74	33	36	15	17	18972	20568	231	252	59	64	19911	21555	17825	19322	
332	520748	522394	232	251	320	351	34	38	69	75	32	35	15	17	19033	20631	231	253	57	62	19970	21616	17881	19380	
333	520686	522335	232	252	319	349	34	38	68	75	32	35	15	17	19093	20694	232	253	58	64	20029	21678	17935	19436	
334	520624	522276	233	252	317	347	34	38	68	75	32	35	15	17	19153	20757	233	254	58	63	20088	21740	17990	19492	
335	520563	522216	231	251	317	346	35	39	68	75	32	35	15	17	19212	20819	234	255	57	63	20148	21801	18045	19550	
336	520503	522158	230	250	316	345	34	38	67	74	32	36	15	17	19273	20881	234	256	56	62	20206	21861	18099	19606	
337	520442	522100	230	249	314	343	34	38	67	74	32	35	15	17	19334	20944	235	257	57	62	20264	21922	18154	19663	
338	520380	522039	231	250	313	341	34	38	66	73	32	35	15	16	19395	21007	236	258	59	64	20325	21984	18208	19720	
339	520321	521983	229	247	312	341	35	38	67	73	32	35	15	17	19453	21068	237	258	55	60	20381	22043	18262	19775	
340	520260	521925	229	248	311	340	35	38	66	72	32	35	15	17	19512	21129	238	259	57	62	20439	22104	18315	19831	
341	520201	521867	227	246	310	339	34	37	66	73	32	35	14	16	19572	21191	238	260	56	61	20497	22163	18369	19887	
342	520141	521810	224	244	311	340	34	38	66	73	32	35	14	16	19630	21251	239	261	55	61	20554	22223	18425	19944	
343	520082	521753	224	244	309	337	34	38	66	73	32	35	14	16	19688	21313	240	261	55	61	20611	22282	18477	19999	
344	520023	521696	223	242	307	336	34	38	67	73	31	35	14	16	19747	21374	240	262	55	61	20668	22341	18530	20054	
345	519964	521639	223	242	307	335	33	37	66	73	31	35	14	16	19805	21434	241	263	55	61	20725	22400	18583	20109	
346	519906	521583	222	241	305	334	33	37	66	72	31	35	14	16	19863	21494	242	264	55	60	20781	22458	18635	20163	
347	519847	521526	221	240	304	332	34	37	66	71	31	34	14	16	19922	21555	243	265	55	60	20838	22517	18688	20218	
348	519789	521470	220	240	301	329	34	37	65	71	31	34	14	16	19981	21617	243	265	55	60	20894	22575	18740	20272	
349	519731	521414	219	239	300	329	34	37	65	71	31	34	14	16	20038	21675	244	266	54	60	20950	22633	18792	20326	
350	519674	521359	218	237	299	327	33	37	65	70	30	34	14	16	20096	21736	245	267	53	58	21005	22690	18844	20380	
351	519618	521305	216	235	298	326	33	37	64	70	30	34	14	16	20153	21795	246	268	53	58	21059	22746	18896	20433	
352	519561	521250	215	233	297	326	33	37	65	71	30	33	14	16	20209	21854	246	268	53	59	21114	22803	18947	20487	
353	519505	521195	213	232	296	325	33	37	63	69	30	33	14	16	20267	21914	247	269	53	58	21169	22859	18999	20540	
354	519449	521141	213	231	294	322	33	37	63	69	30	33	14	16	20324	21972	248	270	52	58	21223	22915	19049	20592	
355	519393	521085	213	231	291	319	33	37	63	68	30	33	13	15	20381	22031	248	270	53	58	21279	22971	19098	20643	
356	519337	521032	212	230	290	318	33	36	62	68	30	33	13	15	20437	22089	249	271	52	57	21332	23027	19149	20695	
357	519282	520978	211	229	288	316	33	36	62	68	30	33	13	15	20492	22147	250	272	52	57	21386	23082	19199	20747	
358	519227	520924	211	228	286	314	33	36	62	68	30	33	13	15	20548	22205	251	273	52	57	21440	23137	19250	20799	
359	519171	520870	210	228	286	313	33	36	62	69	30	32	13	15	20603	22262	252	274	53	58	21494	23193	19300	20851	
360	519116	520816	209	228	285	312	32	35	63	68	30	32	13	15	20657	22318	252	275	52	57	21548	23248	19350	20902	
361	519061	520763	209	227	285	312	31	35	62	68	29	32	13	15	20712	22374	253	275	51	57	21601	23303	19400	20953	
362	519007	520710	207	226	283	310	32	35	62	68	30	33	13	15	20766	22430	254	276	51	56	21654	23357	19449	21003	
363	518951	520656	207	227	284	311	31	34	61	67	30	33	13	15	20820	22486	254	277	53	58	21708	23413	19499	21055	
364	518897	520603	206	225	283	310	31	34	61	67	30	33	13	15	20874	22542	255	277	50	55	21761	23467	19549	21106	
