Day	Susceptible-LB	Susceptible-UB	Exposed-LB	Exposed-UB	Current Detected Mild Infections-LB	Current Detected Mild Infections-UB	Current Undetected Mild Infections-LB	Current Undetected Mild Infections-UB	Current Hospitalizations-LB	Current Hospitalizations-UB	Current ICU patients-LB	Current ICU patients-UB	ventilators-LB	ventilators-UB	Recovered-LB	Recovered-UB	Deaths-LB	Deaths-UB	new infections today-LB	new infections today-UB	total number of infections-LB	total number of infections-UB	Confirmed total number of infections-LB	Confirmed total number of infections-UB	
0	8.39872e+006	8.39872e+006	16	16	0	0	0	0	0	0	0	0	0	0	0	0	0	0	0	0	16	16	0	0	
1	8.39858e+006	8.39858e+006	160	160	0	0	0	0	0	0	0	0	0	0	0	0	0	0	144	144	160	160	0	0	
2	8.39843e+006	8.39843e+006	304	304	0	0	0	0	0	0	0	0	0	0	0	0	0	0	144	144	304	304	0	0	
3	8.39826e+006	8.39826e+006	473	478	0	0	0	0	0	0	0	0	0	0	0	0	0	0	169	174	473	478	0	0	
4	8.39796e+006	8.39798e+006	736	756	16	16	0	0	0	0	0	0	0	0	0	0	0	0	277	296	752	772	16	16	
5	8.39755e+006	8.39759e+006	982	1023	119	128	32	41	0	0	0	0	0	0	0	0	0	0	384	416	1142	1183	119	128	
6	8.397e+006	8.39707e+006	1367	1434	226	238	66	78	0	0	0	0	0	0	0	0	0	0	523	561	1671	1738	226	238	
7	8.39619e+006	8.3963e+006	1964	2066	353	368	108	122	0	0	0	0	0	0	0	0	0	0	760	813	2439	2542	353	368	
8	8.39504e+006	8.39519e+006	2786	2928	560	587	179	198	0	0	0	0	0	0	0	0	0	0	1095	1163	3543	3696	563	585	
9	8.39356e+006	8.39379e+006	3795	3995	856	903	272	295	0	0	0	0	0	0	0	0	0	0	1393	1483	4943	5172	861	897	
10	8.39172e+006	8.39203e+006	5031	5282	1234	1307	402	433	0	0	0	0	0	0	16	16	0	0	1754	1853	6709	7013	1259	1314	
11	8.38942e+006	8.38983e+006	6460	6781	1709	1820	546	586	24	32	0	0	0	0	128	136	0	0	2185	2316	8904	9318	1853	1936	
12	8.38674e+006	8.38727e+006	7917	8311	2417	2580	789	845	50	61	0	0	0	0	243	254	0	0	2551	2694	11465	12001	2679	2795	
13	8.38377e+006	8.38443e+006	9352	9806	3331	3572	1093	1168	82	95	0	0	0	0	381	394	0	0	2823	2983	14302	14970	3737	3909	
14	8.38068e+006	8.38148e+006	10542	11052	4447	4756	1449	1545	136	154	0	0	0	0	606	629	0	0	2946	3097	17258	18058	5086	5316	
15	8.37773e+006	8.37866e+006	11160	11699	5775	6178	1915	2029	214	233	0	0	0	0	919	959	0	0	2806	2959	20073	21009	6740	7054	
16	8.37528e+006	8.37633e+006	10932	11464	7283	7784	2427	2565	321	347	0	0	0	0	1339	1401	0	0	2323	2459	22410	23454	8682	9090	
17	8.3724e+006	8.37358e+006	10842	11379	8799	9396	2969	3128	446	477	14	18	13	16	1967	2058	0	0	2737	2893	25156	26338	10834	11348	
18	8.36914e+006	8.37047e+006	10995	11543	10166	10850	3441	3621	633	675	23	28	18	21	2874	3006	0	0	3095	3266	28263	29592	13105	13719	
19	8.36566e+006	8.36717e+006	11486	12073	11215	11964	3793	3995	857	917	31	38	22	26	4039	4232	0	0	3296	3490	31568	33072	15288	16001	
20	8.36211e+006	8.36378e+006	12533	13183	11617	12399	3957	4169	1160	1230	48	56	29	34	5486	5742	0	0	3374	3565	34954	36626	17109	17902	
21	8.35828e+006	8.36013e+006	13440	14124	12015	12834	4101	4322	1495	1585	69	80	40	47	7323	7670	0	0	3639	3839	38606	40452	19249	20152	
22	8.35425e+006	8.35629e+006	14169	14907	12413	13260	4248	4466	1888	1992	98	112	52	60	9459	9917	0	0	3826	4046	42443	44487	21673	22693	
23	8.3501e+006	8.35233e+006	14821	15580	12765	13654	4358	4590	2292	2413	141	158	72	83	11851	12419	0	0	3950	4161	46406	48635	24278	25437	
24	8.3458e+006	8.34823e+006	15539	16328	13087	14011	4464	4701	2662	2804	199	219	99	113	14377	15055	0	0	4089	4316	50507	52939	26953	28255	
25	8.34127e+006	8.34392e+006	16195	17035	13704	14670	4680	4921	2955	3103	273	298	134	150	16825	17629	0	0	4298	4544	54817	57471	29827	31265	
26	8.33653e+006	8.33939e+006	16883	17739	14828	15890	5038	5310	3048	3204	376	405	178	198	18965	19866	0	0	4513	4752	59343	62210	32828	34410	
27	8.3315e+006	8.33459e+006	17727	18620	15757	16865	5321	5604	3147	3311	473	511	214	240	21498	22526	13	16	4792	5043	64149	67240	35934	37658	
28	8.32619e+006	8.32953e+006	18688	19626	16509	17680	5552	5851	3245	3425	620	664	280	309	24358	25507	16	19	5053	5319	69210	72551	39171	41059	
29	8.32065e+006	8.32425e+006	19650	20633	17237	18469	5816	6126	3321	3509	769	821	347	380	27436	28744	19	22	5260	5550	74483	78088	42538	44606	
30	8.31482e+006	8.3187e+006	20684	21716	18108	19385	6078	6403	3399	3597	924	980	421	456	30583	32049	22	26	5545	5837	80041	83912	46107	48346	
31	8.30875e+006	8.31289e+006	21682	22758	18947	20272	6387	6724	3558	3774	1056	1123	482	522	33938	35550	26	32	5792	6083	85845	89984	49870	52287	
32	8.30235e+006	8.30678e+006	22733	23852	19868	21242	6692	7028	3864	4091	1152	1228	528	573	37368	39155	32	39	6102	6415	91957	96389	53867	56490	
33	8.29566e+006	8.30042e+006	23821	25002	20833	22288	7026	7382	4117	4350	1254	1337	575	620	40965	42924	42	51	6350	6697	98318	103075	58009	60836	
34	8.28871e+006	8.29376e+006	24918	26132	21912	23432	7393	7770	4329	4564	1371	1464	632	681	44724	46871	57	68	6640	6970	104974	110029	62390	65419	
35	8.28135e+006	8.28675e+006	26131	27413	23068	24638	7723	8112	4541	4779	1478	1578	688	741	48697	51055	73	88	6999	7370	111988	117385	66983	70223	
36	8.27359e+006	8.27936e+006	27405	28769	24239	25885	8134	8534	4759	5003	1573	1677	734	792	52885	55444	98	115	7376	7771	119376	125144	71787	75261	
37	8.26549e+006	8.27165e+006	28754	30182	25400	27149	8515	8940	5004	5248	1659	1768	777	836	57332	60111	124	142	7699	8111	127087	133242	76793	80522	
38	8.25694e+006	8.26348e+006	30264	31787	26581	28386	8916	9360	5221	5475	1719	1832	809	869	62080	65092	160	182	8152	8573	135254	141801	82034	85993	
39	8.24805e+006	8.25502e+006	31713	33321	27857	29743	9365	9837	5479	5759	1780	1896	837	898	66994	70240	199	223	8450	8902	143718	150688	87537	91759	
40	8.24336e+006	8.25055e+006	28787	30254	29213	31208	9824	10321	5758	6050	1838	1961	862	927	72176	75669	237	264	4450	4703	148182	155379	93351	97863	
41	8.2385e+006	8.24592e+006	25707	27014	30606	32719	10323	10852	6065	6362	1919	2046	897	962	77553	81302	277	306	4620	4870	152815	160236	99411	104228	
42	8.23337e+006	8.24102e+006	22446	23590	32559	34774	10414	10961	6365	6684	2039	2167	950	1019	83212	87231	309	338	4893	5147	157720	165371	106251	111393	
43	8.22839e+006	8.23625e+006	18750	19678	34575	36893	10498	11047	6667	7015	2161	2296	1005	1079	89114	93421	345	375	4753	4991	162485	170350	113347	118848	
44	8.22353e+006	8.23162e+006	18927	19841	33162	35405	9735	10254	6995	7360	2264	2401	1052	1124	95296	99880	387	421	4626	4868	167121	175207	117235	122936	
45	8.21884e+006	8.22713e+006	18777	19675	31656	33775	8890	9356	7328	7701	2374	2518	1097	1168	101823	106735	428	466	4469	4707	171607	179896	121288	127186	
46	8.2144e+006	8.22289e+006	18106	18981	30073	32042	8022	8434	7678	8064	2490	2637	1157	1230	108698	113961	476	517	4222	4452	175844	184334	125573	131673	
47	8.21017e+006	8.21886e+006	17374	18231	28134	29927	7041	7403	8043	8457	2630	2779	1217	1294	115849	121461	533	578	4023	4239	179878	188562	129763	136054	
48	8.20616e+006	8.21503e+006	16568	17390	25325	26937	6348	6664	8429	8869	2760	2914	1273	1352	123447	129415	587	635	3820	4026	183710	192576	133777	140269	
49	8.20245e+006	8.21149e+006	15621	16412	22182	23569	5537	5808	8826	9277	2905	3067	1334	1416	131315	137687	640	690	3524	3726	187248	196289	137719	144399	
50	8.19918e+006	8.20838e+006	14490	15237	21992	23351	5505	5770	8377	8816	3050	3216	1409	1492	136026	142632	694	749	3092	3277	190353	199552	141266	148122	
51	8.19592e+006	8.20528e+006	13558	14271	21497	22823	5405	5664	7920	8349	3207	3379	1483	1571	140902	147736	749	809	3088	3275	193456	202812	144664	151686	
52	8.1928e+006	8.20228e+006	12718	13389	20633	21914	5196	5452	7454	7869	3373	3553	1558	1650	146046	153115	810	872	2979	3145	196452	205941	147921	155097	
53	8.18981e+006	8.19944e+006	12025	12664	19635	20878	4973	5216	6892	7264	3543	3726	1637	1729	151142	158455	874	939	2831	3000	199295	208929	150917	158248	
54	8.18697e+006	8.19675e+006	11613	12233	18426	19615	4653	4884	6230	6564	3717	3910	1722	1821	156193	163756	944	1013	2683	2844	201987	211765	153598	161069	
55	8.18429e+006	8.19419e+006	11074	11649	17316	18458	4382	4609	5451	5736	3905	4107	1803	1907	161198	168997	1019	1091	2548	2692	204549	214442	156265	163864	
56	8.18178e+006	8.19179e+006	10471	11030	16360	17434	4097	4324	5407	5688	3846	4048	1765	1867	165466	173468	1090	1166	2378	2525	206943	216952	158846	166549	
57	8.17938e+006	8.1895e+006	9925	10442	15421	16448	3850	4066	5285	5555	3762	3966	1731	1834	169627	177830	1169	1247	2283	2415	209238	219354	161274	169100	
58	8.17711e+006	8.18732e+006	9413	9884	14509	15497	3622	3839	5048	5308	3689	3890	1698	1799	173686	182079	1251	1335	2165	2292	211418	221630	163568	171509	
59	8.17496e+006	8.18528e+006	8889	9352	13761	14684	3404	3606	4810	5063	3588	3782	1661	1758	177481	186054	1336	1423	2024	2160	213457	223775	165767	173814	
60	8.17288e+006	8.18329e+006	8486	8926	13176	14063	3276	3474	4487	4734	3469	3667	1595	1690	180937	189670	1424	1518	1976	2098	215448	225859	167796	175941	
61	8.17093e+006	8.18143e+006	8050	8477	12535	13367	3118	3303	4225	4461	3328	3524	1527	1620	184348	193240	1521	1620	1849	1963	217310	227809	169759	177997	
62	8.16907e+006	8.17966e+006	7641	8060	11871	12658	2976	3150	4012	4235	3147	3338	1442	1533	187640	196681	1619	1722	1759	1872	219080	229669	171620	179935	
63	8.16733e+006	8.178e+006	7265	7648	11245	11993	2801	2968	3771	3989	2938	3117	1343	1431	190822	200019	1731	1837	1647	1750	220739	231407	173375	181780	
64	8.16569e+006	8.17642e+006	6852	7209	10686	11385	2665	2819	3552	3762	2702	2866	1224	1305	193867	203222	1834	1946	1563	1658	222316	233051	175061	183546	
65	8.16407e+006	8.17489e+006	6521	6872	10113	10782	2543	2690	3346	3542	2431	2574	1100	1174	196794	206287	1947	2070	1520	1624	223848	234663	176644	185207	
66	8.1626e+006	8.17348e+006	6156	6481	9616	10255	2420	2563	3215	3404	2348	2486	1066	1137	199336	208961	2009	2134	1395	1480	225254	236132	178149	186787	
67	8.16119e+006	8.17214e+006	5840	6158	9270	9885	2133	2266	3064	3246	2263	2397	1022	1093	201803	211551	2069	2199	1333	1425	226596	237548	179735	188446	
68	8.15982e+006	8.17083e+006	5576	5880	8963	9550	1842	1964	2887	3058	2164	2297	977	1045	204197	214045	2133	2267	1299	1380	227910	238913	181249	190022	
69	8.15854e+006	8.1696e+006	5264	5551	8709	9263	1601	1706	2730	2896	2058	2186	930	995	206435	216396	2197	2334	1208	1295	229133	240194	182705	191553	
70	8.15732e+006	8.16843e+006	5032	5307	8402	8918	1335	1425	2605	2761	1945	2067	882	946	208599	218668	2259	2403	1161	1238	230306	241419	184052	192964	
71	8.15614e+006	8.16729e+006	4823	5078	8135	8633	1087	1170	2462	2613	1832	1949	831	894	210664	220825	2313	2460	1124	1196	231444	242601	185336	194313	
72	8.15504e+006	8.16624e+006	4561	4809	7907	8370	865	931	2340	2483	1732	1840	785	846	212603	222864	2369	2519	1040	1108	232497	243696	186586	195614	
73	8.15399e+006	8.16524e+006	4343	4574	7515	7965	817	884	2207	2342	1634	1741	742	802	214437	224785	2423	2576	991	1060	233501	244743	187725	196805	
74	8.15301e+006	8.16429e+006	4108	4340	7143	7577	788	850	2102	2230	1541	1642	696	755	216157	226583	2478	2634	927	1003	234442	245731	188806	197934	
75	8.15208e+006	8.1634e+006	3864	4086	6790	7192	747	805	2019	2137	1447	1548	654	715	217815	228329	2528	2688	880	943	235336	246660	189860	199029	
76	8.15118e+006	8.16254e+006	3672	3890	6469	6851	714	773	1903	2012	1396	1494	629	688	219351	229935	2567	2728	848	911	236194	247560	190832	200039	
77	8.15033e+006	8.16174e+006	3476	3684	6164	6521	679	735	1809	1917	1324	1419	593	650	220817	231475	2610	2773	796	854	237001	248403	191764	201009	
78	8.14953e+006	8.16096e+006	3312	3499	5827	6188	640	696	1719	1826	1252	1340	560	613	222249	232967	2652	2817	763	817	237776	249207	192636	201923	
79	8.14878e+006	8.16024e+006	3139	3318	5537	5873	605	654	1635	1742	1189	1273	529	579	223582	234357	2690	2858	707	761	238495	249957	193472	202791	
80	8.14805e+006	8.15955e+006	2969	3148	5258	5585	570	617	1541	1644	1134	1212	502	548	224870	235703	2726	2896	678	741	239182	250689	194267	203625	
81	8.14735e+006	8.15889e+006	2831	3006	4961	5275	538	584	1460	1559	1073	1149	475	517	226120	237001	2755	2928	657	713	239851	251390	195015	204406	
82	8.14671e+006	8.15827e+006	2672	2847	4712	5013	511	556	1401	1488	1026	1097	453	494	227253	238187	2783	2958	606	655	240471	252031	195733	205150	
83	8.14608e+006	8.15766e+006	2557	2727	4457	4745	483	524	1329	1409	978	1048	431	473	228343	239328	2815	2993	590	643	241075	252661	196399	205846	
84	8.14547e+006	8.15708e+006	2446	2597	4230	4505	461	503	1261	1341	926	991	411	451	229376	240411	2844	3023	565	613	241652	253262	197034	206520	
85	8.14492e+006	8.15656e+006	2299	2451	4026	4295	440	484	1198	1275	886	948	392	432	230344	241424	2870	3051	515	562	242177	253814	197658	207174	
86	8.14439e+006	8.15605e+006	2191	2336	3809	4064	416	459	1146	1224	826	884	363	402	231286	242409	2899	3081	495	543	242687	254342	198233	207769	
87	8.14388e+006	8.15556e+006	2079	2220	3627	3874	396	435	1077	1150	785	841	347	385	232179	243343	2923	3106	482	524	243179	254856	198793	208351	
88	8.14339e+006	8.15509e+006	1965	2106	3454	3695	371	410	1012	1085	747	799	331	366	233036	244229	2945	3130	454	496	243643	255342	199331	208910	
89	8.14294e+006	8.15466e+006	1877	2006	3275	3514	355	393	963	1028	705	755	311	346	233826	245053	2967	3153	424	465	244078	255796	199816	209420	
90	8.1425e+006	8.15425e+006	1784	1910	3117	3336	334	371	916	979	671	719	302	336	234574	245846	2990	3176	403	445	244491	256232	200289	209909	
91	8.14208e+006	8.15384e+006	1699	1819	2951	3165	322	356	862	924	646	689	293	326	235302	246611	3010	3198	396	433	244900	256652	200744	210385	
92	8.14167e+006	8.15344e+006	1627	1747	2817	3026	304	336	808	865	609	653	277	308	235993	247327	3029	3218	384	424	245294	257066	201175	210837	
93	8.14129e+006	8.15307e+006	1560	1679	2664	2864	289	322	769	825	572	614	260	287	236650	248017	3049	3240	357	395	245662	257451	201575	211255	
94	8.14092e+006	8.15272e+006	1498	1610	2512	2710	277	310	737	792	544	585	250	276	237271	248664	3065	3258	340	377	246014	257816	201954	211655	
95	8.14058e+006	8.1524e+006	1413	1529	2410	2592	264	295	698	755	510	547	233	257	237849	249272	3083	3276	312	352	246338	258156	202333	212045	
96	8.13997e+006	8.15182e+006	1597	1722	2310	2490	251	280	668	720	490	527	225	249	238396	249839	3097	3292	565	619	246916	258762	202699	212430	
97	8.13939e+006	8.15126e+006	1783	1925	2194	2370	242	272	636	690	467	501	213	237	238928	250396	3111	3306	545	597	247475	259345	203036	212782	
98	8.13884e+006	8.15073e+006	1963	2115	2086	2256	237	266	610	665	437	470	198	221	239431	250920	3127	3324	521	568	248008	259900	203359	213117	
99	8.13825e+006	8.15016e+006	2202	2368	1989	2158	222	251	578	634	417	450	191	214	239906	251413	3139	3337	550	604	248575	260488	203661	213432	
100	8.13766e+006	8.14959e+006	2187	2359	2138	2317	237	265	539	597	396	427	176	196	240366	251892	3154	3352	551	611	249143	261081	204188	213986	
101	8.13704e+006	8.14901e+006	2214	2393	2268	2463	253	284	511	568	373	404	161	180	240815	252353	3165	3363	572	631	249730	261697	204696	214517	
102	8.13641e+006	8.1484e+006	2289	2469	2386	2588	272	303	486	538	359	388	156	173	241238	252799	3177	3375	594	645	250340	262327	205179	215021	
103	8.13575e+006	8.14777e+006	2355	2536	2559	2776	293	323	456	503	342	373	148	166	241641	253221	3188	3388	617	670	250970	262983	205693	215556	
104	8.13505e+006	8.1471e+006	2455	2650	2750	2990	310	344	438	483	328	360	140	158	242015	253609	3198	3398	652	724	251641	263688	206213	216098	
105	8.13432e+006	8.14639e+006	2574	2767	2978	3241	340	375	420	464	313	345	136	153	242364	253974	3206	3407	691	748	252347	264421	206745	216656	
106	8.13354e+006	8.14564e+006	2712	2918	3006	3262	340	380	446	485	296	329	129	146	242925	254564	3216	3416	732	796	253100	265197	207305	217233	
107	8.13275e+006	8.14488e+006	2835	3056	3081	3340	336	375	475	516	285	316	127	145	243459	255122	3224	3424	738	811	253856	265989	207892	217845	
108	8.13191e+006	8.14407e+006	2972	3189	3206	3489	343	383	507	550	272	303	123	141	243965	255648	3231	3433	790	856	254664	266826	208511	218494	
109	8.13107e+006	8.14327e+006	3068	3297	3336	3622	352	395	555	602	258	289	113	131	244492	256192	3237	3439	787	856	255468	267665	209159	219166	
110	8.13018e+006	8.14241e+006	3174	3412	3497	3789	371	415	594	641	244	274	110	127	245029	256753	3244	3446	838	912	256329	268553	209847	219875	
111	8.12928e+006	8.14153e+006	3288	3532	3649	3954	385	430	636	688	228	256	107	124	245582	257331	3251	3454	852	930	257203	269461	210541	220602	
112	8.12834e+006	8.14063e+006	3378	3633	3831	4149	399	445	649	703	225	252	107	124	246170	257941	3261	3464	880	957	258104	270398	211285	221375	
113	8.12736e+006	8.13969e+006	3515	3781	3969	4303	430	478	668	724	225	254	107	125	246774	258567	3269	3472	921	1006	259050	271380	212016	222136	
114	8.12632e+006	8.13869e+006	3652	3936	4133	4470	450	500	680	744	232	258	111	128	247417	259244	3275	3479	975	1066	260050	272421	212803	222946	
115	8.12523e+006	8.13766e+006	3805	4113	4276	4633	468	519	704	769	241	269	114	130	248084	259936	3280	3485	1004	1108	261080	273502	213600	223777	
116	8.12411e+006	8.13657e+006	3980	4308	4411	4781	480	532	741	806	250	278	118	136	248785	260660	3285	3491	1055	1151	262167	274622	214428	224638	
117	8.12295e+006	8.13544e+006	4160	4493	4582	4959	497	547	778	845	256	287	118	137	249490	261401	3291	3497	1103	1190	263298	275784	215296	225540	
118	8.12173e+006	8.13427e+006	4320	4674	4742	5144	521	573	815	885	270	303	121	141	250244	262177	3295	3502	1136	1247	264464	277002	216209	226492	
119	8.12049e+006	8.13307e+006	4494	4842	4945	5380	535	589	845	914	291	326	133	152	250991	262962	3299	3506	1177	1276	265670	278248	217155	227485	
120	8.11918e+006	8.13181e+006	4668	5027	5138	5599	556	614	892	963	309	343	139	159	251783	263780	3303	3510	1228	1338	266931	279554	218152	228511	
121	8.11785e+006	8.13052e+006	4821	5204	5366	5833	582	637	920	994	333	368	154	173	252598	264629	3307	3515	1256	1367	268217	280890	219184	229571	
122	8.11641e+006	8.12914e+006	5035	5427	5595	6096	607	665	960	1038	345	381	158	179	253436	265501	3316	3524	1352	1468	269600	282327	220254	230691	
123	8.11491e+006	8.12768e+006	5276	5688	5813	6333	638	705	997	1077	358	395	165	186	254324	266424	3323	3532	1417	1538	271052	283830	221353	231823	
124	8.11339e+006	8.12623e+006	5466	5896	6036	6573	666	738	1028	1111	369	407	168	190	255273	267412	3331	3540	1418	1546	272504	285342	222500	233011	
125	8.11178e+006	8.12469e+006	5722	6176	6254	6798	701	772	1072	1160	379	419	176	200	256239	268424	3340	3549	1515	1645	274051	286955	223674	234229	
126	8.11014e+006	8.1231e+006	5918	6383	6524	7089	724	801	1112	1207	396	437	183	209	257261	269474	3347	3556	1547	1676	275635	288593	224945	235547	
127	8.10839e+006	8.12142e+006	6150	6629	6814	7412	748	825	1165	1262	414	455	192	217	258312	270557	3354	3563	1649	1784	277317	290344	226282	236932	
128	8.10659e+006	8.11969e+006	6426	6914	7066	7683	777	855	1209	1310	427	469	199	226	259410	271704	3363	3572	1693	1832	279045	292142	227617	238319	
129	8.10476e+006	8.11791e+006	6649	7142	7370	8019	811	888	1264	1373	440	482	205	232	260538	272867	3372	3582	1737	1873	280822	293974	229032	239797	
130	8.10284e+006	8.11607e+006	6906	7433	7669	8336	829	908	1317	1432	464	504	217	244	261711	274082	3382	3592	1806	1965	282668	295900	230490	241310	
131	8.10081e+006	8.11412e+006	7166	7714	8034	8727	858	936	1360	1482	479	523	220	247	262924	275340	3395	3605	1908	2065	284614	297927	232036	242922	
132	8.09876e+006	8.11214e+006	7417	7977	8334	9048	898	978	1415	1537	500	546	233	260	264222	276687	3404	3615	1943	2096	286600	299980	233613	244561	
133	8.09663e+006	8.11008e+006	7693	8275	8611	9339	940	1024	1482	1610	512	563	236	265	265580	278093	3415	3626	2011	2173	288653	302111	235235	246237	
134	8.09438e+006	8.10793e+006	7999	8593	8953	9715	982	1072	1536	1669	533	584	247	276	266949	279516	3423	3635	2113	2283	290807	304354	236927	248001	
135	8.09204e+006	8.10566e+006	8309	8920	9316	10104	1010	1106	1606	1738	558	611	255	284	268393	281023	3433	3645	2220	2391	293072	306699	238714	249866	
136	8.08961e+006	8.10333e+006	8659	9294	9659	10470	1065	1159	1676	1818	581	636	264	293	269869	282547	3444	3656	2293	2470	295410	309124	240525	251739	
137	8.08712e+006	8.10093e+006	8994	9662	9968	10804	1115	1216	1758	1904	608	668	279	310	271430	284168	3456	3669	2345	2542	297805	311615	242393	253680	
138	8.08451e+006	8.09841e+006	9353	10037	10345	11213	1158	1259	1815	1968	632	695	286	319	273065	285863	3468	3681	2474	2656	300323	314227	244360	255733	
139	8.08181e+006	8.09583e+006	9677	10385	10790	11691	1196	1298	1859	2014	655	723	296	332	274759	287614	3479	3693	2544	2739	302909	316924	246438	257888	
140	8.079e+006	8.09313e+006	10031	10773	11230	12149	1242	1344	1943	2104	674	745	306	345	276486	289416	3492	3707	2645	2859	305603	319734	248581	260113	
141	8.07607e+006	8.09031e+006	10467	11208	11611	12571	1294	1403	2015	2185	709	780	322	361	278311	291315	3505	3721	2781	2976	308426	322669	250773	262391	
142	8.07307e+006	8.08742e+006	10832	11600	12093	13086	1338	1453	2086	2256	740	813	334	375	280179	293252	3519	3736	2835	3052	311313	325669	253081	264786	
143	8.06993e+006	8.08441e+006	11246	12055	12573	13600	1390	1506	2153	2320	774	852	353	396	282115	295265	3534	3751	2958	3194	314324	328811	255441	267254	
144	8.06668e+006	8.08129e+006	11670	12494	13053	14124	1439	1561	2229	2402	802	882	364	406	284145	297384	3550	3766	3068	3300	317449	332053	257908	269827	
145	8.0633e+006	8.07803e+006	12091	12962	13546	14637	1509	1633	2337	2521	827	906	378	419	286262	299569	3566	3783	3204	3443	320707	335441	260483	272509	
146	8.05981e+006	8.07469e+006	12538	13452	14031	15157	1565	1695	2420	2608	857	941	389	432	288469	301855	3582	3801	3284	3541	324045	338927	263129	275256	
147	8.05617e+006	8.07121e+006	13008	13945	14589	15755	1624	1746	2499	2689	884	969	401	443	290735	304216	3604	3824	3429	3685	327522	342565	265887	278141	
148	8.05239e+006	8.06761e+006	13497	14482	15107	16317	1701	1827	2600	2794	921	1007	425	466	293097	306668	3621	3842	3556	3837	331130	346350	268731	281101	
149	8.0485e+006	8.06386e+006	13985	14973	15703	16957	1761	1894	2701	2907	959	1046	439	481	295522	309192	3642	3864	3690	3936	334872	350234	271713	284202	
150	8.04446e+006	8.05999e+006	14516	15529	16266	17562	1836	1971	2806	3026	993	1083	455	498	298057	311829	3660	3883	3813	4097	338743	354274	274754	287386	
151	8.04032e+006	8.05602e+006	15008	16041	16858	18217	1888	2029	2917	3138	1026	1118	475	521	300715	314588	3684	3908	3919	4200	342716	358419	277943	290726	
152	8.03599e+006	8.05189e+006	15529	16586	17502	18928	1959	2109	3009	3229	1065	1160	492	540	303450	317433	3705	3930	4077	4382	346850	362745	281239	294190	
153	8.03145e+006	8.04754e+006	16120	17254	18150	19589	2040	2194	3131	3367	1108	1202	510	559	306270	320372	3729	3956	4286	4601	351195	367286	284661	297745	
154	8.02681e+006	8.04309e+006	16689	17860	18840	20329	2094	2252	3238	3493	1159	1257	539	588	309209	323416	3751	3978	4382	4703	355642	371924	288210	301457	
155	8.02194e+006	8.03845e+006	17353	18593	19474	20998	2173	2343	3392	3657	1202	1305	561	613	312247	326569	3774	4002	4584	4932	360285	376797	291838	305243	
156	8.01698e+006	8.03369e+006	17984	19232	20196	21769	2242	2415	3534	3802	1247	1356	585	641	315372	329835	3798	4028	4708	5022	365050	381761	295623	309215	
157	8.01178e+006	8.02872e+006	18599	19884	20944	22576	2346	2528	3661	3939	1296	1405	610	668	318645	333261	3824	4055	4901	5253	370013	386952	299589	313367	
158	8.00643e+006	8.02362e+006	19270	20588	21690	23364	2423	2610	3810	4112	1348	1458	630	689	322022	336797	3851	4083	5053	5407	375119	392305	303664	317622	
159	8.00093e+006	8.01835e+006	19892	21222	22499	24280	2501	2696	3953	4255	1401	1521	660	726	325538	340446	3880	4112	5207	5564	380387	397809	307923	322094	
160	7.99513e+006	8.01284e+006	20628	22058	23285	25098	2603	2809	4105	4419	1460	1584	687	753	329170	344228	3909	4142	5446	5855	385894	403603	312274	326624	
161	7.9892e+006	8.00715e+006	21357	22802	24181	26068	2686	2894	4212	4527	1524	1652	711	781	332941	348163	3941	4176	5630	5997	391583	409541	316819	331387	
162	7.98309e+006	8.00132e+006	22072	23559	25047	26983	2792	3008	4369	4695	1573	1707	734	807	336828	352239	3974	4209	5764	6168	397412	415644	321487	336288	
163	7.97669e+006	7.99523e+006	22892	24470	25876	27853	2882	3104	4510	4849	1634	1772	755	828	340936	356530	4008	4243	6027	6475	403506	422051	326298	341322	
164	7.97011e+006	7.98895e+006	23663	25256	26803	28870	3015	3242	4674	5013	1696	1843	783	859	345119	360897	4044	4281	6216	6642	409788	428628	331317	346610	
165	7.96325e+006	7.98243e+006	24498	26177	27745	29836	3116	3344	4833	5188	1766	1913	812	887	349500	365487	4079	4317	6464	6919	416310	435489	336531	352067	
166	7.95618e+006	7.97567e+006	25423	27139	28689	30870	3226	3459	4986	5342	1833	1985	841	918	354004	370189	4115	4357	6693	7126	423066	442552	341852	357651	
167	7.94891e+006	7.96873e+006	26282	27998	29710	31984	3332	3567	5190	5561	1892	2048	862	940	358663	375062	4153	4397	6887	7333	430011	449827	347446	363543	
168	7.94138e+006	7.96154e+006	27191	28956	30765	33107	3437	3683	5378	5763	1963	2127	895	978	363471	380089	4196	4439	7125	7600	437201	457361	353207	369576	
169	7.93354e+006	7.95406e+006	28139	29945	31909	34346	3549	3799	5588	5985	2032	2197	922	1004	368418	385259	4235	4482	7412	7908	444681	465201	359175	375869	
170	7.92551e+006	7.94641e+006	29029	30905	33053	35515	3649	3903	5797	6210	2105	2274	954	1040	373603	390707	4277	4525	7580	8088	452328	473223	365365	382349	
171	7.91721e+006	7.93847e+006	30013	31948	34172	36719	3780	4042	6007	6424	2168	2345	984	1074	378974	396310	4323	4573	7868	8379	460267	481531	371719	389019	
172	7.90865e+006	7.93032e+006	30970	32974	35394	38015	3911	4186	6231	6670	2244	2424	1018	1109	384455	402042	4370	4620	8083	8625	468418	490088	378295	395917	
173	7.89977e+006	7.92188e+006	31929	34012	36625	39296	4062	4341	6455	6904	2322	2514	1061	1158	390197	408067	4423	4675	8371	8945	476856	498967	385143	403110	
174	7.89058e+006	7.91315e+006	33030	35165	37856	40606	4197	4476	6651	7116	2400	2593	1095	1191	396149	414303	4475	4728	8680	9243	485591	508155	392149	410469	
175	7.88111e+006	7.90412e+006	34121	36324	39122	41923	4332	4622	6883	7366	2498	2701	1136	1238	402295	420750	4525	4781	8961	9536	494618	517624	399421	418092	
176	7.87131e+006	7.8948e+006	35286	37566	40357	43267	4479	4786	7096	7590	2594	2803	1179	1283	408687	427434	4577	4835	9247	9868	503935	527424	406881	425930	
177	7.86125e+006	7.88523e+006	36418	38753	41689	44728	4624	4945	7360	7867	2689	2901	1226	1329	415214	434279	4634	4894	9501	10133	513511	537482	414617	434081	
178	7.85075e+006	7.87522e+006	37678	40076	43096	46221	4766	5100	7619	8141	2785	2999	1267	1364	421999	441374	4692	4953	9942	10565	523514	547986	422621	442501	
179	7.83995e+006	7.86493e+006	38939	41406	44497	47699	4907	5257	7881	8412	2876	3093	1318	1420	429071	448789	4749	5013	10223	10865	533805	558783	430902	451197	
180	7.82885e+006	7.85436e+006	40205	42702	45979	49297	5087	5444	8161	8694	2982	3206	1367	1474	436277	456351	4806	5072	10512	11166	544380	569886	439428	460177	
181	7.81739e+006	7.84345e+006	41544	44101	47449	50889	5247	5610	8422	8969	3082	3309	1414	1521	443790	464216	4870	5141	10840	11533	555290	581349	448221	469418	
182	7.80559e+006	7.83224e+006	42739	45403	49108	52627	5446	5813	8731	9297	3189	3420	1462	1571	451460	472272	4931	5205	11135	11868	566495	593147	457363	479027	
183	7.79344e+006	7.82066e+006	44039	46743	50751	54339	5651	6024	9012	9606	3310	3540	1504	1615	459435	480659	4991	5270	11521	12207	578077	605293	466770	488913	
184	7.78089e+006	7.80873e+006	45394	48194	52410	56088	5826	6197	9308	9915	3426	3660	1558	1677	467691	489343	5060	5343	11870	12614	590008	617847	476468	499105	
185	7.768e+006	7.79646e+006	46762	49615	54073	57871	6034	6418	9605	10219	3539	3780	1608	1732	476235	498310	5135	5420	12205	12956	602276	630739	486445	509595	
186	7.75469e+006	7.78379e+006	48221	51122	55782	59690	6204	6608	9927	10587	3646	3892	1662	1790	485045	507555	5210	5498	12594	13376	614943	644042	496731	520431	
187	7.74102e+006	7.77075e+006	49685	52657	57605	61562	6400	6809	10254	10944	3767	4026	1715	1846	494097	517046	5285	5575	12985	13743	627991	657721	507349	531587	
188	7.72698e+006	7.75735e+006	51147	54140	59360	63438	6569	6988	10587	11290	3900	4164	1779	1917	503549	526982	5367	5663	13331	14098	641387	671755	518284	543104	
189	7.71255e+006	7.74358e+006	52642	55686	61135	65320	6773	7200	10957	11684	4044	4308	1837	1975	513252	537162	5440	5740	13699	14502	655155	686188	529508	554917	
190	7.69766e+006	7.72939e+006	54174	57264	62997	67312	6982	7427	11304	12058	4178	4445	1904	2039	523260	547671	5523	5826	14125	14954	669350	701072	541115	567112	
191	7.68243e+006	7.71484e+006	55666	58821	64914	69287	7208	7665	11693	12471	4329	4602	1968	2107	533544	558475	5608	5918	14479	15297	683895	716303	553054	579630	
192	7.6668e+006	7.69993e+006	57189	60420	66879	71288	7431	7900	12083	12858	4471	4760	2034	2179	544131	569633	5697	6010	14855	15696	698811	731939	565331	592495	
193	7.65066e+006	7.6845e+006	58850	62124	68816	73347	7659	8150	12470	13252	4603	4902	2101	2252	555095	581140	5795	6113	15357	16209	714240	748076	577939	605717	
194	7.63412e+006	7.66872e+006	60437	63775	70833	75448	7889	8397	12843	13650	4748	5058	2171	2325	566417	593033	5890	6214	15712	16607	730020	764615	590946	619363	
195	7.61707e+006	7.65242e+006	62179	65607	72894	77570	8100	8619	13173	13998	4903	5222	2246	2401	578099	605309	5991	6320	16224	17126	746319	781665	604278	633329	
196	7.59966e+006	7.63575e+006	63929	67381	74921	79657	8333	8854	13594	14428	5079	5410	2325	2485	590063	617880	6099	6432	16604	17472	762986	799074	617947	647673	
197	7.58182e+006	7.61863e+006	65629	69073	77069	81906	8556	9073	14000	14844	5260	5605	2409	2581	602422	630841	6201	6540	17059	17899	780104	816915	632083	662480	
198	7.56349e+006	7.60108e+006	67398	70875	79207	84167	8802	9317	14414	15278	5425	5781	2487	2662	615130	644153	6309	6652	17481	18408	797658	835250	646544	677653	
199	7.54473e+006	7.58313e+006	69051	72575	81464	86521	9062	9593	14813	15702	5609	5976	2574	2753	628198	657847	6424	6774	17876	18827	815607	854004	661466	693270	
200	7.52548e+006	7.56466e+006	70857	74417	83706	88803	9295	9833	15268	16179	5786	6160	2642	2830	641636	671941	6546	6905	18410	19313	834077	873256	676753	709238	
201	7.50579e+006	7.54574e+006	72641	76285	86027	91151	9548	10094	15757	16667	5965	6355	2731	2924	655394	686366	6667	7028	18843	19768	852994	892951	692444	725590	
202	7.48565e+006	7.5264e+006	74426	78084	88385	93599	9807	10365	16216	17122	6157	6546	2821	3011	669538	701217	6794	7160	19265	20207	872335	913082	708536	742400	
203	7.46505e+006	7.50658e+006	76306	79933	90654	95966	10050	10624	16713	17653	6359	6759	2922	3114	684145	716482	6918	7287	19758	20674	892160	933689	724988	759601	
204	7.44384e+006	7.4862e+006	78203	81888	93058	98378	10341	10922	17173	18136	6557	6957	3010	3198	699136	732205	7047	7424	20304	21271	912532	954892	741900	777238	
205	7.4223e+006	7.46543e+006	80057	83739	95425	100764	10596	11175	17655	18649	6751	7163	3105	3302	714619	748400	7183	7565	20697	21619	933305	976436	759235	795299	
206	7.40031e+006	7.44424e+006	81920	85585	97763	103179	10919	11497	18147	19141	6922	7352	3189	3395	730473	764972	7331	7720	21125	22057	954497	998426	776923	813725	
207	7.37772e+006	7.42247e+006	83861	87572	100190	105680	11194	11768	18628	19634	7111	7540	3279	3480	746771	781973	7484	7879	21699	22661	976268	1.02101e+006	795098	832634	
208	7.35472e+006	7.40027e+006	85680	89380	102701	108227	11504	12085	19107	20157	7323	7758	3376	3582	763482	799415	7630	8035	22124	23079	998466	1.04402e+006	813749	852052	
209	7.33122e+006	7.37754e+006	87633	91337	105243	110743	11779	12365	19552	20606	7532	7976	3461	3673	780608	817342	7791	8205	22646	23579	1.0212e+006	1.06751e+006	832788	871802	
210	7.30733e+006	7.35443e+006	89546	93241	107715	113244	12019	12611	20085	21139	7745	8202	3567	3781	798171	835662	7955	8374	23037	23963	1.0443e+006	1.09141e+006	852222	891975	
211	7.28298e+006	7.33091e+006	91297	95007	110273	115836	12316	12913	20627	21688	7954	8423	3655	3878	816170	854415	8119	8549	23449	24427	1.06783e+006	1.11576e+006	872165	912672	
212	7.25811e+006	7.30683e+006	93176	96871	112885	118452	12568	13163	21133	22216	8184	8662	3766	3998	834603	873605	8289	8725	24001	24946	1.0919e+006	1.14063e+006	892511	933771	
213	7.2328e+006	7.2823e+006	94983	98682	115505	121082	12837	13437	21682	22785	8382	8864	3855	4093	853499	893253	8468	8915	24449	25393	1.11643e+006	1.16594e+006	913373	955343	
214	7.207e+006	7.2573e+006	96863	100596	117989	123527	13085	13685	22252	23344	8608	9104	3949	4196	872896	913462	8652	9106	24916	25878	1.14143e+006	1.19174e+006	934574	977271	
215	7.18085e+006	7.2319e+006	98740	102397	120468	126054	13366	13957	22807	23903	8844	9349	4057	4306	892694	933994	8844	9305	25323	26232	1.16684e+006	1.21789e+006	956131	999605	
216	7.15431e+006	7.20612e+006	100421	104089	123073	128658	13650	14229	23321	24423	9125	9622	4183	4428	912891	954984	9041	9516	25687	26632	1.19262e+006	1.24442e+006	978221	1.02244e+006	
217	7.12737e+006	7.17991e+006	102089	105727	125583	131142	13892	14476	23905	24981	9366	9882	4304	4561	933638	976548	9239	9723	26116	27032	1.21883e+006	1.27136e+006	1.00075e+006	1.04568e+006	
218	7.1e+006	7.15324e+006	103747	107315	128102	133672	14165	14745	24502	25580	9599	10124	4408	4673	954812	998509	9434	9927	26573	27467	1.2455e+006	1.29874e+006	1.02369e+006	1.06937e+006	
219	7.0722e+006	7.1261e+006	105470	108985	130507	136047	14440	15020	25041	26115	9840	10370	4529	4795	976534	1.02099e+006	9657	10159	27044	27903	1.27264e+006	1.32654e+006	1.04699e+006	1.09336e+006	
220	7.04415e+006	7.09874e+006	107049	110489	132885	138438	14714	15296	25586	26665	10113	10649	4665	4931	998612	1.04383e+006	9870	10381	27261	28142	1.3e+006	1.35459e+006	1.07061e+006	1.11769e+006	
221	7.0157e+006	7.07099e+006	108583	112002	135277	140762	14993	15573	26127	27209	10379	10916	4802	5069	1.02111e+006	1.06716e+006	10087	10606	27648	28547	1.32774e+006	1.38303e+006	1.09464e+006	1.1424e+006	
222	6.98682e+006	7.0428e+006	110100	113524	137573	143017	15269	15840	26724	27804	10628	11171	4915	5178	1.04411e+006	1.09094e+006	10315	10843	28091	28988	1.35593e+006	1.41192e+006	1.1191e+006	1.16753e+006	
223	6.95758e+006	7.01415e+006	111595	114975	139917	145268	15531	16087	27242	28328	10936	11480	5054	5313	1.06759e+006	1.11519e+006	10535	11075	28535	29357	1.38459e+006	1.44116e+006	1.14402e+006	1.19307e+006	
224	6.92801e+006	6.98516e+006	113211	116512	142054	147315	15748	16295	27740	28826	11216	11768	5201	5467	1.09158e+006	1.13995e+006	10768	11319	28871	29685	1.41358e+006	1.47073e+006	1.16914e+006	1.21885e+006	
225	6.89815e+006	6.95589e+006	114712	117949	144132	149377	16000	16543	28314	29399	11478	12022	5310	5566	1.1159e+006	1.16502e+006	11017	11578	29154	29980	1.44285e+006	1.50059e+006	1.1946e+006	1.24497e+006	
226	6.86802e+006	6.92629e+006	116099	119204	146307	151496	16243	16767	28826	29914	11732	12298	5428	5700	1.14066e+006	1.1905e+006	11270	11843	29474	30248	1.47245e+006	1.53071e+006	1.22047e+006	1.2715e+006	
227	6.83756e+006	6.89635e+006	117381	120436	148500	153586	16468	17003	29313	30398	11994	12547	5538	5802	1.16587e+006	1.21645e+006	11521	12105	29812	30594	1.50239e+006	1.56118e+006	1.24678e+006	1.29834e+006	
228	6.80684e+006	6.86609e+006	118623	121615	150580	155573	16692	17227	29748	30827	12295	12852	5680	5947	1.19153e+006	1.24282e+006	11782	12380	30113	30864	1.53264e+006	1.5919e+006	1.2734e+006	1.32552e+006	
229	6.77595e+006	6.83567e+006	119754	122667	152472	157429	16913	17445	30315	31371	12556	13102	5796	6057	1.21757e+006	1.26955e+006	12052	12658	30279	31038	1.56307e+006	1.62279e+006	1.30029e+006	1.35295e+006	
230	6.74481e+006	6.80492e+006	120880	123702	154467	159311	17131	17669	30760	31797	12798	13331	5898	6159	1.24397e+006	1.29666e+006	12325	12942	30600	31283	1.59382e+006	1.65393e+006	1.32746e+006	1.38063e+006	
231	6.71329e+006	6.77377e+006	122059	124781	156425	161151	17347	17867	31167	32218	13105	13640	6032	6290	1.2707e+006	1.32408e+006	12616	13244	30986	31678	1.62496e+006	1.68544e+006	1.35495e+006	1.40863e+006	
232	6.68172e+006	6.74255e+006	123031	125636	158262	162829	17539	18056	31644	32666	13367	13913	6149	6418	1.29786e+006	1.35196e+006	12905	13542	31078	31725	1.65619e+006	1.71702e+006	1.38273e+006	1.43684e+006	
233	6.6501e+006	6.71122e+006	123905	126387	159884	164374	17673	18180	32198	33208	13584	14135	6243	6517	1.32545e+006	1.38013e+006	13198	13843	31152	31790	1.68752e+006	1.74863e+006	1.41073e+006	1.46526e+006	
234	6.6182e+006	6.67952e+006	124813	127199	161436	165795	17860	18347	32723	33709	13829	14361	6343	6600	1.35336e+006	1.40867e+006	13498	14156	31497	32105	1.71921e+006	1.78054e+006	1.43896e+006	1.49388e+006	
235	6.58625e+006	6.64782e+006	125326	127669	163081	167286	18060	18542	33075	34075	14112	14633	6473	6729	1.38169e+006	1.43757e+006	13807	14474	31505	32143	1.75092e+006	1.81248e+006	1.46754e+006	1.52281e+006	
236	6.55425e+006	6.616e+006	125865	128157	164523	168588	18239	18699	33496	34487	14317	14824	6559	6810	1.41034e+006	1.46678e+006	14119	14799	31626	32204	1.78274e+006	1.84449e+006	1.49623e+006	1.55182e+006	
237	6.52211e+006	6.58401e+006	126476	128731	165729	169637	18381	18839	33885	34848	14574	15086	6682	6938	1.43931e+006	1.49631e+006	14433	15124	31766	32361	1.81473e+006	1.87663e+006	1.52499e+006	1.58085e+006	
238	6.48985e+006	6.55187e+006	126852	129147	167012	170750	18512	18938	34232	35177	14780	15283	6777	7035	1.46867e+006	1.52617e+006	14764	15464	31865	32528	1.84687e+006	1.90889e+006	1.55411e+006	1.61018e+006	
239	6.4575e+006	6.5196e+006	127354	129618	168088	171706	18679	19068	34563	35480	15004	15517	6873	7139	1.4982e+006	1.55619e+006	15096	15807	31987	32634	1.87914e+006	1.94123e+006	1.58323e+006	1.63954e+006	
240	6.42522e+006	6.48735e+006	127722	129953	169029	172541	18768	19151	34839	35729	15235	15739	6964	7226	1.52811e+006	1.58651e+006	15426	16148	31991	32541	1.91139e+006	1.97352e+006	1.61247e+006	1.66896e+006	
241	6.39284e+006	6.45495e+006	128044	130276	169746	173163	18836	19207	35160	36021	15388	15890	7037	7300	1.55842e+006	1.61723e+006	15778	16513	32080	32693	1.94378e+006	2.00589e+006	1.64187e+006	1.6985e+006	
242	6.36062e+006	6.4227e+006	128111	130285	170465	173902	18896	19280	35506	36341	15572	16060	7119	7377	1.58876e+006	1.64797e+006	16125	16877	31937	32533	1.97603e+006	2.03811e+006	1.67142e+006	1.72816e+006	
243	6.32848e+006	6.39042e+006	128058	130139	171244	174656	18963	19359	35801	36583	15797	16278	7224	7480	1.6192e+006	1.67875e+006	16487	17249	31933	32488	2.00831e+006	2.07025e+006	1.70106e+006	1.75789e+006	
244	6.2965e+006	6.3583e+006	127809	129961	171685	175031	19017	19419	36067	36828	15972	16456	7304	7566	1.65009e+006	1.7099e+006	16834	17604	31757	32349	2.04044e+006	2.10224e+006	1.7307e+006	1.78757e+006	
245	6.2647e+006	6.32635e+006	127286	129452	172226	175518	19060	19473	36268	37014	16124	16608	7386	7645	1.68105e+006	1.74114e+006	17209	17984	31562	32179	2.07238e+006	2.13403e+006	1.7605e+006	1.81737e+006	
246	6.23295e+006	6.29436e+006	126912	129105	172521	175821	19079	19495	36471	37214	16306	16784	7484	7735	1.71209e+006	1.77242e+006	17584	18366	31571	32178	2.10438e+006	2.16579e+006	1.79015e+006	1.847e+006	
247	6.20136e+006	6.2625e+006	126394	128647	172674	175916	19106	19515	36639	37329	16476	16937	7560	7799	1.74337e+006	1.80391e+006	17952	18747	31403	32042	2.13624e+006	2.19737e+006	1.81982e+006	1.87656e+006	
248	6.16991e+006	6.23075e+006	125907	128231	172572	175769	19096	19488	36796	37510	16652	17108	7632	7866	1.77476e+006	1.83545e+006	18338	19143	31271	31932	2.16799e+006	2.22882e+006	1.84937e+006	1.90599e+006	
249	6.13882e+006	6.19935e+006	125254	127629	172180	175359	19056	19449	36913	37638	16797	17222	7713	7939	1.80636e+006	1.86719e+006	18719	19539	30920	31566	2.19939e+006	2.25991e+006	1.87873e+006	1.93523e+006	
250	6.10795e+006	6.1681e+006	124420	126834	171763	175020	19042	19434	37045	37736	16931	17342	7790	8011	1.83793e+006	1.89887e+006	19117	19937	30726	31393	2.23064e+006	2.29078e+006	1.90815e+006	1.96442e+006	
251	6.0773e+006	6.13708e+006	123499	125986	171136	174423	18976	19397	37188	37842	17087	17487	7856	8071	1.86963e+006	1.93061e+006	19505	20334	30488	31187	2.26166e+006	2.32144e+006	1.93745e+006	1.99349e+006	
252	6.04688e+006	6.10618e+006	122493	125114	170528	173906	18899	19333	37281	37948	17206	17591	7905	8109	1.90123e+006	1.96224e+006	19913	20745	30271	31055	2.29256e+006	2.35186e+006	1.96668e+006	2.02246e+006	
253	6.01681e+006	6.07562e+006	121502	124236	169627	173082	18795	19227	37357	38003	17277	17655	7943	8150	1.93293e+006	1.99387e+006	20315	21160	29935	30682	2.32311e+006	2.38192e+006	1.99556e+006	2.05108e+006	
254	5.98687e+006	6.04518e+006	120583	123431	168692	172217	18700	19135	37306	37969	17375	17750	7985	8189	1.96456e+006	2.02544e+006	20709	21566	29814	30582	2.35356e+006	2.41187e+006	2.02432e+006	2.0795e+006	
255	5.95726e+006	6.01502e+006	119580	122524	167688	171329	18609	19052	37275	37887	17461	17830	8027	8225	1.99606e+006	2.05682e+006	21111	21976	29485	30281	2.38372e+006	2.44148e+006	2.05282e+006	2.10768e+006	
256	5.92813e+006	5.98534e+006	118314	121267	166519	170341	18455	18939	37198	37859	17528	17885	8056	8245	2.02762e+006	2.08818e+006	21512	22384	29007	29795	2.41339e+006	2.47061e+006	2.08124e+006	2.13569e+006	
257	5.89941e+006	5.95604e+006	116993	119988	165201	169138	18296	18792	37094	37773	17596	17936	8085	8268	2.05906e+006	2.11941e+006	21932	22807	28614	29404	2.44269e+006	2.49933e+006	2.10939e+006	2.1634e+006	
258	5.87095e+006	5.92696e+006	115531	118599	163857	167918	18174	18672	36956	37638	17639	17975	8105	8286	2.09045e+006	2.15057e+006	22353	23231	28356	29189	2.47178e+006	2.52779e+006	2.1374e+006	2.19098e+006	
259	5.8429e+006	5.89823e+006	113987	117159	162559	166784	18023	18533	36690	37391	17682	18022	8117	8301	2.12161e+006	2.18145e+006	22785	23663	27942	28840	2.50051e+006	2.55584e+006	2.16515e+006	2.21825e+006	
260	5.81523e+006	5.86991e+006	112557	115780	160989	165347	17861	18385	36500	37201	17697	18046	8113	8305	2.15259e+006	2.21209e+006	23207	24089	27577	28416	2.52883e+006	2.58351e+006	2.19246e+006	2.24506e+006	
261	5.788e+006	5.842e+006	111062	114396	159320	163779	17650	18175	36304	37066	17672	18011	8098	8281	2.18332e+006	2.24257e+006	23634	24518	27124	28014	2.55674e+006	2.61074e+006	2.21944e+006	2.27151e+006	
262	5.76129e+006	5.81453e+006	109333	112762	157571	162085	17490	17998	36058	36806	17698	18054	8117	8308	2.21399e+006	2.27281e+006	24057	24948	26627	27554	2.58421e+006	2.63745e+006	2.2462e+006	2.29771e+006	
263	5.73486e+006	5.78737e+006	107726	111172	155739	160396	17334	17839	35684	36475	17715	18084	8124	8326	2.2444e+006	2.30281e+006	24490	25379	26338	27247	2.61137e+006	2.66387e+006	2.27263e+006	2.32352e+006	
264	5.70877e+006	5.76053e+006	106149	109687	153687	158427	17151	17640	35390	36209	17704	18067	8120	8322	2.27468e+006	2.33265e+006	24922	25816	26000	26931	2.63821e+006	2.68997e+006	2.29868e+006	2.34896e+006	
265	5.68323e+006	5.73418e+006	104486	108110	151563	156404	16909	17402	35115	35989	17683	18019	8104	8295	2.30463e+006	2.36214e+006	25364	26257	25464	26434	2.66456e+006	2.71551e+006	2.32441e+006	2.37407e+006	
266	5.65823e+006	5.7084e+006	102762	106423	149391	154380	16685	17202	34775	35657	17600	17962	8049	8245	2.33426e+006	2.39126e+006	25795	26694	24908	25862	2.69033e+006	2.74051e+006	2.34969e+006	2.39868e+006	
267	5.63361e+006	5.68296e+006	100973	104690	147322	152440	16462	17001	34437	35294	17494	17885	8016	8223	2.36354e+006	2.42e+006	26234	27131	24552	25513	2.71578e+006	2.76513e+006	2.37471e+006	2.42304e+006	
268	5.60946e+006	5.65804e+006	99037	102756	145220	150443	16193	16755	34019	34926	17386	17787	7978	8183	2.39265e+006	2.44855e+006	26676	27570	24070	24990	2.74069e+006	2.78927e+006	2.39943e+006	2.44709e+006	
269	5.58584e+006	5.63363e+006	97117	100816	143006	148316	15914	16492	33665	34599	17283	17688	7930	8138	2.42137e+006	2.47663e+006	27105	28001	23542	24496	2.7651e+006	2.8129e+006	2.42371e+006	2.47064e+006	
270	5.56258e+006	5.60954e+006	95398	99117	140610	146041	15628	16225	33221	34166	17168	17567	7877	8083	2.44979e+006	2.50445e+006	27541	28441	23188	24164	2.7892e+006	2.83616e+006	2.44745e+006	2.49368e+006	
271	5.53978e+006	5.58593e+006	93553	97304	138246	143755	15416	16014	32818	33766	17070	17480	7825	8036	2.47774e+006	2.53178e+006	27966	28863	22708	23699	2.81281e+006	2.85896e+006	2.47087e+006	2.51635e+006	
272	5.51745e+006	5.56279e+006	91733	95530	135927	141447	15169	15766	32375	33385	16928	17335	7762	7971	2.50529e+006	2.55866e+006	28400	29286	22248	23219	2.83595e+006	2.88128e+006	2.49382e+006	2.53858e+006	
273	5.49567e+006	5.54014e+006	89898	93758	133432	138995	14873	15462	31972	33036	16752	17166	7679	7880	2.53254e+006	2.58524e+006	28831	29710	21708	22722	2.85859e+006	2.90307e+006	2.51635e+006	2.5604e+006	
274	5.47442e+006	5.51803e+006	87885	91777	130883	136497	14609	15193	31544	32636	16582	17023	7608	7825	2.55949e+006	2.6115e+006	29261	30139	21174	22183	2.88071e+006	2.92431e+006	2.53855e+006	2.58183e+006	
275	5.45352e+006	5.49634e+006	86009	89844	128396	134035	14336	14924	31029	32121	16384	16838	7513	7731	2.58611e+006	2.63734e+006	29687	30561	20834	21765	2.9024e+006	2.94522e+006	2.5603e+006	2.60285e+006	
276	5.43316e+006	5.47513e+006	84049	87904	126012	131667	14061	14649	30494	31616	16242	16702	7462	7688	2.6121e+006	2.66261e+006	30108	30970	20289	21278	2.9236e+006	2.96558e+006	2.58163e+006	2.62344e+006	
277	5.41335e+006	5.4545e+006	82069	85895	123471	129177	13754	14352	29947	31096	16092	16544	7383	7605	2.63779e+006	2.68754e+006	30520	31375	19730	20711	2.94424e+006	2.98539e+006	2.60251e+006	2.64354e+006	
278	5.39392e+006	5.43424e+006	80249	84051	120915	126701	13419	14016	29393	30528	15898	16372	7282	7512	2.66303e+006	2.71203e+006	30931	31781	19361	20332	2.9645e+006	3.00482e+006	2.62293e+006	2.66317e+006	
279	5.37502e+006	5.41455e+006	78236	82058	118452	124228	13159	13772	28802	29944	15711	16199	7194	7433	2.68779e+006	2.73605e+006	31330	32178	18822	19770	2.98419e+006	3.02372e+006	2.64291e+006	2.68245e+006	
280	5.35662e+006	5.39538e+006	76270	80020	115845	121634	12859	13489	28262	29411	15501	16007	7096	7341	2.7122e+006	2.75967e+006	31730	32573	18324	19240	3.00336e+006	3.04212e+006	2.66246e+006	2.70124e+006	
281	5.33859e+006	5.37653e+006	74498	78231	113113	118903	12610	13235	27751	28885	15268	15784	7002	7253	2.73615e+006	2.78282e+006	32131	32974	17958	18922	3.02221e+006	3.06015e+006	2.68146e+006	2.71948e+006	
282	5.32102e+006	5.35817e+006	72630	76334	110525	116328	12308	12926	27250	28376	14995	15518	6868	7124	2.75965e+006	2.80554e+006	32536	33366	17493	18436	3.04057e+006	3.07771e+006	2.70019e+006	2.73744e+006	
283	5.30404e+006	5.34039e+006	70718	74413	107942	113681	12013	12613	26749	27884	14778	15306	6764	7021	2.78261e+006	2.82767e+006	32919	33746	16907	17851	3.05835e+006	3.0947e+006	2.71836e+006	2.7549e+006	
284	5.28733e+006	5.32289e+006	69034	72738	105357	111009	11748	12341	26201	27350	14511	15035	6636	6894	2.80514e+006	2.84935e+006	33310	34128	16638	17566	3.07584e+006	3.1114e+006	2.73604e+006	2.77188e+006	
285	5.27118e+006	5.30601e+006	67149	70779	102775	108463	11458	12040	25672	26821	14289	14817	6535	6797	2.8272e+006	2.87063e+006	33686	34500	16072	16964	3.09273e+006	3.12755e+006	2.75343e+006	2.78851e+006	
286	5.25548e+006	5.28954e+006	65288	68881	100229	105873	11212	11785	25075	26205	14031	14580	6412	6679	2.84887e+006	2.89146e+006	34077	34886	15635	16536	3.1092e+006	3.14326e+006	2.77032e+006	2.80468e+006	
287	5.24024e+006	5.27358e+006	63551	67064	97746	103349	10873	11448	24475	25606	13767	14321	6276	6542	2.86997e+006	2.91176e+006	34466	35265	15170	16034	3.12516e+006	3.1585e+006	2.78673e+006	2.82037e+006	
288	5.22533e+006	5.25791e+006	61748	65244	95292	100845	10607	11183	23950	25093	13518	14063	6169	6431	2.89064e+006	2.93161e+006	34827	35617	14837	15744	3.14083e+006	3.17341e+006	2.80288e+006	2.83581e+006	
289	5.21087e+006	5.24273e+006	60073	63519	92816	98315	10338	10902	23353	24486	13255	13820	6054	6330	2.91082e+006	2.95103e+006	35187	35967	14398	15237	3.156e+006	3.18787e+006	2.81846e+006	2.85071e+006	
290	5.19689e+006	5.22807e+006	58338	61718	90401	95886	10063	10629	22796	23915	12992	13576	5941	6217	2.93046e+006	2.96991e+006	35529	36300	13899	14736	3.17066e+006	3.20185e+006	2.83367e+006	2.86523e+006	
291	5.18317e+006	5.21369e+006	56795	60155	87913	93294	9759	10337	22208	23341	12737	13315	5822	6097	2.94978e+006	2.98843e+006	35891	36650	13631	14467	3.18504e+006	3.21556e+006	2.84841e+006	2.87933e+006	
292	5.17e+006	5.19987e+006	55066	58302	85551	90903	9458	10043	21728	22862	12496	13062	5728	5997	2.96853e+006	3.0064e+006	36226	36980	13106	13893	3.19887e+006	3.22874e+006	2.86287e+006	2.89311e+006	
293	5.15722e+006	5.18647e+006	53367	56544	83272	88524	9231	9805	21200	22342	12200	12760	5597	5861	2.98679e+006	3.02387e+006	36573	37314	12696	13483	3.21227e+006	3.24151e+006	2.87685e+006	2.90644e+006	
294	5.14482e+006	5.17346e+006	51781	54902	80800	85958	8969	9536	20689	21804	11972	12536	5491	5753	3.00471e+006	3.041e+006	36901	37631	12315	13093	3.22528e+006	3.25392e+006	2.89038e+006	2.91936e+006	
295	5.13268e+006	5.16074e+006	50212	53236	78604	83711	8727	9283	20145	21251	11685	12251	5369	5636	3.02212e+006	3.05766e+006	37226	37949	12064	12800	3.238e+006	3.26606e+006	2.90365e+006	2.93202e+006	
296	5.121e+006	5.14848e+006	48712	51678	76329	81326	8474	9024	19636	20739	11423	11976	5253	5513	3.03906e+006	3.07383e+006	37540	38252	11605	12335	3.25026e+006	3.27773e+006	2.91642e+006	2.9442e+006	
297	5.10963e+006	5.13654e+006	47305	50207	74091	79010	8247	8780	19112	20173	11153	11713	5135	5405	3.05553e+006	3.08955e+006	37862	38563	11292	12008	3.26219e+006	3.2891e+006	2.9288e+006	2.95601e+006	
298	5.09867e+006	5.12501e+006	45887	48719	71820	76605	8010	8520	18544	19593	10884	11446	5025	5290	3.07173e+006	3.10499e+006	38175	38873	10898	11605	3.27373e+006	3.30007e+006	2.94079e+006	2.96745e+006	
299	5.08806e+006	5.11387e+006	44352	47140	69745	74423	7759	8255	18070	19081	10604	11159	4886	5144	3.0874e+006	3.11993e+006	38477	39161	10530	11220	3.28487e+006	3.31068e+006	2.95255e+006	2.97869e+006	
300	5.07768e+006	5.10297e+006	43047	45777	67667	72245	7540	8035	17495	18507	10360	10901	4779	5025	3.10259e+006	3.13442e+006	38782	39449	10298	10973	3.29577e+006	3.32105e+006	2.96384e+006	2.98946e+006	
301	5.0677e+006	5.09249e+006	41663	44328	65560	70024	7310	7795	17051	18034	10091	10623	4660	4901	3.11743e+006	3.14858e+006	39072	39727	9909	10559	3.30625e+006	3.33104e+006	2.97487e+006	2.99998e+006	
302	5.058e+006	5.08232e+006	40380	42978	63564	67944	7104	7580	16568	17529	9848	10390	4540	4792	3.13171e+006	3.16221e+006	39349	39998	9615	10254	3.31642e+006	3.34074e+006	2.9855e+006	3.01009e+006	
303	5.04865e+006	5.07252e+006	39109	41648	61622	65909	6885	7349	16059	17024	9625	10159	4442	4696	3.14557e+006	3.17545e+006	39626	40263	9261	9888	3.32622e+006	3.35008e+006	2.9958e+006	3.01991e+006	
304	5.03953e+006	5.06292e+006	37862	40346	59835	64017	6659	7115	15578	16522	9355	9882	4324	4576	3.15907e+006	3.18833e+006	39916	40542	9051	9671	3.33582e+006	3.35921e+006	3.00586e+006	3.0295e+006	
305	5.03078e+006	5.0537e+006	36629	39082	57893	61993	6454	6891	15131	16058	9110	9629	4207	4456	3.17225e+006	3.20091e+006	40170	40790	8674	9298	3.34504e+006	3.36796e+006	3.01555e+006	3.03874e+006	
306	5.02225e+006	5.04475e+006	35457	37855	56126	60136	6236	6662	14658	15558	8859	9381	4094	4342	3.185e+006	3.21306e+006	40431	41045	8443	9026	3.35398e+006	3.37648e+006	3.02494e+006	3.0477e+006	
307	5.01399e+006	5.0361e+006	34374	36704	54279	58197	6056	6476	14217	15101	8635	9142	3988	4235	3.19737e+006	3.22485e+006	40686	41290	8178	8737	3.36264e+006	3.38474e+006	3.03396e+006	3.05631e+006	
308	5.00606e+006	5.02777e+006	33180	35440	52623	56454	5874	6277	13796	14669	8395	8894	3872	4112	3.20933e+006	3.23625e+006	40935	41529	7857	8407	3.37097e+006	3.39268e+006	3.04282e+006	3.06474e+006	
309	4.9983e+006	5.0196e+006	32185	34395	50935	54699	5712	6105	13391	14248	8161	8651	3768	4003	3.2209e+006	3.24727e+006	41174	41756	7681	8250	3.37914e+006	3.40044e+006	3.05131e+006	3.07281e+006	
310	4.99085e+006	5.01178e+006	31113	33269	49261	52934	5535	5919	13022	13861	7905	8398	3648	3885	3.23221e+006	3.25804e+006	41406	41978	7369	7902	3.38696e+006	3.40789e+006	3.05956e+006	3.08068e+006	
311	4.98364e+006	5.00422e+006	30052	32180	47684	51267	5381	5765	12557	13380	7697	8186	3542	3781	3.24316e+006	3.26849e+006	41628	42193	7119	7647	3.39452e+006	3.41509e+006	3.06753e+006	3.08829e+006	
312	4.97669e+006	4.99693e+006	29071	31137	46106	49601	5204	5580	12185	13004	7477	7950	3436	3660	3.25372e+006	3.27857e+006	41847	42402	6878	7362	3.4018e+006	3.42205e+006	3.07522e+006	3.09563e+006	
313	4.97001e+006	4.98993e+006	27989	29963	44701	48136	5033	5403	11786	12591	7257	7720	3328	3545	3.26396e+006	3.28832e+006	42058	42608	6601	7075	3.4088e+006	3.42873e+006	3.08275e+006	3.1028e+006	
314	4.96352e+006	4.98312e+006	27029	28951	43202	46546	4858	5217	11416	12208	7048	7498	3232	3442	3.27396e+006	3.29782e+006	42267	42807	6408	6891	3.41562e+006	3.43521e+006	3.08998e+006	3.1097e+006	
315	4.95725e+006	4.97655e+006	26094	27967	41820	45076	4683	5038	11031	11815	6854	7306	3145	3353	3.28356e+006	3.30697e+006	42464	42998	6183	6664	3.42219e+006	3.44149e+006	3.09696e+006	3.11636e+006	
316	4.95113e+006	4.97014e+006	25252	27095	40421	43583	4518	4864	10659	11428	6660	7104	3061	3265	3.29291e+006	3.31588e+006	42651	43177	6038	6488	3.4286e+006	3.44761e+006	3.10369e+006	3.12278e+006	
317	4.94525e+006	4.96397e+006	24458	26268	39025	42102	4343	4677	10353	11097	6428	6861	2955	3148	3.30193e+006	3.32448e+006	42855	43377	5807	6248	3.43477e+006	3.45349e+006	3.11016e+006	3.12897e+006	
318	4.93966e+006	4.95812e+006	23560	25309	37738	40746	4188	4511	10006	10724	6226	6655	2860	3053	3.31065e+006	3.33278e+006	43046	43558	5507	5935	3.44062e+006	3.45908e+006	3.11647e+006	3.13499e+006	
319	4.93421e+006	4.95241e+006	22740	24440	36411	39332	4022	4333	9663	10380	6034	6449	2776	2963	3.31919e+006	3.3409e+006	43230	43731	5365	5794	3.44633e+006	3.46453e+006	3.12255e+006	3.1408e+006	
320	4.9289e+006	4.94687e+006	21929	23572	35211	38053	3891	4198	9293	9982	5860	6260	2693	2875	3.32743e+006	3.34873e+006	43402	43894	5225	5622	3.45187e+006	3.46984e+006	3.12846e+006	3.14646e+006	
321	4.9238e+006	4.94152e+006	21142	22752	34030	36784	3768	4059	9025	9691	5664	6053	2603	2781	3.33532e+006	3.35624e+006	43573	44057	5018	5428	3.45721e+006	3.47494e+006	3.13416e+006	3.15189e+006	
322	4.9189e+006	4.93641e+006	20452	22012	32812	35502	3627	3903	8729	9363	5489	5872	2523	2701	3.34295e+006	3.36351e+006	43733	44211	4820	5192	3.46233e+006	3.47984e+006	3.13958e+006	3.15708e+006	
323	4.91415e+006	4.93146e+006	19752	21252	31700	34345	3506	3776	8441	9063	5297	5679	2446	2622	3.35027e+006	3.37051e+006	43899	44370	4667	5032	3.46728e+006	3.48458e+006	3.14485e+006	3.16212e+006	
324	4.90955e+006	4.92667e+006	19051	20501	30618	33174	3410	3672	8159	8768	5124	5492	2357	2531	3.3574e+006	3.37731e+006	44054	44518	4525	4869	3.47207e+006	3.48919e+006	3.14996e+006	3.16702e+006	
325	4.9051e+006	4.92203e+006	18404	19787	29581	32069	3286	3538	7903	8483	4932	5287	2264	2435	3.36432e+006	3.38388e+006	44204	44663	4370	4715	3.47671e+006	3.49363e+006	3.15491e+006	3.17175e+006	
326	4.90081e+006	4.91755e+006	17801	19153	28490	30898	3169	3404	7678	8240	4753	5088	2168	2330	3.37102e+006	3.39027e+006	44352	44805	4215	4560	3.48119e+006	3.49793e+006	3.15962e+006	3.17627e+006	
327	4.89666e+006	4.91323e+006	17207	18514	27460	29793	3058	3293	7417	7960	4618	4944	2114	2272	3.37747e+006	3.39641e+006	44494	44944	4070	4397	3.48551e+006	3.50207e+006	3.16419e+006	3.18065e+006	
328	4.89267e+006	4.90909e+006	16589	17870	26566	28818	2972	3201	7135	7665	4464	4778	2045	2193	3.38364e+006	3.4023e+006	44636	45082	3908	4224	3.48965e+006	3.50606e+006	3.1686e+006	3.1849e+006	
329	4.88884e+006	4.9051e+006	15974	17214	25674	27841	2872	3096	6879	7407	4318	4622	1971	2117	3.38963e+006	3.40801e+006	44772	45215	3757	4057	3.49363e+006	3.50989e+006	3.17288e+006	3.189e+006	
330	4.88517e+006	4.90126e+006	15357	16563	24771	26890	2768	2984	6655	7159	4172	4473	1907	2055	3.39544e+006	3.41357e+006	44896	45338	3598	3910	3.49747e+006	3.51356e+006	3.17703e+006	3.19298e+006	
331	4.88157e+006	4.89754e+006	14813	15972	23905	25937	2693	2897	6413	6897	4032	4328	1845	1992	3.40106e+006	3.41894e+006	45020	45457	3526	3805	3.5012e+006	3.51717e+006	3.18102e+006	3.19681e+006	
332	4.87811e+006	4.89395e+006	14282	15418	23099	25070	2590	2792	6165	6634	3889	4174	1786	1933	3.40646e+006	3.42411e+006	45148	45581	3378	3669	3.50479e+006	3.52062e+006	3.18484e+006	3.2005e+006	
333	4.87478e+006	4.89047e+006	13800	14899	22307	24213	2474	2673	5932	6389	3777	4056	1726	1874	3.41165e+006	3.42909e+006	45269	45700	3274	3539	3.50827e+006	3.52396e+006	3.18854e+006	3.20406e+006	
334	4.87153e+006	4.8871e+006	13368	14438	21475	23352	2380	2574	5729	6175	3651	3928	1671	1817	3.41667e+006	3.43392e+006	45379	45808	3165	3450	3.51164e+006	3.5272e+006	3.19208e+006	3.20746e+006	
335	4.86846e+006	4.88391e+006	12843	13894	20710	22518	2307	2491	5536	5956	3532	3799	1619	1758	3.42155e+006	3.43858e+006	45484	45907	3002	3259	3.51483e+006	3.53028e+006	3.19551e+006	3.21078e+006	
336	4.86547e+006	4.88081e+006	12388	13393	19957	21713	2223	2406	5336	5750	3423	3689	1576	1712	3.42625e+006	3.44309e+006	45582	46003	2921	3169	3.51793e+006	3.53326e+006	3.19882e+006	3.21397e+006	
337	4.86262e+006	4.87784e+006	11903	12884	19244	20939	2143	2319	5147	5546	3300	3562	1509	1645	3.43079e+006	3.44744e+006	45689	46106	2789	3030	3.5209e+006	3.53612e+006	3.20202e+006	3.21705e+006	
338	4.85982e+006	4.87492e+006	11477	12417	18575	20240	2068	2245	4990	5378	3189	3445	1464	1599	3.43512e+006	3.4516e+006	45787	46203	2741	2982	3.52382e+006	3.53892e+006	3.20514e+006	3.22006e+006	
339	4.85714e+006	4.87214e+006	11090	11996	17890	19509	2004	2172	4828	5199	3082	3334	1419	1548	3.4393e+006	3.45561e+006	45879	46294	2615	2838	3.52659e+006	3.5416e+006	3.20809e+006	3.2229e+006	
340	4.85458e+006	4.86949e+006	10668	11547	17295	18844	1930	2090	4661	5019	2970	3211	1369	1492	3.44336e+006	3.45947e+006	45966	46379	2500	2719	3.52925e+006	3.54416e+006	3.21096e+006	3.22567e+006	
341	4.8521e+006	4.86692e+006	10295	11140	16649	18163	1839	1995	4497	4852	2876	3098	1329	1443	3.44728e+006	3.46327e+006	46045	46457	2416	2624	3.53181e+006	3.54664e+006	3.2137e+006	3.22831e+006	
342	4.84968e+006	4.8644e+006	9911	10747	16078	17545	1773	1927	4360	4707	2779	3000	1278	1389	3.45102e+006	3.46687e+006	46132	46540	2359	2588	3.53434e+006	3.54906e+006	3.2164e+006	3.23091e+006	
343	4.84736e+006	4.86201e+006	9552	10359	15500	16928	1690	1844	4207	4542	2671	2882	1231	1335	3.45469e+006	3.47039e+006	46218	46623	2257	2449	3.53673e+006	3.55137e+006	3.21899e+006	3.2334e+006	
344	4.84511e+006	4.85967e+006	9245	10033	14899	16259	1634	1775	4057	4388	2588	2788	1195	1298	3.45822e+006	3.4738e+006	46298	46701	2195	2392	3.53906e+006	3.55363e+006	3.22144e+006	3.23576e+006	
345	4.84295e+006	4.85743e+006	8938	9711	14376	15685	1573	1712	3879	4200	2515	2706	1163	1262	3.4616e+006	3.47706e+006	46373	46772	2109	2301	3.54131e+006	3.55579e+006	3.22381e+006	3.23806e+006	
346	4.84089e+006	4.85531e+006	8580	9302	13864	15161	1519	1656	3759	4074	2422	2610	1117	1215	3.46485e+006	3.48018e+006	46448	46848	2001	2178	3.54343e+006	3.55785e+006	3.22615e+006	3.24031e+006	
347	4.83892e+006	4.85328e+006	8238	8935	13387	14638	1464	1597	3607	3918	2334	2512	1082	1176	3.46799e+006	3.48321e+006	46523	46919	1914	2083	3.54546e+006	3.55981e+006	3.22836e+006	3.24245e+006	
348	4.83699e+006	4.85127e+006	7930	8601	12898	14106	1409	1539	3457	3760	2252	2424	1041	1133	3.47108e+006	3.48618e+006	46592	46983	1886	2060	3.54747e+006	3.56175e+006	3.23052e+006	3.24454e+006	
349	4.83513e+006	4.84935e+006	7629	8267	12435	13610	1370	1493	3345	3643	2170	2338	1005	1092	3.474e+006	3.48899e+006	46657	47047	1808	1968	3.54938e+006	3.56361e+006	3.23259e+006	3.24655e+006	
350	4.83334e+006	4.8475e+006	7374	7986	11987	13126	1315	1439	3227	3510	2112	2279	971	1059	3.47678e+006	3.49168e+006	46715	47106	1743	1900	3.55124e+006	3.5654e+006	3.23455e+006	3.24845e+006	
351	4.8316e+006	4.8457e+006	7149	7757	11525	12626	1278	1396	3127	3402	2022	2186	928	1013	3.47948e+006	3.49428e+006	46781	47170	1692	1851	3.55304e+006	3.56714e+006	3.23642e+006	3.25026e+006	
352	4.82992e+006	4.84398e+006	6882	7471	11094	12137	1239	1354	3007	3274	1953	2111	898	981	3.48215e+006	3.49683e+006	46841	47228	1617	1776	3.55476e+006	3.56881e+006	3.23827e+006	3.25205e+006	
353	4.82834e+006	4.84234e+006	6614	7190	10681	11691	1202	1319	2916	3173	1882	2036	862	942	3.48465e+006	3.49926e+006	46900	47285	1538	1688	3.5564e+006	3.5704e+006	3.24003e+006	3.25377e+006	
354	4.8268e+006	4.84074e+006	6369	6932	10279	11242	1159	1270	2816	3057	1809	1966	825	903	3.48712e+006	3.50163e+006	46952	47339	1499	1641	3.558e+006	3.57194e+006	3.24175e+006	3.25542e+006	
355	4.8253e+006	4.83921e+006	6120	6663	9897	10829	1122	1234	2719	2962	1728	1882	789	864	3.48948e+006	3.50392e+006	47008	47397	1442	1583	3.55953e+006	3.57343e+006	3.2434e+006	3.25702e+006	
356	4.82387e+006	4.83773e+006	5886	6413	9550	10461	1087	1197	2597	2830	1670	1820	766	841	3.49175e+006	3.50611e+006	47059	47447	1382	1525	3.56101e+006	3.57486e+006	3.24499e+006	3.25857e+006	
357	4.82249e+006	4.8363e+006	5685	6196	9222	10112	1041	1149	2492	2727	1607	1750	735	804	3.4939e+006	3.50819e+006	47108	47496	1338	1471	3.56243e+006	3.57624e+006	3.2465e+006	3.26004e+006	
358	4.82114e+006	4.8349e+006	5498	5998	8884	9740	997	1099	2394	2618	1541	1682	703	770	3.49604e+006	3.51024e+006	47159	47547	1313	1442	3.56383e+006	3.5776e+006	3.24798e+006	3.26147e+006	
359	4.81983e+006	4.83355e+006	5325	5805	8572	9407	948	1043	2294	2513	1486	1626	674	742	3.49807e+006	3.51222e+006	47202	47590	1270	1389	3.56518e+006	3.57891e+006	3.24941e+006	3.26286e+006	
360	4.81859e+006	4.83227e+006	5138	5608	8252	9075	907	1000	2212	2425	1423	1554	646	711	3.50003e+006	3.51411e+006	47251	47639	1197	1327	3.56647e+006	3.58015e+006	3.25078e+006	3.26418e+006	
361	4.81738e+006	4.83103e+006	4962	5419	7940	8733	869	958	2119	2324	1387	1516	631	698	3.50192e+006	3.51594e+006	47292	47679	1162	1281	3.5677e+006	3.58136e+006	3.2521e+006	3.26546e+006	
362	4.81623e+006	4.82984e+006	4762	5209	7663	8430	842	926	2055	2258	1325	1452	602	667	3.50372e+006	3.5177e+006	47335	47720	1115	1230	3.5689e+006	3.58251e+006	3.25339e+006	3.26671e+006	
363	4.81512e+006	4.82869e+006	4569	5007	7411	8152	825	907	1998	2190	1278	1407	581	647	3.50543e+006	3.51936e+006	47374	47759	1077	1188	3.57005e+006	3.58362e+006	3.25463e+006	3.26792e+006	
364	4.81403e+006	4.82755e+006	4427	4849	7138	7866	798	878	1929	2116	1227	1348	557	620	3.50712e+006	3.52099e+006	47414	47798	1057	1167	3.57118e+006	3.58471e+006	3.25581e+006	3.26906e+006	
