Day	Susceptible-LB	Susceptible-UB	Exposed-LB	Exposed-UB	Current Detected Mild Infections-LB	Current Detected Mild Infections-UB	Current Undetected Mild Infections-LB	Current Undetected Mild Infections-UB	Current Hospitalizations-LB	Current Hospitalizations-UB	Current ICU patients-LB	Current ICU patients-UB	ventilators-LB	ventilators-UB	Recovered-LB	Recovered-UB	Deaths-LB	Deaths-UB	new infections today-LB	new infections today-UB	total number of infections-LB	total number of infections-UB	Confirmed total number of infections-LB	Confirmed total number of infections-UB	
0	8.39842e+006	8.39842e+006	320	320	0	0	0	0	0	0	0	0	0	0	0	0	0	0	0	0	320	320	0	0	
1	8.39835e+006	8.39835e+006	384	384	0	0	0	0	0	0	0	0	0	0	0	0	0	0	64	64	384	384	0	0	
2	8.39829e+006	8.39829e+006	448	448	0	0	0	0	0	0	0	0	0	0	0	0	0	0	64	64	448	448	0	0	
3	8.39815e+006	8.39816e+006	572	584	0	0	0	0	0	0	0	0	0	0	0	0	0	0	124	136	572	584	0	0	
4	8.39803e+006	8.39804e+006	374	389	238	250	70	82	0	0	0	0	0	0	0	0	0	0	118	130	694	709	238	250	
5	8.39789e+006	8.39791e+006	442	461	286	299	85	98	0	0	0	0	0	0	0	0	0	0	127	140	826	845	286	299	
6	8.39773e+006	8.39776e+006	533	559	333	348	100	115	0	0	0	0	0	0	0	0	0	0	152	166	981	1007	333	348	
7	8.39755e+006	8.39759e+006	572	603	429	448	132	148	0	0	0	0	0	0	0	0	0	0	162	181	1148	1183	429	447	
8	8.39735e+006	8.3974e+006	641	677	519	542	163	180	0	0	0	0	0	0	0	0	0	0	187	204	1340	1382	520	541	
9	8.39712e+006	8.39717e+006	732	778	616	644	196	215	0	0	0	0	0	0	0	0	0	0	218	241	1562	1619	618	642	
10	8.39686e+006	8.39693e+006	823	876	491	522	159	176	51	60	0	0	0	0	260	269	0	0	242	265	1811	1877	747	772	
11	8.39661e+006	8.39669e+006	890	945	568	608	183	203	64	74	0	0	0	0	310	320	0	0	227	251	2043	2122	875	908	
12	8.39634e+006	8.39643e+006	960	1020	668	715	211	231	76	88	0	0	0	0	360	372	0	0	256	280	2305	2396	1026	1064	
13	8.39604e+006	8.39614e+006	1027	1089	737	795	235	257	101	116	0	0	0	0	462	477	0	0	284	311	2595	2701	1197	1246	
14	8.39571e+006	8.39583e+006	1086	1156	830	896	265	293	125	140	0	0	0	0	560	578	0	0	302	331	2902	3027	1388	1443	
15	8.39534e+006	8.39549e+006	1202	1277	912	987	284	313	152	168	0	0	0	0	665	686	0	0	343	372	3251	3393	1578	1644	
16	8.39497e+006	8.39513e+006	1297	1375	990	1075	309	339	129	145	24	29	18	22	818	844	0	0	349	379	3607	3766	1783	1857	
17	8.39458e+006	8.39476e+006	1373	1461	1084	1173	339	370	151	169	27	34	20	23	959	991	0	0	361	397	3975	4156	2008	2096	
18	8.39415e+006	8.39436e+006	1471	1564	1163	1264	373	408	175	194	30	38	21	25	1123	1161	0	0	399	434	4381	4583	2246	2349	
19	8.39369e+006	8.39392e+006	1562	1663	1254	1359	407	445	191	213	36	44	24	29	1323	1373	0	0	434	472	4820	5050	2513	2627	
20	8.39324e+006	8.3935e+006	1621	1734	1332	1445	434	474	217	238	44	52	28	34	1539	1598	0	0	408	450	5235	5493	2791	2915	
21	8.39278e+006	8.39306e+006	1698	1809	1426	1549	472	518	237	260	50	60	31	37	1744	1815	0	0	437	473	5680	5958	3079	3215	
22	8.39226e+006	8.39257e+006	1775	1898	1529	1663	511	560	256	282	59	70	34	41	1977	2059	0	0	475	524	6164	6473	3397	3552	
23	8.39173e+006	8.39206e+006	1844	1971	1636	1784	551	603	277	303	69	81	40	46	2235	2331	0	0	501	547	6674	7011	3745	3922	
24	8.39116e+006	8.39153e+006	1959	2090	1718	1874	579	628	302	332	79	91	44	51	2505	2620	0	0	522	570	7205	7573	4081	4280	
25	8.39057e+006	8.39097e+006	2076	2222	1798	1958	594	644	328	360	93	105	49	58	2814	2945	0	0	554	605	7766	8170	4441	4655	
26	8.38994e+006	8.39039e+006	2172	2330	1895	2070	622	677	339	373	81	93	37	46	3154	3297	17	19	574	628	8347	8792	4819	5058	
27	8.38928e+006	8.38977e+006	2283	2458	1999	2184	657	713	362	397	90	103	41	51	3489	3652	18	20	613	675	8967	9458	5219	5479	
28	8.38857e+006	8.3891e+006	2422	2608	2094	2291	686	743	391	427	101	116	46	58	3854	4037	18	21	663	719	9638	10170	5642	5926	
29	8.38785e+006	8.38842e+006	2538	2727	2184	2389	717	776	414	454	112	127	50	62	4258	4465	19	22	669	725	10316	10886	6081	6394	
30	8.38708e+006	8.38769e+006	2686	2880	2309	2530	753	818	435	478	121	137	53	65	4644	4871	20	23	719	783	11042	11661	6543	6888	
31	8.38627e+006	8.38694e+006	2822	3020	2428	2676	807	877	449	489	134	152	60	72	5061	5308	21	25	749	816	11799	12469	7023	7402	
32	8.38542e+006	8.38615e+006	2937	3151	2553	2812	866	940	487	531	142	162	66	79	5497	5768	23	27	777	850	12584	13312	7535	7945	
33	8.38454e+006	8.38532e+006	3087	3317	2674	2943	912	987	521	568	150	171	71	84	5962	6259	25	30	820	890	13412	14194	8066	8505	
34	8.3836e+006	8.38445e+006	3232	3481	2814	3101	966	1045	537	588	163	184	76	90	6462	6784	27	33	864	947	14285	15132	8630	9108	
35	8.38262e+006	8.38352e+006	3403	3663	2960	3263	1013	1096	562	614	178	199	80	94	6979	7337	30	37	918	999	15214	16120	9223	9742	
36	8.3816e+006	8.38258e+006	3567	3834	3096	3416	1077	1168	591	644	188	211	83	97	7516	7915	33	40	941	1021	16161	17135	9825	10391	
37	8.38054e+006	8.38158e+006	3736	4014	3264	3589	1118	1209	625	681	196	219	87	102	8093	8533	36	44	990	1070	17158	18198	10478	11087	
38	8.37941e+006	8.38053e+006	3914	4201	3418	3769	1163	1260	660	718	210	233	93	109	8711	9187	40	48	1041	1135	18210	19322	11154	11811	
39	8.37825e+006	8.37945e+006	4061	4371	3599	3974	1230	1330	688	747	227	253	101	118	9339	9851	44	52	1066	1169	19283	20483	11875	12576	
40	8.37701e+006	8.3783e+006	4261	4599	3754	4148	1293	1397	732	793	239	267	107	125	10008	10563	47	56	1142	1248	20432	21724	12609	13365	
41	8.37572e+006	8.37709e+006	4477	4834	3933	4344	1349	1462	772	837	250	278	111	128	10708	11309	52	62	1204	1307	21647	23021	13392	14201	
42	8.37437e+006	8.37583e+006	4683	5060	4195	4622	1353	1467	812	881	263	294	116	134	11434	12087	57	67	1247	1361	22904	24371	14272	15139	
43	8.37294e+006	8.37451e+006	4926	5327	4422	4880	1370	1488	860	935	280	313	122	141	12193	12892	61	72	1309	1435	24222	25797	15168	16109	
44	8.37144e+006	8.37311e+006	5178	5594	4694	5178	1373	1494	901	979	293	328	130	151	13007	13765	66	78	1397	1512	25627	27301	16134	17149	
45	8.36988e+006	8.37167e+006	5405	5850	4966	5472	1388	1507	949	1033	307	343	139	160	13867	14677	73	86	1431	1563	27067	28855	17144	18229	
46	8.36823e+006	8.37015e+006	5668	6148	5260	5796	1399	1524	991	1082	326	362	146	167	14746	15619	79	91	1512	1657	28585	30506	18188	19352	
47	8.36654e+006	8.36857e+006	5928	6416	5555	6137	1419	1551	1047	1138	345	385	153	177	15662	16599	83	96	1568	1703	30162	32200	19290	20538	
48	8.36474e+006	8.36691e+006	6187	6704	5825	6432	1502	1637	1092	1184	355	395	159	183	16652	17660	90	103	1657	1800	31827	33992	20443	21776	
49	8.36287e+006	8.36517e+006	6488	7025	6118	6757	1569	1712	1146	1244	368	411	167	192	17651	18737	98	111	1733	1882	33567	35867	21639	23064	
50	8.36089e+006	8.36332e+006	6814	7358	6401	7086	1651	1797	1200	1300	395	438	181	205	18713	19887	105	119	1836	1993	35415	37848	22895	24432	
51	8.35883e+006	8.36143e+006	7130	7717	6693	7409	1720	1872	1261	1364	417	461	191	217	19840	21087	112	126	1883	2064	37308	39902	24205	25841	
52	8.35669e+006	8.35944e+006	7458	8074	7021	7772	1794	1956	1321	1427	437	485	203	230	21007	22343	120	134	1984	2157	39301	42050	25586	27322	
53	8.35444e+006	8.35735e+006	7800	8448	7351	8129	1885	2051	1383	1497	456	504	211	238	22235	23670	128	144	2076	2256	41385	44297	27021	28865	
54	8.35208e+006	8.35517e+006	8139	8820	7708	8523	1966	2138	1466	1593	477	525	216	243	23528	25048	138	155	2177	2363	43569	46653	28555	30508	
55	8.34962e+006	8.35288e+006	8531	9229	8055	8916	2068	2248	1525	1656	501	551	229	257	24875	26503	146	164	2277	2472	45857	49113	30119	32205	
56	8.34707e+006	8.35052e+006	8895	9631	8431	9322	2157	2350	1598	1738	524	577	241	273	26285	28036	158	176	2348	2559	48215	51662	31773	33987	
57	8.34439e+006	8.34803e+006	9307	10069	8839	9778	2252	2452	1660	1807	550	606	254	287	27762	29618	170	189	2485	2695	50709	54348	33504	35858	
58	8.34158e+006	8.34543e+006	9724	10525	9258	10242	2346	2556	1747	1911	582	639	268	301	29298	31265	179	199	2591	2821	53310	57160	35326	37822	
59	8.33862e+006	8.34268e+006	10186	11026	9709	10736	2441	2650	1823	1996	613	673	282	316	30923	33012	188	208	2738	2974	56061	60121	37230	39874	
60	8.33556e+006	8.33984e+006	10662	11535	10100	11186	2552	2776	1899	2081	637	703	295	332	32655	34862	202	224	2824	3068	58894	63180	39177	41979	
61	8.33235e+006	8.33687e+006	11138	12051	10584	11700	2668	2896	1992	2181	664	732	309	346	34418	36773	214	237	2960	3212	61863	66383	41242	44206	
62	8.32894e+006	8.33372e+006	11690	12652	11079	12250	2777	3013	2087	2280	692	763	322	362	36274	38777	227	252	3146	3420	65018	69794	43415	46554	
63	8.3254e+006	8.33043e+006	12232	13228	11601	12824	2913	3162	2188	2389	724	797	335	377	38212	40869	239	264	3280	3551	68309	73335	45698	49014	
64	8.32172e+006	8.32702e+006	12809	13854	12108	13388	3048	3309	2285	2485	762	841	358	401	40249	43073	251	276	3398	3696	71719	77018	48053	51552	
65	8.3179e+006	8.32347e+006	13385	14466	12648	13984	3187	3457	2398	2609	794	877	372	416	42376	45359	266	291	3536	3825	75264	80834	50527	54224	
66	8.31392e+006	8.31978e+006	13925	15035	13305	14705	3325	3600	2499	2712	831	921	393	439	44576	47738	286	314	3686	3988	78959	84813	53153	57066	
67	8.30975e+006	8.31592e+006	14489	15663	14284	15741	3148	3413	2618	2840	869	961	409	454	46896	50242	301	330	3846	4177	82813	88982	56214	60362	
68	8.30538e+006	8.31186e+006	15141	16349	15259	16777	2990	3241	2721	2954	917	1012	438	485	49328	52873	317	347	4053	4380	86875	93353	59374	63774	
69	8.3008e+006	8.30761e+006	15842	17117	16265	17834	2790	3026	2863	3094	951	1051	450	500	51886	55635	336	367	4235	4594	91122	97935	62681	67328	
70	8.29601e+006	8.30316e+006	16605	17930	17325	18950	2602	2821	2982	3227	993	1093	470	520	54538	58499	354	388	4449	4802	95579	102728	66110	71015	
71	8.29102e+006	8.29852e+006	17392	18754	18418	20121	2399	2611	3106	3357	1042	1144	487	540	57314	61501	373	410	4632	5001	100220	107720	69694	74883	
72	8.28583e+006	8.2937e+006	18141	19575	19559	21311	2175	2371	3264	3525	1089	1190	503	556	60247	64676	391	430	4802	5202	105033	112911	73471	78948	
73	8.28038e+006	8.28866e+006	18941	20434	20414	22258	2268	2473	3411	3681	1136	1239	532	585	63326	67987	412	452	5037	5452	110078	118354	77359	83145	
74	8.27466e+006	8.28336e+006	19783	21364	21366	23270	2362	2571	3584	3872	1185	1293	547	601	66491	71399	436	477	5288	5733	115377	124077	81444	87539	
75	8.26874e+006	8.27788e+006	20619	22293	22341	24324	2482	2695	3719	4025	1248	1355	580	634	69815	74973	459	504	5468	5931	120855	129997	85684	92107	
76	8.26258e+006	8.27217e+006	21519	23261	23353	25430	2586	2802	3898	4211	1300	1409	603	659	73254	78684	484	532	5701	6171	126569	136154	90097	96872	
77	8.25605e+006	8.26611e+006	22529	24349	24411	26572	2715	2939	4062	4396	1364	1480	637	696	76854	82572	508	560	6045	6542	132625	142686	94705	101840	
78	8.2493e+006	8.25986e+006	23481	25380	25511	27788	2844	3083	4260	4603	1414	1536	650	712	80634	86644	540	594	6241	6763	138874	149441	99558	107074	
79	8.24226e+006	8.25334e+006	24531	26498	26607	28990	2972	3226	4466	4825	1484	1611	684	748	84576	90903	568	624	6518	7048	145400	156481	104572	112490	
80	8.23493e+006	8.24654e+006	25609	27663	27731	30228	3096	3361	4673	5040	1554	1691	715	782	88725	95370	598	656	6782	7333	152192	163804	109801	118130	
81	8.22723e+006	8.23941e+006	26689	28838	29017	31637	3219	3498	4885	5270	1616	1763	744	816	93063	100030	626	686	7127	7714	159329	171508	115357	124122	
82	8.2193e+006	8.23203e+006	27812	30016	30300	33045	3369	3658	5104	5512	1696	1848	780	855	97546	104862	657	718	7362	7945	166705	179438	121077	130308	
83	8.21103e+006	8.22435e+006	28966	31248	31628	34489	3519	3813	5340	5754	1773	1935	815	896	102244	109942	690	753	7671	8281	174385	187709	127042	136746	
84	8.2024e+006	8.21635e+006	30175	32553	32965	35933	3672	3972	5558	5996	1864	2030	864	946	107200	115286	726	792	7990	8639	182388	196336	133258	143448	
85	8.19329e+006	8.20789e+006	31496	33961	34448	37539	3846	4152	5788	6252	1952	2123	903	986	112326	120814	765	833	8449	9121	190848	205446	139788	150500	
86	8.1839e+006	8.19916e+006	32850	35416	35925	39132	4021	4342	6027	6521	2045	2220	939	1025	117672	126569	799	870	8716	9398	199574	214835	146523	157744	
87	8.17411e+006	8.19008e+006	34250	36935	37360	40687	4201	4536	6307	6829	2135	2313	981	1070	123318	132656	840	913	9071	9801	208655	224625	153543	165303	
88	8.16395e+006	8.18067e+006	35663	38466	38940	42391	4365	4712	6585	7138	2238	2425	1031	1125	129146	138950	878	955	9403	10170	218068	234784	160880	173210	
89	8.15331e+006	8.1708e+006	37075	39998	40676	44267	4552	4917	6884	7471	2335	2527	1082	1179	135231	145504	924	1005	9861	10652	227939	245426	168615	181545	
90	8.1423e+006	8.16057e+006	38571	41627	42409	46132	4746	5126	7185	7795	2435	2631	1129	1229	141576	152349	971	1054	10212	11029	238165	256441	176605	190142	
91	8.13076e+006	8.14985e+006	40213	43371	44169	48034	4921	5319	7505	8146	2550	2751	1183	1281	148232	159534	1016	1103	10714	11543	248891	267973	184931	199114	
92	8.11883e+006	8.13874e+006	41903	45142	45999	50055	5117	5539	7812	8468	2669	2885	1237	1343	155133	166954	1065	1157	11092	11942	259993	279904	193541	208405	
93	8.10638e+006	8.12718e+006	43593	46954	47955	52194	5335	5787	8118	8799	2807	3030	1296	1403	162321	174697	1113	1210	11551	12465	271558	292356	202564	218121	
94	8.09346e+006	8.11515e+006	45398	48857	49944	54350	5559	6030	8434	9145	2913	3147	1343	1457	169842	182803	1169	1270	12016	12932	283586	305276	211932	228210	
95	8.08005e+006	8.10268e+006	47147	50732	51994	56558	5768	6251	8809	9550	3034	3279	1398	1514	177750	191317	1224	1330	12462	13420	296058	318685	221760	238783	
96	8.06606e+006	8.08967e+006	49054	52793	54133	58866	5996	6494	9180	9945	3172	3438	1464	1589	185906	200090	1284	1394	13001	13999	309068	332676	231931	249715	
97	8.05157e+006	8.07617e+006	50991	54828	56357	61275	6242	6760	9559	10339	3318	3600	1532	1663	194402	209257	1346	1459	13488	14501	322570	347163	242531	261123	
98	8.03658e+006	8.06217e+006	52961	56901	58697	63762	6510	7040	9960	10779	3461	3754	1592	1727	203206	218751	1413	1530	13987	15005	336568	362156	253532	272940	
99	8.0209e+006	8.04756e+006	55091	59172	61069	66299	6739	7270	10382	11228	3603	3911	1646	1790	212445	228712	1481	1602	14592	15691	351173	377833	264978	285248	
100	8.00469e+006	8.03243e+006	57211	61395	63539	68955	7049	7595	10816	11696	3747	4073	1709	1863	222021	239020	1554	1679	15121	16222	366305	394044	276852	298023	
101	7.98783e+006	8.01669e+006	59454	63770	66006	71604	7340	7919	11237	12147	3921	4260	1788	1950	232083	249838	1623	1754	15731	16876	382050	410906	289203	311263	
102	7.97042e+006	8.00043e+006	61712	66186	68569	74340	7658	8259	11682	12626	4094	4444	1870	2040	242485	261019	1704	1842	16245	17420	398305	428317	301990	324961	
103	7.95229e+006	7.98348e+006	64064	68635	71291	77246	7969	8587	12150	13127	4261	4619	1953	2125	253333	272705	1787	1931	16941	18143	415259	446446	315365	339314	
104	7.9337e+006	7.96607e+006	66341	71015	74078	80220	8279	8912	12695	13701	4439	4815	2028	2209	264557	284765	1870	2020	17398	18603	432668	465038	329220	354162	
105	7.91436e+006	7.94799e+006	68672	73487	76995	83328	8614	9276	13229	14269	4604	4997	2099	2291	276244	297333	1955	2112	18062	19347	450743	484372	343650	369611	
106	7.8942e+006	7.92908e+006	71335	76239	79925	86434	8919	9601	13755	14811	4791	5196	2180	2380	288451	310489	2043	2209	18906	20174	469660	504535	358543	385561	
107	7.87341e+006	7.90959e+006	73865	78909	83043	89738	9252	9940	14297	15385	5007	5418	2271	2480	301101	324078	2135	2310	19472	20811	489148	525331	374071	402176	
108	7.85194e+006	7.88945e+006	76595	81788	86140	93022	9562	10259	14857	15971	5210	5640	2369	2586	314232	338156	2238	2420	20125	21486	509288	546801	390015	419209	
109	7.82982e+006	7.86865e+006	79314	84574	89255	96322	9905	10628	15441	16586	5428	5872	2481	2699	327935	352872	2341	2531	20780	22134	530086	568918	406581	436925	
110	7.80687e+006	7.84707e+006	81968	87371	92647	99879	10288	11032	16014	17201	5671	6119	2593	2813	342147	368109	2444	2644	21561	22971	551664	591871	423891	455380	
111	7.78319e+006	7.8248e+006	84753	90255	95982	103406	10685	11450	16611	17844	5891	6351	2695	2921	356969	383982	2549	2759	22256	23696	573935	615551	441727	474413	
112	7.75873e+006	7.80178e+006	87631	93237	99470	107076	11072	11850	17275	18547	6117	6597	2809	3044	372215	400314	2669	2889	23001	24469	596955	640002	460164	494077	
113	7.7336e+006	7.77808e+006	90528	96259	102916	110674	11460	12249	17958	19242	6348	6851	2910	3155	388124	417352	2802	3029	23679	25155	620652	665138	479211	514334	
114	7.70768e+006	7.75358e+006	93451	99222	106637	114596	11889	12706	18611	19942	6619	7134	3039	3288	404487	434829	2923	3162	24482	25934	645153	691054	498969	535351	
115	7.68092e+006	7.72831e+006	96452	102309	110390	118506	12318	13157	19325	20707	6910	7441	3179	3437	421436	452956	3044	3296	25259	26782	670430	717818	519375	557043	
116	7.65345e+006	7.70236e+006	99371	105334	114099	122411	12699	13553	20041	21443	7168	7713	3305	3567	439239	471965	3183	3445	25919	27495	696372	745291	540483	579471	
117	7.6253e+006	7.67572e+006	102322	108338	117870	126322	13123	13997	20804	22239	7429	8000	3428	3694	457557	491519	3327	3602	26629	28160	723017	773433	562182	602486	
118	7.59632e+006	7.64822e+006	105324	111406	121803	130345	13536	14435	21576	23058	7730	8314	3568	3839	476480	511704	3470	3757	27482	29004	750521	802416	584647	626236	
119	7.56638e+006	7.61981e+006	108458	114581	125810	134526	13993	14916	22349	23870	8049	8638	3711	3992	496034	532520	3622	3921	28390	29960	778930	832357	607792	650742	
120	7.53581e+006	7.59078e+006	111539	117675	129758	138637	14398	15334	23173	24710	8333	8949	3834	4130	516337	554144	3789	4099	29001	30589	807952	862924	631588	675937	
121	7.50443e+006	7.56092e+006	114756	120920	133716	142684	14816	15749	23963	25529	8635	9274	3971	4278	537351	576501	3954	4280	29849	31403	837817	894310	656038	701761	
122	7.4721e+006	7.53015e+006	118024	124257	137713	146734	15285	16248	24770	26372	8972	9624	4111	4427	559049	599567	4130	4472	30751	32339	868586	926632	681240	728300	
123	7.43911e+006	7.49867e+006	121094	127313	141945	151057	15760	16733	25592	27206	9333	9999	4262	4586	581378	623291	4317	4673	31462	33014	900070	959623	707260	755714	
124	7.40532e+006	7.46641e+006	124330	130535	146003	155248	16219	17199	26389	27995	9682	10370	4431	4767	604543	647846	4506	4875	32236	33812	932327	993413	733861	783725	
125	7.37084e+006	7.43337e+006	127497	133634	150117	159396	16688	17679	27213	28868	10023	10722	4570	4911	628466	673186	4694	5075	33015	34502	965363	1.0279e+006	761213	812469	
126	7.33548e+006	7.39952e+006	130571	136676	154447	163740	17186	18183	28079	29797	10374	11095	4732	5089	652985	699141	4897	5294	33825	35382	999212	1.06325e+006	789421	842099	
127	7.29943e+006	7.36494e+006	133672	139737	158754	168070	17706	18712	28931	30670	10737	11461	4900	5262	678206	725812	5108	5527	34560	36078	1.0338e+006	1.0993e+006	818241	872298	
128	7.26259e+006	7.32952e+006	136829	142801	163042	172414	18182	19166	29829	31580	11106	11840	5079	5444	704227	753277	5323	5754	35392	36876	1.06922e+006	1.13615e+006	847814	903294	
129	7.22521e+006	7.29353e+006	139780	145690	167266	176557	18594	19555	30754	32543	11461	12210	5247	5610	731124	781641	5553	6001	35959	37399	1.10521e+006	1.17352e+006	878142	934966	
130	7.18694e+006	7.25665e+006	142805	148608	171604	180856	19092	20037	31672	33489	11835	12586	5406	5761	758625	810640	5783	6247	36848	38302	1.14208e+006	1.2118e+006	909163	967383	
131	7.14806e+006	7.21912e+006	145749	151444	175901	185108	19512	20453	32501	34337	12264	13030	5601	5959	786994	840480	6021	6500	37503	38914	1.17962e+006	1.25068e+006	940910	1.00046e+006	
132	7.10861e+006	7.18093e+006	148525	154041	180039	189142	20027	20944	33451	35296	12648	13438	5782	6150	816160	871155	6287	6783	38160	39481	1.21781e+006	1.29013e+006	973335	1.03421e+006	
133	7.06845e+006	7.14202e+006	151436	156840	184135	193111	20442	21348	34450	36316	13026	13825	5969	6348	845997	902463	6554	7063	38868	40201	1.25672e+006	1.33029e+006	1.00637e+006	1.06852e+006	
134	7.02776e+006	7.10253e+006	154040	159270	188285	197135	20907	21811	35395	37280	13422	14224	6146	6525	876641	934601	6826	7351	39449	40735	1.29621e+006	1.37098e+006	1.04017e+006	1.1036e+006	
135	6.98644e+006	7.06235e+006	156673	161706	192311	201071	21378	22278	36285	38149	13861	14676	6361	6751	908058	967453	7117	7660	40134	41352	1.33638e+006	1.41229e+006	1.07461e+006	1.13929e+006	
136	6.9446e+006	7.0216e+006	159221	164112	196276	204788	21764	22644	37216	39068	14287	15112	6561	6958	940254	1.00114e+006	7412	7973	40707	41888	1.37714e+006	1.45414e+006	1.10969e+006	1.17554e+006	
137	6.9023e+006	6.98033e+006	161588	166254	200168	208485	22199	23051	38186	40018	14687	15528	6755	7164	973170	1.03551e+006	7713	8290	41233	42344	1.41841e+006	1.49644e+006	1.1454e+006	1.21242e+006	
138	6.85963e+006	6.93861e+006	163809	168234	203839	211936	22602	23442	39054	40851	15118	15988	6961	7378	1.00698e+006	1.07074e+006	8023	8625	41668	42718	1.46013e+006	1.53911e+006	1.1816e+006	1.24972e+006	
139	6.81646e+006	6.89636e+006	165871	170105	207589	215454	23047	23857	39872	41630	15593	16485	7160	7591	1.04135e+006	1.10649e+006	8345	8965	42191	43227	1.50237e+006	1.58228e+006	1.21844e+006	1.28761e+006	
140	6.77271e+006	6.8535e+006	167973	172013	211096	218683	23415	24197	40740	42454	16078	16984	7417	7851	1.07655e+006	1.1431e+006	8666	9306	42800	43806	1.54523e+006	1.62602e+006	1.25585e+006	1.32602e+006	
141	6.72876e+006	6.81032e+006	169863	173677	214464	221752	23793	24542	41653	43343	16509	17414	7630	8067	1.1124e+006	1.18031e+006	9004	9665	43120	44011	1.58841e+006	1.66997e+006	1.29374e+006	1.36488e+006	
142	6.68453e+006	6.76678e+006	171653	175283	217601	224594	24181	24921	42516	44173	16979	17882	7832	8267	1.1489e+006	1.21809e+006	9360	10041	43460	44322	1.63196e+006	1.71421e+006	1.33202e+006	1.40404e+006	
143	6.64005e+006	6.72293e+006	173234	176606	220589	227274	24535	25248	43344	44966	17446	18351	8053	8479	1.18615e+006	1.2566e+006	9727	10429	43765	44556	1.67581e+006	1.75868e+006	1.37081e+006	1.44369e+006	
144	6.59535e+006	6.67873e+006	174554	177586	223670	230066	24818	25514	44130	45737	17877	18789	8257	8691	1.22403e+006	1.29568e+006	10111	10832	44110	44796	1.72001e+006	1.80339e+006	1.41018e+006	1.48387e+006	
145	6.55039e+006	6.63426e+006	175823	178610	226386	232448	25105	25774	44936	46491	18305	19214	8463	8891	1.26259e+006	1.33541e+006	10494	11236	44374	45050	1.76448e+006	1.84834e+006	1.44985e+006	1.52426e+006	
146	6.50553e+006	6.58971e+006	176794	179271	228915	234628	25358	25997	45640	47153	18742	19636	8654	9073	1.3018e+006	1.37575e+006	10888	11653	44415	45000	1.80903e+006	1.89321e+006	1.48985e+006	1.56491e+006	
147	6.4604e+006	6.54487e+006	177758	179953	231195	236564	25637	26249	46371	47784	19183	20053	8856	9258	1.3415e+006	1.41658e+006	11295	12081	44712	45255	1.85387e+006	1.93833e+006	1.53012e+006	1.60575e+006	
148	6.41526e+006	6.4999e+006	178466	180454	233421	238407	25882	26454	47025	48398	19611	20457	9034	9426	1.38171e+006	1.45779e+006	11719	12531	44809	45305	1.89884e+006	1.98347e+006	1.57071e+006	1.6468e+006	
149	6.37018e+006	6.45489e+006	178907	180667	235429	240018	26095	26626	47692	49012	19979	20794	9216	9597	1.42249e+006	1.49956e+006	12148	12979	44790	45289	1.94384e+006	2.02855e+006	1.61155e+006	1.6881e+006	
150	6.32509e+006	6.40977e+006	179361	181023	236900	241041	26277	26761	48361	49603	20353	21151	9365	9744	1.46387e+006	1.5419e+006	12581	13432	44837	45387	1.98897e+006	2.07365e+006	1.65247e+006	1.72933e+006	
151	6.28024e+006	6.36487e+006	179215	180941	238410	242144	26408	26853	48930	50138	20741	21508	9543	9911	1.50564e+006	1.5845e+006	13026	13897	44594	45145	2.03386e+006	2.11849e+006	1.6937e+006	1.77081e+006	
152	6.23556e+006	6.31998e+006	178916	180696	239651	242936	26579	26981	49538	50686	21102	21848	9696	10056	1.54773e+006	1.62738e+006	13500	14388	44511	45059	2.07875e+006	2.16318e+006	1.73501e+006	1.81229e+006	
153	6.19112e+006	6.27527e+006	178421	180263	240666	243569	26654	27015	49961	51084	21465	22179	9857	10209	1.59031e+006	1.67065e+006	13967	14873	44303	44848	2.12347e+006	2.20761e+006	1.77639e+006	1.85375e+006	
154	6.14697e+006	6.23077e+006	177609	179502	241372	244069	26708	27073	50395	51419	21809	22493	10002	10337	1.63324e+006	1.71421e+006	14456	15382	44036	44616	2.16796e+006	2.25177e+006	1.8179e+006	1.89524e+006	
155	6.10305e+006	6.18647e+006	176777	178812	241559	244137	26737	27106	50819	51737	22136	22797	10145	10470	1.67646e+006	1.75804e+006	14940	15885	43794	44424	2.21226e+006	2.29568e+006	1.85918e+006	1.93648e+006	
156	6.05949e+006	6.14234e+006	175712	178000	241705	244186	26716	27086	51139	51991	22467	23129	10290	10619	1.71985e+006	1.80183e+006	15431	16393	43463	44230	2.25639e+006	2.33925e+006	1.90048e+006	1.97759e+006	
157	6.01633e+006	6.09856e+006	174478	177026	241286	243808	26703	27078	51473	52241	22790	23424	10427	10756	1.76352e+006	1.84591e+006	15933	16910	43081	43862	2.30018e+006	2.3824e+006	1.9416e+006	2.01847e+006	
158	5.97361e+006	6.05517e+006	173066	175900	240571	243230	26620	26993	51749	52429	23081	23693	10559	10883	1.80741e+006	1.89006e+006	16449	17444	42629	43484	2.34357e+006	2.42512e+006	1.98254e+006	2.0591e+006	
159	5.93124e+006	6.01202e+006	171564	174698	239598	242462	26547	26946	51957	52571	23390	23975	10700	11009	1.85135e+006	1.93421e+006	16964	17975	42302	43212	2.38671e+006	2.4675e+006	2.02327e+006	2.0995e+006	
160	5.88959e+006	5.96953e+006	169670	173044	238317	241448	26420	26837	52188	52780	23636	24182	10818	11118	1.89542e+006	1.97837e+006	17508	18533	41577	42568	2.42921e+006	2.50915e+006	2.06389e+006	2.13961e+006	
161	5.8486e+006	5.92765e+006	167512	171132	236916	240362	26260	26686	52241	52831	23839	24358	10917	11201	1.93948e+006	2.02249e+006	18038	19075	40926	41947	2.47109e+006	2.55014e+006	2.10419e+006	2.17936e+006	
162	5.8081e+006	5.88621e+006	165311	169158	235168	238980	26083	26537	52223	52787	24036	24527	11031	11306	1.98357e+006	2.06652e+006	18605	19659	40425	41512	2.51253e+006	2.59063e+006	2.14411e+006	2.21866e+006	
163	5.76819e+006	5.84524e+006	162878	166961	233379	237587	25829	26337	52174	52740	24216	24671	11115	11364	2.02753e+006	2.11034e+006	19168	20239	39869	41016	2.5535e+006	2.63055e+006	2.18386e+006	2.25772e+006	
164	5.72888e+006	5.80486e+006	160546	164828	231091	235734	25630	26170	51990	52594	24389	24806	11207	11440	2.0714e+006	2.154e+006	19734	20817	39248	40432	2.59387e+006	2.66986e+006	2.22294e+006	2.29603e+006	
165	5.69036e+006	5.76518e+006	158086	162618	228496	233570	25328	25886	51812	52440	24548	24926	11304	11514	2.11509e+006	2.19743e+006	20306	21399	38474	39728	2.63356e+006	2.70838e+006	2.26152e+006	2.3338e+006	
166	5.65248e+006	5.72617e+006	155473	160181	225702	231104	25069	25648	51523	52187	24652	25002	11338	11531	2.15873e+006	2.24066e+006	20886	21997	37822	39066	2.67257e+006	2.74625e+006	2.29965e+006	2.37107e+006	
167	5.61536e+006	5.6878e+006	152671	157591	222742	228507	24795	25421	51240	51958	24723	25057	11369	11543	2.20206e+006	2.28349e+006	21464	22591	37070	38422	2.71094e+006	2.78337e+006	2.33733e+006	2.40781e+006	
168	5.57914e+006	5.65032e+006	149598	154688	219651	225754	24483	25145	50882	51654	24788	25099	11402	11569	2.24505e+006	2.32593e+006	22078	23213	36185	37520	2.74842e+006	2.8196e+006	2.37449e+006	2.44399e+006	
169	5.54354e+006	5.61336e+006	146678	151959	216104	222573	24182	24861	50499	51347	24796	25081	11410	11570	2.28787e+006	2.36814e+006	22666	23809	35553	37000	2.78537e+006	2.8552e+006	2.41101e+006	2.47946e+006	
170	5.50863e+006	5.57711e+006	143731	149182	212748	219490	23754	24471	50029	50966	24848	25122	11432	11594	2.33007e+006	2.40962e+006	23272	24423	34879	36285	2.82162e+006	2.89011e+006	2.44698e+006	2.5144e+006	
171	5.4746e+006	5.54173e+006	140639	146188	209219	216315	23386	24164	49426	50446	24836	25120	11423	11593	2.37186e+006	2.45066e+006	23860	25017	33981	35424	2.857e+006	2.92413e+006	2.4823e+006	2.54858e+006	
172	5.44141e+006	5.50714e+006	137622	143286	205379	212754	22970	23748	48860	49936	24792	25091	11388	11565	2.4132e+006	2.49116e+006	24478	25641	33167	34618	2.89159e+006	2.95733e+006	2.51684e+006	2.58195e+006	
173	5.40904e+006	5.47333e+006	134394	140141	201516	209203	22500	23300	48250	49393	24703	25030	11349	11525	2.45416e+006	2.53118e+006	25081	26250	32324	33857	2.92541e+006	2.98969e+006	2.5509e+006	2.61477e+006	
174	5.37744e+006	5.44027e+006	131083	136953	197563	205484	22072	22884	47631	48856	24589	24949	11281	11477	2.49455e+006	2.57062e+006	25676	26857	31574	33091	2.95847e+006	3.0213e+006	2.58431e+006	2.64695e+006	
175	5.34673e+006	5.40807e+006	127780	133756	193517	201635	21609	22445	46922	48214	24437	24834	11174	11393	2.53438e+006	2.6094e+006	26280	27462	30678	32226	2.99066e+006	3.05201e+006	2.61692e+006	2.67832e+006	
176	5.31676e+006	5.37658e+006	124537	130670	189326	197664	21130	21984	46174	47507	24288	24716	11106	11342	2.57359e+006	2.64758e+006	26893	28069	29925	31532	3.02216e+006	3.08197e+006	2.64885e+006	2.70898e+006	
177	5.28755e+006	5.34591e+006	121383	127528	185066	193587	20645	21495	45431	46806	24086	24541	11018	11263	2.61221e+006	2.68505e+006	27507	28684	29174	30711	3.05283e+006	3.11119e+006	2.68004e+006	2.73882e+006	
178	5.25928e+006	5.31617e+006	118050	124204	180927	189640	20145	21041	44532	45936	23826	24322	10904	11167	2.65016e+006	2.72183e+006	28114	29290	28238	29770	3.08256e+006	3.13946e+006	2.71054e+006	2.768e+006	
179	5.23177e+006	5.28714e+006	114850	121041	176539	185356	19654	20554	43657	45148	23592	24123	10779	11048	2.6875e+006	2.75794e+006	28714	29889	27479	29062	3.1116e+006	3.16697e+006	2.74025e+006	2.79636e+006	
180	5.20527e+006	5.25914e+006	111390	117537	172119	181143	19108	20027	42815	44336	23314	23873	10667	10941	2.72421e+006	2.79338e+006	29318	30492	26465	28028	3.13959e+006	3.19346e+006	2.76935e+006	2.82405e+006	
181	5.17953e+006	5.23193e+006	107923	114072	167825	176949	18585	19518	41861	43423	23038	23636	10521	10816	2.76015e+006	2.82807e+006	29897	31066	25707	27246	3.1668e+006	3.21921e+006	2.79767e+006	2.85104e+006	
182	5.15454e+006	5.20544e+006	104644	110830	163368	172574	18105	19053	40897	42502	22723	23334	10398	10697	2.79535e+006	2.86195e+006	30505	31661	24958	26528	3.1933e+006	3.2442e+006	2.82509e+006	2.87712e+006	
183	5.13027e+006	5.17974e+006	101401	107502	158994	168258	17630	18578	39970	41638	22393	23039	10247	10561	2.82973e+006	2.895e+006	31089	32236	24235	25736	3.219e+006	3.26846e+006	2.85188e+006	2.9025e+006	
184	5.10695e+006	5.15496e+006	98220	104293	154364	163674	17145	18105	39111	40857	22050	22713	10103	10424	2.86332e+006	2.92725e+006	31668	32806	23283	24821	3.24378e+006	3.29179e+006	2.87767e+006	2.92693e+006	
185	5.08426e+006	5.13084e+006	95161	101204	149900	159197	16642	17598	38202	39933	21669	22355	9932	10260	2.8962e+006	2.95867e+006	32252	33384	22650	24155	3.2679e+006	3.31448e+006	2.90281e+006	2.95072e+006	
186	5.06235e+006	5.10754e+006	92085	98009	145396	154654	16175	17142	37211	38956	21250	21955	9763	10094	2.92849e+006	2.98948e+006	32830	33953	21885	23330	3.2912e+006	3.33639e+006	2.92725e+006	2.97379e+006	
187	5.04127e+006	5.08511e+006	88888	94741	140936	150158	15703	16655	36247	37988	20879	21617	9593	9933	2.95991e+006	3.01948e+006	33386	34504	21042	22465	3.31363e+006	3.35747e+006	2.95099e+006	2.9962e+006	
188	5.02084e+006	5.0633e+006	85989	91775	136478	145708	15209	16153	35349	37113	20480	21235	9401	9747	2.99035e+006	3.04852e+006	33936	35041	20388	21850	3.33544e+006	3.37789e+006	2.9739e+006	3.01778e+006	
189	5.00113e+006	5.04223e+006	83018	88715	132147	141296	14712	15656	34445	36215	20051	20831	9222	9583	3.02014e+006	3.07683e+006	34482	35576	19682	21091	3.3565e+006	3.3976e+006	2.99618e+006	3.03874e+006	
190	4.98215e+006	5.02197e+006	80091	85681	128032	137065	14262	15174	33478	35255	19615	20414	9022	9394	3.04896e+006	3.10421e+006	35021	36098	18955	20299	3.37677e+006	3.41659e+006	3.01767e+006	3.05894e+006	
191	4.96382e+006	5.00235e+006	77341	82872	123813	132741	13811	14722	32491	34274	19201	19998	8840	9212	3.07702e+006	3.13083e+006	35566	36626	18291	19657	3.39639e+006	3.43492e+006	3.03839e+006	3.07843e+006	
192	4.94614e+006	4.98341e+006	74599	80000	119697	128520	13365	14257	31527	33338	18748	19574	8620	9008	3.10436e+006	3.15673e+006	36086	37137	17647	18977	3.41533e+006	3.4526e+006	3.05854e+006	3.09729e+006	
193	4.92906e+006	4.96511e+006	71955	77234	115588	124330	12908	13815	30597	32420	18296	19128	8424	8816	3.1309e+006	3.18189e+006	36597	37635	17038	18326	3.43362e+006	3.46967e+006	3.07798e+006	3.11551e+006	
194	4.91264e+006	4.94751e+006	69388	74576	111685	120237	12488	13381	29609	31435	17864	18715	8227	8633	3.15658e+006	3.20615e+006	37094	38123	16386	17642	3.45122e+006	3.4861e+006	3.0967e+006	3.13305e+006	
195	4.89691e+006	4.93064e+006	66776	71838	107756	116174	12065	12939	28659	30464	17417	18270	8016	8421	3.18162e+006	3.22974e+006	37598	38609	15681	16917	3.4681e+006	3.50182e+006	3.11482e+006	3.14998e+006	
196	4.8818e+006	4.91443e+006	64207	69105	103957	112257	11627	12503	27777	29561	16974	17847	7809	8222	3.20575e+006	3.25251e+006	38090	39086	15077	16245	3.4843e+006	3.51694e+006	3.13231e+006	3.16631e+006	
197	4.86725e+006	4.89882e+006	61680	66425	100334	108499	11260	12107	26829	28582	16531	17391	7601	8005	3.22913e+006	3.27452e+006	38567	39543	14510	15646	3.49992e+006	3.53148e+006	3.14919e+006	3.18206e+006	
198	4.85323e+006	4.88372e+006	59278	63921	96756	104711	10848	11676	25921	27650	16070	16938	7404	7811	3.25186e+006	3.29584e+006	39048	40007	13985	15138	3.51502e+006	3.5455e+006	3.16547e+006	3.19725e+006	
199	4.83979e+006	4.86925e+006	56999	61504	93195	100973	10435	11212	25067	26776	15615	16472	7185	7585	3.27381e+006	3.31643e+006	39495	40439	13402	14500	3.52948e+006	3.55894e+006	3.18111e+006	3.21181e+006	
200	4.82694e+006	4.85537e+006	54734	59181	89707	97303	10060	10813	24260	25932	15106	15958	6949	7345	3.29497e+006	3.33631e+006	39949	40875	12815	13918	3.54336e+006	3.5718e+006	3.19608e+006	3.22577e+006	
201	4.81449e+006	4.842e+006	52637	56952	86291	93662	9696	10444	23437	25079	14617	15459	6721	7115	3.3155e+006	3.35552e+006	40393	41301	12412	13419	3.55674e+006	3.58425e+006	3.21048e+006	3.2392e+006	
202	4.80254e+006	4.82914e+006	50562	54712	83041	90232	9296	10023	22536	24141	14178	15027	6531	6927	3.3354e+006	3.37414e+006	40814	41706	11911	12897	3.5696e+006	3.5962e+006	3.22446e+006	3.25218e+006	
203	4.79116e+006	4.81684e+006	48494	52553	79815	86816	8895	9604	21801	23380	13720	14563	6309	6705	3.35451e+006	3.39201e+006	41219	42095	11337	12339	3.58189e+006	3.60758e+006	3.23786e+006	3.26464e+006	
204	4.78018e+006	4.80502e+006	46622	50501	76625	83476	8526	9209	21031	22583	13263	14104	6088	6482	3.37296e+006	3.40928e+006	41623	42483	10940	11868	3.59372e+006	3.61856e+006	3.25072e+006	3.27654e+006	
205	4.76968e+006	4.79368e+006	44657	48464	73658	80280	8227	8903	20211	21717	12837	13670	5901	6286	3.39075e+006	3.42588e+006	42007	42853	10447	11382	3.60506e+006	3.62906e+006	3.26307e+006	3.28804e+006	
206	4.75967e+006	4.78288e+006	42730	46399	70841	77286	7886	8541	19428	20889	12417	13234	5709	6098	3.40784e+006	3.44185e+006	42382	43207	9981	10834	3.61586e+006	3.63907e+006	3.27498e+006	3.29911e+006	
207	4.74991e+006	4.77236e+006	41112	44623	68004	74316	7559	8193	18699	20118	11997	12811	5521	5909	3.42428e+006	3.45719e+006	42753	43558	9719	10563	3.62638e+006	3.64883e+006	3.28633e+006	3.30963e+006	
208	4.74066e+006	4.7624e+006	39369	42761	65267	71352	7261	7878	18008	19380	11581	12377	5319	5699	3.44018e+006	3.47197e+006	43121	43902	9199	10005	3.63634e+006	3.65807e+006	3.29728e+006	3.31979e+006	
209	4.73181e+006	4.75285e+006	37725	40971	62606	68525	6979	7574	17293	18633	11191	11978	5146	5520	3.45545e+006	3.48619e+006	43463	44231	8804	9591	3.64588e+006	3.66692e+006	3.30776e+006	3.32949e+006	
210	4.72329e+006	4.74365e+006	36213	39391	60053	65718	6707	7290	16601	17900	10837	11611	4973	5341	3.4701e+006	3.49978e+006	43786	44539	8473	9252	3.65509e+006	3.67544e+006	3.31775e+006	3.33876e+006	
211	4.7152e+006	4.7349e+006	34546	37626	57640	63141	6436	7000	15976	17246	10456	11213	4800	5158	3.4842e+006	3.51292e+006	44123	44858	8054	8796	3.66384e+006	3.68354e+006	3.32748e+006	3.34778e+006	
212	4.7074e+006	4.72649e+006	33095	36071	55205	60525	6170	6714	15372	16621	10065	10794	4609	4945	3.49779e+006	3.52557e+006	44437	45152	7747	8450	3.67224e+006	3.69133e+006	3.33671e+006	3.35635e+006	
213	4.69999e+006	4.71849e+006	31655	34527	52941	58046	5916	6431	14744	15967	9714	10430	4456	4786	3.5108e+006	3.53764e+006	44735	45436	7363	8048	3.68024e+006	3.69874e+006	3.34553e+006	3.36452e+006	
214	4.69287e+006	4.71079e+006	30250	33025	50715	55676	5677	6180	14174	15371	9347	10042	4294	4610	3.52332e+006	3.54928e+006	45029	45715	7070	7749	3.68794e+006	3.70586e+006	3.35402e+006	3.37239e+006	
215	4.68606e+006	4.70344e+006	28959	31630	48560	53332	5445	5933	13584	14748	8983	9673	4131	4451	3.53538e+006	3.56047e+006	45304	45974	6761	7403	3.69529e+006	3.71268e+006	3.36211e+006	3.37988e+006	
216	4.67955e+006	4.69642e+006	27668	30253	46564	51188	5213	5686	13059	14189	8630	9313	3969	4288	3.54683e+006	3.5711e+006	45572	46228	6456	7072	3.70231e+006	3.71918e+006	3.36989e+006	3.3871e+006	
217	4.67324e+006	4.68964e+006	26564	29047	44453	48918	4977	5433	12554	13638	8288	8955	3816	4131	3.55799e+006	3.58146e+006	45846	46483	6258	6843	3.7091e+006	3.7255e+006	3.3773e+006	3.39396e+006	
218	4.6673e+006	4.68322e+006	25384	27762	42541	46882	4762	5210	12006	13057	8003	8650	3694	4002	3.56858e+006	3.5913e+006	46097	46721	5890	6463	3.71551e+006	3.73144e+006	3.38442e+006	3.40055e+006	
219	4.66159e+006	4.67707e+006	24280	26562	40728	44924	4539	4973	11519	12546	7688	8316	3559	3863	3.57873e+006	3.60072e+006	46343	46948	5656	6204	3.72167e+006	3.73714e+006	3.39123e+006	3.40687e+006	
220	4.65609e+006	4.67116e+006	23266	25452	38922	42950	4340	4755	11009	12011	7381	7995	3416	3708	3.58856e+006	3.60983e+006	46577	47168	5442	5963	3.72758e+006	3.74264e+006	3.39772e+006	3.41288e+006	
221	4.65086e+006	4.66553e+006	22197	24290	37307	41173	4171	4568	10558	11524	7086	7688	3282	3569	3.59788e+006	3.61847e+006	46797	47377	5187	5682	3.73321e+006	3.74788e+006	3.40399e+006	3.41872e+006	
222	4.6459e+006	4.66019e+006	21207	23227	35611	39349	4018	4397	10092	11013	6806	7396	3161	3444	3.60687e+006	3.62681e+006	47009	47578	4899	5401	3.73855e+006	3.75284e+006	3.40991e+006	3.42419e+006	
223	4.64118e+006	4.65511e+006	20218	22153	34097	37696	3832	4199	9620	10517	6536	7111	3035	3309	3.61545e+006	3.63477e+006	47213	47771	4669	5129	3.74363e+006	3.75756e+006	3.41561e+006	3.42948e+006	
224	4.63661e+006	4.65018e+006	19295	21178	32633	36067	3682	4029	9214	10076	6262	6817	2911	3178	3.62368e+006	3.64237e+006	47421	47967	4522	4985	3.74856e+006	3.76213e+006	3.42106e+006	3.43456e+006	
225	4.63222e+006	4.64548e+006	18441	20251	31209	34495	3536	3877	8806	9625	6010	6553	2804	3060	3.63155e+006	3.64965e+006	47619	48153	4334	4754	3.75326e+006	3.76652e+006	3.42627e+006	3.4394e+006	
226	4.62806e+006	4.64103e+006	17638	19357	29835	33008	3358	3686	8462	9242	5762	6279	2681	2927	3.63905e+006	3.65658e+006	47803	48324	4095	4507	3.7577e+006	3.77068e+006	3.43123e+006	3.44401e+006	
227	4.6241e+006	4.63678e+006	16880	18532	28428	31476	3181	3499	8130	8886	5516	6015	2573	2808	3.64628e+006	3.66329e+006	47985	48499	3910	4305	3.76196e+006	3.77464e+006	3.43593e+006	3.44839e+006	
228	4.62031e+006	4.63274e+006	16080	17645	27213	30151	3035	3340	7771	8511	5251	5733	2439	2666	3.65316e+006	3.66969e+006	48165	48670	3723	4096	3.76599e+006	3.77842e+006	3.44048e+006	3.45261e+006	
229	4.61666e+006	4.62883e+006	15347	16856	26034	28845	2898	3189	7444	8149	5027	5495	2330	2543	3.65976e+006	3.6758e+006	48320	48819	3602	3964	3.7699e+006	3.78208e+006	3.44484e+006	3.4567e+006	
230	4.61323e+006	4.62517e+006	14624	16066	24822	27528	2762	3052	7138	7816	4810	5266	2227	2437	3.66608e+006	3.68168e+006	48471	48960	3374	3715	3.77356e+006	3.78551e+006	3.44895e+006	3.46054e+006	
231	4.60989e+006	4.6216e+006	14002	15384	23688	26296	2624	2902	6829	7482	4606	5051	2124	2328	3.6721e+006	3.68729e+006	48622	49103	3287	3624	3.77713e+006	3.78885e+006	3.45289e+006	3.46421e+006	
232	4.60667e+006	4.61818e+006	13428	14780	22618	25099	2523	2788	6517	7150	4409	4836	2030	2227	3.67785e+006	3.69262e+006	48766	49239	3149	3493	3.78056e+006	3.79206e+006	3.45661e+006	3.46771e+006	
233	4.60364e+006	4.61495e+006	12801	14096	21668	24051	2411	2667	6187	6792	4211	4625	1949	2141	3.68335e+006	3.69774e+006	48908	49376	2975	3281	3.78379e+006	3.79509e+006	3.46023e+006	3.4711e+006	
234	4.60075e+006	4.61188e+006	12261	13510	20653	22916	2283	2529	5925	6498	4042	4448	1865	2053	3.68861e+006	3.70262e+006	49047	49506	2834	3129	3.78685e+006	3.79799e+006	3.46362e+006	3.47428e+006	
235	4.59794e+006	4.60891e+006	11723	12912	19693	21873	2202	2436	5650	6206	3872	4258	1783	1962	3.69366e+006	3.70732e+006	49181	49632	2748	3027	3.78982e+006	3.80079e+006	3.46692e+006	3.47736e+006	
236	4.59529e+006	4.6061e+006	11168	12285	18843	20957	2110	2333	5373	5906	3716	4091	1708	1885	3.69845e+006	3.7118e+006	49300	49746	2593	2867	3.79263e+006	3.80344e+006	3.47008e+006	3.48034e+006	
237	4.59277e+006	4.60342e+006	10662	11737	18011	20033	2015	2224	5119	5632	3553	3907	1633	1802	3.70304e+006	3.71607e+006	49420	49858	2467	2735	3.79531e+006	3.80597e+006	3.47307e+006	3.48315e+006	
238	4.5904e+006	4.60091e+006	10149	11178	17221	19164	1922	2120	4881	5367	3414	3762	1577	1741	3.70736e+006	3.72012e+006	49540	49970	2319	2571	3.79783e+006	3.80834e+006	3.47591e+006	3.48583e+006	
239	4.58809e+006	4.59848e+006	9646	10643	16454	18310	1841	2030	4666	5128	3260	3588	1497	1654	3.71158e+006	3.72405e+006	49640	50066	2247	2490	3.80026e+006	3.81065e+006	3.47865e+006	3.48843e+006	
240	4.58589e+006	4.59616e+006	9194	10147	15760	17544	1761	1941	4455	4892	3126	3432	1434	1583	3.71553e+006	3.72773e+006	49742	50163	2142	2370	3.80258e+006	3.81284e+006	3.48125e+006	3.49089e+006	
241	4.58377e+006	4.59392e+006	8793	9706	15034	16748	1668	1847	4243	4656	2998	3293	1376	1518	3.71938e+006	3.73132e+006	49842	50258	2066	2294	3.80481e+006	3.81496e+006	3.48373e+006	3.49323e+006	
242	4.58174e+006	4.59178e+006	8451	9332	14308	15925	1571	1740	4068	4468	2867	3153	1317	1456	3.72304e+006	3.73475e+006	49931	50345	1977	2197	3.80696e+006	3.817e+006	3.48606e+006	3.49544e+006	
243	4.5798e+006	4.58973e+006	8093	8938	13657	15214	1495	1659	3893	4277	2722	2998	1245	1377	3.72653e+006	3.73801e+006	50020	50431	1890	2095	3.809e+006	3.81893e+006	3.48832e+006	3.49758e+006	
244	4.57798e+006	4.58781e+006	7722	8541	13028	14515	1434	1598	3728	4089	2596	2856	1189	1313	3.72984e+006	3.74112e+006	50101	50508	1772	1972	3.81093e+006	3.82075e+006	3.49045e+006	3.49961e+006	
245	4.57625e+006	4.586e+006	7334	8105	12421	13857	1361	1522	3579	3932	2458	2707	1120	1241	3.73303e+006	3.74413e+006	50186	50590	1677	1858	3.81273e+006	3.82248e+006	3.49252e+006	3.50158e+006	
246	4.57459e+006	4.58426e+006	6967	7697	11859	13245	1308	1463	3410	3759	2348	2580	1069	1182	3.73605e+006	3.74698e+006	50272	50674	1609	1790	3.81447e+006	3.82414e+006	3.49449e+006	3.50346e+006	
247	4.57298e+006	4.58258e+006	6636	7335	11344	12669	1250	1394	3269	3612	2239	2464	1010	1122	3.73892e+006	3.74969e+006	50343	50741	1559	1734	3.81616e+006	3.82575e+006	3.49639e+006	3.50526e+006	
248	4.57146e+006	4.58099e+006	6335	7009	10839	12113	1209	1350	3113	3434	2128	2340	949	1054	3.74166e+006	3.75228e+006	50412	50807	1472	1645	3.81775e+006	3.82727e+006	3.49816e+006	3.50694e+006	
249	4.57003e+006	4.57948e+006	6045	6707	10321	11531	1160	1299	2979	3282	2036	2243	917	1018	3.74427e+006	3.75474e+006	50481	50873	1390	1554	3.81926e+006	3.82871e+006	3.49982e+006	3.50853e+006	
250	4.56861e+006	4.57802e+006	5798	6431	9847	11008	1108	1235	2836	3127	1947	2145	884	984	3.74677e+006	3.75711e+006	50542	50933	1363	1513	3.82072e+006	3.83012e+006	3.50142e+006	3.51007e+006	
251	4.56728e+006	4.57661e+006	5534	6144	9395	10506	1056	1174	2699	2980	1853	2038	849	945	3.7492e+006	3.75941e+006	50605	50993	1294	1447	3.82212e+006	3.83146e+006	3.50298e+006	3.51156e+006	
252	4.56603e+006	4.57531e+006	5264	5845	8945	10009	1004	1115	2583	2851	1752	1927	802	893	3.75152e+006	3.7616e+006	50666	51052	1204	1345	3.82342e+006	3.83271e+006	3.50446e+006	3.51297e+006	
253	4.56479e+006	4.57402e+006	5075	5622	8490	9515	961	1066	2459	2710	1686	1854	768	857	3.75372e+006	3.76369e+006	50718	51101	1197	1333	3.82472e+006	3.83395e+006	3.50584e+006	3.5143e+006	
254	4.56362e+006	4.5728e+006	4840	5363	8136	9110	909	1010	2346	2591	1614	1775	729	815	3.75579e+006	3.76565e+006	50767	51148	1128	1255	3.82593e+006	3.83511e+006	3.5072e+006	3.51562e+006	
255	4.56254e+006	4.57167e+006	4593	5087	7797	8744	866	961	2215	2455	1546	1701	701	786	3.75776e+006	3.76753e+006	50815	51193	1045	1171	3.82706e+006	3.8362e+006	3.5085e+006	3.51686e+006	
256	4.56148e+006	4.57057e+006	4406	4881	7437	8350	820	912	2107	2346	1475	1628	672	755	3.75963e+006	3.76932e+006	50865	51241	1016	1140	3.82816e+006	3.83726e+006	3.50969e+006	3.51802e+006	
257	4.56045e+006	4.5695e+006	4202	4654	7108	7980	790	880	2016	2243	1412	1562	649	731	3.76144e+006	3.77104e+006	50912	51287	995	1106	3.82924e+006	3.83828e+006	3.51089e+006	3.51916e+006	
258	4.55951e+006	4.56852e+006	3980	4420	6806	7630	748	839	1927	2146	1349	1495	622	706	3.76315e+006	3.77267e+006	50957	51330	906	1020	3.83022e+006	3.83923e+006	3.51202e+006	3.52025e+006	
259	4.55857e+006	4.56754e+006	3839	4264	6505	7287	708	796	1837	2051	1285	1423	591	668	3.76477e+006	3.77422e+006	51003	51376	904	1016	3.8312e+006	3.84017e+006	3.51307e+006	3.52126e+006	
260	4.55769e+006	4.56663e+006	3658	4068	6192	6945	677	763	1747	1954	1226	1363	569	640	3.76635e+006	3.77574e+006	51046	51418	835	944	3.8321e+006	3.84104e+006	3.51408e+006	3.52224e+006	
261	4.55686e+006	4.56577e+006	3466	3861	5921	6632	650	733	1677	1871	1160	1296	538	606	3.76786e+006	3.77717e+006	51087	51457	802	899	3.83297e+006	3.84188e+006	3.51507e+006	3.52319e+006	
262	4.55605e+006	4.56494e+006	3334	3708	5657	6340	620	697	1595	1787	1115	1246	517	579	3.76926e+006	3.77852e+006	51123	51490	775	867	3.8338e+006	3.84269e+006	3.51598e+006	3.52407e+006	
263	4.55527e+006	4.56413e+006	3173	3527	5393	6054	589	667	1518	1695	1068	1190	494	555	3.77066e+006	3.77985e+006	51156	51522	743	835	3.8346e+006	3.84346e+006	3.51688e+006	3.52495e+006	
264	4.55455e+006	4.56337e+006	3036	3373	5130	5770	564	635	1445	1614	1020	1135	475	533	3.77198e+006	3.78111e+006	51189	51553	699	789	3.83536e+006	3.84419e+006	3.51772e+006	3.52575e+006	
265	4.55385e+006	4.56266e+006	2899	3221	4912	5521	541	611	1386	1541	974	1085	452	509	3.77319e+006	3.78228e+006	51224	51587	666	746	3.83608e+006	3.84489e+006	3.51852e+006	3.52653e+006	
266	4.55318e+006	4.56197e+006	2754	3076	4698	5279	512	581	1323	1470	916	1022	426	480	3.77439e+006	3.78343e+006	51253	51616	632	720	3.83677e+006	3.84556e+006	3.51929e+006	3.52729e+006	
267	4.55254e+006	4.56131e+006	2627	2936	4472	5035	484	555	1276	1417	873	974	401	452	3.77553e+006	3.78453e+006	51282	51643	615	696	3.83743e+006	3.8462e+006	3.52003e+006	3.528e+006	
268	4.55191e+006	4.56065e+006	2527	2828	4286	4824	464	535	1227	1358	834	927	387	433	3.77658e+006	3.78554e+006	51311	51671	598	681	3.83808e+006	3.84683e+006	3.52073e+006	3.52868e+006	
269	4.55134e+006	4.56006e+006	2408	2696	4072	4580	440	508	1175	1303	798	887	370	414	3.77763e+006	3.78655e+006	51337	51696	547	615	3.83868e+006	3.8474e+006	3.5214e+006	3.52933e+006	
270	4.55078e+006	4.55948e+006	2310	2588	3888	4381	419	486	1121	1244	757	843	345	388	3.77861e+006	3.78749e+006	51361	51720	536	610	3.83926e+006	3.84796e+006	3.52203e+006	3.52994e+006	
271	4.55024e+006	4.55893e+006	2207	2473	3721	4198	399	465	1066	1186	731	813	330	373	3.77954e+006	3.78839e+006	51383	51740	512	581	3.83981e+006	3.8485e+006	3.52264e+006	3.53054e+006	
272	4.54974e+006	4.55841e+006	2079	2333	3558	4027	386	450	1025	1140	703	783	319	360	3.78043e+006	3.78924e+006	51408	51763	470	541	3.84032e+006	3.849e+006	3.52324e+006	3.53112e+006	
273	4.54926e+006	4.55791e+006	1988	2239	3382	3827	369	426	968	1082	667	746	301	341	3.7813e+006	3.79009e+006	51431	51786	455	522	3.84082e+006	3.84948e+006	3.52378e+006	3.53165e+006	
274	4.54879e+006	4.55744e+006	1896	2128	3237	3666	352	406	927	1039	644	720	291	330	3.78211e+006	3.79086e+006	51450	51806	443	500	3.8413e+006	3.84994e+006	3.52432e+006	3.53217e+006	
275	4.54834e+006	4.55698e+006	1808	2027	3102	3520	336	386	881	982	617	691	279	319	3.78289e+006	3.79161e+006	51472	51826	425	479	3.84175e+006	3.85039e+006	3.52483e+006	3.53268e+006	
276	4.54791e+006	4.55654e+006	1747	1951	2952	3353	323	374	837	936	598	671	270	309	3.78362e+006	3.79232e+006	51491	51844	410	465	3.8422e+006	3.85082e+006	3.52531e+006	3.53314e+006	
277	4.5475e+006	4.55611e+006	1687	1879	2808	3193	309	358	800	896	569	637	258	293	3.78434e+006	3.79302e+006	51510	51861	395	451	3.84263e+006	3.85124e+006	3.52577e+006	3.53358e+006	
278	4.54712e+006	4.55573e+006	1600	1783	2673	3032	291	336	767	861	545	612	246	281	3.78503e+006	3.79369e+006	51529	51881	355	403	3.84301e+006	3.85162e+006	3.52621e+006	3.53402e+006	
279	4.54675e+006	4.55535e+006	1526	1705	2563	2911	278	321	732	819	521	587	234	268	3.78567e+006	3.7943e+006	51547	51899	352	400	3.84339e+006	3.85199e+006	3.52663e+006	3.53443e+006	
280	4.5464e+006	4.55499e+006	1443	1620	2457	2782	263	300	698	784	500	563	224	258	3.78629e+006	3.79491e+006	51561	51913	328	378	3.84375e+006	3.85233e+006	3.52704e+006	3.53484e+006	
281	4.54606e+006	4.55463e+006	1374	1546	2349	2659	253	293	670	753	473	534	213	247	3.78689e+006	3.79549e+006	51578	51930	326	376	3.84411e+006	3.85268e+006	3.52744e+006	3.53522e+006	
282	4.54573e+006	4.55429e+006	1330	1499	2247	2537	241	278	639	722	453	509	204	236	3.78744e+006	3.79603e+006	51593	51945	310	358	3.84444e+006	3.85301e+006	3.52779e+006	3.53557e+006	
283	4.54541e+006	4.55397e+006	1277	1445	2151	2425	233	270	613	694	427	484	196	227	3.78797e+006	3.79654e+006	51610	51960	299	347	3.84477e+006	3.85333e+006	3.52814e+006	3.53591e+006	
284	4.54511e+006	4.55366e+006	1234	1395	2041	2308	228	265	577	653	402	457	184	214	3.7885e+006	3.79706e+006	51622	51973	285	327	3.84508e+006	3.85363e+006	3.52847e+006	3.53623e+006	
285	4.54482e+006	4.55336e+006	1181	1329	1948	2213	220	259	554	629	380	432	173	201	3.78899e+006	3.79754e+006	51635	51986	271	312	3.84537e+006	3.85392e+006	3.52879e+006	3.53654e+006	
286	4.54454e+006	4.55308e+006	1127	1272	1852	2110	216	256	523	595	361	411	166	195	3.78947e+006	3.79801e+006	51647	51998	257	301	3.84566e+006	3.8542e+006	3.5291e+006	3.53684e+006	
287	4.54428e+006	4.55281e+006	1074	1216	1768	2021	203	241	503	572	347	397	159	189	3.78993e+006	3.79846e+006	51658	52008	246	290	3.84593e+006	3.85446e+006	3.5294e+006	3.53714e+006	
288	4.54402e+006	4.55254e+006	1032	1168	1707	1952	196	232	485	550	325	374	147	176	3.79034e+006	3.79886e+006	51673	52023	243	280	3.84619e+006	3.85472e+006	3.52968e+006	3.53742e+006	
289	4.54377e+006	4.55229e+006	994	1123	1642	1874	185	217	460	521	309	357	141	169	3.79075e+006	3.79926e+006	51684	52033	233	267	3.84645e+006	3.85497e+006	3.52996e+006	3.53769e+006	
290	4.54352e+006	4.55204e+006	973	1095	1579	1806	178	206	439	499	293	338	134	160	3.79114e+006	3.79964e+006	51695	52043	237	272	3.8467e+006	3.85522e+006	3.53022e+006	3.53795e+006	
291	4.54329e+006	4.5518e+006	936	1054	1511	1731	167	194	418	478	281	325	127	153	3.79152e+006	3.80001e+006	51705	52053	210	248	3.84693e+006	3.85545e+006	3.53047e+006	3.53819e+006	
292	4.54307e+006	4.55158e+006	899	1015	1453	1663	158	184	405	467	266	309	120	143	3.79188e+006	3.80035e+006	51715	52063	206	242	3.84716e+006	3.85567e+006	3.53071e+006	3.53843e+006	
293	4.54287e+006	4.55137e+006	853	965	1390	1584	157	182	383	444	254	296	114	135	3.79223e+006	3.8007e+006	51725	52072	187	216	3.84736e+006	3.85587e+006	3.53094e+006	3.53866e+006	
294	4.54267e+006	4.55117e+006	801	912	1348	1535	150	176	364	422	243	282	110	130	3.79256e+006	3.80102e+006	51733	52081	186	218	3.84757e+006	3.85607e+006	3.53117e+006	3.53889e+006	
295	4.54249e+006	4.55098e+006	759	860	1288	1477	147	174	353	407	234	273	105	124	3.79287e+006	3.80133e+006	51740	52088	167	197	3.84775e+006	3.85625e+006	3.53139e+006	3.5391e+006	
296	4.5423e+006	4.55079e+006	732	831	1244	1426	139	165	342	392	223	262	99	118	3.79317e+006	3.80162e+006	51748	52095	180	211	3.84795e+006	3.85644e+006	3.5316e+006	3.5393e+006	
297	4.54212e+006	4.5506e+006	712	813	1196	1363	130	152	329	380	215	253	96	115	3.79346e+006	3.8019e+006	51755	52102	167	198	3.84813e+006	3.85662e+006	3.53179e+006	3.53949e+006	
298	4.54194e+006	4.55042e+006	692	788	1146	1306	124	146	313	360	211	248	96	115	3.79374e+006	3.80217e+006	51762	52108	166	193	3.84832e+006	3.8568e+006	3.53197e+006	3.53968e+006	
299	4.54177e+006	4.55024e+006	684	782	1089	1248	113	136	301	345	201	236	91	110	3.79401e+006	3.80243e+006	51768	52114	160	191	3.84849e+006	3.85697e+006	3.53215e+006	3.53984e+006	
300	4.5416e+006	4.55008e+006	657	747	1040	1198	105	127	296	341	194	227	88	107	3.79427e+006	3.80269e+006	51774	52120	151	176	3.84866e+006	3.85713e+006	3.53233e+006	3.54003e+006	
301	4.54145e+006	4.54992e+006	628	715	1002	1152	100	122	282	328	187	219	85	104	3.79452e+006	3.80293e+006	51781	52127	138	166	3.84881e+006	3.85728e+006	3.5325e+006	3.5402e+006	
302	4.5413e+006	4.54977e+006	604	688	963	1108	97	119	270	313	180	209	83	100	3.79477e+006	3.80317e+006	51787	52133	143	166	3.84897e+006	3.85744e+006	3.53267e+006	3.54036e+006	
303	4.54116e+006	4.54963e+006	570	647	935	1080	99	121	258	297	176	205	81	98	3.79498e+006	3.80338e+006	51792	52138	126	149	3.84911e+006	3.85757e+006	3.53283e+006	3.54052e+006	
304	4.54102e+006	4.54948e+006	547	630	903	1040	97	119	250	286	169	198	76	93	3.7952e+006	3.80359e+006	51796	52141	130	158	3.84926e+006	3.85772e+006	3.53298e+006	3.54067e+006	
305	4.54089e+006	4.54935e+006	530	607	874	1011	96	117	235	270	161	188	73	89	3.7954e+006	3.80379e+006	51801	52147	120	144	3.84939e+006	3.85785e+006	3.53312e+006	3.5408e+006	
306	4.54076e+006	4.54921e+006	510	583	838	968	95	116	220	256	155	181	69	84	3.79561e+006	3.80401e+006	51806	52152	122	144	3.84952e+006	3.85798e+006	3.53327e+006	3.54095e+006	
307	4.54063e+006	4.54908e+006	502	577	804	926	89	107	214	252	147	172	64	79	3.79581e+006	3.80419e+006	51813	52159	120	142	3.84966e+006	3.85811e+006	3.5334e+006	3.54107e+006	
308	4.54052e+006	4.54896e+006	478	548	770	892	88	106	210	248	138	163	58	73	3.796e+006	3.80438e+006	51819	52165	105	129	3.84978e+006	3.85822e+006	3.53353e+006	3.5412e+006	
309	4.5404e+006	4.54885e+006	461	531	734	849	85	102	202	242	133	156	55	68	3.79618e+006	3.80456e+006	51822	52168	103	125	3.84989e+006	3.85834e+006	3.53365e+006	3.54132e+006	
310	4.54029e+006	4.54874e+006	440	507	708	823	80	96	197	232	127	148	51	64	3.79636e+006	3.80473e+006	51828	52174	101	120	3.85e+006	3.85845e+006	3.53378e+006	3.54144e+006	
311	4.54018e+006	4.54863e+006	418	483	695	803	75	91	194	229	120	141	48	61	3.79652e+006	3.80488e+006	51833	52179	98	118	3.85011e+006	3.85855e+006	3.5339e+006	3.54156e+006	
312	4.54008e+006	4.54852e+006	412	471	661	769	73	88	189	223	116	137	45	58	3.79668e+006	3.80504e+006	51836	52182	98	119	3.85022e+006	3.85866e+006	3.53401e+006	3.54167e+006	
313	4.53998e+006	4.54841e+006	401	458	638	748	71	87	177	208	111	130	44	56	3.79684e+006	3.8052e+006	51839	52184	92	112	3.85032e+006	3.85876e+006	3.53412e+006	3.54178e+006	
314	4.53988e+006	4.54831e+006	390	446	614	713	67	82	169	200	107	126	44	56	3.79699e+006	3.80535e+006	51842	52188	91	108	3.85043e+006	3.85886e+006	3.53422e+006	3.54188e+006	
315	4.53979e+006	4.54822e+006	375	431	596	693	62	77	159	188	103	122	42	55	3.79714e+006	3.80549e+006	51843	52189	83	103	3.85052e+006	3.85895e+006	3.53432e+006	3.54198e+006	
316	4.53969e+006	4.54813e+006	360	415	574	668	61	77	152	181	97	116	41	53	3.79728e+006	3.80563e+006	51846	52192	84	102	3.85061e+006	3.85904e+006	3.53442e+006	3.54208e+006	
317	4.53961e+006	4.54804e+006	345	398	549	640	59	74	147	176	92	110	40	51	3.79742e+006	3.80577e+006	51850	52195	78	94	3.8507e+006	3.85913e+006	3.53452e+006	3.54217e+006	
318	4.53952e+006	4.54795e+006	334	386	538	622	57	70	137	165	91	109	39	50	3.79755e+006	3.80589e+006	51852	52197	79	97	3.85079e+006	3.85922e+006	3.53462e+006	3.54226e+006	
319	4.53944e+006	4.54787e+006	321	371	519	600	55	70	133	162	87	105	39	50	3.79767e+006	3.80601e+006	51854	52200	71	87	3.85087e+006	3.85929e+006	3.5347e+006	3.54235e+006	
320	4.53937e+006	4.54779e+006	309	355	503	585	53	67	127	153	83	103	37	48	3.79779e+006	3.80613e+006	51857	52203	71	86	3.85095e+006	3.85937e+006	3.53479e+006	3.54244e+006	
321	4.53928e+006	4.5477e+006	308	358	486	564	50	64	124	150	81	99	37	48	3.7979e+006	3.80624e+006	51861	52206	77	98	3.85104e+006	3.85946e+006	3.53487e+006	3.54252e+006	
322	4.5392e+006	4.54762e+006	303	351	470	546	46	60	119	144	79	95	36	47	3.79802e+006	3.80635e+006	51864	52209	74	90	3.85112e+006	3.85954e+006	3.53495e+006	3.5426e+006	
323	4.53912e+006	4.54754e+006	301	349	451	526	43	57	117	141	74	91	34	44	3.79812e+006	3.80646e+006	51868	52213	69	85	3.8512e+006	3.85961e+006	3.53503e+006	3.54267e+006	
324	4.53905e+006	4.54747e+006	294	344	433	506	42	54	115	138	70	86	31	40	3.79823e+006	3.80656e+006	51871	52216	65	80	3.85127e+006	3.85969e+006	3.5351e+006	3.54274e+006	
325	4.53898e+006	4.54739e+006	282	326	429	501	41	53	113	135	68	84	31	41	3.79833e+006	3.80665e+006	51873	52218	66	80	3.85134e+006	3.85976e+006	3.53518e+006	3.54282e+006	
326	4.53891e+006	4.54733e+006	268	310	421	493	39	49	112	134	68	84	31	41	3.79842e+006	3.80674e+006	51876	52220	60	73	3.85141e+006	3.85982e+006	3.53526e+006	3.5429e+006	
327	4.53884e+006	4.54725e+006	263	302	413	484	39	49	106	127	66	82	31	41	3.79851e+006	3.80684e+006	51878	52222	63	77	3.85148e+006	3.85989e+006	3.53533e+006	3.54297e+006	
328	4.53878e+006	4.54718e+006	258	297	397	466	39	51	103	125	63	79	30	41	3.7986e+006	3.80693e+006	51880	52224	61	75	3.85155e+006	3.85996e+006	3.5354e+006	3.54303e+006	
329	4.53871e+006	4.54712e+006	250	289	390	457	41	52	96	117	62	79	30	40	3.79869e+006	3.80701e+006	51881	52225	57	72	3.85162e+006	3.86003e+006	3.53546e+006	3.5431e+006	
330	4.53865e+006	4.54706e+006	247	287	378	445	41	53	90	111	62	78	30	41	3.79878e+006	3.80709e+006	51883	52226	57	71	3.85168e+006	3.86009e+006	3.53552e+006	3.54316e+006	
331	4.53859e+006	4.547e+006	237	277	365	426	40	51	86	105	59	76	29	40	3.79887e+006	3.80718e+006	51886	52229	53	67	3.85174e+006	3.86015e+006	3.53559e+006	3.54322e+006	
332	4.53853e+006	4.54694e+006	224	263	353	412	40	50	85	104	58	75	29	41	3.79895e+006	3.80726e+006	51888	52231	47	61	3.8518e+006	3.8602e+006	3.53565e+006	3.54328e+006	
333	4.53847e+006	4.54688e+006	219	260	341	399	40	51	87	107	58	75	29	41	3.79903e+006	3.80734e+006	51890	52232	54	68	3.85186e+006	3.86026e+006	3.53571e+006	3.54334e+006	
334	4.53842e+006	4.54682e+006	212	249	335	393	37	48	85	105	56	73	28	39	3.7991e+006	3.80741e+006	51891	52234	49	61	3.85191e+006	3.86032e+006	3.53577e+006	3.5434e+006	
335	4.53837e+006	4.54677e+006	209	242	325	383	35	45	84	104	54	70	26	37	3.79918e+006	3.80748e+006	51893	52235	49	61	3.85197e+006	3.86037e+006	3.53583e+006	3.54346e+006	
336	4.53831e+006	4.54672e+006	207	240	315	371	33	44	82	102	50	64	23	33	3.79925e+006	3.80756e+006	51895	52238	46	59	3.85202e+006	3.86042e+006	3.53588e+006	3.54351e+006	
337	4.53826e+006	4.54666e+006	205	237	306	363	32	43	83	103	47	61	22	31	3.79932e+006	3.80763e+006	51896	52239	51	66	3.85208e+006	3.86048e+006	3.53593e+006	3.54356e+006	
338	4.53821e+006	4.54661e+006	198	231	294	349	32	43	77	94	47	62	22	31	3.7994e+006	3.8077e+006	51898	52240	42	55	3.85213e+006	3.86053e+006	3.53598e+006	3.54361e+006	
339	4.53816e+006	4.54656e+006	190	224	288	342	29	39	73	91	44	58	21	29	3.79947e+006	3.80777e+006	51899	52241	42	53	3.85218e+006	3.86058e+006	3.53604e+006	3.54366e+006	
340	4.53811e+006	4.54651e+006	188	222	278	328	30	40	69	87	41	54	20	27	3.79954e+006	3.80784e+006	51902	52244	45	56	3.85223e+006	3.86063e+006	3.53608e+006	3.54371e+006	
341	4.53806e+006	4.54646e+006	178	209	276	325	31	40	67	84	39	52	19	26	3.7996e+006	3.8079e+006	51903	52245	42	53	3.85228e+006	3.86067e+006	3.53614e+006	3.54376e+006	
342	4.53802e+006	4.54641e+006	178	207	270	319	31	41	65	81	37	50	17	25	3.79966e+006	3.80796e+006	51904	52247	42	53	3.85232e+006	3.86072e+006	3.53618e+006	3.54381e+006	
343	4.53796e+006	4.54636e+006	180	213	260	307	28	39	61	76	35	47	17	24	3.79973e+006	3.80802e+006	51905	52247	45	59	3.85238e+006	3.86077e+006	3.53623e+006	3.54385e+006	
344	4.53791e+006	4.54631e+006	181	215	256	302	28	38	61	77	34	47	16	24	3.79978e+006	3.80808e+006	51906	52249	45	58	3.85243e+006	3.86082e+006	3.53627e+006	3.5439e+006	
345	4.53787e+006	4.54627e+006	176	209	247	294	28	39	58	73	34	47	16	25	3.79984e+006	3.80813e+006	51908	52250	37	47	3.85247e+006	3.86087e+006	3.53631e+006	3.54394e+006	
346	4.53782e+006	4.54622e+006	177	210	243	291	27	38	60	75	33	47	16	24	3.79989e+006	3.80818e+006	51908	52250	42	55	3.85252e+006	3.86091e+006	3.53636e+006	3.54398e+006	
347	4.53778e+006	4.54617e+006	170	202	237	284	28	37	58	73	33	46	15	24	3.79995e+006	3.80824e+006	51909	52251	38	49	3.85256e+006	3.86096e+006	3.5364e+006	3.54403e+006	
348	4.53774e+006	4.54613e+006	163	194	242	287	27	36	58	74	29	41	14	21	3.8e+006	3.80829e+006	51911	52253	39	50	3.85261e+006	3.861e+006	3.53645e+006	3.54408e+006	
349	4.53769e+006	4.54608e+006	166	200	234	280	28	37	56	72	29	40	13	20	3.80005e+006	3.80834e+006	51911	52254	41	52	3.85265e+006	3.86105e+006	3.53649e+006	3.54412e+006	
350	4.53765e+006	4.54604e+006	162	193	233	280	27	36	56	71	28	39	12	18	3.8001e+006	3.80839e+006	51912	52255	38	48	3.8527e+006	3.86109e+006	3.53654e+006	3.54416e+006	
351	4.53761e+006	4.546e+006	162	190	232	278	25	34	57	73	27	37	11	17	3.80015e+006	3.80844e+006	51913	52256	37	48	3.85274e+006	3.86113e+006	3.53658e+006	3.5442e+006	
352	4.53756e+006	4.54595e+006	163	190	229	275	25	35	54	69	26	36	11	17	3.8002e+006	3.80849e+006	51915	52257	40	50	3.85279e+006	3.86118e+006	3.53662e+006	3.54424e+006	
353	4.53752e+006	4.54591e+006	161	187	225	272	23	33	54	68	25	35	10	16	3.80025e+006	3.80854e+006	51917	52258	38	49	3.85283e+006	3.86122e+006	3.53666e+006	3.54428e+006	
354	4.53747e+006	4.54586e+006	165	191	218	263	23	32	55	68	23	33	10	15	3.8003e+006	3.80859e+006	51918	52260	42	53	3.85288e+006	3.86127e+006	3.5367e+006	3.54432e+006	
355	4.53743e+006	4.54582e+006	163	191	220	263	23	32	53	65	23	33	9	15	3.80035e+006	3.80863e+006	51918	52260	35	47	3.85292e+006	3.86131e+006	3.53674e+006	3.54436e+006	
356	4.53739e+006	4.54578e+006	158	188	219	260	21	29	51	63	23	32	10	15	3.8004e+006	3.80868e+006	51919	52261	36	46	3.85296e+006	3.86135e+006	3.53678e+006	3.5444e+006	
357	4.53734e+006	4.54574e+006	159	186	219	259	22	30	50	62	23	32	9	15	3.80044e+006	3.80873e+006	51920	52261	38	48	3.853e+006	3.86139e+006	3.53682e+006	3.54445e+006	
358	4.5373e+006	4.54569e+006	156	184	224	262	21	28	51	65	23	32	10	16	3.80048e+006	3.80877e+006	51921	52262	39	50	3.85305e+006	3.86144e+006	3.53687e+006	3.54449e+006	
359	4.53726e+006	4.54565e+006	159	186	218	256	21	29	49	61	23	32	11	16	3.80053e+006	3.80882e+006	51921	52263	38	49	3.85309e+006	3.86148e+006	3.53691e+006	3.54453e+006	
360	4.53722e+006	4.54561e+006	154	180	214	254	22	30	47	59	22	32	10	16	3.80058e+006	3.80886e+006	51922	52264	31	40	3.85313e+006	3.86152e+006	3.53694e+006	3.54456e+006	
361	4.53718e+006	4.54557e+006	153	179	216	255	22	30	48	59	22	31	10	16	3.80062e+006	3.8089e+006	51923	52264	37	47	3.85317e+006	3.86156e+006	3.53698e+006	3.5446e+006	
362	4.53714e+006	4.54553e+006	150	177	213	254	23	31	46	58	21	30	10	15	3.80067e+006	3.80895e+006	51923	52265	36	48	3.85321e+006	3.8616e+006	3.53702e+006	3.54464e+006	
363	4.5371e+006	4.54549e+006	146	171	214	255	22	31	43	55	21	30	10	15	3.80071e+006	3.809e+006	51924	52266	34	44	3.85325e+006	3.86164e+006	3.53706e+006	3.54469e+006	
364	4.53706e+006	4.54545e+006	147	173	205	244	21	30	40	52	22	30	10	16	3.80076e+006	3.80905e+006	51924	52266	33	42	3.85329e+006	3.86168e+006	3.5371e+006	3.54472e+006	
