Day	Susceptible-LB	Susceptible-UB	Exposed-LB	Exposed-UB	Current Detected Mild Infections-LB	Current Detected Mild Infections-UB	Current Undetected Mild Infections-LB	Current Undetected Mild Infections-UB	Current Hospitalizations-LB	Current Hospitalizations-UB	Current ICU patients-LB	Current ICU patients-UB	ventilators-LB	ventilators-UB	Recovered-LB	Recovered-UB	Deaths-LB	Deaths-UB	new infections today-LB	new infections today-UB	total number of infections-LB	total number of infections-UB	Confirmed total number of infections-LB	Confirmed total number of infections-UB	
0	8.39842e+006	8.39842e+006	320	320	0	0	0	0	0	0	0	0	0	0	0	0	0	0	0	0	320	320	0	0	
1	8.39835e+006	8.39835e+006	384	384	0	0	0	0	0	0	0	0	0	0	0	0	0	0	64	64	384	384	0	0	
2	8.39829e+006	8.39829e+006	448	448	0	0	0	0	0	0	0	0	0	0	0	0	0	0	64	64	448	448	0	0	
3	8.39796e+006	8.39798e+006	759	781	0	0	0	0	0	0	0	0	0	0	0	0	0	0	311	333	759	781	0	0	
4	8.3976e+006	8.39764e+006	775	815	238	250	70	82	0	0	0	0	0	0	0	0	0	0	331	360	1095	1135	238	250	
5	8.39718e+006	8.39723e+006	1118	1174	286	299	85	98	0	0	0	0	0	0	0	0	0	0	399	431	1502	1558	286	299	
6	8.39648e+006	8.39656e+006	1728	1809	333	348	100	115	0	0	0	0	0	0	0	0	0	0	664	708	2176	2257	333	348	
7	8.39547e+006	8.3956e+006	2370	2490	566	595	180	198	0	0	0	0	0	0	0	0	0	0	952	1016	3136	3264	569	592	
8	8.39413e+006	8.39433e+006	3307	3476	820	865	262	284	0	0	0	0	0	0	0	0	0	0	1264	1349	4409	4604	825	859	
9	8.39239e+006	8.39265e+006	4580	4796	1129	1192	356	383	0	0	0	0	0	0	0	0	0	0	1667	1756	6089	6347	1138	1183	
10	8.39017e+006	8.39052e+006	6036	6320	1396	1483	440	473	51	60	0	0	0	0	260	269	0	0	2118	2235	8218	8571	1659	1725	
11	8.38755e+006	8.38803e+006	7562	7926	2061	2197	663	710	64	74	0	0	0	0	310	320	0	0	2476	2622	10704	11184	2382	2484	
12	8.38446e+006	8.38507e+006	9246	9685	2951	3158	969	1038	76	88	0	0	0	0	360	372	0	0	2947	3109	13663	14280	3335	3481	
13	8.38101e+006	8.38178e+006	10863	11391	3976	4241	1299	1381	135	151	0	0	0	0	615	638	0	0	3284	3463	16959	17731	4616	4814	
14	8.37748e+006	8.37843e+006	12078	12690	5314	5658	1743	1845	200	220	0	0	0	0	887	923	0	0	3333	3533	20303	21254	6235	6503	
15	8.37414e+006	8.37524e+006	12778	13422	6837	7292	2285	2414	277	303	0	0	0	0	1215	1266	0	0	3180	3351	23493	24595	8099	8464	
16	8.37137e+006	8.3726e+006	12461	13094	8529	9098	2864	3020	360	388	24	29	18	22	1780	1852	0	0	2629	2781	26134	27364	10349	10818	
17	8.36812e+006	8.36951e+006	12257	12894	10238	10921	3474	3657	527	566	27	34	20	23	2567	2679	0	0	3082	3262	29226	30615	12855	13447	
18	8.36451e+006	8.36608e+006	12345	12987	11778	12579	3986	4199	762	812	30	38	21	25	3600	3771	0	0	3422	3625	32660	34229	15429	16151	
19	8.36064e+006	8.36238e+006	12852	13509	12878	13768	4385	4621	1026	1088	48	58	30	36	4998	5218	0	0	3683	3877	36355	38094	17886	18720	
20	8.3566e+006	8.35852e+006	14068	14786	13238	14164	4533	4774	1369	1445	65	77	37	43	6767	7066	0	0	3846	4057	40213	42139	19942	20880	
21	8.35233e+006	8.35446e+006	15034	15806	13689	14653	4682	4929	1774	1873	86	99	48	56	8824	9232	0	0	4051	4279	44274	46407	22359	23420	
22	8.34787e+006	8.35022e+006	15838	16655	14031	15041	4808	5065	2206	2325	123	140	64	75	11314	11836	0	0	4229	4472	48514	50867	25061	26267	
23	8.3432e+006	8.34577e+006	16595	17456	14345	15368	4891	5154	2677	2813	173	192	87	100	14090	14745	0	0	4439	4679	52964	55536	27987	29327	
24	8.33839e+006	8.3412e+006	17308	18218	14731	15769	5015	5280	3091	3247	244	268	119	135	16948	17758	0	0	4558	4820	57535	60343	31045	32533	
25	8.33347e+006	8.3365e+006	17948	18868	15399	16493	5211	5490	3388	3565	342	370	162	180	19745	20679	0	0	4687	4932	62235	65262	34268	35911	
26	8.32836e+006	8.33162e+006	18588	19525	16607	17801	5584	5891	3499	3682	435	470	195	218	22163	23212	17	19	4870	5128	67115	70379	37588	39400	
27	8.32282e+006	8.32635e+006	19408	20395	17613	18870	5929	6247	3618	3809	575	619	262	290	24995	26188	18	20	5259	5549	72386	75917	41058	43051	
28	8.3171e+006	8.32091e+006	20279	21306	18458	19779	6210	6543	3709	3913	736	787	335	368	28174	29530	18	21	5432	5729	77827	81636	44645	46829	
29	8.31114e+006	8.31522e+006	21267	22345	19210	20578	6455	6804	3790	4001	906	963	412	447	31617	33126	21	25	5675	5971	83516	87593	48346	50704	
30	8.30492e+006	8.30929e+006	22316	23448	19969	21380	6720	7073	3872	4093	1081	1148	493	532	35212	36892	24	29	5917	6233	89445	93814	52191	54742	
31	8.29843e+006	8.3031e+006	23241	24400	20866	22340	7029	7387	4037	4266	1232	1311	565	611	38949	40820	29	35	6185	6499	95640	100303	56346	59117	
32	8.29155e+006	8.29655e+006	24348	25559	21744	23277	7346	7715	4354	4603	1346	1430	620	666	42748	44812	40	48	6538	6888	102188	107182	60631	63622	
33	8.28451e+006	8.28983e+006	25383	26648	22691	24275	7629	8014	4628	4885	1468	1566	682	735	46789	49051	51	61	6709	7061	108911	114228	65134	68335	
34	8.27719e+006	8.28284e+006	26438	27742	23709	25349	7961	8363	4865	5131	1589	1691	738	793	50985	53472	66	78	6973	7326	115896	121543	69822	73247	
35	8.26945e+006	8.27547e+006	27614	28993	24817	26534	8342	8754	5036	5304	1699	1804	796	855	55380	58084	88	102	7358	7753	123267	129284	74683	78336	
36	8.26135e+006	8.26776e+006	28769	30217	26040	27857	8766	9212	5236	5513	1792	1901	841	902	59942	62861	117	133	7693	8112	130973	137383	79817	83725	
37	8.25286e+006	8.25968e+006	30133	31662	27115	28992	9131	9599	5476	5765	1872	1987	878	941	64855	68026	151	170	8075	8503	139058	145875	85114	89274	
38	8.2441e+006	8.25135e+006	31474	33104	28270	30204	9504	9997	5698	5992	1940	2060	911	974	69966	73402	190	214	8314	8771	147385	154632	90619	95028	
39	8.23491e+006	8.2426e+006	32853	34558	29510	31549	9931	10451	5926	6224	2003	2128	933	1001	75318	79014	235	261	8734	9209	156135	163826	96419	101122	
40	8.23012e+006	8.23802e+006	29723	31247	30826	32971	10376	10923	6188	6503	2063	2195	966	1035	80876	84839	283	312	4564	4801	160712	168613	102480	107493	
41	8.22514e+006	8.23327e+006	26385	27737	32230	34489	10848	11424	6497	6839	2147	2279	1000	1070	86635	90867	325	355	4736	4995	165462	173595	108840	114170	
42	8.21994e+006	8.22833e+006	23001	24189	34009	36372	10842	11426	6835	7182	2264	2406	1054	1130	92691	97233	364	396	4931	5221	170406	178801	115844	121531	
43	8.21492e+006	8.22354e+006	19038	20009	35961	38439	10923	11498	7109	7469	2383	2529	1102	1177	98974	103821	409	446	4771	5029	175193	183815	123162	129232	
44	8.21004e+006	8.21888e+006	19124	20105	34409	36758	10099	10620	7413	7783	2487	2638	1146	1225	105503	110661	457	496	4650	4897	179854	188701	127159	133421	
45	8.20534e+006	8.21441e+006	18847	19819	32703	34910	9210	9684	7732	8128	2592	2748	1198	1276	112397	117892	509	553	4458	4709	184325	193398	131306	137770	
46	8.2009e+006	8.21018e+006	18137	19050	30905	32978	8271	8698	8096	8511	2723	2883	1259	1340	119553	125411	566	612	4224	4449	188560	197835	135639	142339	
47	8.19672e+006	8.20619e+006	17337	18215	28726	30615	7182	7552	8421	8866	2855	3020	1313	1395	127127	133351	623	671	3973	4192	192547	202012	139866	146777	
48	8.19289e+006	8.20253e+006	16337	17165	25791	27468	6479	6799	8763	9232	2986	3160	1372	1459	134928	141551	673	725	3650	3848	196210	205847	143902	151014	
49	8.18938e+006	8.19918e+006	15215	15974	22384	23837	5627	5914	9147	9639	3108	3286	1435	1524	143111	150144	735	791	3335	3518	199558	209353	147824	155129	
50	8.1863e+006	8.19625e+006	13910	14625	22097	23540	5576	5856	8678	9150	3232	3418	1488	1580	147968	155225	797	857	2922	3097	202490	212440	151374	158855	
51	8.18322e+006	8.19332e+006	12848	13520	21498	22898	5420	5687	8169	8622	3394	3586	1571	1668	153005	160506	856	918	2911	3086	205415	215512	154748	162399	
52	8.18031e+006	8.19055e+006	11961	12601	20491	21802	5151	5406	7616	8034	3561	3755	1643	1743	158270	166061	922	989	2763	2930	208190	218430	157889	165686	
53	8.17755e+006	8.18792e+006	11247	11853	19328	20568	4881	5126	7021	7403	3716	3921	1722	1825	163428	171474	987	1058	2616	2775	210821	221190	160749	168685	
54	8.17497e+006	8.18547e+006	10763	11342	17961	19138	4518	4758	6294	6639	3892	4103	1800	1909	168570	176867	1058	1132	2440	2583	213271	223763	163281	171351	
55	8.17252e+006	8.18313e+006	10169	10724	16751	17842	4193	4418	5462	5774	4071	4294	1872	1987	173619	182166	1130	1207	2320	2465	215604	226215	165800	173987	
56	8.17026e+006	8.18098e+006	9550	10068	15596	16635	3884	4110	5407	5721	3974	4190	1827	1934	177926	186670	1212	1294	2143	2275	217759	228479	168189	176493	
57	8.16816e+006	8.17899e+006	8912	9401	14520	15500	3606	3826	5268	5569	3880	4097	1785	1891	182063	190997	1299	1386	1981	2105	219749	230575	170459	178869	
58	8.16617e+006	8.1771e+006	8348	8815	13541	14465	3383	3589	4999	5288	3788	4005	1744	1846	185993	195111	1391	1482	1875	1999	221636	232562	172556	181066	
59	8.16431e+006	8.17533e+006	7791	8227	12739	13621	3171	3376	4698	4965	3691	3913	1696	1801	189645	198934	1485	1581	1761	1878	223409	234428	174560	183165	
60	8.16256e+006	8.17366e+006	7297	7709	12115	12953	3022	3218	4368	4615	3572	3788	1640	1744	192934	202395	1578	1680	1649	1758	225072	236172	176397	185098	
61	8.16092e+006	8.1721e+006	6867	7262	11369	12166	2841	3021	4078	4307	3398	3612	1547	1650	196222	205846	1679	1785	1551	1658	226635	237818	178108	186899	
62	8.15939e+006	8.17064e+006	6440	6805	10664	11411	2666	2836	3779	3995	3203	3407	1460	1562	199385	209169	1786	1897	1448	1542	228095	239348	179723	188596	
63	8.15793e+006	8.16925e+006	6054	6400	9967	10675	2508	2676	3515	3719	2978	3168	1354	1451	202394	212326	1896	2015	1375	1473	229483	240808	181244	190193	
64	8.1566e+006	8.16799e+006	5653	5983	9349	10017	2343	2500	3285	3486	2710	2885	1235	1323	205233	215300	2006	2130	1249	1339	230744	242135	182678	191699	
65	8.15532e+006	8.16677e+006	5313	5616	8745	9374	2184	2330	3097	3290	2403	2562	1093	1174	207941	218141	2128	2258	1210	1293	231965	243416	184024	193119	
66	8.15408e+006	8.1656e+006	5021	5322	8184	8772	2057	2193	2953	3141	2322	2475	1052	1133	210264	220577	2187	2320	1157	1248	233134	244652	185262	194418	
67	8.15295e+006	8.16452e+006	4714	5001	7840	8399	1804	1924	2773	2956	2222	2366	1013	1089	212475	222906	2245	2381	1071	1149	234217	245789	186586	195812	
68	8.15188e+006	8.1635e+006	4471	4740	7469	7995	1556	1662	2607	2773	2100	2238	956	1029	214590	225133	2308	2449	1006	1079	235233	246857	187789	197078	
69	8.1509e+006	8.16258e+006	4173	4434	7169	7656	1315	1404	2451	2603	1969	2097	896	965	216583	227241	2374	2520	912	986	236157	247832	188969	198314	
70	8.14997e+006	8.16169e+006	3894	4130	6895	7366	1101	1179	2310	2452	1843	1961	838	904	218449	229201	2437	2591	879	943	237046	248764	190091	199500	
71	8.14909e+006	8.16085e+006	3653	3873	6622	7065	899	968	2145	2283	1727	1842	784	847	220229	231074	2498	2656	829	893	237888	249645	191129	200589	
72	8.14827e+006	8.16007e+006	3419	3625	6384	6807	699	757	2001	2130	1609	1713	728	784	221892	232824	2556	2719	769	832	238671	250463	192097	201606	
73	8.14752e+006	8.15934e+006	3212	3411	5968	6368	651	710	1874	1996	1502	1598	670	727	223457	234474	2611	2778	709	769	239392	251220	192954	202506	
74	8.14681e+006	8.15866e+006	3007	3188	5644	6020	605	662	1746	1863	1405	1497	626	682	224896	235984	2659	2828	673	720	240076	251929	193780	203374	
75	8.14611e+006	8.158e+006	2828	2999	5293	5654	575	629	1634	1746	1328	1418	588	646	226263	237413	2704	2875	651	703	240737	252623	194557	204189	
76	8.14547e+006	8.15738e+006	2668	2825	4943	5271	542	593	1529	1634	1254	1343	553	612	227572	238798	2743	2913	609	659	241360	253268	195284	204947	
77	8.14485e+006	8.15679e+006	2532	2682	4612	4924	511	559	1455	1553	1176	1259	516	571	228769	240061	2781	2953	573	626	241942	253885	195953	205647	
78	8.14429e+006	8.15627e+006	2377	2531	4315	4600	475	524	1376	1469	1101	1177	486	537	229903	241257	2817	2991	520	567	242471	254443	196588	206306	
79	8.14374e+006	8.15573e+006	2245	2393	4083	4354	445	489	1300	1390	1030	1103	456	504	230937	242345	2853	3031	519	566	243003	254995	197207	206956	
80	8.14324e+006	8.15525e+006	2104	2253	3847	4098	415	457	1234	1321	970	1039	429	475	231921	243374	2885	3067	470	517	243487	255499	197789	207561	
81	8.14277e+006	8.1548e+006	1974	2109	3618	3860	387	429	1159	1240	915	980	406	451	232864	244363	2915	3097	442	483	243940	255969	198327	208131	
82	8.1423e+006	8.15435e+006	1892	2021	3393	3626	358	401	1088	1160	858	922	379	420	233750	245287	2942	3127	437	481	244389	256438	198818	208649	
83	8.14188e+006	8.15395e+006	1762	1887	3222	3441	344	379	1007	1081	807	867	360	398	234571	246147	2973	3159	389	432	244790	256857	199312	209164	
84	8.14147e+006	8.15356e+006	1667	1789	3042	3261	322	355	939	1010	759	816	338	373	235348	246956	2995	3183	378	416	245179	257262	199760	209630	
85	8.1411e+006	8.15319e+006	1578	1697	2857	3060	301	331	881	952	709	761	320	351	236089	247738	3020	3210	353	390	245545	257639	200185	210071	
86	8.14074e+006	8.15285e+006	1474	1581	2689	2894	291	324	826	891	670	722	303	334	236783	248462	3043	3232	331	366	245889	257993	200598	210500	
87	8.14038e+006	8.15251e+006	1418	1517	2530	2724	269	297	774	837	634	683	286	317	237436	249150	3061	3251	333	368	246230	258353	200976	210896	
88	8.14007e+006	8.1522e+006	1331	1428	2400	2585	258	285	720	781	602	649	268	297	238036	249778	3079	3269	292	325	246532	258667	201334	211269	
89	8.13976e+006	8.15191e+006	1264	1356	2254	2427	239	266	681	733	567	613	249	278	238628	250396	3094	3286	287	317	246830	258974	201673	211620	
90	8.13948e+006	8.15163e+006	1191	1287	2127	2288	228	254	641	694	527	569	231	259	239176	250964	3110	3302	263	294	247102	259259	201989	211945	
91	8.13921e+006	8.15138e+006	1102	1194	2018	2178	226	252	599	649	490	527	212	238	239693	251502	3129	3321	244	274	247355	259524	202299	212273	
92	8.13895e+006	8.15113e+006	1057	1143	1890	2041	209	232	558	608	462	499	200	226	240191	252022	3147	3340	244	276	247610	259790	202580	212566	
93	8.1387e+006	8.15089e+006	997	1083	1792	1934	203	227	513	563	427	464	187	211	240658	252508	3161	3355	228	256	247847	260036	202854	212848	
94	8.13847e+006	8.15067e+006	946	1027	1692	1830	187	211	487	535	396	434	175	198	241088	252956	3175	3370	212	239	248067	260267	203109	213114	
95	8.13825e+006	8.15046e+006	903	977	1593	1726	175	200	458	507	370	406	161	185	241495	253375	3188	3384	202	223	248277	260482	203345	213362	
96	8.13804e+006	8.15026e+006	851	924	1513	1646	168	191	441	488	343	376	150	172	241871	253765	3201	3397	194	222	248480	260695	203579	213607	
97	8.13783e+006	8.15005e+006	817	893	1418	1547	156	179	418	461	319	354	139	162	242246	254159	3214	3412	195	224	248685	260909	203797	213832	
98	8.13764e+006	8.14987e+006	775	850	1347	1470	147	170	393	435	295	327	133	154	242587	254514	3225	3423	169	195	248865	261093	204000	214045	
99	8.13746e+006	8.14969e+006	742	818	1273	1387	137	159	378	416	274	304	123	143	242912	254851	3234	3433	169	192	249043	261276	204195	214244	
100	8.13728e+006	8.14952e+006	713	785	1209	1320	132	153	352	388	264	293	118	137	243213	255166	3243	3442	166	188	249215	261457	204382	214443	
101	8.13712e+006	8.14937e+006	665	731	1161	1276	129	149	333	366	247	274	112	130	243494	255461	3252	3451	147	170	249371	261619	204571	214637	
102	8.13696e+006	8.14921e+006	640	704	1093	1205	120	142	308	338	230	257	106	124	243782	255764	3260	3460	144	168	249525	261778	204736	214806	
103	8.1368e+006	8.14906e+006	619	682	1047	1153	107	128	292	320	217	244	97	114	244041	256035	3267	3468	148	169	249679	261940	204905	214978	
104	8.13666e+006	8.14892e+006	581	640	1003	1106	105	125	278	306	206	231	93	109	244280	256288	3272	3473	128	147	249815	262079	205063	215144	
105	8.13652e+006	8.14879e+006	560	615	951	1057	102	121	264	293	189	213	83	99	244513	256527	3279	3481	127	145	249950	262215	205207	215294	
106	8.13638e+006	8.14865e+006	542	594	905	1006	99	118	254	284	175	199	79	94	244734	256760	3284	3486	127	147	250085	262355	205348	215440	
107	8.13625e+006	8.14852e+006	515	566	864	956	95	110	242	271	165	187	74	88	244957	256992	3290	3492	121	139	250213	262487	205491	215589	
108	8.13612e+006	8.1484e+006	502	554	828	914	89	104	228	259	158	178	69	83	245151	257192	3295	3498	116	135	250336	262615	205617	215718	
109	8.13601e+006	8.14829e+006	481	534	786	868	89	104	213	244	154	173	70	83	245343	257390	3300	3503	107	124	250450	262731	205740	215842	
110	8.1359e+006	8.14818e+006	450	500	749	830	86	102	207	234	143	160	66	79	245529	257585	3306	3509	95	113	250553	262837	205861	215970	
111	8.1358e+006	8.14808e+006	424	469	725	804	82	98	195	223	136	152	64	77	245700	257763	3309	3513	95	110	250655	262939	205979	216092	
112	8.1357e+006	8.14798e+006	402	444	700	777	78	94	185	211	127	144	58	72	245870	257936	3313	3517	93	110	250756	263041	206093	216210	
113	8.13559e+006	8.14788e+006	387	429	661	735	76	91	178	202	120	138	56	69	246035	258108	3317	3521	92	108	250855	263142	206197	216317	
114	8.1355e+006	8.14779e+006	379	418	633	706	71	85	170	194	113	131	53	65	246182	258258	3320	3525	87	102	250949	263238	206294	216417	
115	8.13541e+006	8.1477e+006	368	407	609	679	63	77	168	190	111	129	52	64	246320	258397	3323	3527	84	98	251040	263329	206392	216514	
116	8.13532e+006	8.14761e+006	355	392	584	649	56	69	158	181	110	129	51	63	246462	258545	3326	3530	81	94	251127	263417	206486	216610	
117	8.13523e+006	8.14752e+006	342	381	558	620	54	65	155	176	104	123	47	59	246595	258684	3330	3534	81	95	251215	263506	206579	216704	
118	8.13515e+006	8.14744e+006	328	365	533	592	49	61	151	172	100	119	44	55	246722	258816	3334	3538	73	86	251295	263585	206667	216794	
119	8.135e+006	8.1473e+006	381	424	512	569	48	59	144	163	93	111	41	51	246846	258945	3337	3542	137	157	251440	263734	206749	216876	
120	8.13486e+006	8.14715e+006	436	482	498	550	47	59	139	157	90	107	39	49	246955	259057	3340	3545	134	154	251582	263879	206829	216957	
121	8.13472e+006	8.14701e+006	487	537	483	537	47	59	128	147	87	103	37	47	247068	259170	3343	3547	131	152	251724	264021	206910	217040	
122	8.13457e+006	8.14687e+006	549	610	460	514	48	61	122	140	83	100	36	47	247176	259280	3346	3551	134	159	251869	264169	206982	217110	
123	8.13441e+006	8.14671e+006	555	618	496	556	55	69	118	137	78	95	34	45	247282	259386	3349	3553	144	165	252022	264325	207112	217245	
124	8.13426e+006	8.14656e+006	565	632	537	599	62	77	114	132	76	93	34	45	247380	259485	3351	3556	143	168	252177	264481	207241	217376	
125	8.13409e+006	8.14639e+006	590	659	584	652	63	78	109	127	74	89	33	44	247476	259580	3354	3559	156	180	252345	264649	207373	217509	
126	8.13391e+006	8.14622e+006	616	685	632	711	68	83	105	123	71	85	31	42	247569	259675	3356	3560	161	185	252518	264822	207506	217644	
127	8.13373e+006	8.14604e+006	643	718	687	771	76	92	100	119	67	82	31	40	247662	259769	3358	3563	171	197	252700	265008	207644	217785	
128	8.13353e+006	8.14584e+006	686	764	756	848	78	96	99	117	65	80	29	39	247743	259848	3361	3566	186	214	252899	265209	207789	217929	
129	8.1333e+006	8.14562e+006	738	820	779	875	75	91	108	125	65	79	29	39	247880	259989	3362	3567	208	236	253118	265434	207947	218089	
130	8.13308e+006	8.14539e+006	787	874	806	907	75	90	115	133	64	77	29	38	248014	260126	3364	3570	209	239	253342	265659	208108	218250	
131	8.13285e+006	8.14517e+006	829	920	839	944	82	98	123	144	61	73	27	36	248147	260259	3366	3572	212	244	253569	265888	208274	218419	
132	8.1326e+006	8.14492e+006	873	972	884	992	88	106	135	157	58	70	26	35	248281	260395	3368	3574	230	266	253814	266139	208453	218603	
133	8.13233e+006	8.14466e+006	915	1020	944	1058	93	110	148	172	55	68	25	34	248421	260538	3370	3576	249	286	254079	266408	208656	218811	
134	8.13206e+006	8.14439e+006	958	1066	1001	1123	100	119	156	183	54	66	22	31	248566	260684	3372	3578	252	286	254349	266676	208861	219017	
135	8.13176e+006	8.1441e+006	1019	1135	1048	1177	109	129	157	185	54	67	22	31	248730	260848	3373	3580	274	312	254639	266972	209069	219225	
136	8.13147e+006	8.1438e+006	1063	1188	1106	1245	120	141	161	191	56	69	24	33	248895	261013	3375	3581	274	318	254932	267271	209291	219453	
137	8.13114e+006	8.14348e+006	1116	1244	1182	1328	124	146	172	200	58	71	25	34	249064	261184	3376	3583	303	342	255253	267595	209537	219701	
138	8.13082e+006	8.14317e+006	1158	1294	1244	1397	126	149	180	210	58	71	26	35	249251	261377	3378	3584	295	334	255564	267913	209787	219949	
139	8.13047e+006	8.14282e+006	1216	1356	1308	1471	129	151	198	229	59	72	27	35	249449	261579	3380	3586	332	375	255916	268267	210058	220225	
140	8.13011e+006	8.14247e+006	1276	1415	1367	1542	135	158	210	241	59	72	27	36	249659	261790	3381	3588	335	377	256271	268624	210328	220500	
141	8.12973e+006	8.14209e+006	1329	1473	1450	1633	142	166	223	255	62	76	29	38	249868	262001	3382	3588	354	400	256645	269004	210623	220799	
142	8.12931e+006	8.14167e+006	1425	1586	1510	1697	146	172	242	274	66	81	29	40	250089	262228	3383	3589	391	448	257062	269426	210908	221090	
143	8.12889e+006	8.14126e+006	1490	1656	1579	1775	157	185	257	292	72	89	32	43	250330	262474	3383	3589	395	445	257480	269849	211228	221413	
144	8.12845e+006	8.14082e+006	1565	1742	1648	1855	170	197	269	306	77	94	36	46	250580	262722	3385	3591	409	463	257917	270284	211550	221737	
145	8.12799e+006	8.14036e+006	1643	1829	1714	1927	184	214	277	314	84	101	38	50	250854	263001	3387	3594	433	488	258372	270750	211891	222082	
146	8.12751e+006	8.1399e+006	1692	1880	1813	2038	203	231	290	330	85	102	39	50	251128	263281	3390	3596	440	498	258837	271223	212265	222462	
147	8.12701e+006	8.1394e+006	1767	1965	1894	2130	213	244	307	351	90	108	42	53	251423	263579	3392	3598	470	532	259338	271724	212649	222849	
148	8.12648e+006	8.13887e+006	1857	2063	1996	2245	226	257	322	367	98	117	45	56	251710	263871	3393	3599	499	561	259863	272259	213046	223247	
149	8.12593e+006	8.13833e+006	1934	2159	2085	2343	238	273	331	379	104	124	48	59	252042	264207	3395	3601	512	582	260405	272811	213456	223668	
150	8.12535e+006	8.13776e+006	2031	2267	2182	2456	245	282	347	396	112	132	50	62	252371	264538	3396	3602	537	605	260973	273384	213886	224104	
151	8.12474e+006	8.13716e+006	2129	2381	2285	2574	258	296	366	416	118	139	52	64	252717	264892	3398	3604	568	646	261578	273994	214343	224561	
152	8.12412e+006	8.13654e+006	2215	2479	2383	2677	268	306	387	438	124	147	56	69	253104	265285	3399	3605	584	660	262195	274621	214821	225048	
153	8.12346e+006	8.1359e+006	2318	2589	2482	2797	283	323	405	457	132	157	60	74	253491	265680	3401	3607	613	693	262841	275281	215314	225548	
154	8.12277e+006	8.13522e+006	2426	2707	2598	2930	293	336	420	475	139	165	61	75	253903	266089	3403	3609	644	725	263520	275971	215836	226075	
155	8.12205e+006	8.13451e+006	2521	2813	2723	3080	300	346	442	499	142	167	64	78	254329	266523	3406	3613	664	751	264222	276684	216393	226634	
156	8.12129e+006	8.13377e+006	2644	2950	2850	3224	318	364	466	527	149	176	68	84	254759	266959	3409	3616	706	798	264966	277443	216956	227206	
157	8.12051e+006	8.133e+006	2766	3079	2985	3375	326	374	486	553	161	187	74	89	255224	267421	3411	3618	734	823	265739	278228	217550	227813	
158	8.11968e+006	8.13219e+006	2888	3223	3119	3526	337	388	510	579	169	196	79	95	255713	267918	3415	3622	767	868	266548	279055	218171	228445	
159	8.11885e+006	8.13137e+006	2997	3348	3262	3683	348	398	539	612	175	204	82	98	256212	268429	3418	3625	772	875	267363	279887	218816	229100	
160	8.11795e+006	8.13049e+006	3131	3496	3410	3852	368	422	568	644	186	217	87	105	256735	268957	3422	3628	841	945	268247	280790	219494	229795	
161	8.11701e+006	8.12957e+006	3272	3661	3557	4010	388	440	598	678	195	228	91	110	257296	269521	3425	3631	877	986	269171	281729	220203	230514	
162	8.11603e+006	8.12861e+006	3412	3822	3722	4199	405	461	624	708	207	240	95	114	257869	270104	3428	3635	908	1029	270131	282707	220943	231269	
163	8.115e+006	8.12761e+006	3590	4024	3861	4363	423	482	654	742	216	251	98	117	258469	270718	3432	3639	952	1076	271131	283735	221690	232034	
164	8.11395e+006	8.12658e+006	3727	4184	4038	4564	440	503	686	779	226	261	104	124	259099	271360	3436	3643	978	1105	272160	284788	222499	232863	
165	8.11285e+006	8.12551e+006	3867	4345	4218	4772	468	536	719	816	239	277	111	132	259748	272018	3441	3648	1014	1149	273229	285882	223341	233718	
166	8.1117e+006	8.12439e+006	4027	4519	4401	4984	487	555	757	855	254	294	115	138	260436	272719	3445	3651	1067	1204	274349	287034	224216	234612	
167	8.11051e+006	8.12323e+006	4179	4690	4600	5222	502	573	788	885	262	303	118	141	261162	273460	3451	3657	1103	1249	275506	288229	225137	235561	
168	8.10924e+006	8.122e+006	4377	4912	4792	5439	522	592	830	933	271	314	121	144	261913	274223	3457	3662	1176	1326	276740	289498	226081	236530	
169	8.10797e+006	8.12075e+006	4544	5097	5002	5681	552	625	862	968	287	334	127	152	262671	274998	3462	3668	1181	1334	277984	290768	227055	237530	
170	8.10662e+006	8.11944e+006	4731	5305	5209	5920	570	646	897	1009	301	348	134	158	263496	275840	3470	3676	1254	1412	279299	292119	228087	238593	
171	8.10517e+006	8.11803e+006	4974	5567	5410	6156	595	674	925	1037	317	365	145	170	264370	276725	3477	3683	1345	1512	280706	293569	229139	239681	
172	8.10371e+006	8.11661e+006	5151	5769	5646	6420	623	711	963	1083	333	384	154	181	265265	277636	3484	3689	1354	1528	282127	295031	230263	240839	
173	8.10217e+006	8.11512e+006	5393	6037	5843	6643	654	747	1016	1144	350	400	164	192	266188	278583	3489	3695	1424	1602	283614	296569	231400	242002	
174	8.10058e+006	8.11358e+006	5610	6283	6087	6918	684	782	1050	1182	368	422	173	203	267155	279572	3497	3703	1471	1657	285153	298158	232602	243237	
175	8.09894e+006	8.11199e+006	5787	6483	6380	7244	718	822	1090	1228	381	436	176	207	268163	280601	3503	3709	1522	1712	286745	299800	233884	244559	
176	8.09718e+006	8.1103e+006	6052	6774	6626	7529	756	865	1133	1272	396	455	185	217	269214	281682	3512	3719	1620	1819	288432	301552	235177	245893	
177	8.09536e+006	8.10855e+006	6304	7071	6925	7859	776	888	1185	1332	411	469	191	223	270294	282795	3521	3728	1676	1898	290183	303374	236545	247307	
178	8.09349e+006	8.10677e+006	6547	7355	7203	8172	795	905	1236	1387	433	492	199	230	271443	283979	3530	3737	1714	1942	291971	305242	237963	248774	
179	8.09154e+006	8.10487e+006	6837	7678	7513	8519	824	937	1261	1422	444	507	208	240	272638	285196	3539	3746	1813	2035	293862	307199	239421	250280	
180	8.0895e+006	8.10291e+006	7102	7981	7836	8887	862	980	1320	1486	464	529	217	251	273859	286454	3550	3757	1884	2122	295826	309241	240962	251882	
181	8.08737e+006	8.10087e+006	7383	8298	8132	9239	896	1015	1392	1573	485	550	227	260	275160	287790	3559	3766	1956	2215	297870	311368	242560	253551	
182	8.08512e+006	8.09871e+006	7739	8690	8460	9619	928	1049	1449	1634	502	568	232	265	276493	289160	3572	3779	2071	2333	300023	313619	244198	255267	
183	8.08281e+006	8.09649e+006	8060	9044	8804	10007	970	1097	1508	1702	519	587	238	273	277890	290601	3584	3790	2131	2392	302242	315923	245926	257058	
184	8.08043e+006	8.09422e+006	8374	9384	9161	10418	1023	1154	1556	1754	544	615	249	285	279343	292099	3597	3804	2197	2463	304520	318305	247715	258928	
185	8.0779e+006	8.09181e+006	8727	9797	9547	10872	1067	1207	1649	1853	567	640	263	299	280807	293609	3607	3813	2311	2625	306923	320839	249585	260881	
186	8.07525e+006	8.0893e+006	9088	10198	9953	11341	1107	1257	1725	1937	592	665	271	308	282382	295238	3620	3827	2432	2734	309439	323489	251557	262947	
187	8.07251e+006	8.08669e+006	9471	10637	10364	11786	1154	1304	1791	2002	619	698	284	323	284026	296952	3631	3838	2516	2829	312051	326223	253581	265059	
188	8.06962e+006	8.08395e+006	9927	11150	10792	12256	1204	1361	1860	2082	638	721	294	336	285710	298711	3642	3849	2653	2977	314786	329117	255661	267237	
189	8.06664e+006	8.08114e+006	10337	11595	11242	12796	1249	1415	1941	2170	670	756	308	351	287470	300536	3655	3863	2721	3070	317598	332096	257864	269569	
190	8.06356e+006	8.07822e+006	10732	12029	11737	13353	1297	1474	2028	2271	683	769	315	359	289314	302451	3671	3880	2826	3168	320516	335173	260162	271995	
191	8.06034e+006	8.07518e+006	11174	12513	12236	13913	1350	1536	2094	2355	714	805	330	375	291240	304452	3686	3894	2958	3313	323561	338399	262549	274503	
192	8.05696e+006	8.072e+006	11603	13007	12749	14487	1417	1608	2164	2442	754	848	350	396	293260	306558	3704	3912	3082	3471	326739	341774	265040	277150	
193	8.05346e+006	8.06869e+006	12087	13536	13268	15099	1480	1682	2250	2541	787	883	362	408	295343	308714	3720	3928	3205	3599	330044	345273	267598	279876	
194	8.0499e+006	8.06533e+006	12526	14029	13837	15744	1538	1744	2355	2656	812	912	370	420	297473	310935	3737	3947	3266	3660	333404	348839	270269	282706	
195	8.0461e+006	8.06179e+006	13033	14595	14419	16365	1603	1811	2457	2772	853	954	386	438	299714	313292	3755	3964	3464	3881	336948	352639	273057	285673	
196	8.04212e+006	8.05805e+006	13589	15196	14982	17016	1687	1899	2567	2899	882	989	400	456	302071	315763	3774	3983	3638	4073	340682	356617	275943	288754	
197	8.03799e+006	8.05421e+006	14137	15820	15591	17705	1764	1984	2665	3004	926	1037	426	484	304522	318327	3792	4001	3752	4223	344528	360746	278955	291957	
198	8.03373e+006	8.0502e+006	14782	16519	16154	18339	1812	2036	2774	3123	963	1082	442	502	307093	321044	3807	4016	3911	4359	348536	365007	282030	295232	
199	8.02932e+006	8.04609e+006	15336	17145	16837	19087	1870	2100	2869	3235	997	1123	456	522	309754	323851	3828	4038	4019	4505	352648	369421	285282	298735	
200	8.02466e+006	8.04174e+006	15951	17822	17548	19894	1964	2204	2993	3372	1051	1187	480	551	312475	326710	3845	4056	4253	4750	356999	374072	288679	302372	
201	8.01991e+006	8.03732e+006	16527	18440	18252	20714	2044	2304	3093	3476	1085	1227	494	568	315359	329764	3872	4083	4329	4840	361412	378829	292187	306152	
202	8.01489e+006	8.03267e+006	17180	19189	18999	21519	2121	2393	3229	3629	1118	1264	510	587	318338	332927	3898	4111	4564	5108	366068	383845	295841	310053	
203	8.0097e+006	8.02785e+006	17889	19966	19723	22336	2207	2487	3367	3783	1164	1318	540	621	321431	336197	3923	4135	4728	5283	370888	389036	299587	314088	
204	8.00431e+006	8.02286e+006	18534	20696	20589	23306	2321	2612	3506	3936	1216	1378	569	654	324570	339526	3948	4162	4898	5480	375874	394428	303552	318345	
205	7.99871e+006	8.01767e+006	19302	21552	21349	24164	2417	2723	3673	4116	1254	1428	587	676	327884	343068	3975	4190	5097	5697	381066	400030	307577	322699	
206	7.99287e+006	8.01228e+006	20030	22379	22196	25120	2493	2806	3817	4274	1312	1491	617	707	331394	346795	4000	4215	5292	5934	386459	405863	311841	327309	
207	7.98681e+006	8.00669e+006	20805	23244	23066	26075	2597	2913	3979	4461	1361	1539	636	725	335001	350657	4029	4246	5503	6148	392048	411925	316240	332070	
208	7.98054e+006	8.00091e+006	21601	24120	23954	27098	2693	3014	4116	4607	1433	1620	677	770	338774	354660	4058	4275	5693	6358	397826	418197	320792	337009	
209	7.97405e+006	7.99494e+006	22378	25000	24935	28189	2790	3113	4272	4774	1495	1689	703	798	342639	358801	4091	4309	5873	6578	403792	424682	325532	342150	
210	7.96723e+006	7.98868e+006	23260	25979	25864	29264	2894	3228	4455	4972	1553	1752	727	823	346722	363160	4118	4338	6174	6912	410053	431508	330453	347497	
211	7.96025e+006	7.98228e+006	24078	26893	26902	30438	3019	3373	4628	5154	1625	1833	765	865	350856	367618	4153	4374	6322	7061	416457	438486	335551	353042	
212	7.95294e+006	7.97555e+006	25030	27928	27909	31566	3131	3504	4797	5352	1705	1927	797	902	355225	372310	4187	4409	6645	7394	423190	445792	340836	358796	
213	7.94534e+006	7.96856e+006	26057	29045	28935	32740	3244	3631	5011	5587	1773	2003	822	931	359731	377155	4221	4444	6899	7695	430175	453401	346292	364745	
214	7.93746e+006	7.96137e+006	26995	30086	30077	34040	3368	3774	5210	5818	1839	2072	847	958	364411	382208	4260	4486	7113	7953	437369	461273	352009	371001	
215	7.92927e+006	7.95384e+006	28112	31306	31172	35275	3485	3916	5401	6028	1909	2144	874	985	369302	387486	4299	4526	7441	8278	444895	469467	357870	377402	
216	7.92079e+006	7.94609e+006	29135	32473	32389	36599	3616	4056	5599	6257	1994	2236	910	1023	374371	392960	4338	4567	7668	8561	452645	477946	364027	384100	
217	7.91206e+006	7.93812e+006	30130	33592	33663	38021	3737	4183	5798	6493	2075	2329	943	1060	379635	398646	4383	4613	7895	8813	460616	486681	370426	391092	
218	7.90303e+006	7.92984e+006	31215	34741	34921	39458	3888	4351	6046	6764	2139	2400	965	1088	385059	404526	4428	4662	8196	9104	468892	495705	377005	398309	
219	7.89367e+006	7.9213e+006	32243	35901	36322	40995	4048	4522	6236	6984	2235	2501	1005	1127	390695	410639	4474	4710	8469	9439	477437	505068	383880	405817	
220	7.88389e+006	7.91237e+006	33432	37190	37673	42504	4181	4672	6498	7274	2324	2604	1050	1182	396560	417022	4520	4759	8857	9851	486364	514849	390981	413602	
221	7.87379e+006	7.90315e+006	34688	38546	39076	44089	4343	4847	6758	7566	2402	2687	1083	1216	402583	423572	4566	4809	9149	10170	495582	524950	398277	421610	
222	7.8633e+006	7.89359e+006	35983	39996	40472	45641	4490	5012	7031	7862	2484	2774	1120	1258	408910	430441	4616	4863	9493	10553	505144	535433	405858	429894	
223	7.85246e+006	7.88369e+006	37345	41473	41869	47215	4654	5192	7329	8191	2584	2890	1160	1304	415447	437553	4667	4916	9831	10916	515044	546280	413677	438484	
224	7.84128e+006	7.87349e+006	38626	42857	43424	48922	4837	5388	7584	8464	2694	3010	1213	1361	422226	444970	4720	4972	10137	11234	525243	557452	421835	447444	
225	7.82975e+006	7.86296e+006	39940	44290	44968	50648	4994	5560	7898	8801	2796	3130	1266	1424	429279	452651	4776	5031	10464	11603	535774	568987	430279	456721	
226	7.81781e+006	7.85207e+006	41263	45752	46584	52428	5195	5780	8190	9123	2897	3248	1317	1485	436576	460621	4837	5098	10816	12014	546663	580929	439016	466317	
227	7.80547e+006	7.84082e+006	42632	47226	48320	54333	5387	5987	8505	9472	2997	3361	1363	1536	444078	468832	4894	5159	11196	12393	557918	593263	448078	476265	
228	7.7927e+006	7.82918e+006	44073	48827	50035	56244	5595	6224	8802	9792	3121	3495	1415	1592	451880	477329	4956	5223	11576	12837	569555	606039	457407	486490	
229	7.77949e+006	7.81713e+006	45605	50489	51828	58205	5785	6438	9110	10139	3251	3646	1483	1671	459919	486123	5022	5294	11996	13265	581608	619247	467059	497076	
230	7.76585e+006	7.80468e+006	47174	52179	53613	60192	5957	6617	9438	10507	3370	3773	1537	1725	468330	495333	5092	5369	12386	13703	594054	632890	477041	508050	
231	7.75169e+006	7.79177e+006	48828	54007	55440	62196	6164	6850	9800	10904	3515	3939	1606	1801	476980	504798	5157	5438	12849	14223	606969	647047	487346	519356	
232	7.73712e+006	7.77845e+006	50507	55794	57298	64256	6373	7090	10153	11289	3649	4089	1676	1877	485989	514670	5226	5511	13257	14622	620282	661613	498000	531053	
233	7.72201e+006	7.76464e+006	52267	57700	59250	66387	6578	7316	10494	11675	3779	4234	1738	1945	495337	524902	5306	5597	13758	15169	634093	676730	509053	543184	
234	7.70658e+006	7.75053e+006	53934	59477	61292	68648	6777	7533	10849	12073	3923	4392	1803	2019	504964	535437	5379	5677	14053	15481	648202	692153	520457	555697	
235	7.69061e+006	7.73589e+006	55665	61286	63425	71014	7021	7794	11251	12496	4074	4564	1879	2106	514872	546294	5453	5759	14580	16030	662843	708124	532286	568679	
236	7.67414e+006	7.72084e+006	57405	63195	65580	73341	7291	8092	11650	12947	4206	4703	1931	2159	525144	557549	5542	5850	14995	16533	677894	724601	544468	582020	
237	7.65727e+006	7.70539e+006	59046	64941	67885	75863	7540	8354	12036	13364	4374	4887	2014	2251	535764	569191	5624	5940	15400	16915	693342	741468	557131	595903	
238	7.63984e+006	7.68943e+006	60906	66940	70113	78256	7791	8601	12418	13774	4537	5067	2087	2334	546766	581273	5718	6040	15912	17480	709309	758892	570039	610033	
239	7.62195e+006	7.67299e+006	62712	68859	72394	80723	8079	8916	12887	14274	4676	5220	2150	2408	558116	593724	5814	6144	16386	17950	725750	776787	583431	624644	
240	7.60351e+006	7.65603e+006	64612	70818	74699	83252	8368	9231	13319	14745	4857	5423	2233	2503	569851	606577	5917	6255	16895	18493	742702	795223	597195	639720	
241	7.58449e+006	7.63855e+006	66645	72974	76972	85669	8635	9518	13731	15200	5050	5621	2315	2590	582069	619965	6017	6364	17432	19071	760187	814242	611331	655161	
242	7.56504e+006	7.62068e+006	68554	74991	79400	88294	8861	9751	14199	15680	5231	5818	2404	2688	594629	633737	6123	6479	17820	19498	778054	833692	625996	671192	
243	7.5449e+006	7.60216e+006	70640	77239	81729	90776	9151	10059	14690	16219	5423	6015	2495	2783	607646	647992	6234	6603	18473	20197	796579	853837	641043	687585	
244	7.52438e+006	7.58323e+006	72619	79325	84278	93497	9423	10372	15180	16758	5595	6209	2570	2869	620977	662559	6350	6729	18875	20578	815510	874359	656577	704472	
245	7.50329e+006	7.56376e+006	74586	81408	86840	96246	9700	10676	15673	17285	5807	6435	2659	2961	634797	677642	6469	6859	19402	21153	834974	895450	672599	721900	
246	7.48173e+006	7.54384e+006	76637	83525	89369	98916	9988	10977	16180	17825	6008	6654	2752	3064	649019	693230	6589	6989	19871	21613	854899	917009	688947	739710	
247	7.45957e+006	7.52337e+006	78591	85527	92113	101873	10303	11316	16681	18350	6205	6867	2843	3162	663642	709219	6718	7129	20424	22201	875363	939171	705903	758152	
248	7.43677e+006	7.50229e+006	80747	87792	94705	104605	10653	11704	17187	18899	6410	7093	2944	3274	678768	725730	6847	7267	21030	22844	896444	961963	723212	776910	
249	7.41353e+006	7.48072e+006	82864	89938	97425	107512	10943	12006	17703	19451	6634	7332	3047	3378	694338	742684	6981	7413	21518	23300	918017	985208	741047	796252	
250	7.38969e+006	7.4586e+006	85060	92215	100135	110367	11207	12273	18282	20060	6836	7551	3140	3478	710370	760137	7121	7567	22065	23893	940140	1.00904e+006	759345	816057	
251	7.36534e+006	7.43595e+006	87221	94428	102858	113228	11477	12541	18797	20601	7047	7783	3239	3584	726984	778231	7264	7722	22584	24415	962784	1.0334e+006	778111	836393	
252	7.34042e+006	7.41275e+006	89342	96555	105749	116257	11789	12866	19371	21200	7257	8010	3330	3684	743921	796689	7415	7884	23153	24969	985989	1.05832e+006	797414	857269	
253	7.31511e+006	7.38916e+006	91357	98620	108513	119073	12074	13150	19977	21857	7481	8259	3436	3801	761454	815757	7574	8056	23533	25365	1.00958e+006	1.08363e+006	817191	878594	
254	7.28914e+006	7.36493e+006	93463	100749	111393	122072	12389	13460	20598	22508	7747	8538	3557	3927	779341	835173	7731	8233	24170	26023	1.0338e+006	1.10959e+006	837461	900452	
255	7.26252e+006	7.34006e+006	95699	103008	114255	125008	12706	13790	21184	23133	7980	8784	3657	4038	797819	855210	7899	8415	24818	26676	1.05867e+006	1.13622e+006	858208	922783	
256	7.23543e+006	7.31469e+006	97864	105182	117173	127998	13067	14160	21767	23736	8247	9073	3785	4180	816721	875684	8073	8607	25317	27144	1.08405e+006	1.1633e+006	879488	945635	
257	7.20774e+006	7.28871e+006	100254	107562	119957	130842	13379	14491	22321	24319	8498	9349	3907	4314	836215	896799	8240	8793	25921	27748	1.11003e+006	1.19099e+006	901134	968860	
258	7.17955e+006	7.26226e+006	102471	109795	122800	133725	13681	14782	22916	24948	8760	9630	4030	4442	856263	918493	8416	8982	26386	28256	1.13647e+006	1.21919e+006	923347	992692	
259	7.151e+006	7.23535e+006	104498	111728	125791	136785	13995	15094	23540	25594	9026	9909	4156	4578	876762	940616	8596	9181	26848	28607	1.16338e+006	1.24773e+006	946166	1.01714e+006	
260	7.12203e+006	7.20802e+006	106451	113621	128746	139734	14296	15392	24118	26200	9288	10185	4277	4701	897857	963361	8785	9388	27268	29038	1.19072e+006	1.27671e+006	969438	1.042e+006	
261	7.09238e+006	7.17999e+006	108487	115591	131763	142744	14616	15713	24745	26820	9537	10459	4400	4836	919435	986609	8979	9600	27956	29718	1.21874e+006	1.30635e+006	993283	1.06743e+006	
262	7.06227e+006	7.15147e+006	110552	117517	134639	145671	14976	16069	25355	27439	9826	10759	4533	4972	941542	1.0104e+006	9176	9812	28452	30182	1.24727e+006	1.33646e+006	1.0175e+006	1.09326e+006	
263	7.03184e+006	7.12268e+006	112425	119418	137625	148581	15313	16395	26012	28119	10089	11028	4657	5102	963995	1.03453e+006	9390	10044	28718	30510	1.27606e+006	1.3669e+006	1.04219e+006	1.11945e+006	
264	7.00098e+006	7.09336e+006	114404	121308	140446	151315	15593	16673	26693	28812	10355	11308	4770	5219	987046	1.05928e+006	9617	10288	29250	30926	1.30538e+006	1.39775e+006	1.06728e+006	1.14606e+006	
265	6.96957e+006	7.06345e+006	116280	123078	143254	154031	15919	17003	27314	29447	10664	11632	4923	5383	1.01077e+006	1.0847e+006	9834	10526	29830	31491	1.33529e+006	1.42917e+006	1.09299e+006	1.17328e+006	
266	6.93774e+006	7.03311e+006	118088	124804	146065	156740	16244	17332	27912	30043	10975	11955	5052	5512	1.035e+006	1.11062e+006	10069	10779	30258	31909	1.36562e+006	1.461e+006	1.11914e+006	1.20089e+006	
267	6.90562e+006	7.00242e+006	119971	126500	148583	159220	16523	17613	28584	30696	11286	12272	5171	5630	1.05977e+006	1.13709e+006	10291	11024	30599	32209	1.39631e+006	1.49312e+006	1.14556e+006	1.22883e+006	
268	6.87308e+006	6.97126e+006	121796	128207	151188	161636	16791	17858	29197	31336	11586	12576	5302	5767	1.08506e+006	1.16407e+006	10536	11295	31074	32633	1.42748e+006	1.52566e+006	1.17246e+006	1.25715e+006	
269	6.8401e+006	6.93963e+006	123518	129774	153862	164208	17102	18167	29883	32006	11870	12873	5447	5915	1.11074e+006	1.19137e+006	10793	11576	31550	33060	1.45911e+006	1.55864e+006	1.19989e+006	1.28598e+006	
270	6.80691e+006	6.90776e+006	125021	131156	156554	166779	17407	18459	30478	32578	12202	13209	5599	6070	1.13689e+006	1.21916e+006	11050	11855	31762	33290	1.49097e+006	1.59183e+006	1.22774e+006	1.31522e+006	
271	6.77345e+006	6.87551e+006	126578	132504	158937	168999	17678	18719	31072	33158	12534	13537	5743	6208	1.16373e+006	1.24763e+006	11304	12131	32152	33561	1.52323e+006	1.62529e+006	1.2559e+006	1.3447e+006	
272	6.73946e+006	6.84269e+006	128214	133975	161321	171207	17935	18944	31769	33825	12845	13867	5879	6353	1.19098e+006	1.27645e+006	11576	12425	32705	34108	1.55605e+006	1.65928e+006	1.2845e+006	1.37459e+006	
273	6.70545e+006	6.80978e+006	129473	135020	163870	173471	18238	19209	32261	34314	13197	14231	6047	6528	1.21865e+006	1.30574e+006	11850	12716	32804	34110	1.58895e+006	1.69329e+006	1.31352e+006	1.40485e+006	
274	6.67114e+006	6.77653e+006	130843	136157	166162	175608	18475	19420	32823	34815	13507	14558	6203	6690	1.24681e+006	1.33546e+006	12138	13025	33131	34429	1.62221e+006	1.72759e+006	1.34278e+006	1.43535e+006	
275	6.63667e+006	6.74301e+006	132064	137212	168297	177479	18685	19598	33361	35325	13809	14860	6341	6818	1.27557e+006	1.36574e+006	12438	13348	33371	34619	1.65572e+006	1.76207e+006	1.37241e+006	1.46611e+006	
276	6.60197e+006	6.70918e+006	133056	137939	170515	179436	18935	19818	33887	35805	14100	15144	6488	6966	1.30478e+006	1.39647e+006	12747	13684	33690	34841	1.68956e+006	1.79677e+006	1.40256e+006	1.49736e+006	
277	6.5671e+006	6.67514e+006	134123	138864	172534	181142	19138	19996	34428	36316	14354	15396	6620	7098	1.33437e+006	1.4275e+006	13057	14015	33876	35030	1.72359e+006	1.83163e+006	1.4328e+006	1.52862e+006	
278	6.53207e+006	6.64084e+006	135142	139628	174371	182710	19370	20211	34950	36818	14665	15699	6771	7246	1.36436e+006	1.45889e+006	13382	14366	34150	35193	1.7579e+006	1.86667e+006	1.46331e+006	1.56011e+006	
279	6.49699e+006	6.60642e+006	136008	140264	176091	184145	19493	20314	35562	37384	14940	15967	6884	7363	1.39479e+006	1.49069e+006	13701	14711	34232	35259	1.79232e+006	1.90175e+006	1.49416e+006	1.59185e+006	
280	6.46194e+006	6.57195e+006	136579	140689	177881	185545	19651	20445	36018	37827	15184	16200	6998	7475	1.4256e+006	1.52285e+006	14044	15076	34251	35276	1.82679e+006	1.9368e+006	1.52526e+006	1.62377e+006	
281	6.42671e+006	6.53724e+006	137209	141092	179438	186846	19824	20605	36439	38218	15421	16425	7113	7592	1.45686e+006	1.55535e+006	14374	15433	34505	35434	1.8615e+006	1.97203e+006	1.55654e+006	1.65582e+006	
282	6.39145e+006	6.50243e+006	137648	141371	180759	187800	19970	20716	36935	38737	15696	16665	7227	7693	1.48855e+006	1.58822e+006	14720	15802	34594	35466	1.89631e+006	2.00728e+006	1.58808e+006	1.68804e+006	
283	6.356e+006	6.46734e+006	138256	141817	182021	188779	20153	20868	37385	39120	15922	16887	7325	7789	1.52042e+006	1.62125e+006	15079	16180	34830	35716	1.9314e+006	2.04274e+006	1.61968e+006	1.72026e+006	
284	6.32068e+006	6.43225e+006	138793	142159	183037	189497	20280	20975	37708	39393	16178	17100	7430	7879	1.55273e+006	1.6547e+006	15433	16562	34786	35620	1.96648e+006	2.07806e+006	1.65131e+006	1.75244e+006	
285	6.28556e+006	6.39731e+006	138917	142158	184030	190159	20443	21106	38020	39637	16417	17318	7530	7976	1.58532e+006	1.68832e+006	15800	16956	34629	35432	2.00143e+006	2.11318e+006	1.6832e+006	1.78481e+006	
286	6.25064e+006	6.36248e+006	138785	141978	184841	190685	20555	21186	38447	39979	16645	17530	7644	8083	1.61811e+006	1.72207e+006	16183	17362	34456	35293	2.03626e+006	2.1481e+006	1.71519e+006	1.81723e+006	
287	6.21581e+006	6.32761e+006	138420	141500	185706	191261	20669	21271	38847	40318	16915	17773	7770	8192	1.6511e+006	1.75597e+006	16546	17750	34467	35236	2.07113e+006	2.18293e+006	1.74744e+006	1.84981e+006	
288	6.18104e+006	6.29278e+006	138070	141047	186281	191626	20728	21336	39157	40517	17111	17976	7855	8273	1.68451e+006	1.7902e+006	16934	18164	34426	35178	2.10596e+006	2.2177e+006	1.77969e+006	1.8823e+006	
289	6.14659e+006	6.25817e+006	137565	140553	186711	191812	20718	21299	39394	40705	17371	18222	7982	8390	1.71801e+006	1.82445e+006	17325	18577	34129	34933	2.14057e+006	2.25215e+006	1.81183e+006	1.91462e+006	
290	6.1123e+006	6.22361e+006	137118	140096	186952	191837	20698	21274	39625	40874	17595	18423	8081	8467	1.75162e+006	1.85875e+006	17718	18986	34013	34832	2.17512e+006	2.28644e+006	1.84383e+006	1.94673e+006	
291	6.07824e+006	6.18923e+006	136470	139472	186935	191637	20705	21250	39812	41021	17811	18618	8171	8546	1.78554e+006	1.89325e+006	18091	19378	33813	34619	2.2095e+006	2.32049e+006	1.87589e+006	1.97877e+006	
292	6.04447e+006	6.15506e+006	135566	138714	186769	191345	20704	21252	40050	41215	18020	18807	8295	8660	1.81949e+006	1.92772e+006	18493	19794	33536	34406	2.24368e+006	2.35426e+006	1.90791e+006	2.01073e+006	
293	6.01109e+006	6.12113e+006	134582	137952	186113	190625	20656	21191	40223	41296	18207	18955	8380	8728	1.85379e+006	1.96253e+006	18905	20229	33151	34164	2.27761e+006	2.38765e+006	1.93971e+006	2.04242e+006	
294	5.97792e+006	6.08733e+006	133550	137111	185414	189895	20602	21113	40364	41375	18401	19126	8490	8825	1.88812e+006	1.99721e+006	19308	20644	32983	33988	2.3114e+006	2.42082e+006	1.9715e+006	2.07397e+006	
295	5.94503e+006	6.05377e+006	132451	136227	184647	189132	20551	21065	40488	41444	18544	19251	8560	8889	1.92234e+006	2.03172e+006	19732	21083	32714	33735	2.34497e+006	2.45371e+006	2.00313e+006	2.1053e+006	
296	5.91259e+006	6.02055e+006	131206	135185	183873	188421	20402	20891	40565	41482	18682	19355	8628	8942	1.95649e+006	2.0661e+006	20157	21524	32286	33369	2.37819e+006	2.48614e+006	2.03463e+006	2.13645e+006	
297	5.8805e+006	5.98769e+006	130002	134022	182656	187451	20299	20794	40595	41476	18777	19427	8684	8996	1.99075e+006	2.10046e+006	20597	21974	31949	32999	2.41105e+006	2.51823e+006	2.06582e+006	2.16716e+006	
298	5.84883e+006	5.95513e+006	128567	132719	181360	186433	20121	20653	40493	41375	18924	19529	8737	9037	2.02503e+006	2.13482e+006	21047	22442	31556	32677	2.44361e+006	2.54991e+006	2.09693e+006	2.19773e+006	
299	5.81744e+006	5.92277e+006	127098	131490	180060	185356	19994	20545	40351	41244	19015	19580	8756	9037	2.05918e+006	2.16891e+006	21511	22928	31254	32497	2.47597e+006	2.5813e+006	2.12778e+006	2.22798e+006	
300	5.78654e+006	5.89088e+006	125582	130140	178475	184037	19834	20419	40142	41043	19119	19666	8799	9073	2.09335e+006	2.20293e+006	21942	23376	30776	32013	2.50786e+006	2.6122e+006	2.15835e+006	2.25784e+006	
301	5.75608e+006	5.85931e+006	123981	128816	176812	182633	19610	20226	39960	40860	19172	19709	8816	9081	2.12734e+006	2.23672e+006	22395	23841	30355	31669	2.53942e+006	2.64265e+006	2.18864e+006	2.28743e+006	
302	5.72619e+006	5.8283e+006	122192	127281	174934	181027	19477	20135	39775	40685	19196	19721	8813	9070	2.16115e+006	2.27024e+006	22853	24312	29768	31141	2.57044e+006	2.67255e+006	2.21858e+006	2.31659e+006	
303	5.69682e+006	5.79772e+006	120198	125470	173208	179554	19282	19964	39567	40536	19271	19769	8834	9083	2.19466e+006	2.30335e+006	23318	24788	29262	30684	2.60102e+006	2.70191e+006	2.24838e+006	2.3455e+006	
304	5.66784e+006	5.76748e+006	118325	123778	171144	177749	19110	19823	39316	40310	19268	19760	8828	9077	2.22817e+006	2.33635e+006	23785	25268	28904	30320	2.63125e+006	2.7309e+006	2.27771e+006	2.37395e+006	
305	5.63943e+006	5.73778e+006	116293	121900	169035	175953	18839	19574	39028	40057	19254	19716	8818	9054	2.26149e+006	2.36915e+006	24245	25737	28323	29792	2.66096e+006	2.75931e+006	2.30679e+006	2.402e+006	
306	5.61146e+006	5.70844e+006	114407	120181	166757	173985	18580	19332	38682	39783	19259	19696	8796	9031	2.29449e+006	2.4015e+006	24708	26208	27884	29418	2.6903e+006	2.78727e+006	2.33537e+006	2.42954e+006	
307	5.58414e+006	5.67973e+006	112394	118285	164306	171924	18318	19105	38309	39473	19225	19659	8768	8997	2.32719e+006	2.43357e+006	25172	26681	27250	28788	2.71901e+006	2.8146e+006	2.36355e+006	2.4566e+006	
308	5.55725e+006	5.65139e+006	110301	116376	161909	169819	18056	18859	37900	39123	19141	19594	8738	8976	2.35965e+006	2.46528e+006	25657	27176	26810	28411	2.74734e+006	2.84149e+006	2.39139e+006	2.48331e+006	
309	5.531e+006	5.62366e+006	108156	114387	159293	167435	17721	18558	37469	38744	19056	19511	8702	8947	2.39195e+006	2.49673e+006	26142	27660	26179	27803	2.77508e+006	2.86774e+006	2.41877e+006	2.50952e+006	
310	5.50528e+006	5.59644e+006	105911	112264	156698	165145	17417	18259	37002	38327	18968	19428	8657	8907	2.42383e+006	2.52772e+006	26624	28152	25641	27294	2.80229e+006	2.89345e+006	2.4458e+006	2.5353e+006	
311	5.48018e+006	5.56983e+006	103683	110172	153872	162541	17130	17991	36513	37892	18863	19323	8626	8875	2.45542e+006	2.55835e+006	27092	28621	25024	26694	2.82891e+006	2.91855e+006	2.47224e+006	2.56047e+006	
312	5.45564e+006	5.5437e+006	101344	107960	151201	160106	16814	17725	36076	37496	18740	19235	8568	8831	2.48644e+006	2.58835e+006	27559	29090	24471	26200	2.85504e+006	2.9431e+006	2.49836e+006	2.58528e+006	
313	5.43166e+006	5.51815e+006	99080	105769	148343	157462	16566	17511	35544	37029	18580	19099	8500	8764	2.51712e+006	2.61794e+006	28048	29577	23914	25611	2.88059e+006	2.96707e+006	2.52387e+006	2.60943e+006	
314	5.40813e+006	5.49303e+006	96903	103665	145405	154770	16222	17196	35014	36567	18403	18943	8423	8698	2.54748e+006	2.64718e+006	28520	30054	23468	25186	2.90571e+006	2.9906e+006	2.54896e+006	2.63316e+006	
315	5.38532e+006	5.46856e+006	94638	101489	142400	151970	15923	16904	34440	36004	18234	18807	8340	8629	2.57742e+006	2.6759e+006	28970	30500	22759	24518	2.93017e+006	3.01342e+006	2.5735e+006	2.65631e+006	
316	5.36288e+006	5.4445e+006	92549	99409	139327	149088	15578	16572	33878	35527	18051	18660	8257	8559	2.60689e+006	2.70415e+006	29442	30967	22386	24116	2.95423e+006	3.03586e+006	2.59758e+006	2.67895e+006	
317	5.34107e+006	5.42106e+006	90384	97298	136322	146250	15224	16256	33348	35030	17880	18498	8186	8491	2.6358e+006	2.73174e+006	29895	31419	21749	23500	2.97768e+006	3.05767e+006	2.62112e+006	2.70107e+006	
318	5.31978e+006	5.39813e+006	88154	95091	133302	143356	14895	15930	32746	34489	17651	18290	8091	8405	2.66441e+006	2.75902e+006	30351	31870	21237	22979	3.0006e+006	3.07896e+006	2.64429e+006	2.72278e+006	
319	5.29903e+006	5.37577e+006	86085	92991	130257	140443	14513	15567	32111	33889	17430	18093	7988	8312	2.69246e+006	2.78568e+006	30821	32334	20691	22418	3.02297e+006	3.0997e+006	2.66684e+006	2.74382e+006	
320	5.27887e+006	5.35392e+006	83820	90772	127308	137576	14206	15256	31515	33332	17170	17868	7881	8216	2.71999e+006	2.81181e+006	31282	32785	20119	21898	3.04481e+006	3.11987e+006	2.68901e+006	2.76451e+006	
321	5.25933e+006	5.33274e+006	81548	88515	124345	134703	13889	14941	30846	32735	16936	17663	7777	8125	2.74696e+006	2.83737e+006	31731	33230	19478	21243	3.066e+006	3.13941e+006	2.71062e+006	2.78461e+006	
322	5.24035e+006	5.31213e+006	79244	86191	121416	131794	13571	14643	30164	32090	16698	17447	7666	8018	2.77349e+006	2.86241e+006	32175	33662	18932	20656	3.08661e+006	3.15838e+006	2.73175e+006	2.80426e+006	
323	5.22185e+006	5.29199e+006	77009	83958	118535	128941	13232	14299	29465	31452	16422	17193	7544	7904	2.79948e+006	2.88693e+006	32624	34097	18459	20182	3.10675e+006	3.17689e+006	2.75239e+006	2.82343e+006	
324	5.20393e+006	5.2725e+006	74756	81596	115485	125953	12925	14008	28804	30795	16141	16948	7410	7790	2.82506e+006	2.91098e+006	33062	34528	17866	19537	3.12624e+006	3.1948e+006	2.77252e+006	2.84204e+006	
325	5.18646e+006	5.25343e+006	72700	79474	112549	123024	12581	13661	28167	30208	15876	16697	7296	7681	2.84993e+006	2.93429e+006	33480	34942	17424	19119	3.1453e+006	3.21228e+006	2.79207e+006	2.86007e+006	
326	5.16953e+006	5.2349e+006	70644	77402	109444	119912	12226	13318	27504	29567	15576	16415	7161	7552	2.87448e+006	2.9573e+006	33904	35352	16875	18584	3.16384e+006	3.2292e+006	2.81109e+006	2.8776e+006	
327	5.15311e+006	5.21687e+006	68571	75290	106486	116929	11895	12981	26934	29012	15282	16164	7024	7434	2.89832e+006	2.97956e+006	34315	35755	16384	18071	3.18187e+006	3.24563e+006	2.82968e+006	2.89468e+006	
328	5.13726e+006	5.19942e+006	66514	73244	103478	113847	11545	12609	26353	28404	14980	15888	6884	7296	2.9217e+006	3.00134e+006	34738	36166	15810	17490	3.19932e+006	3.26148e+006	2.8477e+006	2.91125e+006	
329	5.12186e+006	5.18245e+006	64450	71130	100527	110868	11242	12276	25735	27776	14674	15608	6734	7157	2.94455e+006	3.02261e+006	35151	36562	15360	17006	3.21628e+006	3.27688e+006	2.8653e+006	2.92738e+006	
330	5.1069e+006	5.16599e+006	62489	69052	97638	107908	10899	11910	25117	27167	14377	15325	6599	7028	2.96689e+006	3.04333e+006	35540	36934	14915	16505	3.23274e+006	3.29184e+006	2.88241e+006	2.94302e+006	
331	5.09243e+006	5.15002e+006	60531	66998	94829	105020	10618	11622	24475	26515	14073	15046	6450	6896	2.98862e+006	3.06343e+006	35934	37315	14427	16016	3.24872e+006	3.3063e+006	2.89903e+006	2.95815e+006	
332	5.07843e+006	5.13456e+006	58673	65007	92019	102165	10306	11311	23803	25846	13758	14738	6309	6754	3.00981e+006	3.08304e+006	36321	37683	13954	15497	3.26417e+006	3.3203e+006	2.91511e+006	2.97278e+006	
333	5.06489e+006	5.11955e+006	56815	63064	89251	99314	9984	10978	23157	25192	13457	14462	6172	6636	3.03049e+006	3.10213e+006	36707	38049	13503	15061	3.27919e+006	3.33385e+006	2.93079e+006	2.98702e+006	
334	5.05185e+006	5.1051e+006	54895	61041	86600	96587	9684	10674	22497	24528	13187	14184	6056	6511	3.05054e+006	3.12062e+006	37080	38407	12997	14480	3.29363e+006	3.34688e+006	2.94601e+006	3.00086e+006	
335	5.03915e+006	5.091e+006	53125	59173	83870	93759	9405	10409	21917	23921	12892	13905	5926	6391	3.07012e+006	3.13861e+006	37457	38767	12656	14149	3.30774e+006	3.35958e+006	2.96072e+006	3.0142e+006	
336	5.02691e+006	5.07739e+006	51372	57327	81261	90989	9099	10087	21279	23275	12585	13600	5794	6260	3.08924e+006	3.15614e+006	37821	39108	12201	13651	3.32135e+006	3.37183e+006	2.97501e+006	3.02716e+006	
337	5.01513e+006	5.06429e+006	49602	55414	78688	88285	8803	9767	20696	22672	12290	13300	5648	6112	3.10781e+006	3.17311e+006	38175	39442	11735	13146	3.33445e+006	3.38361e+006	2.98889e+006	3.03968e+006	
338	5.00371e+006	5.05154e+006	47985	53722	76168	85573	8521	9460	20097	22072	12015	13026	5521	5987	3.12579e+006	3.18953e+006	38513	39757	11379	12789	3.34719e+006	3.39503e+006	3.00223e+006	3.05172e+006	
339	4.99261e+006	5.03917e+006	46383	51989	73716	82971	8270	9205	19469	21433	11722	12724	5404	5868	3.14334e+006	3.20553e+006	38861	40085	11055	12415	3.35957e+006	3.40613e+006	3.01524e+006	3.06343e+006	
340	4.98199e+006	5.02729e+006	44761	50264	71255	80373	8021	8946	18873	20817	11416	12418	5266	5732	3.1604e+006	3.22108e+006	39190	40389	10578	11927	3.37145e+006	3.41675e+006	3.0278e+006	3.07474e+006	
341	4.97168e+006	5.01573e+006	43291	48714	68881	77819	7718	8614	18220	20153	11147	12136	5146	5604	3.17698e+006	3.23616e+006	39528	40705	10263	11598	3.383e+006	3.42706e+006	3.0399e+006	3.08564e+006	
342	4.96178e+006	5.00464e+006	41772	47061	66560	75363	7472	8354	17638	19529	10828	11808	5011	5468	3.19305e+006	3.25075e+006	39859	41014	9860	11136	3.3941e+006	3.43696e+006	3.05167e+006	3.0962e+006	
343	4.95225e+006	4.99397e+006	40195	45364	64371	72981	7220	8082	17068	18954	10532	11495	4868	5317	3.20864e+006	3.26486e+006	40178	41316	9479	10717	3.40477e+006	3.44648e+006	3.06312e+006	3.10647e+006	
344	4.94307e+006	4.98368e+006	38749	43772	62184	70656	6995	7847	16544	18378	10225	11206	4710	5165	3.22364e+006	3.27844e+006	40483	41602	9133	10335	3.41506e+006	3.45566e+006	3.07406e+006	3.11626e+006	
345	4.93419e+006	4.97372e+006	37322	42187	60053	68366	6739	7581	16009	17825	9919	10892	4563	5010	3.23831e+006	3.2917e+006	40785	41880	8836	10012	3.42502e+006	3.46455e+006	3.08474e+006	3.1258e+006	
346	4.92564e+006	4.96411e+006	35966	40706	57959	66094	6502	7328	15455	17247	9640	10601	4424	4868	3.25249e+006	3.30451e+006	41079	42149	8503	9656	3.43463e+006	3.4731e+006	3.09498e+006	3.13495e+006	
347	4.91735e+006	4.95474e+006	34723	39404	55944	63906	6267	7080	14998	16760	9344	10289	4299	4736	3.26611e+006	3.31677e+006	41366	42418	8235	9416	3.444e+006	3.48138e+006	3.10486e+006	3.14379e+006	
348	4.90932e+006	4.94572e+006	33573	38134	53937	61693	6036	6830	14507	16242	9053	9966	4166	4590	3.2794e+006	3.32871e+006	41658	42691	7984	9065	3.45301e+006	3.48942e+006	3.11437e+006	3.15229e+006	
349	4.90168e+006	4.93712e+006	32326	36779	51968	59538	5796	6573	14046	15738	8763	9683	4033	4462	3.29229e+006	3.3403e+006	41931	42943	7588	8657	3.46162e+006	3.49706e+006	3.12359e+006	3.16052e+006	
350	4.89435e+006	4.92885e+006	31094	35450	50140	57511	5562	6316	13555	15216	8501	9413	3906	4332	3.30471e+006	3.35143e+006	42189	43182	7272	8326	3.46989e+006	3.50439e+006	3.13247e+006	3.16844e+006	
351	4.8872e+006	4.92079e+006	29959	34149	48306	55522	5376	6115	13086	14708	8189	9094	3763	4185	3.31683e+006	3.36229e+006	42446	43417	7101	8115	3.47795e+006	3.51154e+006	3.1411e+006	3.17608e+006	
352	4.88033e+006	4.91307e+006	28787	32860	46628	53648	5192	5905	12647	14247	7949	8840	3640	4053	3.3284e+006	3.37264e+006	42691	43643	6812	7777	3.48567e+006	3.51841e+006	3.14943e+006	3.1835e+006	
353	4.8737e+006	4.9056e+006	27776	31720	44908	51755	5032	5726	12176	13743	7690	8561	3528	3931	3.33961e+006	3.38268e+006	42936	43865	6577	7517	3.49313e+006	3.52504e+006	3.15737e+006	3.19056e+006	
354	4.86736e+006	4.89844e+006	26796	30608	43247	49946	4839	5519	11737	13279	7428	8272	3413	3802	3.35041e+006	3.39234e+006	43174	44081	6291	7215	3.5003e+006	3.53138e+006	3.16503e+006	3.19735e+006	
355	4.86117e+006	4.89146e+006	25827	29534	41670	48208	4689	5352	11294	12790	7198	8030	3313	3702	3.36088e+006	3.4017e+006	43397	44282	6132	7039	3.50728e+006	3.53757e+006	3.17247e+006	3.20396e+006	
356	4.85529e+006	4.88485e+006	24835	28418	40161	46510	4518	5159	10913	12365	6936	7762	3198	3579	3.37096e+006	3.4107e+006	43617	44482	5820	6662	3.51389e+006	3.54344e+006	3.17961e+006	3.21032e+006	
357	4.84959e+006	4.87841e+006	23910	27392	38702	44810	4332	4947	10515	11937	6711	7527	3090	3468	3.38077e+006	3.4194e+006	43837	44682	5652	6490	3.52033e+006	3.54914e+006	3.1865e+006	3.21645e+006	
358	4.84412e+006	4.87225e+006	23041	26389	37198	43143	4153	4754	10150	11541	6487	7297	2982	3360	3.3902e+006	3.42783e+006	44047	44875	5423	6211	3.52649e+006	3.55462e+006	3.19313e+006	3.22233e+006	
359	4.83891e+006	4.86636e+006	22059	25292	35929	41715	3975	4555	9807	11169	6275	7052	2887	3248	3.39921e+006	3.43584e+006	44259	45062	5150	5943	3.53238e+006	3.55982e+006	3.1996e+006	3.22807e+006	
360	4.8339e+006	4.86069e+006	21197	24357	34618	40191	3842	4406	9427	10748	6056	6813	2789	3140	3.40796e+006	3.4436e+006	44444	45231	4959	5726	3.53804e+006	3.56484e+006	3.2057e+006	3.23351e+006	
361	4.82901e+006	4.85517e+006	20378	23451	33328	38724	3693	4239	9101	10377	5863	6601	2692	3041	3.41641e+006	3.4511e+006	44635	45404	4833	5584	3.54357e+006	3.56973e+006	3.21165e+006	3.23878e+006	
362	4.82433e+006	4.84991e+006	19568	22559	32058	37279	3577	4115	8760	10003	5651	6381	2608	2953	3.42455e+006	3.45835e+006	44817	45569	4613	5319	3.54883e+006	3.5744e+006	3.21732e+006	3.24383e+006	
363	4.81982e+006	4.84481e+006	18871	21772	30783	35855	3436	3954	8454	9650	5442	6170	2509	2852	3.4324e+006	3.46533e+006	44991	45727	4454	5156	3.55393e+006	3.57891e+006	3.22276e+006	3.24865e+006	
364	4.81553e+006	4.83995e+006	18159	20955	29602	34518	3297	3790	8123	9273	5262	5973	2435	2769	3.43997e+006	3.47203e+006	45163	45881	4246	4909	3.55879e+006	3.58321e+006	3.22801e+006	3.25329e+006	
