Day	Susceptible	Exposed	Current Detected Mild Infections	Current Undetected Mild Infections	Current Hospitalizations	Current ICU patients	ventilators	Recovered	Deaths	new infections today	total number of infections 	Confirmed total number of infections 	
0	8.39842e+006	320	0	0	0	0	0	0	0	0	320	0	
1	8.39835e+006	384	0	0	0	0	0	0	0	64	384	0	
2	8.39829e+006	448	0	0	0	0	0	0	0	64	448	0	
3	8.39797e+006	770	0	0	0	0	0	0	0	322	770	0	
4	8.39762e+006	795	244	76	0	0	0	0	0	345	1115	244	
5	8.39721e+006	1146	292	92	0	0	0	0	0	415	1530	292	
6	8.39652e+006	1768	340	108	0	0	0	0	0	686	2216	340	
7	8.39554e+006	2430	580	189	0	0	0	0	0	984	3200	580	
8	8.39423e+006	3392	842	273	0	0	0	0	0	1307	4507	842	
9	8.39252e+006	4688	1161	370	0	0	0	0	0	1712	6218	1161	
10	8.39034e+006	6178	1439	457	55	0	0	265	0	2176	8395	1692	
11	8.38779e+006	7744	2129	687	69	0	0	315	0	2549	10944	2433	
12	8.38476e+006	9465	3055	1004	82	0	0	366	0	3028	13972	3408	
13	8.38139e+006	11127	4108	1340	143	0	0	627	0	3374	17345	4715	
14	8.37796e+006	12384	5486	1794	210	0	0	905	0	3433	20778	6369	
15	8.37469e+006	13100	7064	2349	290	0	0	1240	0	3266	24044	8282	
16	8.37199e+006	12777	8814	2942	374	26	20	1816	0	2705	26749	10584	
17	8.36882e+006	12576	10580	3566	547	30	22	2623	0	3172	29921	13151	
18	8.36529e+006	12666	12179	4093	787	34	23	3685	0	3524	33444	15790	
19	8.36151e+006	13180	13323	4503	1057	53	33	5108	0	3780	37224	18303	
20	8.35756e+006	14427	13701	4654	1407	71	40	6917	0	3951	41176	20411	
21	8.3534e+006	15420	14171	4806	1823	92	52	9028	0	4165	45340	22889	
22	8.34905e+006	16246	14536	4937	2265	132	70	11575	0	4350	49691	25664	
23	8.34449e+006	17025	14856	5023	2745	182	93	14418	0	4559	54250	28657	
24	8.3398e+006	17763	15250	5148	3169	256	127	17353	0	4689	58939	31789	
25	8.33499e+006	18408	15946	5351	3476	356	171	20212	0	4810	63748	35089	
26	8.32999e+006	19057	17204	5738	3591	453	207	22687	18	4999	68747	38494	
27	8.32459e+006	19901	18241	6088	3714	597	276	25591	19	5404	74151	42055	
28	8.319e+006	20793	19118	6376	3811	762	352	28852	20	5580	79732	45737	
29	8.31318e+006	21806	19894	6630	3896	935	430	32371	23	5823	85555	49525	
30	8.30711e+006	22882	20675	6897	3982	1114	512	36052	27	6075	91629	53466	
31	8.30076e+006	23820	21603	7208	4152	1272	588	39885	32	6342	97972	57732	
32	8.29405e+006	24953	22510	7531	4478	1388	643	43780	44	6713	104685	62126	
33	8.28717e+006	26015	23483	7822	4756	1517	709	47920	56	6885	111570	66735	
34	8.28002e+006	27090	24529	8162	4998	1640	766	52228	72	7150	118720	71535	
35	8.27246e+006	28304	25675	8548	5170	1751	825	56732	95	7556	126275	76509	
36	8.26456e+006	29493	26948	8989	5374	1847	872	61402	125	7903	134178	81771	
37	8.25627e+006	30897	28053	9365	5620	1929	909	66441	161	8289	142467	87194	
38	8.24773e+006	32289	29237	9751	5845	2000	943	71684	202	8542	151009	92823	
39	8.23876e+006	33705	30530	10191	6075	2065	967	77166	248	8972	159980	98771	
40	8.23407e+006	30485	31899	10650	6346	2129	1001	82858	297	4682	164663	104987	
41	8.22921e+006	27061	33359	11136	6668	2213	1035	88751	340	4865	169528	111505	
42	8.22413e+006	23595	35190	11134	7008	2335	1092	94962	380	5076	174604	118688	
43	8.21923e+006	19524	37200	11211	7289	2456	1139	101397	428	4900	179504	126197	
44	8.21446e+006	19615	35584	10360	7598	2562	1185	108082	477	4774	184278	130290	
45	8.20988e+006	19333	33806	9447	7930	2670	1237	115145	531	4584	188861	134538	
46	8.20554e+006	18594	31942	8484	8304	2803	1300	122482	589	4336	193197	138989	
47	8.20146e+006	17776	29670	7367	8644	2937	1354	130239	647	4082	197280	143321	
48	8.19771e+006	16751	26630	6639	8997	3073	1415	138240	699	3749	201029	147458	
49	8.19428e+006	15594	23110	5770	9393	3197	1480	146628	763	3427	204456	151476	
50	8.19127e+006	14268	22819	5716	8914	3325	1534	151596	827	3009	207465	155115	
51	8.18827e+006	13184	22198	5553	8396	3490	1619	156756	887	2998	210463	158573	
52	8.18543e+006	12281	21146	5279	7825	3658	1693	162165	955	2847	213310	161788	
53	8.18273e+006	11550	19948	5004	7212	3819	1773	167451	1022	2696	216006	164717	
54	8.18022e+006	11052	18550	4638	6466	3998	1854	172718	1095	2512	218517	167316	
55	8.17783e+006	10446	17296	4306	5618	4182	1930	177893	1168	2392	220910	169894	
56	8.17562e+006	9809	16116	3997	5564	4082	1880	182298	1253	2209	223119	172341	
57	8.17357e+006	9156	15010	3716	5419	3988	1838	186530	1343	2043	225162	174664	
58	8.17164e+006	8582	14003	3486	5144	3896	1795	190552	1436	1937	227099	176811	
59	8.16982e+006	8009	13180	3274	4832	3802	1748	194289	1533	1820	228918	178863	
60	8.16811e+006	7503	12534	3120	4492	3680	1692	197664	1629	1704	230622	180748	
61	8.16651e+006	7064	11768	2931	4192	3505	1599	201034	1732	1604	232226	182504	
62	8.16502e+006	6623	11037	2751	3887	3305	1511	204277	1841	1495	233721	184160	
63	8.16359e+006	6227	10321	2592	3617	3073	1403	207360	1956	1424	235146	185719	
64	8.1623e+006	5818	9683	2422	3386	2797	1279	210267	2068	1294	236440	187189	
65	8.16105e+006	5464	9060	2257	3193	2482	1134	213041	2193	1251	237691	188572	
66	8.15984e+006	5172	8478	2125	3047	2398	1092	215420	2253	1203	238893	189840	
67	8.15873e+006	4857	8120	1864	2864	2294	1051	217690	2313	1110	240003	191199	
68	8.15769e+006	4606	7732	1609	2690	2169	992	219861	2379	1042	241045	192433	
69	8.15674e+006	4304	7413	1360	2527	2033	930	221912	2447	949	241994	193641	
70	8.15583e+006	4012	7131	1140	2381	1902	871	223825	2514	911	242905	194796	
71	8.15497e+006	3763	6843	933	2214	1784	816	225651	2577	861	243766	195859	
72	8.15417e+006	3522	6596	728	2065	1661	756	227358	2637	801	244567	196852	
73	8.15343e+006	3312	6168	681	1935	1550	699	228966	2695	739	245306	197730	
74	8.15273e+006	3097	5832	634	1804	1451	654	230440	2744	696	246003	198577	
75	8.15206e+006	2914	5474	602	1690	1373	617	231838	2789	677	246680	199373	
76	8.15142e+006	2747	5107	567	1582	1299	582	233185	2828	634	247314	200115	
77	8.15082e+006	2607	4768	535	1504	1217	544	234415	2867	600	247913	200800	
78	8.15028e+006	2454	4458	500	1422	1139	511	235580	2904	543	248457	201447	
79	8.14974e+006	2319	4219	467	1345	1066	480	236641	2942	542	248999	202082	
80	8.14924e+006	2179	3973	436	1278	1004	452	237647	2976	494	249493	202675	
81	8.14878e+006	2041	3739	408	1200	947	428	238613	3006	462	249955	203229	
82	8.14832e+006	1957	3510	380	1124	890	400	239519	3035	459	250413	203734	
83	8.14791e+006	1825	3332	361	1044	837	379	240359	3066	410	250824	204238	
84	8.14752e+006	1728	3152	339	974	788	355	241152	3089	397	251220	204695	
85	8.14714e+006	1637	2959	316	916	735	336	241914	3115	372	251592	205128	
86	8.1468e+006	1528	2792	308	858	696	318	242623	3137	349	251941	205549	
87	8.14645e+006	1468	2627	283	806	658	302	243293	3156	350	252291	205936	
88	8.14614e+006	1379	2493	271	750	626	283	243907	3174	308	252600	206301	
89	8.14583e+006	1310	2340	253	707	590	263	244512	3190	302	252902	206646	
90	8.14556e+006	1239	2208	241	668	548	245	245070	3206	278	253180	206967	
91	8.1453e+006	1148	2098	239	624	508	225	245598	3225	259	253439	207286	
92	8.14504e+006	1100	1966	221	583	480	213	246107	3243	260	253700	207573	
93	8.14479e+006	1040	1863	215	538	445	199	246583	3258	242	253942	207851	
94	8.14457e+006	987	1761	199	511	415	187	247022	3272	225	254167	208112	
95	8.14436e+006	940	1660	188	483	388	173	247435	3286	212	254379	208353	
96	8.14415e+006	888	1579	179	465	359	161	247818	3299	208	254587	208593	
97	8.14394e+006	855	1483	168	439	337	150	248202	3313	210	254797	208814	
98	8.14376e+006	812	1408	159	414	311	143	248551	3324	182	254979	209023	
99	8.14358e+006	780	1330	148	397	289	133	248882	3333	180	255160	209219	
100	8.1434e+006	749	1265	142	370	279	128	249189	3342	177	255336	209412	
101	8.14324e+006	698	1219	139	349	261	121	249478	3352	159	255495	209604	
102	8.14308e+006	672	1149	131	323	244	115	249773	3360	156	255652	209771	
103	8.1428e+006	779	1100	118	306	230	106	250038	3368	287	255939	209941	
104	8.14252e+006	877	1055	115	292	219	101	250284	3372	275	256213	210104	
105	8.14226e+006	983	1004	112	278	201	91	250520	3380	265	256478	210251	
106	8.142e+006	1088	956	108	269	187	86	250747	3385	261	256739	210394	
107	8.14172e+006	1080	1026	116	256	176	81	250974	3391	280	257019	210656	
108	8.14143e+006	1089	1106	128	244	168	76	251172	3396	283	257302	210903	
109	8.14113e+006	1129	1181	137	228	164	76	251366	3401	305	257608	211145	
110	8.14081e+006	1191	1260	144	221	152	72	251557	3407	323	257930	211386	
111	8.14048e+006	1242	1373	150	209	144	70	251731	3411	331	258261	211644	
112	8.14012e+006	1312	1488	162	198	136	65	251903	3415	352	258614	211902	
113	8.13973e+006	1398	1503	166	215	129	63	252175	3419	392	259005	212179	
114	8.13933e+006	1473	1548	169	243	122	59	252426	3422	398	259403	212474	
115	8.13893e+006	1546	1611	172	257	120	58	252676	3425	404	259807	212781	
116	8.1385e+006	1619	1696	178	271	119	57	252921	3428	425	260232	213107	
117	8.13806e+006	1675	1796	190	298	114	53	253175	3432	448	260680	213468	
118	8.13757e+006	1758	1898	203	324	109	50	253433	3436	482	261162	213828	
119	8.13709e+006	1841	1988	211	332	108	49	253728	3440	486	261648	214197	
120	8.13658e+006	1927	2086	216	330	114	51	254044	3443	511	262159	214590	
121	8.13604e+006	2018	2195	224	347	117	54	254352	3445	539	262698	215008	
122	8.13546e+006	2114	2310	238	364	122	56	254680	3448	577	263275	215451	
123	8.13487e+006	2223	2392	250	383	128	58	255044	3451	595	263870	215896	
124	8.13426e+006	2318	2496	259	407	134	62	255409	3453	607	264477	216365	
125	8.1336e+006	2436	2617	275	421	144	65	255786	3456	657	265134	216855	
126	8.13292e+006	2538	2750	293	444	153	70	256178	3458	679	265813	217380	
127	8.13223e+006	2631	2873	317	472	160	74	256588	3461	689	266502	217923	
128	8.1315e+006	2758	2976	339	492	171	80	257035	3464	734	267236	218471	
129	8.13072e+006	2880	3127	359	514	176	82	257492	3466	778	268014	219070	
130	8.12991e+006	3009	3277	377	529	180	85	257980	3470	808	268822	219688	
131	8.12909e+006	3145	3409	395	554	189	86	258482	3473	825	269647	220313	
132	8.12823e+006	3273	3555	405	583	196	89	259020	3477	862	270509	220990	
133	8.12731e+006	3412	3725	418	612	204	95	259573	3481	917	271426	221707	
134	8.12636e+006	3558	3915	429	640	218	101	260136	3484	954	272379	222448	
135	8.12535e+006	3739	4071	441	675	224	106	260747	3488	1006	273385	223208	
136	8.12432e+006	3907	4236	460	719	232	109	261369	3493	1031	274416	223997	
137	8.12323e+006	4079	4445	479	754	245	116	262008	3495	1088	275504	224836	
138	8.1221e+006	4255	4637	507	789	257	120	262691	3498	1130	276635	225707	
139	8.12092e+006	4431	4842	529	825	275	128	263411	3503	1182	277816	226631	
140	8.11969e+006	4627	5039	555	865	285	132	264163	3509	1227	279043	227572	
141	8.11843e+006	4801	5273	585	902	302	140	264929	3514	1262	280305	228568	
142	8.11709e+006	5012	5519	607	931	321	151	265739	3519	1342	281647	229608	
143	8.1157e+006	5216	5761	630	983	336	159	266581	3525	1385	283032	230692	
144	8.1143e+006	5388	6012	652	1020	350	166	267476	3533	1400	284432	231819	
145	8.11279e+006	5646	6238	682	1067	370	174	268409	3540	1520	285951	232976	
146	8.11122e+006	5864	6516	715	1105	392	184	269373	3545	1560	287512	234201	
147	8.1096e+006	6108	6775	753	1148	410	192	270395	3552	1628	289140	235460	
148	8.10789e+006	6414	7012	785	1202	428	202	271445	3560	1706	290846	236739	
149	8.10612e+006	6667	7317	817	1245	446	211	272556	3570	1772	292618	238132	
150	8.1043e+006	6923	7612	856	1299	465	221	273702	3577	1816	294434	239557	
151	8.10239e+006	7202	7936	899	1344	486	232	274888	3587	1908	296342	241044	
152	8.10042e+006	7471	8267	932	1404	499	237	276146	3597	1975	298316	242603	
153	8.09837e+006	7752	8617	969	1461	520	244	277441	3610	2054	300370	244222	
154	8.09619e+006	8114	8995	1007	1522	541	250	278749	3620	2178	302548	245884	
155	8.09394e+006	8452	9357	1033	1583	561	259	280176	3632	2245	304794	247646	
156	8.09159e+006	8832	9735	1070	1655	574	266	281638	3645	2355	307148	249459	
157	8.08917e+006	9201	10114	1116	1712	601	279	283171	3655	2423	309571	251332	
158	8.08662e+006	9563	10537	1166	1792	624	293	284763	3666	2540	312112	253329	
159	8.08397e+006	9970	10971	1205	1869	646	302	286424	3678	2652	314764	255390	
160	8.08123e+006	10358	11454	1261	1941	678	315	288124	3692	2743	317507	257543	
161	8.07834e+006	10828	11906	1324	2023	700	325	289912	3706	2893	320400	259762	
162	8.07534e+006	11286	12410	1385	2086	739	338	291773	3719	2998	323398	262085	
163	8.07226e+006	11711	12959	1435	2178	764	350	293696	3732	3077	326475	264516	
164	8.06899e+006	12236	13475	1484	2270	797	369	295735	3746	3267	329742	267034	
165	8.06561e+006	12726	14055	1551	2356	832	385	297844	3762	3383	333126	269678	
166	8.06212e+006	13220	14632	1617	2460	860	398	300050	3779	3493	336618	272419	
167	8.05847e+006	13792	15200	1704	2561	897	413	302317	3795	3648	340267	275218	
168	8.05467e+006	14320	15852	1779	2689	924	417	304687	3812	3796	344062	278206	
169	8.05074e+006	14866	16519	1843	2804	964	437	307162	3833	3930	347992	281310	
170	8.04664e+006	15474	17192	1919	2894	1000	458	309757	3855	4100	352092	284504	
171	8.0424e+006	16066	17865	2003	3040	1041	477	312444	3875	4240	356332	287838	
172	8.038e+006	16676	18590	2075	3170	1066	494	315263	3900	4406	360739	291322	
173	8.0334e+006	17342	19373	2144	3286	1120	519	318149	3920	4596	365334	294926	
174	8.02862e+006	18027	20122	2228	3417	1163	540	321220	3942	4785	370119	298677	
175	8.02362e+006	18786	20891	2316	3560	1212	567	324384	3969	4999	375118	302564	
176	8.01847e+006	19531	21700	2421	3720	1269	595	327636	3994	5151	380270	306588	
177	8.01314e+006	20264	22552	2515	3849	1320	620	331077	4021	5329	385599	310787	
178	8.00758e+006	21035	23422	2635	3998	1394	662	334624	4046	5556	391154	315152	
179	8.00183e+006	21787	24384	2742	4164	1442	682	338308	4078	5751	396905	319725	
180	7.9958e+006	22666	25336	2841	4330	1508	708	342147	4107	6030	402936	324445	
181	7.98959e+006	23548	26317	2949	4484	1570	736	346142	4136	6211	409147	329331	
182	7.98311e+006	24468	27361	3055	4664	1646	770	350263	4166	6475	415622	334415	
183	7.97639e+006	25440	28411	3160	4842	1711	802	354581	4201	6724	422346	339676	
184	7.96948e+006	26324	29541	3276	5026	1793	839	359066	4235	6913	429259	345197	
185	7.96226e+006	27332	30627	3402	5234	1860	868	363756	4268	7220	436479	350875	
186	7.95479e+006	28329	31834	3519	5426	1949	904	368585	4309	7472	443951	356818	
187	7.94701e+006	29378	33089	3658	5649	2021	936	373578	4350	7773	451724	362979	
188	7.93898e+006	30496	34298	3806	5880	2093	961	378789	4393	8032	459755	369293	
189	7.93061e+006	31643	35617	3957	6120	2176	993	384175	4435	8367	468122	375900	
190	7.92192e+006	32865	36926	4089	6378	2261	1036	389817	4479	8693	476815	382748	
191	7.91301e+006	34000	38314	4263	6596	2348	1072	395681	4522	8908	485723	389839	
192	7.90368e+006	35306	39687	4446	6860	2437	1110	401756	4568	9338	495061	397185	
193	7.89406e+006	36552	41173	4604	7145	2521	1146	408061	4618	9613	504674	404861	
194	7.88405e+006	37873	42803	4753	7412	2612	1186	414559	4676	10014	514688	412844	
195	7.87381e+006	39201	44343	4901	7681	2725	1230	421340	4733	10236	524924	421031	
196	7.86312e+006	40555	46023	5088	7946	2823	1272	428397	4785	10692	535616	429582	
197	7.85205e+006	42012	47699	5251	8263	2928	1320	435693	4840	11069	546685	438379	
198	7.84075e+006	43302	49485	5448	8592	3035	1370	443228	4900	11304	557990	447537	
199	7.82892e+006	44896	51145	5656	8894	3173	1444	451095	4959	11831	569820	456908	
200	7.81673e+006	46395	52933	5868	9241	3288	1496	459260	5026	12191	582011	466712	
201	7.80413e+006	47918	54893	6069	9585	3420	1564	467629	5090	12592	594603	476886	
202	7.7911e+006	49645	56662	6266	9944	3563	1630	476398	5156	13032	607635	487246	
203	7.77764e+006	51280	58658	6488	10308	3701	1692	485438	5227	13465	621100	498073	
204	7.76375e+006	52975	60644	6679	10650	3845	1756	494892	5300	13885	634986	509260	
205	7.74935e+006	54782	62760	6919	11042	3972	1819	504527	5382	14399	649385	520792	
206	7.73452e+006	56578	64883	7136	11437	4126	1892	514588	5466	14828	664213	532745	
207	7.71921e+006	58425	67005	7410	11849	4277	1956	525011	5548	15313	679526	545073	
208	7.70349e+006	60264	69328	7668	12256	4436	2037	535665	5633	15724	695249	557795	
209	7.68727e+006	62086	71633	7932	12691	4584	2103	546823	5723	16221	711471	570984	
210	7.67061e+006	63917	74013	8188	13146	4756	2179	558294	5816	16660	728130	584596	
211	7.65341e+006	65799	76473	8450	13581	4936	2256	570172	5914	17194	745325	598621	
212	7.63569e+006	67795	78853	8762	14018	5118	2339	582480	6019	17720	763044	613001	
213	7.61747e+006	69796	81327	9043	14479	5310	2432	595191	6121	18222	781267	627857	
214	7.59872e+006	71883	83816	9329	14962	5488	2530	608299	6236	18746	800013	643119	
215	7.5794e+006	74008	86360	9580	15455	5678	2616	621906	6345	19320	819333	658898	
216	7.55966e+006	76036	88926	9906	15930	5886	2713	635937	6460	19748	839080	675116	
217	7.53934e+006	78131	91544	10197	16463	6101	2812	650377	6585	20317	859397	691809	
218	7.51851e+006	80210	94284	10480	16985	6306	2903	665254	6705	20826	880223	709002	
219	7.49709e+006	82313	97030	10832	17514	6517	3001	680610	6830	21422	901645	726658	
220	7.47519e+006	84464	99795	11155	18045	6742	3109	696377	6966	21899	923545	744725	
221	7.45269e+006	86646	102585	11488	18612	6958	3209	712650	7105	22499	946044	763340	
222	7.4296e+006	88912	105404	11775	19262	7144	3296	729389	7249	23092	969135	782447	
223	7.40601e+006	91082	108290	12088	19792	7382	3410	746692	7401	23592	992728	802074	
224	7.38187e+006	93325	111113	12419	20380	7621	3501	764449	7563	24142	1.01687e+006	822122	
225	7.35718e+006	95512	113999	12712	20982	7882	3616	782756	7713	24686	1.04156e+006	842738	
226	7.33193e+006	97672	117051	13004	21577	8112	3722	801503	7887	25253	1.06681e+006	863930	
227	7.30614e+006	99867	120020	13311	22148	8358	3852	820828	8064	25786	1.09259e+006	885578	
228	7.27977e+006	102098	123002	13644	22673	8655	3987	840658	8237	26373	1.11897e+006	907733	
229	7.25279e+006	104396	125983	13926	23339	8917	4121	860976	8413	26983	1.14595e+006	930411	
230	7.22529e+006	106641	129009	14254	23973	9190	4238	881779	8603	27498	1.17345e+006	953558	
231	7.19737e+006	108770	131987	14564	24606	9449	4350	903194	8795	27915	1.20136e+006	977202	
232	7.16884e+006	110926	134911	14921	25306	9736	4490	925103	8991	28530	1.22989e+006	1.00139e+006	
233	7.13981e+006	112978	137952	15271	25929	10013	4614	947585	9201	29035	1.25893e+006	1.02613e+006	
234	7.11025e+006	115039	140960	15619	26653	10292	4744	970514	9411	29559	1.28849e+006	1.05136e+006	
235	7.08029e+006	117082	143802	16007	27253	10596	4882	994063	9643	29958	1.31845e+006	1.07692e+006	
236	7.04984e+006	119005	146774	16312	27905	10908	5030	1.01814e+006	9857	30454	1.3489e+006	1.1031e+006	
237	7.01897e+006	120838	149708	16626	28552	11192	5153	1.04277e+006	10080	30868	1.37977e+006	1.12973e+006	
238	6.98763e+006	122614	152585	16935	29150	11487	5291	1.068e+006	10327	31335	1.4111e+006	1.15686e+006	
239	6.95583e+006	124457	155261	17234	29810	11792	5418	1.09379e+006	10564	31801	1.4429e+006	1.18434e+006	
240	6.92365e+006	126191	157930	17521	30416	12088	5567	1.12012e+006	10824	32188	1.47509e+006	1.21229e+006	
241	6.89113e+006	127840	160598	17805	31088	12401	5714	1.1468e+006	11074	32517	1.50761e+006	1.24061e+006	
242	6.85822e+006	129412	163112	18095	31710	12722	5848	1.17413e+006	11331	32907	1.54051e+006	1.26937e+006	
243	6.82483e+006	131009	165622	18352	32364	13057	6004	1.2019e+006	11605	33397	1.57391e+006	1.29859e+006	
244	6.7913e+006	132349	168019	18584	33029	13377	6145	1.23019e+006	11894	33528	1.60744e+006	1.32817e+006	
245	6.7574e+006	133728	170326	18836	33678	13662	6297	1.25892e+006	12188	33895	1.64134e+006	1.35803e+006	
246	6.72321e+006	135010	172546	19069	34225	14000	6451	1.28819e+006	12488	34189	1.67552e+006	1.38827e+006	
247	6.68872e+006	136102	174807	19337	34760	14312	6604	1.31791e+006	12782	34489	1.71001e+006	1.41892e+006	
248	6.65405e+006	137246	176772	19565	35285	14621	6727	1.3481e+006	13099	34672	1.74469e+006	1.4497e+006	
249	6.61911e+006	138288	178647	19786	35790	14958	6863	1.37874e+006	13420	34937	1.77962e+006	1.48085e+006	
250	6.58399e+006	139225	180443	19990	36271	15267	6996	1.40981e+006	13741	35126	1.81475e+006	1.51227e+006	
251	6.54891e+006	139814	182225	20181	36714	15586	7161	1.44122e+006	14084	35078	1.84983e+006	1.54395e+006	
252	6.51368e+006	140375	183798	20374	37263	15881	7303	1.47295e+006	14423	35234	1.88506e+006	1.57581e+006	
253	6.47819e+006	140928	185204	20508	37806	16130	7406	1.5052e+006	14773	35490	1.92055e+006	1.60792e+006	
254	6.44267e+006	141312	186667	20642	38232	16380	7523	1.5377e+006	15129	35511	1.95606e+006	1.64019e+006	
255	6.40715e+006	141760	187716	20776	38643	16624	7632	1.57057e+006	15496	35526	1.99159e+006	1.67242e+006	
256	6.3717e+006	141976	188624	20913	39011	16846	7732	1.6038e+006	15872	35450	2.02704e+006	1.70479e+006	
257	6.3362e+006	141983	189498	21039	39400	17109	7850	1.63725e+006	16251	35497	2.06253e+006	1.73739e+006	
258	6.30074e+006	141935	190276	21100	39667	17347	7986	1.67101e+006	16662	35463	2.098e+006	1.77005e+006	
259	6.26551e+006	141643	190853	21111	39913	17572	8109	1.70507e+006	17068	35234	2.13323e+006	1.80274e+006	
260	6.23036e+006	141342	191078	21210	40272	17770	8201	1.73924e+006	17470	35148	2.16838e+006	1.83528e+006	
261	6.19543e+006	140773	191462	21245	40495	17980	8293	1.77346e+006	17891	34928	2.20331e+006	1.86792e+006	
262	6.16049e+006	140247	191657	21279	40674	18165	8387	1.80792e+006	18304	34937	2.23824e+006	1.9005e+006	
263	6.12594e+006	139569	191452	21228	40863	18366	8476	1.8426e+006	18718	34556	2.2728e+006	1.93292e+006	
264	6.09149e+006	138869	191109	21208	41039	18577	8572	1.87731e+006	19137	34448	2.30725e+006	1.96524e+006	
265	6.05739e+006	138036	190539	21181	41194	18779	8664	1.91206e+006	19552	34095	2.34134e+006	1.99737e+006	
266	6.02374e+006	136756	190102	21105	41233	18948	8755	1.94688e+006	19978	33657	2.375e+006	2.02949e+006	
267	5.99018e+006	135755	189243	21023	41374	19106	8827	1.98165e+006	20408	33556	2.40856e+006	2.06128e+006	
268	5.95687e+006	134616	188344	20907	41486	19183	8845	2.01647e+006	20859	33309	2.44186e+006	2.09298e+006	
269	5.92394e+006	133458	187284	20828	41487	19306	8910	2.05114e+006	21294	32936	2.4748e+006	2.12433e+006	
270	5.89145e+006	132282	185962	20658	41394	19406	8948	2.08584e+006	21740	32482	2.50728e+006	2.15534e+006	
271	5.85936e+006	130819	184736	20512	41325	19493	8966	2.12029e+006	22202	32092	2.53937e+006	2.18625e+006	
272	5.82779e+006	129084	183309	20312	41230	19600	9002	2.15475e+006	22661	31575	2.57095e+006	2.21693e+006	
273	5.79657e+006	127366	181855	20145	41053	19691	9058	2.18894e+006	23114	31217	2.60217e+006	2.24725e+006	
274	5.76596e+006	125494	180072	19962	40790	19716	9089	2.22315e+006	23596	30610	2.63278e+006	2.27716e+006	
275	5.73565e+006	123714	178304	19728	40504	19724	9077	2.25705e+006	24064	30312	2.66309e+006	2.30672e+006	
276	5.70581e+006	121973	176394	19555	40198	19689	9039	2.29057e+006	24537	29834	2.69292e+006	2.33578e+006	
277	5.67654e+006	120032	174254	19356	39837	19712	9034	2.32399e+006	25018	29276	2.7222e+006	2.36452e+006	
278	5.64772e+006	118245	171827	19085	39518	19730	9047	2.35712e+006	25498	28823	2.75102e+006	2.39274e+006	
279	5.61959e+006	116061	169429	18858	39105	19666	8995	2.39006e+006	25975	28128	2.77915e+006	2.42063e+006	
280	5.59194e+006	113871	167064	18576	38760	19633	8976	2.42244e+006	26450	27644	2.80679e+006	2.44813e+006	
281	5.56477e+006	111774	164473	18351	38412	19553	8952	2.45446e+006	26947	27179	2.83397e+006	2.47508e+006	
282	5.53823e+006	109489	162002	18070	38039	19427	8890	2.48606e+006	27424	26538	2.86051e+006	2.50164e+006	
283	5.51222e+006	107364	159244	17739	37623	19264	8814	2.51737e+006	27907	26003	2.88651e+006	2.52759e+006	
284	5.48675e+006	105193	156574	17442	37050	19172	8768	2.54817e+006	28383	25473	2.91199e+006	2.55307e+006	
285	5.46188e+006	102884	153772	17112	36607	19038	8716	2.57858e+006	28859	24870	2.93686e+006	2.57811e+006	
286	5.43765e+006	100576	150783	16804	36085	18933	8671	2.60858e+006	29324	24230	2.96109e+006	2.60255e+006	
287	5.41389e+006	98336	147887	16428	35508	18730	8582	2.63815e+006	29807	23763	2.98485e+006	2.62653e+006	
288	5.39066e+006	96096	144841	16124	34970	18528	8484	2.66725e+006	30273	23232	3.00808e+006	2.64998e+006	
289	5.36802e+006	93866	141879	15827	34400	18305	8396	2.6957e+006	30748	22640	3.03072e+006	2.6729e+006	
290	5.34605e+006	91604	138797	15496	33881	18069	8312	2.72362e+006	31219	21969	3.05269e+006	2.69526e+006	
291	5.32455e+006	89341	135716	15161	33230	17860	8203	2.75121e+006	31674	21500	3.07419e+006	2.71715e+006	
292	5.3036e+006	87055	132770	14802	32597	17654	8111	2.77814e+006	32123	20946	3.09514e+006	2.73861e+006	
293	5.28322e+006	84796	129732	14476	31985	17431	8003	2.80453e+006	32567	20382	3.11552e+006	2.75949e+006	
294	5.26343e+006	82619	126600	14104	31323	17170	7875	2.83047e+006	33026	19791	3.13531e+006	2.77976e+006	
295	5.24418e+006	80368	123580	13755	30655	16954	7780	2.85578e+006	33470	19249	3.15456e+006	2.7996e+006	
296	5.22554e+006	78060	120607	13443	30005	16672	7653	2.88051e+006	33903	18638	3.1732e+006	2.81892e+006	
297	5.20745e+006	75766	117599	13069	29362	16397	7515	2.90478e+006	34313	18088	3.19128e+006	2.83775e+006	
298	5.18981e+006	73620	114508	12720	28745	16137	7407	2.92847e+006	34726	17645	3.20893e+006	2.85604e+006	
299	5.17273e+006	71451	111459	12378	28069	15895	7282	2.95162e+006	35139	17080	3.22601e+006	2.87381e+006	
300	5.1562e+006	69339	108471	12035	27384	15619	7137	2.97414e+006	35543	16526	3.24253e+006	2.89102e+006	
301	5.14021e+006	67244	105389	11705	26752	15284	6998	2.9962e+006	35954	15993	3.25853e+006	2.90771e+006	
302	5.12468e+006	65126	102439	11355	26096	14989	6876	3.0177e+006	36352	15527	3.27406e+006	2.92402e+006	
303	5.1096e+006	63127	99466	11025	25438	14686	6740	3.03865e+006	36745	15081	3.28914e+006	2.93979e+006	
304	5.09504e+006	61165	96515	10711	24736	14393	6615	3.05905e+006	37131	14564	3.3037e+006	2.95507e+006	
305	5.081e+006	59210	93575	10395	24178	14022	6440	3.07884e+006	37517	14038	3.31774e+006	2.96986e+006	
306	5.06737e+006	57307	90772	10087	23574	13697	6305	3.09803e+006	37890	13624	3.33136e+006	2.9842e+006	
307	5.05418e+006	55425	88062	9790	22900	13405	6184	3.11673e+006	38244	13199	3.34456e+006	2.99811e+006	
308	5.04143e+006	53603	85276	9495	22220	13089	6031	3.13501e+006	38607	12742	3.3573e+006	3.01157e+006	
309	5.0292e+006	51799	82527	9202	21562	12764	5884	3.15273e+006	38956	12234	3.36954e+006	3.02453e+006	
310	5.01722e+006	50153	79896	8931	20932	12455	5741	3.16985e+006	39300	11978	3.38152e+006	3.03711e+006	
311	5.00569e+006	48489	77374	8659	20236	12198	5626	3.18646e+006	39638	11535	3.39305e+006	3.04929e+006	
312	4.99465e+006	46788	74868	8380	19618	11870	5468	3.2026e+006	39972	11041	3.40409e+006	3.06106e+006	
313	4.98395e+006	45246	72314	8087	19013	11566	5336	3.21827e+006	40292	10692	3.41478e+006	3.07236e+006	
314	4.9736e+006	43622	69994	7822	18458	11244	5182	3.23339e+006	40607	10354	3.42514e+006	3.08343e+006	
315	4.96366e+006	42024	67734	7578	17860	10953	5057	3.24801e+006	40911	9937	3.43507e+006	3.09408e+006	
316	4.95412e+006	40529	65416	7313	17300	10658	4911	3.26219e+006	41213	9547	3.44462e+006	3.10428e+006	
317	4.94481e+006	39141	63167	7055	16726	10364	4768	3.27596e+006	41510	9304	3.45392e+006	3.11415e+006	
318	4.93591e+006	37688	61016	6818	16192	10056	4624	3.28926e+006	41794	8900	3.46282e+006	3.12371e+006	
319	4.92734e+006	36327	58957	6580	15654	9742	4491	3.30206e+006	42077	8577	3.4714e+006	3.13288e+006	
320	4.91901e+006	35103	56764	6341	15133	9458	4365	3.31457e+006	42357	8322	3.47972e+006	3.14171e+006	
321	4.91107e+006	33747	54786	6089	14655	9133	4215	3.32664e+006	42619	7947	3.48767e+006	3.15033e+006	
322	4.90343e+006	32483	52872	5861	14142	8863	4080	3.33822e+006	42864	7637	3.49531e+006	3.15857e+006	
323	4.89602e+006	31311	50980	5638	13657	8580	3941	3.34943e+006	43114	7405	3.50271e+006	3.1665e+006	
324	4.88887e+006	30142	49164	5422	13217	8313	3811	3.36026e+006	43347	7153	3.50987e+006	3.1742e+006	
325	4.88196e+006	29110	47349	5248	12765	8062	3679	3.37068e+006	43564	6916	3.51678e+006	3.18153e+006	
326	4.87535e+006	28079	45621	5066	12272	7786	3566	3.38077e+006	43791	6605	3.52339e+006	3.18857e+006	
327	4.869e+006	27021	43885	4903	11845	7500	3442	3.39056e+006	44022	6347	3.52973e+006	3.19541e+006	
328	4.86285e+006	26018	42328	4713	11447	7247	3344	3.39989e+006	44239	6151	3.53588e+006	3.20204e+006	
329	4.85697e+006	24988	40850	4530	11040	7024	3247	3.40889e+006	44443	5885	3.54177e+006	3.20846e+006	
330	4.85129e+006	24063	39299	4364	10599	6798	3135	3.41769e+006	44638	5680	3.54745e+006	3.21456e+006	
331	4.84586e+006	23143	37890	4172	10200	6572	3024	3.42608e+006	44824	5427	3.55288e+006	3.22044e+006	
332	4.84063e+006	22226	36552	4024	9861	6352	2932	3.43409e+006	45003	5233	3.55811e+006	3.22612e+006	
333	4.8356e+006	21371	35194	3863	9481	6140	2836	3.44192e+006	45175	5030	3.56314e+006	3.23156e+006	
334	4.83076e+006	20530	33838	3746	9135	5921	2736	3.44946e+006	45351	4840	3.56798e+006	3.23682e+006	
335	4.82605e+006	19813	32466	3629	8811	5704	2648	3.45674e+006	45522	4710	3.57269e+006	3.24182e+006	
336	4.82159e+006	19033	31236	3488	8497	5517	2541	3.4637e+006	45677	4453	3.57714e+006	3.24666e+006	
337	4.81731e+006	18290	30056	3350	8180	5307	2444	3.47042e+006	45829	4287	3.58143e+006	3.25132e+006	
338	4.81317e+006	17589	28887	3208	7875	5118	2354	3.4769e+006	45991	4138	3.58557e+006	3.2558e+006	
339	4.80922e+006	16822	27828	3093	7603	4921	2248	3.4831e+006	46141	3944	3.58951e+006	3.26015e+006	
340	4.80544e+006	16159	26725	2968	7309	4730	2168	3.48913e+006	46281	3790	3.5933e+006	3.26426e+006	
341	4.80174e+006	15570	25706	2848	7009	4558	2095	3.49489e+006	46419	3698	3.597e+006	3.26823e+006	
342	4.79818e+006	14985	24727	2732	6739	4376	2018	3.50045e+006	46544	3554	3.60055e+006	3.27207e+006	
343	4.79479e+006	14433	23741	2631	6481	4207	1938	3.50578e+006	46668	3391	3.60395e+006	3.27572e+006	
344	4.79159e+006	13843	22789	2533	6238	4039	1861	3.51091e+006	46791	3200	3.60714e+006	3.27922e+006	
345	4.78847e+006	13262	21876	2434	5993	3900	1792	3.51589e+006	46908	3117	3.61026e+006	3.28263e+006	
346	4.78548e+006	12700	21077	2334	5787	3751	1729	3.52058e+006	47021	2992	3.61325e+006	3.28593e+006	
347	4.7826e+006	12197	20282	2233	5589	3625	1671	3.52509e+006	47127	2888	3.61614e+006	3.28907e+006	
348	4.77981e+006	11780	19420	2156	5385	3490	1597	3.52946e+006	47230	2783	3.61892e+006	3.29202e+006	
349	4.77717e+006	11309	18668	2082	5167	3369	1546	3.53365e+006	47331	2647	3.62157e+006	3.2949e+006	
350	4.7746e+006	10880	17961	1991	4960	3234	1489	3.53769e+006	47422	2563	3.62413e+006	3.29767e+006	
351	4.77216e+006	10432	17230	1912	4780	3116	1430	3.54159e+006	47512	2440	3.62657e+006	3.30034e+006	
352	4.76985e+006	9966	16529	1842	4583	3013	1381	3.54536e+006	47602	2316	3.62889e+006	3.30291e+006	
353	4.76757e+006	9596	15860	1767	4388	2902	1330	3.54897e+006	47686	2277	3.63117e+006	3.30537e+006	
354	4.76542e+006	9187	15282	1707	4192	2801	1290	3.55239e+006	47765	2154	3.63332e+006	3.30773e+006	
355	4.76338e+006	8787	14668	1644	4053	2678	1239	3.55569e+006	47844	2040	3.63536e+006	3.30998e+006	
356	4.76137e+006	8473	14051	1586	3886	2572	1195	3.55888e+006	47920	2003	3.63736e+006	3.31212e+006	
357	4.75947e+006	8100	13509	1517	3715	2476	1151	3.56195e+006	47998	1903	3.63927e+006	3.31423e+006	
358	4.75761e+006	7804	12947	1450	3564	2384	1116	3.56491e+006	48071	1858	3.64113e+006	3.31622e+006	
359	4.75584e+006	7540	12394	1395	3426	2284	1070	3.56772e+006	48137	1776	3.6429e+006	3.3181e+006	
360	4.75415e+006	7220	11890	1339	3312	2197	1026	3.57042e+006	48205	1682	3.64458e+006	3.31995e+006	
361	4.75255e+006	6924	11415	1278	3163	2104	987	3.57303e+006	48273	1608	3.64619e+006	3.3217e+006	
362	4.75098e+006	6636	11010	1224	3026	2010	936	3.57552e+006	48335	1570	3.64776e+006	3.32343e+006	
363	4.74946e+006	6375	10548	1186	2901	1931	898	3.57795e+006	48389	1516	3.64928e+006	3.32506e+006	
364	4.74802e+006	6139	10120	1143	2777	1855	858	3.58024e+006	48448	1445	3.65072e+006	3.32661e+006	
External infections start at day 1 and end at:	19	Number of imported cases each day	4	
Number of contacts per day:	7	
Number of contacts per day:	7	
Number of days asymptomatic patients are infectious before symptomatic	2	
Probability of transmission from exposed patients:	0.0418	
Probability of transmission from mild symptomatic patients:	0.0418	
Probability of transmission from hospitalized patients:	0	
Probability of transmission from ICU patients:	0	
Probability of testing for mild symptomatic patients:	0.75	

Adherence to Social Distancing parameters:
Day 0:	0	
Day 10:	0.2	
Day 20:	0.8	
Day 30:	0.8	
Day 40:	0.9	
Day 50:	0.9	
Day 60:	0.9	
