Day	Susceptible-LB	Susceptible-UB	Exposed-LB	Exposed-UB	Current Detected Mild Infections-LB	Current Detected Mild Infections-UB	Current Undetected Mild Infections-LB	Current Undetected Mild Infections-UB	Current Hospitalizations-LB	Current Hospitalizations-UB	Current ICU patients-LB	Current ICU patients-UB	ventilators-LB	ventilators-UB	Recovered-LB	Recovered-UB	Deaths-LB	Deaths-UB	new infections today-LB	new infections today-UB	total number of infections-LB	total number of infections-UB	Confirmed total number of infections-LB	Confirmed total number of infections-UB	
0	8.39842e+006	8.39842e+006	320	320	0	0	0	0	0	0	0	0	0	0	0	0	0	0	0	0	320	320	0	0	
1	8.39835e+006	8.39835e+006	384	384	0	0	0	0	0	0	0	0	0	0	0	0	0	0	64	64	384	384	0	0	
2	8.39829e+006	8.39829e+006	448	448	0	0	0	0	0	0	0	0	0	0	0	0	0	0	64	64	448	448	0	0	
3	8.39814e+006	8.39815e+006	583	595	0	0	0	0	0	0	0	0	0	0	0	0	0	0	135	147	583	595	0	0	
4	8.398e+006	8.39802e+006	401	418	238	250	70	82	0	0	0	0	0	0	0	0	0	0	134	147	721	738	238	250	
5	8.39785e+006	8.39787e+006	485	506	286	299	85	98	0	0	0	0	0	0	0	0	0	0	143	157	869	890	286	299	
6	8.39766e+006	8.39769e+006	597	627	333	348	100	115	0	0	0	0	0	0	0	0	0	0	171	190	1045	1075	333	348	
7	8.39745e+006	8.39749e+006	660	695	436	457	135	151	0	0	0	0	0	0	0	0	0	0	196	216	1247	1286	437	456	
8	8.3972e+006	8.39725e+006	756	802	539	563	170	188	0	0	0	0	0	0	0	0	0	0	231	254	1482	1535	541	561	
9	8.39691e+006	8.39698e+006	883	937	649	678	206	226	0	0	0	0	0	0	0	0	0	0	269	294	1757	1822	652	675	
10	8.39658e+006	8.39666e+006	1023	1086	538	574	175	193	51	60	0	0	0	0	260	269	0	0	311	339	2075	2155	794	824	
11	8.39627e+006	8.39636e+006	1122	1191	644	688	206	226	64	74	0	0	0	0	310	320	0	0	294	322	2375	2471	952	987	
12	8.39589e+006	8.39601e+006	1241	1318	776	833	245	267	76	88	0	0	0	0	360	372	0	0	349	382	2730	2846	1134	1180	
13	8.39545e+006	8.39559e+006	1387	1471	872	940	281	309	103	118	0	0	0	0	470	487	0	0	414	447	3150	3288	1343	1396	
14	8.395e+006	8.39516e+006	1494	1584	1015	1095	315	345	129	146	0	0	0	0	583	602	0	0	416	454	3574	3734	1596	1663	
15	8.3945e+006	8.39469e+006	1666	1767	1129	1222	350	385	158	177	0	0	0	0	701	724	0	0	467	505	4047	4233	1833	1911	
16	8.39394e+006	8.39416e+006	1843	1959	1260	1365	398	434	138	155	24	29	18	22	873	902	0	0	528	572	4580	4799	2103	2197	
17	8.39331e+006	8.39357e+006	2010	2141	1418	1535	455	497	169	189	27	34	20	23	1039	1074	0	0	579	631	5166	5423	2429	2540	
18	8.39264e+006	8.39293e+006	2231	2368	1546	1675	511	557	204	226	30	38	21	25	1236	1284	0	0	636	682	5811	6096	2751	2878	
19	8.39188e+006	8.3922e+006	2478	2632	1699	1842	554	605	229	252	37	45	25	29	1481	1537	0	0	712	771	6533	6857	3123	3265	
20	8.39111e+006	8.39148e+006	2669	2836	1848	2009	618	675	268	293	46	55	29	35	1748	1821	0	0	717	777	7259	7625	3535	3701	
21	8.39026e+006	8.39068e+006	2876	3059	2060	2240	694	749	296	320	54	65	33	39	2011	2100	0	0	787	854	8052	8472	3991	4191	
22	8.38932e+006	8.3898e+006	3117	3328	2279	2472	760	820	335	362	63	74	37	44	2319	2424	0	0	875	953	8938	9414	4507	4727	
23	8.38829e+006	8.38882e+006	3376	3602	2507	2721	829	896	372	403	74	87	41	49	2688	2812	0	0	971	1044	9917	10450	5079	5329	
24	8.38717e+006	8.38776e+006	3704	3950	2736	2969	901	971	402	436	90	103	48	57	3067	3211	0	0	1047	1124	10973	11566	5643	5926	
25	8.38596e+006	8.38663e+006	4047	4314	2973	3236	981	1055	440	479	105	119	57	67	3485	3651	0	0	1128	1219	12109	12776	6264	6589	
26	8.38463e+006	8.38538e+006	4414	4701	3230	3519	1072	1152	478	521	97	111	46	57	3971	4166	17	19	1242	1340	13360	14108	6955	7322	
27	8.38318e+006	8.38401e+006	4802	5115	3513	3825	1176	1265	534	582	108	123	51	63	4490	4714	18	20	1358	1459	14727	15557	7710	8119	
28	8.38163e+006	8.38256e+006	5197	5551	3809	4152	1288	1383	591	641	124	139	58	70	5061	5312	18	21	1445	1557	16181	17105	8528	8983	
29	8.37996e+006	8.38098e+006	5635	6012	4109	4487	1397	1502	657	710	141	158	63	76	5700	5984	19	22	1564	1683	17755	18778	9410	9923	
30	8.37814e+006	8.37928e+006	6084	6495	4494	4913	1531	1645	720	776	155	172	69	82	6346	6670	20	24	1690	1823	19453	20593	10374	10950	
31	8.37616e+006	8.37743e+006	6570	7027	4907	5356	1686	1810	776	840	170	190	77	92	7064	7436	22	26	1843	1991	21306	22574	11427	12066	
32	8.374e+006	8.3754e+006	7146	7640	5326	5813	1831	1963	845	912	191	212	86	101	7859	8280	24	29	2020	2172	23338	24735	12550	13262	
33	8.37163e+006	8.37317e+006	7795	8344	5773	6302	1976	2115	919	991	213	238	95	112	8737	9211	27	32	2215	2385	25562	27110	13765	14559	
34	8.36907e+006	8.3708e+006	8475	9086	6246	6838	2135	2288	996	1069	236	260	107	124	9690	10219	31	37	2369	2566	27940	29667	15085	15963	
35	8.36631e+006	8.36822e+006	9201	9863	6767	7415	2319	2494	1065	1137	265	292	118	136	10727	11325	34	41	2571	2766	30521	32424	16519	17490	
36	8.36332e+006	8.36541e+006	9972	10691	7344	8045	2514	2702	1170	1255	288	315	126	145	11845	12509	39	46	2791	3000	33322	35413	18096	19168	
37	8.36007e+006	8.36237e+006	10795	11567	7973	8746	2733	2936	1298	1392	318	346	139	160	13053	13785	42	50	3035	3263	36368	38666	19818	21011	
38	8.35654e+006	8.35907e+006	11709	12539	8648	9506	2973	3194	1405	1509	350	380	153	175	14362	15180	46	55	3286	3535	39662	42193	21661	22993	
39	8.35273e+006	8.3555e+006	12697	13598	9389	10329	3225	3468	1525	1633	380	415	168	191	15779	16688	52	61	3563	3822	43233	46007	23673	25141	
40	8.3486e+006	8.35164e+006	13763	14735	10195	11214	3510	3770	1652	1771	424	463	190	213	17298	18311	59	68	3858	4136	47101	50133	25846	27461	
41	8.34414e+006	8.34746e+006	14891	15950	11087	12187	3801	4079	1797	1930	461	503	204	229	18962	20088	65	75	4167	4475	51275	54601	28218	29995	
42	8.33923e+006	8.34288e+006	16174	17326	12192	13392	3955	4243	1949	2091	496	541	223	249	20797	22043	72	82	4566	4913	55852	59502	30952	32920	
43	8.33394e+006	8.33792e+006	17569	18802	13397	14688	4091	4391	2111	2259	545	592	247	273	22806	24189	78	91	4955	5301	60817	64794	33925	36093	
44	8.32818e+006	8.33252e+006	19107	20438	14717	16095	4254	4561	2297	2466	587	637	268	296	24949	26485	86	99	5395	5773	66221	70557	37144	39527	
45	8.32196e+006	8.3267e+006	20751	22190	16118	17617	4434	4762	2487	2676	633	685	287	317	27283	28974	97	110	5810	6228	72040	76777	40612	43238	
46	8.3153e+006	8.32046e+006	22411	23946	17686	19322	4634	4976	2699	2912	690	745	316	347	29804	31656	108	122	6227	6668	78276	83435	44404	47305	
47	8.30812e+006	8.31374e+006	24164	25839	19367	21120	4868	5222	2931	3166	745	807	341	375	32552	34581	119	134	6708	7195	84993	90621	48524	51700	
48	8.30023e+006	8.30635e+006	26156	27963	21070	22948	5264	5641	3180	3438	812	882	375	414	35516	37749	130	147	7388	7896	92390	98507	53004	56480	
49	8.29171e+006	8.29836e+006	28323	30268	22834	24875	5729	6138	3434	3705	882	958	409	448	38749	41205	145	162	7978	8532	100376	107031	57793	61597	
50	8.28253e+006	8.28976e+006	30691	32783	24720	26924	6197	6637	3734	4017	945	1031	440	486	42236	44923	164	184	8594	9184	108978	116207	62939	67090	
51	8.27259e+006	8.28047e+006	33256	35535	26733	29115	6708	7182	4057	4364	1024	1117	482	530	45992	48942	179	200	9271	9949	118263	126143	68478	73012	
52	8.26175e+006	8.27034e+006	35989	38487	28974	31525	7267	7777	4399	4726	1125	1225	529	582	50107	53360	194	217	10119	10849	128392	136982	74585	79519	
53	8.25001e+006	8.25935e+006	38997	41709	31356	34120	7888	8433	4779	5114	1210	1318	572	629	54589	58148	214	239	10986	11754	139385	148729	81148	86529	
54	8.23743e+006	8.24758e+006	42165	45112	33846	36830	8569	9162	5169	5524	1323	1439	626	688	59471	63360	233	259	11762	12586	151155	161307	88212	94060	
55	8.22386e+006	8.23491e+006	45555	48745	36600	39841	9250	9898	5605	5999	1428	1552	674	739	64725	68965	257	285	12663	13580	163830	174875	95871	102248	
56	8.20922e+006	8.22116e+006	49174	52546	39701	43236	10008	10717	6055	6478	1539	1673	725	792	70377	74999	281	309	13739	14649	177580	189514	104241	111204	
57	8.19331e+006	8.20623e+006	53107	56714	43087	46910	10873	11630	6558	7010	1670	1812	783	854	76437	81491	304	334	14918	15924	192508	205428	113284	120877	
58	8.17617e+006	8.19022e+006	57343	61275	46563	50706	11738	12558	7122	7617	1802	1954	843	917	83108	88597	332	364	15998	17147	208515	222565	123002	131267	
59	8.15782e+006	8.17304e+006	61846	66056	50298	54807	12653	13540	7713	8250	1962	2122	919	1001	90314	96290	361	396	17167	18360	225693	240914	133463	142471	
60	8.13783e+006	8.15429e+006	66850	71410	54399	59236	13662	14611	8345	8924	2126	2294	988	1073	98084	104584	394	434	18742	20004	244444	260909	144800	154542	
61	8.11639e+006	8.1342e+006	72008	76939	58865	64036	14817	15811	9009	9624	2298	2483	1066	1157	106499	113589	430	472	20077	21452	264533	282350	157071	167635	
62	8.09324e+006	8.11251e+006	77696	82948	63494	69097	16016	17100	9755	10423	2484	2676	1147	1242	115658	123388	472	518	21687	23155	286229	305496	170255	181745	
63	8.06844e+006	8.08922e+006	83811	89400	68390	74425	17245	18433	10558	11297	2692	2894	1243	1344	125596	133994	517	567	23281	24813	309519	330299	184419	196868	
64	8.04168e+006	8.06407e+006	90207	96162	73896	80380	18665	19951	11393	12194	2928	3143	1349	1452	136249	145372	565	617	25134	26769	334667	357055	199859	213328	
65	8.0129e+006	8.03701e+006	97183	103501	79768	86724	20148	21536	12306	13199	3182	3411	1470	1579	147704	157616	615	671	27050	28794	361730	385836	216429	231012	
66	7.98199e+006	8.00796e+006	104525	111271	86064	93589	21736	23243	13307	14279	3461	3710	1597	1720	160118	170821	668	729	29029	30925	390772	416749	234315	250087	
67	7.94874e+006	7.97671e+006	112486	119711	95146	103180	21049	22509	14433	15478	3733	3991	1729	1857	173591	185192	726	791	31240	33256	422025	449992	255870	273049	
68	7.91326e+006	7.9433e+006	120753	128436	104986	113484	20388	21784	15583	16717	4050	4327	1872	2007	188071	200689	786	858	33402	35493	455436	485475	279108	297772	
69	7.87508e+006	7.90737e+006	129620	137831	115639	124665	19659	20996	16792	17994	4381	4688	2019	2165	203640	217333	851	928	35918	38188	491365	523653	304135	324376	
70	7.8343e+006	7.86894e+006	139014	147703	126812	136453	18812	20090	18119	19406	4739	5069	2193	2345	220635	235460	921	1004	38420	40799	529799	564437	330995	352961	
71	7.79066e+006	7.82771e+006	148986	158106	138937	149196	17910	19092	19562	20916	5152	5509	2380	2546	238794	254867	996	1086	41215	43657	571029	608079	359909	383732	
72	7.744e+006	7.78366e+006	159616	169281	151714	162583	16891	17999	21122	22573	5556	5951	2553	2739	258448	275824	1077	1173	44032	46668	615074	654736	390829	416558	
73	7.69457e+006	7.73686e+006	170486	180538	163017	174628	18174	19380	22738	24290	6024	6451	2767	2968	279563	298316	1168	1268	46788	49445	661876	704165	423620	451389	
74	7.64165e+006	7.68675e+006	182156	192673	174957	187316	19486	20756	24514	26136	6479	6943	2982	3199	302375	322628	1271	1376	50088	52936	711983	757083	458691	488614	
75	7.58556e+006	7.63362e+006	194063	205119	187707	200764	20865	22206	26410	28122	6985	7488	3194	3433	326925	348758	1382	1496	53120	56104	765115	813175	496343	528460	
76	7.52595e+006	7.57702e+006	206620	218075	201198	214998	22342	23752	28463	30305	7540	8072	3448	3700	353239	376777	1500	1623	56588	59627	821717	872788	536564	571077	
77	7.46262e+006	7.51683e+006	220009	231970	215110	229563	23923	25428	30604	32580	8167	8742	3724	3999	381599	406948	1623	1753	60174	63341	881906	936115	579285	616180	
78	7.39567e+006	7.45306e+006	233674	246003	230148	245355	25541	27110	32843	34917	8827	9448	4031	4329	411979	439242	1759	1897	63757	66966	945678	1.00307e+006	625093	664569	
79	7.32507e+006	7.38574e+006	247863	260510	245574	261501	27269	28928	35246	37463	9523	10189	4358	4677	444655	473964	1913	2066	67306	70614	1.013e+006	1.07366e+006	673590	715754	
80	7.25044e+006	7.31438e+006	262609	275538	261872	278461	29099	30836	37877	40258	10287	10995	4712	5055	479538	510980	2069	2233	71335	74655	1.08436e+006	1.1483e+006	725278	770182	
81	7.17191e+006	7.23925e+006	277551	290743	278876	296185	31022	32829	40691	43220	11073	11811	5076	5428	516996	550661	2238	2418	75116	78545	1.15949e+006	1.22683e+006	780268	828026	
82	7.08972e+006	7.16042e+006	292609	305983	296591	314473	33011	34860	43583	46244	11950	12739	5495	5867	557095	593171	2415	2611	78813	82208	1.23832e+006	1.30901e+006	838523	889217	
83	7.00348e+006	7.07749e+006	308204	321633	315073	333605	35014	36929	46615	49394	12857	13700	5901	6303	599754	638274	2620	2827	82897	86268	1.32124e+006	1.39526e+006	900064	953743	
84	6.91326e+006	6.99067e+006	323671	337214	334092	353096	37229	39170	49915	52866	13851	14749	6339	6770	645354	686447	2830	3053	86798	90240	1.40806e+006	1.48547e+006	965215	1.02192e+006	
85	6.81923e+006	6.90004e+006	339167	352720	353944	373387	39364	41328	53325	56410	14884	15845	6832	7299	693818	737651	3058	3299	90612	94052	1.4987e+006	1.57951e+006	1.03392e+006	1.09373e+006	
86	6.7216e+006	6.80572e+006	354646	368174	373972	393773	41549	43536	56806	60042	16008	17048	7336	7838	745571	792166	3302	3562	94290	97663	1.59302e+006	1.67714e+006	1.10598e+006	1.16888e+006	
87	6.62014e+006	6.70742e+006	370014	383400	394398	414400	43842	45840	60449	63848	17214	18324	7905	8441	800640	850123	3572	3851	98255	101504	1.69132e+006	1.7786e+006	1.18175e+006	1.24769e+006	
88	6.51531e+006	6.60564e+006	384979	398010	415126	435352	46145	48172	64304	67842	18439	19601	8464	9025	859046	911495	3857	4158	101759	104854	1.7931e+006	1.88343e+006	1.26109e+006	1.33016e+006	
89	6.40716e+006	6.50034e+006	399630	412134	436106	456456	48473	50504	68326	71974	19703	20904	9037	9610	920756	976309	4183	4507	105265	108176	1.89839e+006	1.99157e+006	1.34401e+006	1.4162e+006	
90	6.29606e+006	6.39181e+006	413833	425611	456804	477206	50711	52781	72364	76109	21086	22360	9636	10245	986340	1.04499e+006	4531	4876	108474	111158	2.00692e+006	2.10268e+006	1.43031e+006	1.50553e+006	
91	6.18205e+006	6.28021e+006	427131	438164	477587	497783	53089	55140	76688	80518	22571	23927	10325	10979	1.0553e+006	1.11715e+006	4894	5262	111547	114064	2.11852e+006	2.21669e+006	1.52022e+006	1.59835e+006	
92	6.06579e+006	6.16613e+006	439402	449623	498241	518126	55391	57434	81044	84921	24073	25498	11039	11728	1.12789e+006	1.19295e+006	5282	5680	114022	116320	2.23261e+006	2.33294e+006	1.61337e+006	1.69431e+006	
93	5.94752e+006	6.04967e+006	450535	459776	518439	537859	57587	59581	85525	89412	25678	27180	11797	12513	1.20431e+006	1.27259e+006	5691	6113	116394	118332	2.34906e+006	2.45122e+006	1.70982e+006	1.79338e+006	
94	5.82771e+006	5.93138e+006	460272	468510	538033	556663	59705	61660	89963	93862	27384	28952	12599	13342	1.28453e+006	1.35611e+006	6146	6593	118206	119897	2.46736e+006	2.57102e+006	1.80923e+006	1.89515e+006	
95	5.70636e+006	5.81118e+006	468844	475878	556920	574597	61813	63678	94468	98443	29199	30814	13433	14187	1.36836e+006	1.44317e+006	6635	7114	120096	121454	2.58756e+006	2.69238e+006	1.91144e+006	1.99958e+006	
96	5.58436e+006	5.69009e+006	475803	481668	574763	591314	63795	65524	98968	102967	31023	32696	14289	15072	1.45583e+006	1.53385e+006	7154	7667	120934	122157	2.70865e+006	2.81438e+006	2.01598e+006	2.10616e+006	
97	5.46173e+006	5.56786e+006	481489	486115	591197	606418	65576	67173	103459	107383	32925	34638	15178	15977	1.54718e+006	1.62838e+006	7704	8248	121980	122880	2.83087e+006	2.93701e+006	2.12271e+006	2.21459e+006	
98	5.33933e+006	5.44554e+006	485335	488895	606033	619808	67272	68742	107834	111708	34868	36625	16068	16888	1.64205e+006	1.72626e+006	8305	8883	121940	122789	2.9532e+006	3.05941e+006	2.23111e+006	2.3244e+006	
99	5.21734e+006	5.32324e+006	487045	489911	619461	631615	68793	70096	112152	115955	36941	38744	17002	17847	1.74033e+006	1.82739e+006	8923	9530	121709	122568	3.0755e+006	3.18139e+006	2.34133e+006	2.43571e+006	
100	5.09662e+006	5.20176e+006	486682	489392	630700	641275	70165	71283	116429	120093	38972	40795	17960	18818	1.84184e+006	1.93157e+006	9629	10277	120566	121642	3.19698e+006	3.30212e+006	2.45233e+006	2.5476e+006	
101	4.97698e+006	5.08104e+006	484125	487448	640267	648973	71248	72185	120532	123949	40989	42842	18865	19735	1.9466e+006	2.03892e+006	10345	11029	119516	120844	3.3177e+006	3.42176e+006	2.5645e+006	2.6602e+006	
102	4.85906e+006	4.96171e+006	479868	484226	647598	654494	72081	72887	124361	127538	43120	44991	19829	20703	2.05396e+006	2.14865e+006	11101	11827	117827	119423	3.43702e+006	3.53968e+006	2.67678e+006	2.77258e+006	
103	4.7436e+006	4.84448e+006	473456	479051	652761	658041	72564	73245	127861	130826	45289	47143	20801	21667	2.16393e+006	2.26063e+006	11919	12686	115377	117313	3.55426e+006	3.65514e+006	2.7892e+006	2.88477e+006	
104	4.63027e+006	4.72902e+006	466112	472969	655291	659307	72757	73360	131203	133891	47307	49159	21745	22616	2.27598e+006	2.37447e+006	12786	13591	113262	115520	3.66972e+006	3.76846e+006	2.90087e+006	2.99581e+006	
105	4.51987e+006	4.61619e+006	456917	465033	654811	658697	72692	73323	134117	136544	49332	51158	22697	23554	2.39032e+006	2.49024e+006	13687	14538	110346	112882	3.78254e+006	3.87886e+006	3.01188e+006	3.10586e+006	
106	4.41281e+006	4.50649e+006	446065	455402	651766	656662	72272	72984	136509	138598	51396	53163	23613	24443	2.50596e+006	2.60717e+006	14667	15560	106997	109770	3.89225e+006	3.98592e+006	3.12166e+006	3.21443e+006	
107	4.30899e+006	4.39972e+006	434452	444917	645486	651992	71605	72430	138556	140345	53420	55126	24528	25316	2.62307e+006	2.72506e+006	15686	16626	103778	106813	3.99902e+006	4.08975e+006	3.22959e+006	3.32079e+006	
108	4.20888e+006	4.2965e+006	421270	432647	637364	645738	70741	71723	140042	141512	55406	57045	25464	26235	2.7408e+006	2.84332e+006	16752	17735	100076	103253	4.10224e+006	4.18986e+006	3.33588e+006	3.42516e+006	
109	4.11278e+006	4.19708e+006	406979	419223	626802	637089	69728	70899	141147	142322	57261	58842	26310	27061	2.85896e+006	2.96159e+006	17874	18899	96062	99451	4.20165e+006	4.28595e+006	3.43974e+006	3.52685e+006	
110	4.02049e+006	4.10136e+006	392230	405221	614431	626550	68379	69718	141572	142549	59058	60547	27133	27847	2.97693e+006	3.07928e+006	19049	20111	92258	95759	4.29738e+006	4.37824e+006	3.54083e+006	3.62555e+006	
111	3.93251e+006	4.00996e+006	376411	389829	600127	614037	66829	68315	141406	142365	60726	62109	27886	28545	3.09469e+006	3.1965e+006	20272	21386	87961	91419	4.38877e+006	4.46623e+006	3.63929e+006	3.7213e+006	
112	3.84848e+006	3.92235e+006	360324	374221	584039	599559	65085	66705	140899	142000	62227	63456	28565	29164	3.21144e+006	3.3124e+006	21562	22718	83995	87640	4.47638e+006	4.55026e+006	3.73457e+006	3.81376e+006	
113	3.76833e+006	3.83866e+006	344383	358492	566602	583617	63120	64872	139536	140826	63529	64620	29188	29724	3.32708e+006	3.42676e+006	22924	24119	80120	83724	4.56008e+006	4.6304e+006	3.82639e+006	3.90256e+006	
114	3.69273e+006	3.75949e+006	327699	341925	547676	565966	60974	62831	138010	139588	64661	65611	29685	30153	3.44123e+006	3.53928e+006	24284	25518	75577	79189	4.63924e+006	4.70601e+006	3.91484e+006	3.98785e+006	
115	3.62132e+006	3.68454e+006	311117	325491	527529	546761	58671	60637	135654	137611	65700	66539	30151	30573	3.55354e+006	3.6497e+006	25696	26972	71383	74981	4.7142e+006	4.77742e+006	3.99925e+006	4.06916e+006	
116	3.55392e+006	3.61365e+006	294491	308775	506751	526884	56399	58432	133049	135378	66374	67096	30503	30882	3.6633e+006	3.75732e+006	27169	28486	67372	70921	4.78509e+006	4.84481e+006	4.08021e+006	4.14683e+006	
117	3.4906e+006	3.54688e+006	277658	291850	485470	506180	53993	56075	129819	132519	66804	67423	30702	31022	3.77093e+006	3.86258e+006	28674	30017	63294	66791	4.85185e+006	4.90814e+006	4.15763e+006	4.22098e+006	
118	3.43108e+006	3.48403e+006	261578	275537	463323	484480	51613	53738	126200	129241	67068	67602	30795	31058	3.87557e+006	3.96462e+006	30216	31582	59497	62877	4.91471e+006	4.96766e+006	4.23081e+006	4.29089e+006	
119	3.37543e+006	3.42527e+006	245819	259341	440994	462367	49266	51378	122456	125797	66975	67490	30795	31040	3.97687e+006	4.06308e+006	31767	33163	55623	58786	4.97347e+006	5.0233e+006	4.30012e+006	4.35693e+006	
120	3.32338e+006	3.37008e+006	230475	243638	418511	439947	46838	48985	118301	121920	66663	67257	30659	30946	4.07504e+006	4.15827e+006	33377	34798	52029	55217	5.02866e+006	5.07536e+006	4.36571e+006	4.41933e+006	
121	3.27497e+006	3.31869e+006	215570	228256	396281	417763	44409	46533	114002	117806	66093	66802	30435	30782	4.16934e+006	4.24957e+006	34973	36419	48390	51408	5.08005e+006	5.12377e+006	4.42749e+006	4.47794e+006	
122	3.22963e+006	3.2705e+006	201381	213592	374254	395480	41934	44056	109489	113471	65303	66136	30062	30455	4.26028e+006	4.33728e+006	36612	38066	45307	48214	5.12823e+006	5.1691e+006	4.48571e+006	4.53309e+006	
123	3.18743e+006	3.22557e+006	187934	199761	352225	373021	39464	41581	105074	109122	64213	65221	29563	30033	4.34757e+006	4.42131e+006	38255	39715	42179	44952	5.17316e+006	5.21131e+006	4.54021e+006	4.58474e+006	
124	3.14841e+006	3.18396e+006	174900	186185	331149	351517	37026	39078	100316	104444	63036	64202	29030	29581	4.43079e+006	4.50122e+006	39888	41357	38996	41641	5.21478e+006	5.25033e+006	4.59143e+006	4.63306e+006	
125	3.11226e+006	3.14533e+006	162630	173438	310563	330351	34642	36648	95536	99701	61510	62829	28293	28931	4.51019e+006	4.57729e+006	41544	43013	36121	38659	5.25341e+006	5.28647e+006	4.63913e+006	4.67802e+006	
126	3.07881e+006	3.10954e+006	150747	161041	290836	309979	32347	34270	90681	94868	59941	61399	27559	28264	4.58572e+006	4.6495e+006	43160	44630	33429	35811	5.2892e+006	5.31993e+006	4.68392e+006	4.72017e+006	
127	3.0477e+006	3.0763e+006	139648	149355	271910	290334	30196	32038	85940	90127	58167	59734	26745	27506	4.65724e+006	4.71771e+006	44816	46259	31078	33268	5.32244e+006	5.35103e+006	4.72566e+006	4.75939e+006	
128	3.01913e+006	3.04572e+006	129201	138315	253526	271210	28121	29884	81158	85291	56250	57940	25878	26696	4.72507e+006	4.78231e+006	46461	47885	28548	30602	5.35301e+006	5.37961e+006	4.76433e+006	4.79567e+006	
129	2.99269e+006	3.01744e+006	119486	127972	235976	253037	26205	27894	76350	80405	54314	56112	24954	25829	4.78898e+006	4.84315e+006	48025	49438	26408	28315	5.3813e+006	5.40604e+006	4.80023e+006	4.82927e+006	
130	2.96822e+006	2.99118e+006	110501	118444	219270	235527	24348	25961	71831	75791	52194	54068	23962	24873	4.84926e+006	4.9003e+006	49587	50980	24441	26285	5.40755e+006	5.43052e+006	4.83353e+006	4.86041e+006	
131	2.94586e+006	2.96716e+006	101757	109233	203730	219157	22615	24152	67333	71204	50031	51960	22955	23897	4.90581e+006	4.95389e+006	51116	52477	22336	24056	5.43158e+006	5.45288e+006	4.86447e+006	4.88936e+006	
132	2.92522e+006	2.94498e+006	93821	100833	188656	203229	20980	22418	63045	66790	47800	49776	21939	22911	4.95912e+006	5.00431e+006	52588	53910	20612	22201	5.45375e+006	5.47352e+006	4.89293e+006	4.91596e+006	
133	2.90617e+006	2.92456e+006	86420	92980	174528	188232	19373	20742	58904	62521	45616	47595	20930	21913	5.00905e+006	5.05144e+006	54027	55309	19007	20462	5.47418e+006	5.49257e+006	4.91927e+006	4.94059e+006	
134	2.88865e+006	2.90571e+006	79467	85578	161469	174366	17921	19209	54913	58403	43390	45384	19895	20883	5.05562e+006	5.09535e+006	55407	56646	17489	18883	5.49303e+006	5.51009e+006	4.94373e+006	4.96339e+006	
135	2.87259e+006	2.88848e+006	73152	78790	149117	161191	16539	17729	51119	54463	41153	43152	18897	19889	5.09906e+006	5.13623e+006	56763	57949	16020	17268	5.51026e+006	5.52614e+006	4.96609e+006	4.98421e+006	
136	2.85786e+006	2.8727e+006	67230	72402	137614	148891	15261	16384	47502	50668	38917	40899	17871	18843	5.13963e+006	5.17429e+006	58033	59184	14692	15812	5.52603e+006	5.54087e+006	4.98672e+006	5.00344e+006	
137	2.84436e+006	2.85822e+006	61686	66471	126809	137349	14032	15082	44165	47170	36732	38682	16876	17826	5.17735e+006	5.20972e+006	59267	60378	13464	14529	5.54052e+006	5.55438e+006	5.00577e+006	5.02122e+006	
138	2.83196e+006	2.84488e+006	56553	60974	116907	126783	12914	13890	40944	43777	34560	36466	15872	16796	5.21235e+006	5.24254e+006	60450	61525	12357	13385	5.55386e+006	5.56678e+006	5.02338e+006	5.03758e+006	
139	2.82055e+006	2.83266e+006	51893	55968	107570	116786	11899	12805	37912	40552	32440	34298	14927	15814	5.2449e+006	5.27305e+006	61584	62605	11359	12263	5.56608e+006	5.57818e+006	5.03944e+006	5.05258e+006	
140	2.81015e+006	2.82151e+006	47555	51354	98843	107335	10912	11748	35086	37553	30413	32221	13990	14865	5.27516e+006	5.30135e+006	62652	63632	10352	11200	5.57723e+006	5.58859e+006	5.05414e+006	5.06631e+006	
141	2.80055e+006	2.8112e+006	43642	47179	90895	98730	10015	10799	32459	34802	28441	30183	13090	13918	5.30297e+006	5.32736e+006	63660	64587	9554	10352	5.58754e+006	5.59818e+006	5.06763e+006	5.07892e+006	
142	2.7918e+006	2.80181e+006	39989	43236	83485	90759	9200	9924	29915	32115	26563	28226	12233	13011	5.32884e+006	5.35151e+006	64606	65494	8703	9443	5.59693e+006	5.60694e+006	5.08004e+006	5.09048e+006	
143	2.78376e+006	2.79324e+006	36623	39589	76577	83298	8490	9156	27557	29616	24727	26316	11371	12109	5.35278e+006	5.37388e+006	65506	66364	7994	8614	5.6055e+006	5.61498e+006	5.09138e+006	5.10107e+006	
144	2.77639e+006	2.78537e+006	33585	36313	70141	76316	7805	8439	25378	27287	23009	24521	10573	11267	5.37488e+006	5.39448e+006	66373	67187	7313	7926	5.61337e+006	5.62234e+006	5.10175e+006	5.11078e+006	
145	2.76965e+006	2.77815e+006	30723	33228	64326	70049	7181	7763	23325	25131	21371	22799	9820	10462	5.3952e+006	5.41347e+006	67167	67944	6692	7267	5.62058e+006	5.62909e+006	5.11133e+006	5.11973e+006	
146	2.7635e+006	2.7716e+006	28121	30386	58931	64268	6610	7152	21395	23055	19814	21167	9105	9721	5.41393e+006	5.43097e+006	67917	68657	6100	6601	5.62713e+006	5.63524e+006	5.12004e+006	5.12789e+006	
147	2.75782e+006	2.76557e+006	25755	27860	54019	58913	6070	6573	19627	21142	18343	19630	8417	9002	5.43119e+006	5.44709e+006	68585	69294	5625	6091	5.63317e+006	5.64092e+006	5.12801e+006	5.13541e+006	
148	2.75272e+006	2.76012e+006	23493	25432	49517	53992	5554	6009	18058	19477	16953	18175	7763	8321	5.44703e+006	5.46184e+006	69219	69897	5051	5497	5.63862e+006	5.64602e+006	5.13536e+006	5.14231e+006	
149	2.74798e+006	2.7551e+006	21477	23243	45360	49508	5056	5484	16601	17907	15641	16786	7150	7681	5.4616e+006	5.47544e+006	69820	70470	4679	5076	5.64364e+006	5.65076e+006	5.14207e+006	5.14864e+006	
150	2.74365e+006	2.75053e+006	19654	21272	41567	45363	4619	5010	15214	16422	14444	15503	6602	7086	5.47496e+006	5.48789e+006	70381	71006	4276	4631	5.64821e+006	5.65509e+006	5.14817e+006	5.15441e+006	
151	2.73967e+006	2.74631e+006	17956	19447	38063	41519	4214	4573	13941	15064	13330	14324	6083	6543	5.48729e+006	5.49939e+006	70893	71495	3926	4267	5.65243e+006	5.65907e+006	5.1538e+006	5.15974e+006	
152	2.73603e+006	2.74247e+006	16501	17839	34800	37963	3841	4168	12781	13837	12275	13204	5590	6023	5.49854e+006	5.50989e+006	71378	71956	3593	3892	5.65627e+006	5.66271e+006	5.15885e+006	5.16454e+006	
153	2.73276e+006	2.73902e+006	15036	16261	31828	34767	3509	3813	11746	12727	11291	12149	5151	5552	5.50882e+006	5.51953e+006	71825	72383	3214	3496	5.65971e+006	5.66598e+006	5.16351e+006	5.16898e+006	
154	2.72972e+006	2.73583e+006	13746	14878	29092	31768	3221	3505	10779	11671	10360	11160	4736	5115	5.51833e+006	5.52839e+006	72245	72786	2988	3245	5.66291e+006	5.66901e+006	5.16774e+006	5.17305e+006	
155	2.72698e+006	2.73293e+006	12518	13556	26610	29052	2948	3210	9851	10687	9536	10283	4350	4707	5.52703e+006	5.53653e+006	72616	73142	2698	2946	5.66581e+006	5.67176e+006	5.17165e+006	5.17678e+006	
156	2.72446e+006	2.73027e+006	11402	12364	24367	26604	2696	2937	9020	9783	8758	9450	3980	4311	5.53496e+006	5.54396e+006	72963	73478	2479	2699	5.66846e+006	5.67428e+006	5.17521e+006	5.18021e+006	
157	2.72213e+006	2.72783e+006	10470	11353	22184	24237	2476	2701	8239	8926	8073	8704	3669	3970	5.54228e+006	5.55081e+006	73276	73783	2282	2486	5.67091e+006	5.67661e+006	5.17838e+006	5.18327e+006	
158	2.72003e+006	2.72562e+006	9539	10356	20334	22195	2276	2480	7540	8163	7405	7986	3377	3654	5.5489e+006	5.557e+006	73572	74070	2058	2248	5.67312e+006	5.6787e+006	5.18133e+006	5.18613e+006	
159	2.7181e+006	2.72359e+006	8731	9481	18552	20262	2087	2273	6880	7456	6824	7357	3109	3360	5.55499e+006	5.56273e+006	73833	74323	1892	2068	5.67514e+006	5.68064e+006	5.18399e+006	5.1887e+006	
160	2.71631e+006	2.72173e+006	8000	8687	16951	18529	1901	2064	6254	6777	6246	6732	2850	3082	5.56062e+006	5.56804e+006	74076	74559	1749	1905	5.67701e+006	5.68242e+006	5.18645e+006	5.19109e+006	
161	2.71474e+006	2.72008e+006	7255	7884	15482	16921	1732	1885	5707	6182	5726	6175	2615	2831	5.56576e+006	5.57287e+006	74302	74779	1536	1683	5.67865e+006	5.684e+006	5.18871e+006	5.19328e+006	
162	2.71326e+006	2.71855e+006	6636	7210	14089	15426	1592	1733	5258	5702	5243	5657	2406	2607	5.57039e+006	5.57725e+006	74505	74978	1437	1577	5.68019e+006	5.68547e+006	5.19075e+006	5.19526e+006	
163	2.71191e+006	2.71714e+006	6063	6583	12916	14146	1450	1577	4814	5222	4808	5194	2201	2388	5.57458e+006	5.58121e+006	74696	75165	1319	1441	5.6816e+006	5.68683e+006	5.19261e+006	5.19708e+006	
164	2.71069e+006	2.71587e+006	5502	5983	11800	12927	1331	1452	4419	4800	4394	4752	2010	2181	5.57844e+006	5.58489e+006	74883	75347	1188	1304	5.68287e+006	5.68805e+006	5.19432e+006	5.19876e+006	
165	2.70956e+006	2.7147e+006	5061	5505	10758	11791	1208	1327	4010	4360	4014	4345	1831	1990	5.58203e+006	5.58828e+006	75031	75494	1098	1202	5.68404e+006	5.68918e+006	5.19583e+006	5.20024e+006	
166	2.70851e+006	2.71361e+006	4640	5048	9817	10766	1112	1225	3674	4008	3674	3975	1684	1828	5.58527e+006	5.59135e+006	75164	75627	1016	1120	5.68513e+006	5.69022e+006	5.19724e+006	5.20164e+006	
167	2.7076e+006	2.71266e+006	4211	4586	8952	9819	1021	1121	3365	3669	3356	3639	1539	1677	5.58824e+006	5.59418e+006	75300	75759	889	978	5.68608e+006	5.69114e+006	5.19853e+006	5.20292e+006	
168	2.70672e+006	2.71175e+006	3875	4219	8178	8970	931	1020	3038	3322	3094	3355	1427	1551	5.59096e+006	5.59675e+006	75423	75882	851	939	5.68699e+006	5.69202e+006	5.19971e+006	5.20408e+006	
169	2.70593e+006	2.71092e+006	3542	3864	7467	8190	847	934	2781	3044	2813	3051	1305	1421	5.59344e+006	5.59911e+006	75542	75998	767	845	5.68781e+006	5.69281e+006	5.20079e+006	5.20514e+006	
170	2.70519e+006	2.71017e+006	3231	3523	6820	7490	765	847	2534	2775	2560	2788	1186	1295	5.59573e+006	5.6013e+006	75646	76102	704	780	5.68857e+006	5.69354e+006	5.20179e+006	5.20614e+006	
171	2.70453e+006	2.70948e+006	2984	3258	6253	6868	687	762	2334	2556	2344	2551	1083	1182	5.59773e+006	5.6032e+006	75742	76196	641	714	5.68926e+006	5.69421e+006	5.20268e+006	5.20702e+006	
172	2.70391e+006	2.70885e+006	2724	2974	5730	6292	628	697	2139	2338	2148	2340	983	1077	5.5996e+006	5.60499e+006	75828	76279	594	652	5.68989e+006	5.69482e+006	5.20352e+006	5.20785e+006	
173	2.70336e+006	2.70828e+006	2490	2723	5237	5757	570	635	1958	2136	1967	2150	902	993	5.60132e+006	5.60663e+006	75905	76355	533	594	5.69046e+006	5.69538e+006	5.20427e+006	5.2086e+006	
174	2.70285e+006	2.70775e+006	2271	2486	4799	5277	527	588	1788	1948	1804	1975	825	913	5.60288e+006	5.60812e+006	75974	76426	486	542	5.69098e+006	5.69588e+006	5.20497e+006	5.20929e+006	
175	2.7024e+006	2.70729e+006	2061	2255	4393	4841	479	534	1630	1781	1645	1803	755	835	5.60432e+006	5.60951e+006	76039	76490	431	484	5.69144e+006	5.69633e+006	5.20561e+006	5.20992e+006	
176	2.70197e+006	2.70684e+006	1884	2068	4023	4427	428	477	1492	1631	1501	1655	687	767	5.60565e+006	5.61079e+006	76096	76544	416	466	5.69189e+006	5.69677e+006	5.20619e+006	5.21051e+006	
177	2.70159e+006	2.70646e+006	1712	1877	3696	4070	401	448	1360	1488	1364	1504	622	696	5.60682e+006	5.61192e+006	76158	76605	361	403	5.69228e+006	5.69714e+006	5.20671e+006	5.21103e+006	
178	2.70123e+006	2.70608e+006	1575	1726	3368	3714	363	408	1242	1359	1229	1361	558	630	5.60795e+006	5.61301e+006	76207	76654	349	392	5.69266e+006	5.69751e+006	5.2072e+006	5.21151e+006	
179	2.70091e+006	2.70575e+006	1449	1593	3066	3387	331	371	1128	1238	1125	1251	510	578	5.60896e+006	5.61398e+006	76251	76697	304	351	5.69299e+006	5.69783e+006	5.20762e+006	5.21194e+006	
180	2.7006e+006	2.70543e+006	1328	1461	2804	3101	306	343	1033	1134	1031	1145	472	536	5.60987e+006	5.61486e+006	76294	76739	295	334	5.69331e+006	5.69814e+006	5.20803e+006	5.21235e+006	
181	2.70033e+006	2.70515e+006	1224	1347	2554	2821	276	310	942	1038	937	1044	428	489	5.61072e+006	5.61567e+006	76331	76776	257	288	5.69358e+006	5.69841e+006	5.20839e+006	5.21271e+006	
182	2.70007e+006	2.70489e+006	1120	1236	2328	2577	258	293	870	958	856	954	397	452	5.61148e+006	5.61641e+006	76364	76810	246	279	5.69385e+006	5.69867e+006	5.20874e+006	5.21305e+006	
183	2.69984e+006	2.70465e+006	1028	1133	2128	2360	231	265	805	889	783	871	362	411	5.61218e+006	5.61708e+006	76393	76838	214	247	5.69408e+006	5.6989e+006	5.20904e+006	5.21336e+006	
184	2.69963e+006	2.70444e+006	931	1025	1956	2171	214	246	736	815	709	787	329	373	5.61282e+006	5.6177e+006	76422	76868	198	226	5.6943e+006	5.69911e+006	5.20934e+006	5.21365e+006	
185	2.69944e+006	2.70424e+006	851	941	1798	1991	199	230	666	744	642	714	299	338	5.6134e+006	5.61827e+006	76447	76893	177	205	5.69449e+006	5.69929e+006	5.20959e+006	5.2139e+006	
186	2.69926e+006	2.70405e+006	779	861	1652	1832	174	202	607	681	590	654	272	308	5.61394e+006	5.6188e+006	76471	76916	174	200	5.69469e+006	5.69948e+006	5.20984e+006	5.21415e+006	
187	2.69909e+006	2.70388e+006	720	797	1518	1690	161	187	558	623	538	600	250	284	5.61442e+006	5.61926e+006	76493	76938	155	183	5.69486e+006	5.69964e+006	5.21005e+006	5.21437e+006	
188	2.69894e+006	2.70372e+006	663	739	1379	1536	149	175	508	570	496	552	228	260	5.61487e+006	5.6197e+006	76512	76956	143	166	5.69501e+006	5.6998e+006	5.21025e+006	5.21456e+006	
189	2.69881e+006	2.70359e+006	609	683	1265	1405	136	161	458	515	450	500	208	237	5.61529e+006	5.6201e+006	76532	76977	124	148	5.69515e+006	5.69993e+006	5.21043e+006	5.21474e+006	
190	2.69868e+006	2.70346e+006	552	620	1159	1286	122	144	419	471	417	462	194	220	5.61567e+006	5.62047e+006	76546	76991	115	139	5.69528e+006	5.70005e+006	5.21061e+006	5.21492e+006	
191	2.69857e+006	2.70334e+006	501	563	1069	1195	109	130	385	432	382	424	179	204	5.61601e+006	5.6208e+006	76559	77003	105	124	5.6954e+006	5.70016e+006	5.21077e+006	5.21507e+006	
192	2.69847e+006	2.70324e+006	447	507	974	1090	102	122	354	396	349	389	161	184	5.61633e+006	5.62111e+006	76574	77019	91	108	5.6955e+006	5.70026e+006	5.21091e+006	5.21522e+006	
193	2.69838e+006	2.70313e+006	411	468	890	1000	94	114	325	366	320	359	150	172	5.61661e+006	5.62138e+006	76587	77032	88	109	5.6956e+006	5.70036e+006	5.21104e+006	5.21534e+006	
194	2.69829e+006	2.70304e+006	377	429	819	924	83	101	293	333	298	337	142	164	5.61687e+006	5.62164e+006	76599	77044	81	100	5.69569e+006	5.70044e+006	5.21116e+006	5.21546e+006	
195	2.6982e+006	2.70295e+006	350	405	755	853	75	92	270	306	272	310	130	151	5.6171e+006	5.62187e+006	76608	77053	80	99	5.69579e+006	5.70053e+006	5.21127e+006	5.21557e+006	
196	2.69812e+006	2.70286e+006	337	391	677	768	70	86	245	279	249	285	119	139	5.61734e+006	5.62209e+006	76617	77061	77	94	5.69587e+006	5.70062e+006	5.21136e+006	5.21566e+006	
197	2.69806e+006	2.7028e+006	306	357	613	701	65	81	228	260	227	260	108	128	5.61754e+006	5.62229e+006	76624	77069	58	74	5.69594e+006	5.70068e+006	5.21145e+006	5.21575e+006	
198	2.69799e+006	2.70272e+006	287	336	558	643	58	72	209	241	205	238	98	118	5.61773e+006	5.62248e+006	76633	77078	63	77	5.69601e+006	5.70075e+006	5.21154e+006	5.21583e+006	
199	2.69793e+006	2.70266e+006	259	303	520	599	53	66	189	217	186	219	88	106	5.6179e+006	5.62264e+006	76642	77088	52	65	5.69607e+006	5.70081e+006	5.21162e+006	5.21592e+006	
200	2.69787e+006	2.7026e+006	235	277	486	561	48	60	168	194	170	199	80	95	5.61806e+006	5.6228e+006	76649	77095	53	69	5.69614e+006	5.70087e+006	5.2117e+006	5.21599e+006	
201	2.69782e+006	2.70255e+006	224	263	437	514	47	60	152	176	155	182	72	86	5.61821e+006	5.62293e+006	76656	77102	47	60	5.69619e+006	5.70092e+006	5.21176e+006	5.21605e+006	
202	2.69778e+006	2.7025e+006	200	235	413	486	44	57	140	162	140	164	64	77	5.61833e+006	5.62305e+006	76662	77108	39	50	5.69624e+006	5.70096e+006	5.21183e+006	5.21612e+006	
203	2.69773e+006	2.70246e+006	186	220	383	450	37	51	125	145	127	149	57	69	5.61846e+006	5.62317e+006	76668	77114	39	51	5.69628e+006	5.70101e+006	5.21189e+006	5.21618e+006	
204	2.69769e+006	2.70242e+006	168	198	355	422	36	49	108	127	114	135	49	61	5.61858e+006	5.62328e+006	76675	77121	34	46	5.69632e+006	5.70105e+006	5.21194e+006	5.21623e+006	
205	2.69765e+006	2.70237e+006	159	190	325	388	32	44	99	118	107	126	46	58	5.61868e+006	5.62338e+006	76678	77124	38	51	5.69637e+006	5.70109e+006	5.212e+006	5.21628e+006	
206	2.69761e+006	2.70233e+006	156	184	291	347	30	40	93	111	98	116	41	52	5.61878e+006	5.62348e+006	76681	77127	34	45	5.69641e+006	5.70113e+006	5.21204e+006	5.21632e+006	
207	2.69757e+006	2.70229e+006	146	173	277	327	27	35	84	101	91	108	38	48	5.61887e+006	5.62356e+006	76685	77130	30	40	5.69644e+006	5.70116e+006	5.21208e+006	5.21636e+006	
208	2.69754e+006	2.70226e+006	136	165	251	297	25	32	76	93	83	98	34	43	5.61895e+006	5.62364e+006	76688	77134	26	36	5.69648e+006	5.70119e+006	5.21212e+006	5.2164e+006	
209	2.69751e+006	2.70223e+006	124	150	234	282	25	35	74	90	77	91	32	41	5.61902e+006	5.6237e+006	76692	77138	27	36	5.69651e+006	5.70122e+006	5.21216e+006	5.21644e+006	
210	2.69748e+006	2.7022e+006	118	142	218	262	23	32	70	88	68	81	27	36	5.61909e+006	5.62377e+006	76694	77140	28	38	5.69654e+006	5.70126e+006	5.21219e+006	5.21647e+006	
211	2.69745e+006	2.70216e+006	116	139	201	242	22	32	65	81	62	75	26	33	5.61915e+006	5.62383e+006	76697	77143	28	36	5.69657e+006	5.70129e+006	5.21223e+006	5.21651e+006	
212	2.69742e+006	2.70214e+006	111	133	190	230	21	31	58	72	57	70	23	30	5.61921e+006	5.62389e+006	76699	77145	21	29	5.6966e+006	5.70131e+006	5.21225e+006	5.21653e+006	
213	2.6974e+006	2.70211e+006	104	125	178	216	20	30	58	72	51	63	22	28	5.61926e+006	5.62393e+006	76701	77148	21	28	5.69662e+006	5.70134e+006	5.21228e+006	5.21656e+006	
214	2.69738e+006	2.70209e+006	95	114	172	211	19	28	52	65	44	56	19	24	5.61931e+006	5.62399e+006	76703	77150	19	26	5.69665e+006	5.70136e+006	5.21231e+006	5.21659e+006	
215	2.69736e+006	2.70207e+006	85	102	164	200	16	24	48	63	41	51	17	23	5.61936e+006	5.62403e+006	76705	77152	17	25	5.69667e+006	5.70138e+006	5.21235e+006	5.21662e+006	
216	2.69733e+006	2.70205e+006	82	99	152	185	16	23	46	59	37	47	16	21	5.61941e+006	5.62408e+006	76707	77154	19	26	5.69669e+006	5.7014e+006	5.21237e+006	5.21665e+006	
217	2.69732e+006	2.70203e+006	77	95	144	175	14	21	44	57	35	45	15	21	5.61945e+006	5.62412e+006	76708	77155	16	23	5.69671e+006	5.70142e+006	5.21239e+006	5.21667e+006	
218	2.69729e+006	2.702e+006	76	95	137	167	13	20	43	55	31	41	13	19	5.61948e+006	5.62415e+006	76709	77156	19	26	5.69673e+006	5.70144e+006	5.21241e+006	5.21669e+006	
219	2.69727e+006	2.70198e+006	76	93	130	158	12	18	41	53	29	38	12	18	5.61952e+006	5.62418e+006	76711	77158	16	23	5.69675e+006	5.70146e+006	5.21243e+006	5.21671e+006	
220	2.69726e+006	2.70197e+006	72	87	120	147	12	17	41	52	27	35	11	17	5.61955e+006	5.62422e+006	76712	77159	15	21	5.69677e+006	5.70148e+006	5.21245e+006	5.21673e+006	
221	2.69724e+006	2.70195e+006	71	86	110	136	10	16	38	49	26	34	11	16	5.61959e+006	5.62425e+006	76713	77160	16	22	5.69679e+006	5.7015e+006	5.21247e+006	5.21675e+006	
222	2.69722e+006	2.70193e+006	67	80	108	134	9	15	34	45	25	33	11	16	5.61962e+006	5.62428e+006	76714	77160	14	21	5.69681e+006	5.70152e+006	5.21249e+006	5.21677e+006	
223	2.6972e+006	2.70191e+006	63	79	106	129	8	13	33	43	25	32	11	16	5.61964e+006	5.62431e+006	76714	77161	13	21	5.69683e+006	5.70153e+006	5.21251e+006	5.21679e+006	
224	2.69719e+006	2.7019e+006	60	74	102	124	8	13	32	42	23	30	10	16	5.61967e+006	5.62433e+006	76715	77162	11	16	5.69684e+006	5.70155e+006	5.21253e+006	5.2168e+006	
225	2.69718e+006	2.70188e+006	56	69	99	122	8	13	29	38	20	27	8	14	5.6197e+006	5.62436e+006	76717	77163	11	18	5.69685e+006	5.70156e+006	5.21255e+006	5.21682e+006	
226	2.69716e+006	2.70187e+006	53	66	97	117	6	12	25	34	19	26	8	13	5.61972e+006	5.62438e+006	76717	77163	12	17	5.69687e+006	5.70158e+006	5.21256e+006	5.21684e+006	
227	2.69715e+006	2.70185e+006	50	63	94	114	7	12	22	30	18	25	7	12	5.61975e+006	5.62441e+006	76718	77164	11	17	5.69688e+006	5.70159e+006	5.21258e+006	5.21685e+006	
228	2.69713e+006	2.70184e+006	52	65	87	105	6	10	22	30	17	24	7	12	5.61977e+006	5.62443e+006	76718	77164	12	18	5.6969e+006	5.7016e+006	5.21259e+006	5.21687e+006	
229	2.69712e+006	2.70183e+006	51	62	80	100	7	12	20	28	15	22	7	11	5.6198e+006	5.62445e+006	76719	77165	10	15	5.69691e+006	5.70162e+006	5.21261e+006	5.21688e+006	
230	2.6971e+006	2.70181e+006	51	62	78	97	6	11	18	26	15	22	6	11	5.61982e+006	5.62447e+006	76719	77165	12	18	5.69692e+006	5.70163e+006	5.21262e+006	5.21689e+006	
231	2.69709e+006	2.7018e+006	48	60	75	93	6	9	19	27	14	21	6	10	5.61983e+006	5.62449e+006	76720	77166	9	14	5.69694e+006	5.70164e+006	5.21263e+006	5.21691e+006	
232	2.69708e+006	2.70179e+006	47	59	72	90	6	10	19	26	13	19	5	9	5.61985e+006	5.62451e+006	76721	77167	11	17	5.69695e+006	5.70166e+006	5.21265e+006	5.21692e+006	
233	2.69706e+006	2.70177e+006	48	61	68	84	6	10	18	25	12	18	5	9	5.61987e+006	5.62452e+006	76722	77168	11	17	5.69696e+006	5.70167e+006	5.21266e+006	5.21693e+006	
234	2.69705e+006	2.70176e+006	47	59	69	86	6	10	18	25	12	18	4	8	5.61989e+006	5.62454e+006	76722	77168	10	15	5.69698e+006	5.70169e+006	5.21267e+006	5.21695e+006	
235	2.69704e+006	2.70175e+006	45	57	67	83	6	10	18	24	12	18	5	8	5.6199e+006	5.62455e+006	76722	77168	8	13	5.69699e+006	5.7017e+006	5.21268e+006	5.21696e+006	
236	2.69703e+006	2.70174e+006	45	56	67	83	6	10	18	24	12	18	4	8	5.61991e+006	5.62457e+006	76722	77168	10	16	5.697e+006	5.70171e+006	5.2127e+006	5.21697e+006	
237	2.69701e+006	2.70172e+006	45	56	66	82	6	11	15	22	10	16	4	7	5.61993e+006	5.62458e+006	76723	77169	11	17	5.69701e+006	5.70172e+006	5.21271e+006	5.21698e+006	
238	2.697e+006	2.70171e+006	45	57	64	81	6	10	14	20	11	16	4	7	5.61995e+006	5.6246e+006	76723	77169	10	16	5.69703e+006	5.70174e+006	5.21272e+006	5.217e+006	
239	2.69699e+006	2.7017e+006	44	56	62	79	5	10	14	19	10	16	3	7	5.61996e+006	5.62461e+006	76724	77170	8	12	5.69704e+006	5.70175e+006	5.21273e+006	5.21701e+006	
240	2.69698e+006	2.70169e+006	43	54	60	76	6	11	12	18	9	14	3	6	5.61998e+006	5.62463e+006	76724	77170	9	14	5.69705e+006	5.70176e+006	5.21274e+006	5.21702e+006	
241	2.69697e+006	2.70168e+006	40	51	62	79	6	10	12	18	8	13	2	6	5.61999e+006	5.62464e+006	76725	77170	8	13	5.69706e+006	5.70177e+006	5.21275e+006	5.21703e+006	
242	2.69696e+006	2.70166e+006	39	50	62	78	5	10	12	18	8	13	3	6	5.62001e+006	5.62466e+006	76725	77170	10	15	5.69707e+006	5.70178e+006	5.21277e+006	5.21704e+006	
243	2.69694e+006	2.70165e+006	40	52	58	74	5	9	12	18	7	13	2	6	5.62002e+006	5.62467e+006	76725	77171	9	15	5.69708e+006	5.70179e+006	5.21277e+006	5.21705e+006	
244	2.69694e+006	2.70165e+006	37	49	58	74	5	9	12	19	7	12	2	6	5.62003e+006	5.62468e+006	76725	77171	6	11	5.69709e+006	5.7018e+006	5.21279e+006	5.21706e+006	
245	2.69692e+006	2.70164e+006	38	48	57	74	5	9	12	18	6	11	2	5	5.62004e+006	5.6247e+006	76725	77171	8	12	5.6971e+006	5.70181e+006	5.21279e+006	5.21707e+006	
246	2.69691e+006	2.70162e+006	38	49	57	73	5	9	12	18	6	11	2	5	5.62006e+006	5.62471e+006	76725	77171	10	16	5.69711e+006	5.70183e+006	5.21281e+006	5.21709e+006	
247	2.6969e+006	2.70161e+006	40	50	54	71	5	10	11	17	6	12	2	6	5.62007e+006	5.62472e+006	76726	77171	11	16	5.69713e+006	5.70184e+006	5.21282e+006	5.2171e+006	
248	2.69689e+006	2.7016e+006	41	52	50	66	5	9	11	16	6	12	2	6	5.62008e+006	5.62474e+006	76726	77172	8	13	5.69714e+006	5.70185e+006	5.21282e+006	5.21711e+006	
249	2.69688e+006	2.70159e+006	42	55	50	65	6	10	10	15	6	11	2	5	5.6201e+006	5.62475e+006	76726	77172	10	15	5.69715e+006	5.70186e+006	5.21283e+006	5.21711e+006	
250	2.69686e+006	2.70158e+006	40	52	50	65	7	11	9	14	6	11	2	5	5.62011e+006	5.62476e+006	76726	77172	8	13	5.69716e+006	5.70187e+006	5.21284e+006	5.21712e+006	
251	2.69685e+006	2.70157e+006	39	51	52	68	7	12	9	15	6	10	1	5	5.62012e+006	5.62477e+006	76726	77172	9	15	5.69717e+006	5.70188e+006	5.21285e+006	5.21714e+006	
252	2.69684e+006	2.70156e+006	38	49	51	66	6	10	10	15	6	11	1	5	5.62013e+006	5.62478e+006	76726	77172	7	11	5.69718e+006	5.70189e+006	5.21286e+006	5.21715e+006	
253	2.69683e+006	2.70155e+006	35	45	52	68	5	10	9	15	5	10	1	5	5.62014e+006	5.6248e+006	76727	77173	7	11	5.69719e+006	5.7019e+006	5.21288e+006	5.21716e+006	
254	2.69682e+006	2.70154e+006	36	46	54	69	6	10	9	16	6	11	2	5	5.62015e+006	5.6248e+006	76727	77173	9	14	5.6972e+006	5.70191e+006	5.21288e+006	5.21717e+006	
255	2.69681e+006	2.70153e+006	35	44	56	72	5	9	10	16	5	10	1	5	5.62016e+006	5.62481e+006	76727	77173	8	13	5.69721e+006	5.70192e+006	5.2129e+006	5.21718e+006	
256	2.6968e+006	2.70152e+006	38	48	53	69	4	8	11	18	5	10	2	5	5.62017e+006	5.62483e+006	76727	77173	9	15	5.69722e+006	5.70194e+006	5.2129e+006	5.21719e+006	
257	2.69679e+006	2.7015e+006	39	51	49	64	4	8	11	17	5	9	1	5	5.62018e+006	5.62484e+006	76727	77173	9	14	5.69723e+006	5.70195e+006	5.21291e+006	5.2172e+006	
258	2.69678e+006	2.70149e+006	38	49	50	65	4	8	11	17	4	8	1	4	5.6202e+006	5.62485e+006	76727	77173	7	13	5.69724e+006	5.70196e+006	5.21292e+006	5.21721e+006	
259	2.69677e+006	2.70148e+006	37	49	49	63	4	8	11	17	4	8	1	4	5.62021e+006	5.62486e+006	76727	77173	8	13	5.69725e+006	5.70197e+006	5.21293e+006	5.21722e+006	
260	2.69676e+006	2.70147e+006	36	47	50	64	4	8	12	18	4	8	1	5	5.62022e+006	5.62487e+006	76727	77173	8	12	5.69726e+006	5.70198e+006	5.21294e+006	5.21723e+006	
261	2.69675e+006	2.70146e+006	36	47	49	63	5	9	11	17	4	8	2	5	5.62023e+006	5.62489e+006	76728	77173	9	14	5.69727e+006	5.70199e+006	5.21295e+006	5.21724e+006	
262	2.69674e+006	2.70145e+006	37	48	50	65	5	9	10	16	4	8	2	5	5.62024e+006	5.6249e+006	76728	77174	8	13	5.69728e+006	5.702e+006	5.21296e+006	5.21725e+006	
263	2.69672e+006	2.70144e+006	37	49	51	67	4	8	10	16	4	8	1	5	5.62025e+006	5.6249e+006	76728	77174	8	13	5.69729e+006	5.70201e+006	5.21297e+006	5.21726e+006	
264	2.69671e+006	2.70143e+006	37	49	50	65	4	8	9	14	4	8	1	5	5.62026e+006	5.62492e+006	76728	77174	8	13	5.69731e+006	5.70202e+006	5.21298e+006	5.21727e+006	
265	2.69671e+006	2.70142e+006	35	46	50	67	4	8	9	14	4	8	2	5	5.62027e+006	5.62493e+006	76728	77174	6	11	5.69731e+006	5.70203e+006	5.21299e+006	5.21728e+006	
266	2.69669e+006	2.70141e+006	36	47	51	67	3	7	9	14	4	9	2	5	5.62028e+006	5.62494e+006	76729	77175	9	14	5.69733e+006	5.70204e+006	5.213e+006	5.21729e+006	
267	2.69668e+006	2.7014e+006	36	48	50	66	3	6	9	15	4	9	2	5	5.62029e+006	5.62495e+006	76729	77175	8	14	5.69734e+006	5.70205e+006	5.21301e+006	5.2173e+006	
268	2.69667e+006	2.70139e+006	35	47	50	67	3	7	8	14	4	9	2	5	5.6203e+006	5.62496e+006	76729	77175	8	12	5.69735e+006	5.70206e+006	5.21302e+006	5.21731e+006	
269	2.69666e+006	2.70138e+006	39	52	50	65	3	6	8	15	4	9	2	6	5.62031e+006	5.62497e+006	76729	77175	10	16	5.69736e+006	5.70208e+006	5.21303e+006	5.21732e+006	
270	2.69665e+006	2.70137e+006	39	51	50	67	3	7	9	15	4	9	2	5	5.62032e+006	5.62498e+006	76729	77175	8	13	5.69737e+006	5.70209e+006	5.21304e+006	5.21733e+006	
271	2.69664e+006	2.70136e+006	38	50	49	65	4	8	10	16	5	10	2	5	5.62033e+006	5.62499e+006	76729	77175	8	13	5.69738e+006	5.7021e+006	5.21305e+006	5.21734e+006	
272	2.69663e+006	2.70134e+006	39	51	47	63	5	9	9	14	5	9	2	5	5.62034e+006	5.625e+006	76729	77175	8	14	5.69739e+006	5.70211e+006	5.21306e+006	5.21735e+006	
273	2.69662e+006	2.70133e+006	39	51	48	65	6	11	8	13	5	10	2	5	5.62035e+006	5.62501e+006	76729	77175	9	15	5.69741e+006	5.70212e+006	5.21307e+006	5.21736e+006	
274	2.6966e+006	2.70132e+006	39	52	48	65	6	11	8	14	5	9	1	4	5.62036e+006	5.62502e+006	76730	77176	9	14	5.69742e+006	5.70213e+006	5.21308e+006	5.21737e+006	
275	2.6966e+006	2.70131e+006	38	51	50	67	6	11	8	14	5	9	2	5	5.62037e+006	5.62503e+006	76730	77176	7	13	5.69743e+006	5.70214e+006	5.21309e+006	5.21738e+006	
276	2.69658e+006	2.7013e+006	38	50	50	67	6	10	9	14	5	9	2	4	5.62038e+006	5.62504e+006	76731	77176	8	13	5.69744e+006	5.70215e+006	5.2131e+006	5.21739e+006	
277	2.69657e+006	2.70129e+006	37	49	51	69	5	10	8	13	5	8	2	4	5.62039e+006	5.62506e+006	76731	77177	8	14	5.69745e+006	5.70216e+006	5.21311e+006	5.2174e+006	
278	2.69656e+006	2.70128e+006	36	47	53	71	5	9	8	13	4	8	2	4	5.6204e+006	5.62507e+006	76731	77177	8	12	5.69746e+006	5.70217e+006	5.21312e+006	5.21741e+006	
279	2.69655e+006	2.70127e+006	37	50	52	68	4	8	9	14	4	8	1	3	5.62042e+006	5.62508e+006	76731	77177	9	15	5.69747e+006	5.70219e+006	5.21313e+006	5.21742e+006	
280	2.69654e+006	2.70126e+006	38	51	51	68	4	8	9	15	4	8	1	3	5.62043e+006	5.62509e+006	76731	77177	9	14	5.69748e+006	5.7022e+006	5.21314e+006	5.21743e+006	
281	2.69653e+006	2.70125e+006	37	49	51	69	4	9	9	15	3	7	1	3	5.62044e+006	5.6251e+006	76731	77177	7	12	5.69749e+006	5.70221e+006	5.21315e+006	5.21744e+006	
282	2.69652e+006	2.70124e+006	37	50	50	67	4	9	9	14	3	6	1	2	5.62045e+006	5.62511e+006	76732	77178	8	13	5.6975e+006	5.70222e+006	5.21316e+006	5.21745e+006	
283	2.69651e+006	2.70122e+006	38	49	50	67	4	8	9	14	2	6	1	3	5.62046e+006	5.62512e+006	76732	77178	10	14	5.69751e+006	5.70223e+006	5.21317e+006	5.21746e+006	
284	2.6965e+006	2.70121e+006	39	51	49	67	5	9	9	14	3	7	1	3	5.62047e+006	5.62513e+006	76732	77178	10	15	5.69753e+006	5.70224e+006	5.21318e+006	5.21747e+006	
285	2.69648e+006	2.7012e+006	41	52	49	66	5	10	9	14	3	6	1	3	5.62048e+006	5.62514e+006	76732	77178	8	14	5.69754e+006	5.70225e+006	5.21319e+006	5.21748e+006	
286	2.69647e+006	2.70119e+006	43	55	50	67	4	9	9	15	3	6	1	3	5.62049e+006	5.62515e+006	76732	77178	11	16	5.69755e+006	5.70227e+006	5.2132e+006	5.21749e+006	
287	2.69646e+006	2.70117e+006	44	57	50	66	5	10	8	15	3	6	1	3	5.6205e+006	5.62516e+006	76732	77178	10	16	5.69757e+006	5.70228e+006	5.21321e+006	5.2175e+006	
288	2.69645e+006	2.70116e+006	43	55	52	69	5	10	10	17	3	6	1	3	5.62051e+006	5.62517e+006	76732	77178	8	13	5.69758e+006	5.70229e+006	5.21322e+006	5.21751e+006	
289	2.69644e+006	2.70115e+006	44	56	52	68	5	10	11	18	3	7	1	3	5.62052e+006	5.62518e+006	76732	77178	10	15	5.69759e+006	5.7023e+006	5.21324e+006	5.21752e+006	
290	2.69642e+006	2.70114e+006	44	56	55	71	5	9	11	18	3	7	1	4	5.62053e+006	5.62519e+006	76732	77178	10	16	5.6976e+006	5.70232e+006	5.21325e+006	5.21753e+006	
291	2.69641e+006	2.70112e+006	44	56	56	73	6	11	12	18	3	6	1	4	5.62054e+006	5.6252e+006	76733	77178	11	16	5.69761e+006	5.70233e+006	5.21326e+006	5.21754e+006	
292	2.6964e+006	2.70111e+006	45	56	56	73	6	11	11	17	4	8	1	4	5.62055e+006	5.62521e+006	76733	77178	9	14	5.69763e+006	5.70234e+006	5.21327e+006	5.21755e+006	
293	2.69638e+006	2.7011e+006	45	56	56	73	7	12	11	18	4	8	2	4	5.62057e+006	5.62523e+006	76733	77178	10	15	5.69764e+006	5.70235e+006	5.21328e+006	5.21756e+006	
294	2.69637e+006	2.70109e+006	43	55	58	75	6	11	10	16	4	8	2	4	5.62058e+006	5.62524e+006	76734	77179	9	14	5.69765e+006	5.70236e+006	5.21329e+006	5.21757e+006	
295	2.69636e+006	2.70107e+006	43	54	59	77	6	11	9	15	5	9	2	5	5.62059e+006	5.62525e+006	76734	77179	10	15	5.69766e+006	5.70238e+006	5.21331e+006	5.21759e+006	
296	2.69635e+006	2.70106e+006	43	55	58	74	6	11	10	16	5	9	2	5	5.6206e+006	5.62526e+006	76734	77179	9	15	5.69768e+006	5.70239e+006	5.21332e+006	5.2176e+006	
297	2.69634e+006	2.70105e+006	43	55	60	75	4	9	10	17	4	9	2	5	5.62062e+006	5.62527e+006	76734	77179	9	15	5.69769e+006	5.7024e+006	5.21333e+006	5.21761e+006	
298	2.69632e+006	2.70103e+006	45	57	60	76	5	9	10	16	5	9	2	5	5.62063e+006	5.62529e+006	76734	77179	11	17	5.6977e+006	5.70241e+006	5.21334e+006	5.21762e+006	
299	2.69631e+006	2.70102e+006	43	55	61	77	4	8	10	17	5	9	2	5	5.62064e+006	5.6253e+006	76734	77179	8	13	5.69771e+006	5.70242e+006	5.21335e+006	5.21763e+006	
300	2.6963e+006	2.70101e+006	41	53	59	75	5	9	11	17	5	9	2	5	5.62065e+006	5.62531e+006	76734	77179	7	12	5.69772e+006	5.70243e+006	5.21336e+006	5.21764e+006	
301	2.69629e+006	2.701e+006	40	52	58	74	5	9	12	19	5	9	2	5	5.62066e+006	5.62532e+006	76734	77179	9	14	5.69774e+006	5.70245e+006	5.21337e+006	5.21765e+006	
302	2.69628e+006	2.70099e+006	39	49	59	75	6	10	11	17	4	8	2	5	5.62068e+006	5.62534e+006	76734	77179	10	14	5.69775e+006	5.70246e+006	5.21339e+006	5.21767e+006	
303	2.69627e+006	2.70098e+006	39	50	57	74	5	10	11	17	5	9	2	5	5.62069e+006	5.62535e+006	76734	77179	8	13	5.69776e+006	5.70247e+006	5.2134e+006	5.21768e+006	
304	2.69626e+006	2.70097e+006	39	51	55	70	6	11	13	20	4	8	2	4	5.6207e+006	5.62536e+006	76735	77180	8	13	5.69777e+006	5.70248e+006	5.2134e+006	5.21768e+006	
305	2.69625e+006	2.70096e+006	40	50	54	70	6	11	12	19	4	7	1	4	5.62071e+006	5.62537e+006	76735	77180	10	14	5.69778e+006	5.70249e+006	5.21342e+006	5.2177e+006	
306	2.69624e+006	2.70094e+006	39	50	54	70	6	11	12	18	4	7	2	4	5.62073e+006	5.62538e+006	76735	77180	8	13	5.69779e+006	5.7025e+006	5.21343e+006	5.21771e+006	
307	2.69623e+006	2.70093e+006	39	50	52	68	6	11	12	18	4	7	2	5	5.62074e+006	5.6254e+006	76735	77180	9	13	5.6978e+006	5.70251e+006	5.21344e+006	5.21772e+006	
308	2.69621e+006	2.70092e+006	40	52	49	65	6	10	11	17	4	8	2	5	5.62075e+006	5.62541e+006	76735	77180	10	14	5.69782e+006	5.70252e+006	5.21344e+006	5.21773e+006	
309	2.6962e+006	2.70091e+006	39	51	50	65	6	11	10	16	3	7	2	5	5.62076e+006	5.62542e+006	76735	77181	8	13	5.69783e+006	5.70253e+006	5.21346e+006	5.21774e+006	
310	2.69619e+006	2.7009e+006	39	50	53	69	5	9	10	16	4	9	2	5	5.62077e+006	5.62543e+006	76735	77181	8	13	5.69784e+006	5.70255e+006	5.21347e+006	5.21775e+006	
311	2.69618e+006	2.70089e+006	39	51	53	68	5	9	11	16	5	10	2	5	5.62078e+006	5.62544e+006	76735	77181	9	14	5.69785e+006	5.70256e+006	5.21348e+006	5.21776e+006	
312	2.69617e+006	2.70088e+006	37	48	53	68	5	9	11	16	4	9	2	5	5.6208e+006	5.62545e+006	76735	77181	7	12	5.69786e+006	5.70257e+006	5.21349e+006	5.21777e+006	
313	2.69616e+006	2.70087e+006	37	48	51	67	6	10	10	15	5	9	2	4	5.62081e+006	5.62546e+006	76735	77181	8	13	5.69787e+006	5.70258e+006	5.2135e+006	5.21778e+006	
314	2.69615e+006	2.70086e+006	36	48	53	68	5	9	11	17	4	9	2	4	5.62082e+006	5.62547e+006	76735	77181	8	13	5.69788e+006	5.70259e+006	5.21351e+006	5.21779e+006	
315	2.69614e+006	2.70085e+006	37	48	52	68	5	9	12	18	4	8	1	4	5.62083e+006	5.62548e+006	76735	77181	9	15	5.69789e+006	5.7026e+006	5.21352e+006	5.2178e+006	
316	2.69612e+006	2.70083e+006	39	53	50	66	6	10	11	17	4	8	1	4	5.62084e+006	5.6255e+006	76736	77181	10	16	5.6979e+006	5.70261e+006	5.21353e+006	5.21781e+006	
317	2.69611e+006	2.70082e+006	42	56	49	65	6	10	10	16	4	8	1	3	5.62085e+006	5.62551e+006	76736	77181	10	17	5.69792e+006	5.70263e+006	5.21354e+006	5.21781e+006	
318	2.6961e+006	2.70081e+006	43	57	48	64	6	10	11	17	3	7	0	2	5.62087e+006	5.62552e+006	76736	77182	9	13	5.69793e+006	5.70264e+006	5.21354e+006	5.21782e+006	
319	2.69609e+006	2.7008e+006	43	57	49	66	5	9	11	17	3	7	0	2	5.62088e+006	5.62553e+006	76736	77182	9	15	5.69794e+006	5.70265e+006	5.21356e+006	5.21784e+006	
320	2.69608e+006	2.70078e+006	40	54	52	69	5	9	11	16	3	6	0	2	5.62089e+006	5.62554e+006	76736	77182	8	13	5.69795e+006	5.70266e+006	5.21357e+006	5.21785e+006	
321	2.69607e+006	2.70077e+006	39	52	54	72	5	9	10	16	2	5	0	2	5.6209e+006	5.62555e+006	76736	77182	9	15	5.69796e+006	5.70267e+006	5.21358e+006	5.21786e+006	
322	2.69606e+006	2.70076e+006	37	50	55	73	5	9	10	16	3	6	1	2	5.62091e+006	5.62556e+006	76736	77182	7	12	5.69797e+006	5.70268e+006	5.21359e+006	5.21787e+006	
323	2.69604e+006	2.70075e+006	39	52	55	75	5	9	10	16	3	6	0	2	5.62092e+006	5.62557e+006	76736	77182	11	17	5.69799e+006	5.70269e+006	5.2136e+006	5.21788e+006	
324	2.69603e+006	2.70074e+006	42	55	56	75	5	9	9	15	4	7	1	3	5.62093e+006	5.62558e+006	76736	77182	11	16	5.698e+006	5.70271e+006	5.21361e+006	5.21789e+006	
325	2.69602e+006	2.70072e+006	41	54	56	76	4	8	9	16	4	7	1	3	5.62094e+006	5.62559e+006	76737	77182	8	14	5.69801e+006	5.70272e+006	5.21362e+006	5.2179e+006	
326	2.69601e+006	2.70071e+006	44	56	53	72	4	8	10	17	3	7	1	3	5.62095e+006	5.62561e+006	76737	77182	9	14	5.69802e+006	5.70273e+006	5.21363e+006	5.21791e+006	
327	2.69599e+006	2.7007e+006	43	56	53	71	4	9	11	18	3	7	0	2	5.62097e+006	5.62562e+006	76737	77182	11	16	5.69804e+006	5.70274e+006	5.21365e+006	5.21792e+006	
328	2.69598e+006	2.70069e+006	42	53	55	73	5	9	10	17	4	7	0	2	5.62098e+006	5.62563e+006	76737	77182	9	14	5.69805e+006	5.70275e+006	5.21366e+006	5.21793e+006	
329	2.69597e+006	2.70067e+006	44	54	55	73	4	9	11	18	3	7	0	2	5.62099e+006	5.62564e+006	76737	77182	11	15	5.69806e+006	5.70277e+006	5.21367e+006	5.21795e+006	
330	2.69596e+006	2.70066e+006	44	56	56	73	4	9	11	18	3	6	0	2	5.621e+006	5.62565e+006	76737	77183	9	14	5.69807e+006	5.70278e+006	5.21368e+006	5.21796e+006	
331	2.69595e+006	2.70065e+006	42	52	56	74	5	9	10	16	4	7	1	3	5.62101e+006	5.62567e+006	76737	77183	8	13	5.69809e+006	5.70279e+006	5.21369e+006	5.21797e+006	
332	2.69594e+006	2.70064e+006	40	51	58	75	6	10	10	15	3	7	1	3	5.62102e+006	5.62568e+006	76737	77183	8	13	5.6981e+006	5.7028e+006	5.2137e+006	5.21798e+006	
333	2.69592e+006	2.70063e+006	40	52	58	74	6	10	9	15	4	7	1	4	5.62104e+006	5.62569e+006	76737	77183	11	16	5.69811e+006	5.70281e+006	5.21371e+006	5.21799e+006	
334	2.69591e+006	2.70062e+006	40	50	56	72	6	11	10	16	3	7	1	3	5.62105e+006	5.6257e+006	76737	77183	8	13	5.69812e+006	5.70282e+006	5.21372e+006	5.218e+006	
335	2.6959e+006	2.7006e+006	40	52	56	71	6	10	10	16	3	7	1	3	5.62106e+006	5.62571e+006	76737	77183	9	15	5.69813e+006	5.70283e+006	5.21373e+006	5.21801e+006	
336	2.69589e+006	2.70059e+006	42	55	55	70	6	11	9	16	4	7	1	4	5.62107e+006	5.62572e+006	76737	77183	10	15	5.69814e+006	5.70285e+006	5.21374e+006	5.21802e+006	
337	2.69588e+006	2.70058e+006	41	54	56	71	5	9	10	16	4	8	1	4	5.62109e+006	5.62574e+006	76738	77183	10	15	5.69816e+006	5.70286e+006	5.21376e+006	5.21803e+006	
338	2.69587e+006	2.70057e+006	42	55	54	70	6	10	9	16	4	8	2	4	5.6211e+006	5.62575e+006	76738	77183	9	14	5.69817e+006	5.70287e+006	5.21377e+006	5.21804e+006	
339	2.69586e+006	2.70056e+006	39	51	54	69	5	9	11	17	4	8	2	5	5.62111e+006	5.62576e+006	76738	77183	7	11	5.69818e+006	5.70288e+006	5.21378e+006	5.21805e+006	
340	2.69585e+006	2.70055e+006	39	50	54	70	5	10	11	17	4	8	2	5	5.62112e+006	5.62577e+006	76738	77183	9	14	5.69819e+006	5.70289e+006	5.21379e+006	5.21806e+006	
341	2.69584e+006	2.70053e+006	38	50	54	72	6	11	11	18	4	8	2	5	5.62113e+006	5.62578e+006	76738	77184	9	15	5.6982e+006	5.7029e+006	5.2138e+006	5.21807e+006	
342	2.69582e+006	2.70052e+006	38	50	55	72	6	11	12	19	4	8	2	5	5.62114e+006	5.62579e+006	76738	77184	9	14	5.69821e+006	5.70291e+006	5.21381e+006	5.21808e+006	
343	2.69581e+006	2.70051e+006	41	51	50	68	7	12	13	20	4	8	2	4	5.62115e+006	5.6258e+006	76739	77184	9	14	5.69823e+006	5.70292e+006	5.21382e+006	5.21809e+006	
344	2.6958e+006	2.7005e+006	43	54	52	69	6	11	13	20	3	7	2	4	5.62116e+006	5.62581e+006	76739	77184	11	17	5.69824e+006	5.70294e+006	5.21383e+006	5.2181e+006	
345	2.69579e+006	2.70049e+006	43	54	52	69	6	11	12	19	3	7	2	4	5.62118e+006	5.62583e+006	76739	77184	10	15	5.69825e+006	5.70295e+006	5.21384e+006	5.21811e+006	
346	2.69578e+006	2.70048e+006	42	53	53	69	4	9	12	18	3	7	2	4	5.62119e+006	5.62584e+006	76739	77184	7	12	5.69826e+006	5.70296e+006	5.21385e+006	5.21812e+006	
347	2.69577e+006	2.70047e+006	40	52	53	67	4	9	12	19	3	6	2	4	5.6212e+006	5.62585e+006	76739	77184	7	12	5.69827e+006	5.70297e+006	5.21386e+006	5.21813e+006	
348	2.69576e+006	2.70046e+006	37	47	55	70	4	9	11	17	3	6	2	5	5.62122e+006	5.62586e+006	76739	77184	8	12	5.69828e+006	5.70298e+006	5.21388e+006	5.21815e+006	
349	2.69575e+006	2.70045e+006	32	42	57	73	4	10	10	15	3	7	2	5	5.62123e+006	5.62587e+006	76739	77185	5	9	5.69829e+006	5.70299e+006	5.21389e+006	5.21816e+006	
350	2.69574e+006	2.70044e+006	31	41	56	72	4	9	11	17	3	7	2	5	5.62124e+006	5.62588e+006	76739	77185	7	12	5.6983e+006	5.703e+006	5.2139e+006	5.21817e+006	
351	2.69573e+006	2.70043e+006	34	44	55	69	4	9	11	17	3	7	2	4	5.62125e+006	5.62589e+006	76740	77185	10	15	5.69831e+006	5.70301e+006	5.2139e+006	5.21818e+006	
352	2.69572e+006	2.70041e+006	36	47	52	67	5	10	12	19	4	7	2	4	5.62126e+006	5.6259e+006	76740	77186	10	15	5.69832e+006	5.70302e+006	5.21391e+006	5.21818e+006	
353	2.6957e+006	2.7004e+006	40	53	48	64	5	9	12	19	4	8	2	5	5.62127e+006	5.62591e+006	76740	77186	10	15	5.69834e+006	5.70303e+006	5.21392e+006	5.21819e+006	
354	2.69569e+006	2.70039e+006	42	53	45	59	5	9	13	20	4	8	2	5	5.62128e+006	5.62592e+006	76740	77186	8	12	5.69835e+006	5.70304e+006	5.21393e+006	5.2182e+006	
355	2.69568e+006	2.70038e+006	40	51	45	60	4	8	14	22	5	9	2	5	5.62129e+006	5.62593e+006	76740	77186	8	13	5.69836e+006	5.70305e+006	5.21394e+006	5.21821e+006	
356	2.69567e+006	2.70037e+006	39	50	47	63	5	9	14	21	5	9	2	5	5.6213e+006	5.62594e+006	76740	77186	8	13	5.69837e+006	5.70306e+006	5.21395e+006	5.21822e+006	
357	2.69566e+006	2.70036e+006	38	49	49	65	5	9	13	20	5	9	2	5	5.62131e+006	5.62596e+006	76741	77186	9	15	5.69838e+006	5.70308e+006	5.21396e+006	5.21823e+006	
358	2.69565e+006	2.70035e+006	38	49	50	65	5	9	11	18	6	11	2	6	5.62132e+006	5.62597e+006	76741	77187	8	13	5.69839e+006	5.70309e+006	5.21397e+006	5.21824e+006	
359	2.69564e+006	2.70034e+006	39	49	53	68	5	9	10	16	6	11	2	6	5.62133e+006	5.62597e+006	76741	77187	9	13	5.6984e+006	5.7031e+006	5.21398e+006	5.21825e+006	
360	2.69563e+006	2.70033e+006	38	48	54	70	5	10	8	14	6	11	3	6	5.62134e+006	5.62598e+006	76741	77187	7	12	5.69841e+006	5.70311e+006	5.21399e+006	5.21826e+006	
361	2.69562e+006	2.70032e+006	36	47	54	69	5	9	9	15	6	11	3	6	5.62135e+006	5.626e+006	76741	77187	8	13	5.69842e+006	5.70312e+006	5.214e+006	5.21827e+006	
362	2.69561e+006	2.70031e+006	36	46	53	67	4	9	8	14	6	10	3	6	5.62137e+006	5.62601e+006	76741	77187	7	12	5.69843e+006	5.70313e+006	5.21401e+006	5.21828e+006	
363	2.6956e+006	2.7003e+006	36	47	51	65	5	9	9	15	5	10	2	6	5.62138e+006	5.62602e+006	76742	77187	9	14	5.69844e+006	5.70314e+006	5.21402e+006	5.21829e+006	
364	2.69559e+006	2.70028e+006	37	47	51	65	4	8	9	15	5	10	2	6	5.62139e+006	5.62603e+006	76742	77187	9	13	5.69845e+006	5.70315e+006	5.21403e+006	5.2183e+006	
