Day	Susceptible	Exposed	Current Detected Mild Infections	Current Undetected Mild Infections	Current Hospitalizations	Current ICU patients	ventilators	Recovered	Deaths	new infections today	total number of infections 	Confirmed total number of infections 	
0	8.39842e+006	320	0	0	0	0	0	0	0	0	320	0	
1	8.39835e+006	384	0	0	0	0	0	0	0	64	384	0	
2	8.39829e+006	448	0	0	0	0	0	0	0	64	448	0	
3	8.39802e+006	712	0	0	0	0	0	0	0	264	712	0	
4	8.39775e+006	670	244	76	0	0	0	0	0	279	990	244	
5	8.39743e+006	924	292	92	0	0	0	0	0	318	1308	292	
6	8.39694e+006	1352	340	108	0	0	0	0	0	492	1800	340	
7	8.39626e+006	1767	537	174	0	0	0	0	0	678	2479	537	
8	8.39538e+006	2362	747	243	0	0	0	0	0	874	3352	747	
9	8.39422e+006	3213	992	316	0	0	0	0	0	1168	4521	992	
10	8.39262e+006	4317	1115	365	55	0	0	265	0	1597	6118	1368	
11	8.39067e+006	5588	1590	504	69	0	0	315	0	1949	8066	1894	
12	8.38797e+006	7416	2193	711	82	0	0	366	0	2702	10768	2546	
13	8.38431e+006	9906	2870	939	132	0	0	580	0	3659	14427	3430	
14	8.37967e+006	12946	3870	1258	184	0	0	806	0	4637	19063	4652	
15	8.37352e+006	17152	5085	1673	249	0	0	1059	0	6155	25218	6128	
16	8.36527e+006	22699	6737	2231	285	26	20	1488	0	8249	33467	8167	
17	8.35442e+006	29886	8957	2991	400	30	22	2048	0	10845	44313	10942	
18	8.34019e+006	39483	11759	3952	565	34	23	2753	0	14233	58546	14456	
19	8.32134e+006	52183	15480	5217	739	48	30	3733	0	18855	77401	19106	
20	8.29664e+006	68626	20435	6915	994	63	37	5061	0	24692	102093	25337	
21	8.26425e+006	90177	27097	9150	1305	81	45	6680	0	32396	134490	33543	
22	8.22153e+006	118660	35750	12028	1746	105	57	8917	0	42716	177206	44334	
23	8.1659e+006	155432	47161	15814	2328	142	75	11956	0	55627	232833	58657	
24	8.09321e+006	203437	62229	20801	3067	192	98	15804	0	72697	305530	77410	
25	7.99829e+006	265960	81931	27340	4051	257	129	20910	0	94920	400450	102014	
26	7.87568e+006	345849	107827	35912	5354	319	148	27776	18	122605	523055	134471	
27	7.71745e+006	448453	141459	47061	7115	423	194	36756	19	158232	681286	176770	
28	7.51567e+006	577536	185301	61683	9389	583	270	48554	20	201780	883066	231994	
29	7.26011e+006	738181	242277	80771	12337	772	356	64270	22	255564	1.13863e+006	304037	
30	6.941e+006	934677	315675	105287	16247	1021	470	84800	25	319101	1.45773e+006	397145	
31	6.54916e+006	1.16829e+006	410120	136676	21340	1353	626	111767	30	391849	1.84958e+006	517438	
32	6.07775e+006	1.43792e+006	529260	176600	28036	1788	836	147346	37	471405	2.32099e+006	670702	
33	5.52657e+006	1.73354e+006	679193	226604	36746	2370	1108	193670	48	551180	2.87217e+006	865123	
34	4.90278e+006	2.03822e+006	864005	288196	48079	3114	1451	254277	60	623788	3.49595e+006	1.10799e+006	
35	4.2225e+006	2.32665e+006	1.08682e+006	362315	62819	4095	1900	333461	75	680281	4.17624e+006	1.40648e+006	
36	3.51571e+006	2.56204e+006	1.34869e+006	449240	81859	5408	2513	435692	97	706793	4.88303e+006	1.76629e+006	
37	2.82164e+006	2.70493e+006	1.6433e+006	547579	106310	7099	3302	567752	125	694067	5.5771e+006	2.18733e+006	
38	2.17899e+006	2.72379e+006	1.95976e+006	653123	137262	9340	4317	736300	164	642649	6.21974e+006	2.66478e+006	
39	1.62047e+006	2.60204e+006	2.2782e+006	759401	176172	12263	5649	949981	214	558526	6.77827e+006	3.18721e+006	
40	1.16626e+006	2.34945e+006	2.56876e+006	856540	224157	16083	7411	1.21722e+006	275	454208	7.23248e+006	3.73273e+006	
41	818820	2.00282e+006	2.79544e+006	932076	281919	21038	9687	1.54626e+006	361	347438	7.57992e+006	4.27237e+006	
42	567000	1.61199e+006	2.95562e+006	943137	349804	27395	12600	1.94331e+006	475	251820	7.83174e+006	4.80925e+006	
43	392687	1.22778e+006	2.98895e+006	917154	426281	35606	16364	2.40965e+006	633	174313	8.00605e+006	5.28287e+006	
44	275696	890562	2.88475e+006	851779	508202	46107	21203	2.94082e+006	820	116991	8.12304e+006	5.67676e+006	
45	198885	619935	2.65251e+006	751169	590617	59435	27353	3.52511e+006	1071	76811	8.19985e+006	5.98758e+006	
46	149030	417970	2.32412e+006	624592	665945	75858	34881	4.13981e+006	1411	49855	8.24971e+006	6.22304e+006	
47	116642	276044	1.94302e+006	485937	724721	95859	44066	4.75466e+006	1855	32388	8.28209e+006	6.3962e+006	
48	95598	180098	1.52262e+006	380673	758031	119797	55100	5.33949e+006	2429	21044	8.30314e+006	6.51485e+006	
49	81983	116902	1.1374e+006	284182	759307	147460	67793	5.86831e+006	3194	13615	8.31675e+006	6.59795e+006	
50	73240	75790	813891	203337	726375	178072	81895	6.32386e+006	4168	8743	8.3255e+006	6.6556e+006	
51	67504	49138	561934	140243	661679	210659	96891	6.70214e+006	5436	5736	8.33123e+006	6.69526e+006	
52	63896	31703	377260	94142	573148	243253	111818	7.00825e+006	7088	3609	8.33484e+006	6.72191e+006	
53	61557	20426	248638	62065	472192	273206	125626	7.25141e+006	9244	2339	8.33718e+006	6.73958e+006	
54	60081	13159	162040	40416	369899	297817	136915	7.44333e+006	11993	1476	8.33866e+006	6.75111e+006	
55	59155	8350	105191	26190	276301	314614	144585	7.59348e+006	15455	927	8.33958e+006	6.75873e+006	
56	58536	5359	68134	17000	197708	322179	148077	7.71004e+006	19784	618	8.3402e+006	6.76353e+006	
57	58162	3395	44070	11016	136567	319715	146931	7.80078e+006	25033	374	8.34057e+006	6.76668e+006	
58	57920	2161	28446	7071	91756	307370	141245	7.87263e+006	31387	241	8.34082e+006	6.76871e+006	
59	57756	1398	18290	4539	60428	286359	131639	7.93118e+006	38786	164	8.34098e+006	6.76999e+006	
60	57653	884	11797	2906	39357	258220	118685	7.9807e+006	47221	104	8.34108e+006	6.77082e+006	
61	57580	581	7487	1856	25567	224574	103165	8.02469e+006	56404	72	8.34116e+006	6.77134e+006	
62	57536	384	4785	1190	16618	187942	86384	8.06432e+006	65964	44	8.3412e+006	6.77166e+006	
63	57510	246	3045	756	10734	150993	69371	8.10015e+006	75305	26	8.34123e+006	6.77188e+006	
64	57493	160	1944	484	6914	116249	53420	8.1315e+006	83990	17	8.34124e+006	6.77203e+006	
65	57483	98	1259	315	4439	85837	39469	8.15788e+006	91424	10	8.34125e+006	6.77213e+006	
66	57475	61	801	200	2865	60928	28012	8.1789e+006	97506	8	8.34126e+006	6.77219e+006	
67	57470	40	527	125	1822	41915	19283	8.19468e+006	102159	5	8.34127e+006	6.77223e+006	
68	57466	27	350	77	1163	28112	12931	8.20602e+006	105518	4	8.34127e+006	6.77226e+006	
69	57464	18	227	46	745	18461	8477	8.21387e+006	107905	1	8.34127e+006	6.77227e+006	
70	57463	12	148	30	476	11988	5486	8.21914e+006	109479	1	8.34127e+006	6.77228e+006	
71	57462	8	93	17	310	7791	3592	8.22255e+006	110508	1	8.34127e+006	6.77229e+006	
72	57462	4	62	8	193	5043	2325	8.22478e+006	111186	1	8.34127e+006	6.77229e+006	
73	57461	3	40	6	125	3232	1488	8.22625e+006	111622	0	8.34128e+006	6.7723e+006	
74	57461	2	26	4	82	2081	950	8.22717e+006	111908	0	8.34128e+006	6.7723e+006	
75	57461	2	18	3	52	1333	607	8.22778e+006	112091	0	8.34128e+006	6.7723e+006	
76	57460	1	12	2	31	858	395	8.22816e+006	112214	0	8.34128e+006	6.7723e+006	
77	57460	2	8	1	19	540	251	8.22841e+006	112294	0	8.34128e+006	6.7723e+006	
78	57459	2	5	0	12	347	163	8.22857e+006	112339	0	8.34128e+006	6.7723e+006	
79	57459	2	4	0	7	220	105	8.22868e+006	112368	0	8.34128e+006	6.7723e+006	
80	57459	1	3	0	5	137	67	8.22875e+006	112385	0	8.34128e+006	6.7723e+006	
81	57458	1	2	0	3	91	44	8.22878e+006	112396	1	8.34128e+006	6.7723e+006	
82	57458	1	2	0	2	58	29	8.22881e+006	112403	0	8.34128e+006	6.7723e+006	
83	57458	1	2	0	1	36	18	8.22883e+006	112407	0	8.34128e+006	6.7723e+006	
84	57458	1	2	0	1	24	12	8.22884e+006	112410	0	8.34128e+006	6.7723e+006	
85	57458	0	2	0	1	15	7	8.22885e+006	112412	0	8.34128e+006	6.7723e+006	
86	57458	0	2	0	0	9	3	8.22885e+006	112414	0	8.34128e+006	6.7723e+006	
87	57458	0	1	0	1	5	2	8.22886e+006	112415	0	8.34128e+006	6.7723e+006	
88	57458	0	1	0	1	4	1	8.22886e+006	112415	0	8.34128e+006	6.7723e+006	
89	57457	1	1	0	0	3	1	8.22886e+006	112415	0	8.34128e+006	6.7723e+006	
90	57457	1	1	0	0	2	0	8.22886e+006	112415	0	8.34128e+006	6.7723e+006	
91	57457	0	0	0	0	1	0	8.22886e+006	112416	0	8.34128e+006	6.7723e+006	
92	57457	1	0	0	0	1	0	8.22886e+006	112416	0	8.34128e+006	6.7723e+006	
93	57457	0	1	0	0	1	0	8.22886e+006	112416	0	8.34128e+006	6.7723e+006	
94	57457	0	1	0	0	1	0	8.22886e+006	112416	0	8.34128e+006	6.7723e+006	
95	57457	1	1	0	0	0	0	8.22886e+006	112416	0	8.34128e+006	6.7723e+006	
96	57457	0	1	0	0	0	0	8.22886e+006	112416	0	8.34128e+006	6.7723e+006	
97	57456	0	1	0	0	0	0	8.22886e+006	112416	0	8.34128e+006	6.7723e+006	
98	57456	1	1	0	0	0	0	8.22886e+006	112416	0	8.34128e+006	6.7723e+006	
99	57456	0	0	0	0	0	0	8.22886e+006	112416	0	8.34128e+006	6.7723e+006	
100	57456	0	1	0	0	0	0	8.22886e+006	112416	0	8.34128e+006	6.7723e+006	
101	57456	1	1	0	0	0	0	8.22886e+006	112416	0	8.34128e+006	6.7723e+006	
102	57456	0	1	0	0	0	0	8.22886e+006	112416	0	8.34128e+006	6.7723e+006	
103	57456	1	1	0	0	0	0	8.22886e+006	112416	0	8.34128e+006	6.7723e+006	
104	57455	1	1	0	0	0	0	8.22886e+006	112416	0	8.34128e+006	6.7723e+006	
105	57455	1	1	0	0	0	0	8.22886e+006	112416	0	8.34128e+006	6.7723e+006	
106	57455	1	1	0	0	0	0	8.22886e+006	112416	0	8.34128e+006	6.7723e+006	
107	57455	0	1	0	0	0	0	8.22886e+006	112416	0	8.34128e+006	6.7723e+006	
108	57455	0	1	0	0	0	0	8.22886e+006	112416	0	8.34128e+006	6.7723e+006	
109	57455	0	1	0	0	0	0	8.22886e+006	112416	0	8.34128e+006	6.7723e+006	
110	57455	0	1	0	0	0	0	8.22886e+006	112416	0	8.34128e+006	6.7723e+006	
111	57455	0	1	0	0	0	0	8.22886e+006	112416	0	8.34128e+006	6.7723e+006	
112	57455	0	1	0	0	0	0	8.22886e+006	112416	0	8.34128e+006	6.7723e+006	
113	57455	0	0	0	0	0	0	8.22886e+006	112416	0	8.34128e+006	6.7723e+006	
114	57455	0	0	0	0	0	0	8.22886e+006	112416	0	8.34128e+006	6.7723e+006	
115	57455	0	0	0	0	0	0	8.22886e+006	112416	0	8.34128e+006	6.7723e+006	
116	57455	0	0	0	0	0	0	8.22886e+006	112416	0	8.34128e+006	6.7723e+006	
117	57455	0	1	0	0	0	0	8.22886e+006	112416	0	8.34128e+006	6.7723e+006	
118	57455	0	1	0	0	0	0	8.22886e+006	112416	0	8.34128e+006	6.7723e+006	
119	57455	0	0	0	0	0	0	8.22887e+006	112416	0	8.34128e+006	6.7723e+006	
120	57455	0	0	0	0	0	0	8.22887e+006	112416	0	8.34128e+006	6.7723e+006	
121	57455	0	0	0	0	0	0	8.22887e+006	112416	0	8.34128e+006	6.7723e+006	
122	57454	1	0	0	0	0	0	8.22887e+006	112416	1	8.34128e+006	6.7723e+006	
123	57454	1	0	0	0	0	0	8.22887e+006	112416	0	8.34128e+006	6.7723e+006	
124	57453	1	0	0	0	0	0	8.22887e+006	112416	0	8.34128e+006	6.7723e+006	
125	57453	1	0	0	0	0	0	8.22887e+006	112416	0	8.34128e+006	6.7723e+006	
126	57453	1	1	0	0	0	0	8.22887e+006	112416	0	8.34128e+006	6.77231e+006	
127	57453	1	1	0	0	0	0	8.22887e+006	112416	0	8.34128e+006	6.77231e+006	
128	57453	0	1	0	0	0	0	8.22887e+006	112416	0	8.34128e+006	6.77231e+006	
129	57453	0	1	0	0	0	0	8.22887e+006	112416	0	8.34128e+006	6.77231e+006	
130	57453	1	1	0	0	0	0	8.22887e+006	112416	0	8.34128e+006	6.77231e+006	
131	57453	0	1	0	0	0	0	8.22887e+006	112416	0	8.34128e+006	6.77231e+006	
132	57452	1	1	0	0	0	0	8.22887e+006	112416	0	8.34128e+006	6.77231e+006	
133	57452	0	1	0	0	0	0	8.22887e+006	112416	0	8.34128e+006	6.77231e+006	
134	57452	0	1	0	0	0	0	8.22887e+006	112416	0	8.34128e+006	6.77231e+006	
135	57452	0	1	0	0	0	0	8.22887e+006	112416	0	8.34128e+006	6.77231e+006	
136	57452	0	1	0	0	0	0	8.22887e+006	112416	0	8.34128e+006	6.77231e+006	
137	57452	0	1	0	0	0	0	8.22887e+006	112416	0	8.34128e+006	6.77231e+006	
138	57452	0	1	0	0	0	0	8.22887e+006	112416	0	8.34128e+006	6.77231e+006	
139	57452	0	0	0	0	0	0	8.22887e+006	112416	0	8.34128e+006	6.77231e+006	
140	57452	0	1	0	0	0	0	8.22887e+006	112416	0	8.34128e+006	6.77231e+006	
141	57452	0	1	0	0	0	0	8.22887e+006	112416	0	8.34128e+006	6.77231e+006	
142	57452	0	0	0	0	0	0	8.22887e+006	112416	0	8.34128e+006	6.77231e+006	
143	57452	0	0	0	0	0	0	8.22887e+006	112416	0	8.34128e+006	6.77231e+006	
144	57452	0	0	0	0	0	0	8.22887e+006	112416	0	8.34128e+006	6.77231e+006	
145	57452	0	0	0	0	0	0	8.22887e+006	112416	0	8.34128e+006	6.77231e+006	
146	57452	0	0	0	0	0	0	8.22887e+006	112416	0	8.34128e+006	6.77231e+006	
147	57451	0	0	0	0	0	0	8.22887e+006	112416	0	8.34129e+006	6.77231e+006	
148	57451	0	0	0	0	0	0	8.22887e+006	112416	0	8.34129e+006	6.77231e+006	
149	57451	0	0	0	0	0	0	8.22887e+006	112416	0	8.34129e+006	6.77231e+006	
150	57451	0	0	0	0	0	0	8.22887e+006	112416	0	8.34129e+006	6.77231e+006	
151	57451	1	1	0	0	0	0	8.22887e+006	112416	0	8.34129e+006	6.77231e+006	
152	57451	1	1	0	0	0	0	8.22887e+006	112416	0	8.34129e+006	6.77231e+006	
153	57450	1	0	0	0	0	0	8.22887e+006	112416	0	8.34129e+006	6.77231e+006	
154	57450	1	0	0	0	0	0	8.22887e+006	112416	0	8.34129e+006	6.77231e+006	
155	57450	0	1	0	0	0	0	8.22887e+006	112416	0	8.34129e+006	6.77231e+006	
156	57450	0	1	0	0	0	0	8.22887e+006	112416	0	8.34129e+006	6.77231e+006	
157	57450	0	1	0	0	0	0	8.22887e+006	112416	0	8.34129e+006	6.77231e+006	
158	57450	0	1	0	0	0	0	8.22887e+006	112416	0	8.34129e+006	6.77231e+006	
159	57450	0	1	0	0	0	0	8.22887e+006	112416	0	8.34129e+006	6.77231e+006	
160	57450	0	1	0	0	0	0	8.22887e+006	112416	0	8.34129e+006	6.77231e+006	
161	57450	0	1	0	0	0	0	8.22887e+006	112416	0	8.34129e+006	6.77231e+006	
162	57450	0	0	0	0	0	0	8.22887e+006	112416	0	8.34129e+006	6.77231e+006	
163	57449	1	0	0	0	0	0	8.22887e+006	112416	0	8.34129e+006	6.77231e+006	
164	57449	1	0	0	0	0	0	8.22887e+006	112416	0	8.34129e+006	6.77231e+006	
165	57449	1	0	0	0	0	0	8.22887e+006	112416	0	8.34129e+006	6.77231e+006	
166	57449	1	0	0	0	0	0	8.22887e+006	112416	0	8.34129e+006	6.77231e+006	
167	57449	0	0	0	0	0	0	8.22887e+006	112416	0	8.34129e+006	6.77231e+006	
168	57449	0	1	0	0	0	0	8.22887e+006	112416	0	8.34129e+006	6.77231e+006	
169	57449	0	1	0	0	0	0	8.22887e+006	112416	0	8.34129e+006	6.77231e+006	
170	57448	1	1	0	0	0	0	8.22887e+006	112416	1	8.34129e+006	6.77231e+006	
171	57448	1	1	0	0	0	0	8.22887e+006	112416	0	8.34129e+006	6.77231e+006	
172	57448	1	1	0	0	0	0	8.22887e+006	112416	0	8.34129e+006	6.77231e+006	
173	57448	1	0	0	0	0	0	8.22887e+006	112416	0	8.34129e+006	6.77231e+006	
174	57448	1	1	0	0	0	0	8.22887e+006	112416	0	8.34129e+006	6.77231e+006	
175	57448	1	1	0	0	0	0	8.22887e+006	112416	0	8.34129e+006	6.77231e+006	
176	57448	0	1	0	0	0	0	8.22887e+006	112416	0	8.34129e+006	6.77231e+006	
177	57448	0	1	0	0	0	0	8.22887e+006	112416	0	8.34129e+006	6.77231e+006	
178	57448	0	1	0	0	0	0	8.22887e+006	112416	0	8.34129e+006	6.77231e+006	
179	57447	0	1	0	0	0	0	8.22887e+006	112416	0	8.34129e+006	6.77231e+006	
180	57447	0	0	0	0	0	0	8.22887e+006	112416	0	8.34129e+006	6.77231e+006	
181	57447	0	0	0	0	0	0	8.22887e+006	112416	0	8.34129e+006	6.77231e+006	
182	57447	1	0	0	0	0	0	8.22887e+006	112416	0	8.34129e+006	6.77231e+006	
183	57447	1	0	0	0	0	0	8.22887e+006	112416	0	8.34129e+006	6.77231e+006	
184	57447	1	0	0	0	0	0	8.22887e+006	112416	0	8.34129e+006	6.77231e+006	
185	57447	0	0	0	0	0	0	8.22887e+006	112416	0	8.34129e+006	6.77231e+006	
186	57447	0	1	0	0	0	0	8.22887e+006	112416	0	8.34129e+006	6.77231e+006	
187	57447	0	1	0	0	0	0	8.22887e+006	112416	0	8.34129e+006	6.77231e+006	
188	57446	0	1	0	0	0	0	8.22887e+006	112416	0	8.34129e+006	6.77231e+006	
189	57446	0	1	0	0	0	0	8.22887e+006	112416	0	8.34129e+006	6.77231e+006	
190	57446	1	1	0	0	0	0	8.22887e+006	112416	0	8.34129e+006	6.77231e+006	
191	57445	1	0	0	0	0	0	8.22887e+006	112416	0	8.34129e+006	6.77231e+006	
192	57445	1	0	0	0	0	0	8.22887e+006	112416	0	8.34129e+006	6.77231e+006	
193	57445	1	0	0	0	0	0	8.22887e+006	112416	0	8.34129e+006	6.77231e+006	
194	57445	1	1	0	0	0	0	8.22887e+006	112416	0	8.34129e+006	6.77231e+006	
195	57445	0	1	0	0	0	0	8.22887e+006	112416	0	8.34129e+006	6.77231e+006	
196	57445	0	1	0	0	0	0	8.22887e+006	112416	0	8.34129e+006	6.77231e+006	
197	57445	0	1	0	0	0	0	8.22887e+006	112416	0	8.34129e+006	6.77231e+006	
198	57445	0	1	0	0	0	0	8.22887e+006	112416	0	8.34129e+006	6.77231e+006	
199	57445	0	1	0	0	0	0	8.22887e+006	112416	0	8.34129e+006	6.77231e+006	
200	57445	0	1	0	0	0	0	8.22887e+006	112416	0	8.34129e+006	6.77231e+006	
201	57445	0	0	0	0	0	0	8.22887e+006	112416	0	8.34129e+006	6.77231e+006	
202	57445	0	0	0	0	0	0	8.22887e+006	112416	0	8.34129e+006	6.77231e+006	
203	57445	0	0	0	0	0	0	8.22888e+006	112416	0	8.34129e+006	6.77231e+006	
204	57445	0	0	0	0	0	0	8.22888e+006	112416	0	8.34129e+006	6.77231e+006	
205	57445	0	0	0	0	0	0	8.22888e+006	112416	0	8.34129e+006	6.77231e+006	
206	57444	0	0	0	0	0	0	8.22888e+006	112416	0	8.34129e+006	6.77231e+006	
207	57444	0	0	0	0	0	0	8.22888e+006	112416	0	8.34129e+006	6.77231e+006	
208	57444	1	0	0	0	0	0	8.22888e+006	112416	0	8.34129e+006	6.77231e+006	
209	57444	1	0	0	0	0	0	8.22888e+006	112416	0	8.34129e+006	6.77231e+006	
210	57444	1	0	0	0	0	0	8.22888e+006	112416	0	8.34129e+006	6.77231e+006	
211	57444	1	0	0	0	0	0	8.22888e+006	112416	0	8.34129e+006	6.77231e+006	
212	57444	0	1	0	0	0	0	8.22888e+006	112416	0	8.34129e+006	6.77231e+006	
213	57444	0	1	0	0	0	0	8.22888e+006	112416	0	8.34129e+006	6.77231e+006	
214	57444	0	1	0	0	0	0	8.22888e+006	112416	0	8.34129e+006	6.77231e+006	
215	57444	0	1	0	0	0	0	8.22888e+006	112416	0	8.34129e+006	6.77231e+006	
216	57443	0	1	0	0	0	0	8.22888e+006	112416	0	8.34129e+006	6.77231e+006	
217	57443	0	1	0	0	0	0	8.22888e+006	112416	0	8.34129e+006	6.77231e+006	
218	57443	1	0	0	0	0	0	8.22888e+006	112416	0	8.34129e+006	6.77231e+006	
219	57443	1	0	0	0	0	0	8.22888e+006	112416	0	8.34129e+006	6.77232e+006	
220	57442	1	0	0	0	0	0	8.22888e+006	112416	0	8.34129e+006	6.77232e+006	
221	57442	1	0	0	0	0	0	8.22888e+006	112416	0	8.34129e+006	6.77232e+006	
222	57442	1	1	0	0	0	0	8.22888e+006	112416	0	8.34129e+006	6.77232e+006	
223	57442	0	1	0	0	0	0	8.22888e+006	112416	0	8.34129e+006	6.77232e+006	
224	57442	0	1	0	0	0	0	8.22888e+006	112416	0	8.34129e+006	6.77232e+006	
225	57442	0	1	0	0	0	0	8.22888e+006	112416	0	8.34129e+006	6.77232e+006	
226	57442	1	1	0	0	0	0	8.22888e+006	112416	0	8.34129e+006	6.77232e+006	
227	57442	0	1	0	0	0	0	8.22888e+006	112416	0	8.34129e+006	6.77232e+006	
228	57442	1	1	0	0	0	0	8.22888e+006	112416	0	8.34129e+006	6.77232e+006	
229	57442	0	1	0	0	0	0	8.22888e+006	112416	0	8.34129e+006	6.77232e+006	
230	57441	0	1	0	0	0	0	8.22888e+006	112416	0	8.3413e+006	6.77232e+006	
231	57441	0	1	0	0	0	0	8.22888e+006	112416	0	8.3413e+006	6.77232e+006	
232	57441	1	1	0	0	0	0	8.22888e+006	112416	0	8.3413e+006	6.77232e+006	
233	57441	1	1	0	0	0	0	8.22888e+006	112416	0	8.3413e+006	6.77232e+006	
234	57441	1	1	0	0	0	0	8.22888e+006	112416	0	8.3413e+006	6.77232e+006	
235	57441	1	1	0	0	0	0	8.22888e+006	112416	0	8.3413e+006	6.77232e+006	
236	57440	1	1	0	0	0	0	8.22888e+006	112416	0	8.3413e+006	6.77232e+006	
237	57440	1	1	0	0	0	0	8.22888e+006	112416	0	8.3413e+006	6.77232e+006	
238	57440	1	1	0	0	0	0	8.22888e+006	112416	0	8.3413e+006	6.77232e+006	
239	57440	1	1	0	0	0	0	8.22888e+006	112416	0	8.3413e+006	6.77232e+006	
240	57440	0	1	0	0	0	0	8.22888e+006	112416	0	8.3413e+006	6.77232e+006	
241	57440	0	1	0	0	0	0	8.22888e+006	112416	0	8.3413e+006	6.77232e+006	
242	57440	0	1	0	0	0	0	8.22888e+006	112416	0	8.3413e+006	6.77232e+006	
243	57440	0	1	0	0	0	0	8.22888e+006	112416	0	8.3413e+006	6.77232e+006	
244	57440	0	1	0	0	0	0	8.22888e+006	112416	0	8.3413e+006	6.77232e+006	
245	57440	0	1	0	0	0	0	8.22888e+006	112416	0	8.3413e+006	6.77232e+006	
246	57440	0	0	0	0	0	0	8.22888e+006	112416	0	8.3413e+006	6.77232e+006	
247	57439	0	0	0	0	0	0	8.22888e+006	112416	0	8.3413e+006	6.77232e+006	
248	57439	0	0	0	0	0	0	8.22888e+006	112416	0	8.3413e+006	6.77232e+006	
249	57439	0	0	0	0	0	0	8.22888e+006	112416	0	8.3413e+006	6.77232e+006	
250	57439	1	0	0	0	0	0	8.22888e+006	112416	0	8.3413e+006	6.77232e+006	
251	57439	1	0	0	0	0	0	8.22888e+006	112416	0	8.3413e+006	6.77232e+006	
252	57439	1	0	0	0	0	0	8.22888e+006	112416	0	8.3413e+006	6.77232e+006	
253	57439	1	0	0	0	0	0	8.22888e+006	112416	0	8.3413e+006	6.77232e+006	
254	57439	0	0	0	0	0	0	8.22888e+006	112416	0	8.3413e+006	6.77232e+006	
255	57439	0	1	0	0	0	0	8.22888e+006	112416	0	8.3413e+006	6.77232e+006	
256	57438	0	1	0	0	0	0	8.22888e+006	112416	0	8.3413e+006	6.77232e+006	
257	57438	0	1	0	0	0	0	8.22888e+006	112416	0	8.3413e+006	6.77232e+006	
258	57438	0	1	0	0	0	0	8.22888e+006	112416	0	8.3413e+006	6.77232e+006	
259	57438	0	1	0	0	0	0	8.22888e+006	112416	0	8.3413e+006	6.77232e+006	
260	57438	0	0	0	0	0	0	8.22888e+006	112416	0	8.3413e+006	6.77232e+006	
261	57438	0	0	0	0	0	0	8.22888e+006	112416	0	8.3413e+006	6.77232e+006	
262	57438	0	0	0	0	0	0	8.22888e+006	112416	0	8.3413e+006	6.77232e+006	
263	57438	0	0	0	0	0	0	8.22888e+006	112416	0	8.3413e+006	6.77232e+006	
264	57438	0	0	0	0	0	0	8.22888e+006	112416	0	8.3413e+006	6.77232e+006	
265	57438	0	0	0	0	0	0	8.22888e+006	112416	0	8.3413e+006	6.77232e+006	
266	57438	0	0	0	0	0	0	8.22888e+006	112416	0	8.3413e+006	6.77232e+006	
267	57438	0	1	0	0	0	0	8.22888e+006	112416	0	8.3413e+006	6.77232e+006	
268	57438	0	1	0	0	0	0	8.22888e+006	112416	0	8.3413e+006	6.77232e+006	
269	57437	0	0	0	0	0	0	8.22888e+006	112416	0	8.3413e+006	6.77232e+006	
270	57437	0	0	0	0	0	0	8.22888e+006	112416	0	8.3413e+006	6.77232e+006	
271	57437	0	0	0	0	0	0	8.22888e+006	112416	0	8.3413e+006	6.77232e+006	
272	57437	1	0	0	0	0	0	8.22888e+006	112416	0	8.3413e+006	6.77232e+006	
273	57437	0	0	0	0	0	0	8.22888e+006	112416	0	8.3413e+006	6.77232e+006	
274	57437	0	0	0	0	0	0	8.22888e+006	112416	0	8.3413e+006	6.77232e+006	
275	57437	0	0	0	0	0	0	8.22888e+006	112416	0	8.3413e+006	6.77232e+006	
276	57436	0	0	0	0	0	0	8.22888e+006	112416	0	8.3413e+006	6.77232e+006	
277	57436	1	0	0	0	0	0	8.22888e+006	112416	0	8.3413e+006	6.77232e+006	
278	57436	1	1	0	0	0	0	8.22888e+006	112416	0	8.3413e+006	6.77232e+006	
279	57436	1	0	0	0	0	0	8.22888e+006	112416	0	8.3413e+006	6.77232e+006	
280	57436	1	1	0	0	0	0	8.22888e+006	112416	0	8.3413e+006	6.77232e+006	
281	57435	1	1	0	0	0	0	8.22888e+006	112416	0	8.3413e+006	6.77232e+006	
282	57435	1	1	0	0	0	0	8.22888e+006	112416	0	8.3413e+006	6.77232e+006	
283	57435	1	1	0	0	0	0	8.22888e+006	112416	0	8.3413e+006	6.77232e+006	
284	57435	0	1	0	0	0	0	8.22888e+006	112416	0	8.3413e+006	6.77232e+006	
285	57435	0	1	0	0	0	0	8.22888e+006	112416	0	8.3413e+006	6.77232e+006	
286	57435	0	1	0	0	0	0	8.22888e+006	112416	0	8.3413e+006	6.77232e+006	
287	57435	0	1	0	0	0	0	8.22888e+006	112416	0	8.3413e+006	6.77232e+006	
288	57435	0	1	0	0	0	0	8.22888e+006	112416	0	8.3413e+006	6.77232e+006	
289	57435	0	1	0	0	0	0	8.22888e+006	112416	0	8.3413e+006	6.77232e+006	
290	57435	0	0	0	0	0	0	8.22888e+006	112416	0	8.3413e+006	6.77232e+006	
291	57435	0	0	0	0	0	0	8.22888e+006	112416	0	8.3413e+006	6.77232e+006	
292	57435	0	0	0	0	0	0	8.22888e+006	112416	0	8.3413e+006	6.77232e+006	
293	57435	0	0	0	0	0	0	8.22888e+006	112416	0	8.3413e+006	6.77232e+006	
294	57434	1	0	0	0	0	0	8.22888e+006	112416	0	8.3413e+006	6.77232e+006	
295	57434	1	0	0	0	0	0	8.22888e+006	112416	1	8.3413e+006	6.77232e+006	
296	57434	1	0	0	0	0	0	8.22888e+006	112416	0	8.3413e+006	6.77232e+006	
297	57434	1	0	0	0	0	0	8.22888e+006	112416	0	8.3413e+006	6.77232e+006	
298	57433	1	1	0	0	0	0	8.22888e+006	112416	0	8.3413e+006	6.77232e+006	
299	57433	0	1	0	0	0	0	8.22888e+006	112416	0	8.3413e+006	6.77232e+006	
300	57433	0	1	0	0	0	0	8.22889e+006	112416	0	8.3413e+006	6.77232e+006	
301	57433	0	1	0	0	0	0	8.22889e+006	112416	0	8.3413e+006	6.77232e+006	
302	57433	0	1	0	0	0	0	8.22889e+006	112416	0	8.3413e+006	6.77232e+006	
303	57433	0	1	0	0	0	0	8.22889e+006	112416	0	8.3413e+006	6.77232e+006	
304	57433	0	1	0	0	0	0	8.22889e+006	112416	0	8.3413e+006	6.77232e+006	
305	57433	0	0	0	0	0	0	8.22889e+006	112416	0	8.3413e+006	6.77232e+006	
306	57433	0	1	0	0	0	0	8.22889e+006	112416	0	8.3413e+006	6.77232e+006	
307	57433	0	1	0	0	0	0	8.22889e+006	112416	0	8.3413e+006	6.77232e+006	
308	57433	0	0	0	0	0	0	8.22889e+006	112416	0	8.3413e+006	6.77232e+006	
309	57433	0	0	0	0	0	0	8.22889e+006	112416	0	8.3413e+006	6.77232e+006	
310	57433	0	0	0	0	0	0	8.22889e+006	112416	0	8.3413e+006	6.77232e+006	
311	57432	0	0	0	0	0	0	8.22889e+006	112416	0	8.3413e+006	6.77232e+006	
312	57432	0	0	0	0	0	0	8.22889e+006	112416	0	8.3413e+006	6.77232e+006	
313	57432	0	0	0	0	0	0	8.22889e+006	112416	0	8.3413e+006	6.77232e+006	
314	57432	0	0	0	0	0	0	8.22889e+006	112416	0	8.3413e+006	6.77232e+006	
315	57432	0	0	0	0	0	0	8.22889e+006	112416	0	8.3413e+006	6.77232e+006	
316	57432	0	1	0	0	0	0	8.22889e+006	112416	0	8.3413e+006	6.77233e+006	
317	57431	1	0	0	0	0	0	8.22889e+006	112416	0	8.34131e+006	6.77233e+006	
318	57431	1	0	0	0	0	0	8.22889e+006	112416	0	8.34131e+006	6.77233e+006	
319	57431	1	0	0	0	0	0	8.22889e+006	112416	0	8.34131e+006	6.77233e+006	
320	57431	1	0	0	0	0	0	8.22889e+006	112416	0	8.34131e+006	6.77233e+006	
321	57431	0	1	0	0	0	0	8.22889e+006	112416	0	8.34131e+006	6.77233e+006	
322	57431	0	1	0	0	0	0	8.22889e+006	112416	0	8.34131e+006	6.77233e+006	
323	57431	0	1	0	0	0	0	8.22889e+006	112416	0	8.34131e+006	6.77233e+006	
324	57431	0	1	0	0	0	0	8.22889e+006	112416	0	8.34131e+006	6.77233e+006	
325	57431	0	1	0	0	0	0	8.22889e+006	112416	0	8.34131e+006	6.77233e+006	
326	57431	0	1	0	0	0	0	8.22889e+006	112416	0	8.34131e+006	6.77233e+006	
327	57431	0	0	0	0	0	0	8.22889e+006	112416	0	8.34131e+006	6.77233e+006	
328	57431	0	0	0	0	0	0	8.22889e+006	112416	0	8.34131e+006	6.77233e+006	
329	57431	0	0	0	0	0	0	8.22889e+006	112416	0	8.34131e+006	6.77233e+006	
330	57431	0	0	0	0	0	0	8.22889e+006	112416	0	8.34131e+006	6.77233e+006	
331	57431	0	0	0	0	0	0	8.22889e+006	112416	0	8.34131e+006	6.77233e+006	
332	57430	0	0	0	0	0	0	8.22889e+006	112416	0	8.34131e+006	6.77233e+006	
333	57430	0	0	0	0	0	0	8.22889e+006	112416	0	8.34131e+006	6.77233e+006	
334	57430	0	0	0	0	0	0	8.22889e+006	112416	0	8.34131e+006	6.77233e+006	
335	57430	0	0	0	0	0	0	8.22889e+006	112416	0	8.34131e+006	6.77233e+006	
336	57430	1	0	0	0	0	0	8.22889e+006	112416	0	8.34131e+006	6.77233e+006	
337	57430	0	1	0	0	0	0	8.22889e+006	112416	0	8.34131e+006	6.77233e+006	
338	57430	0	0	0	0	0	0	8.22889e+006	112416	0	8.34131e+006	6.77233e+006	
339	57430	0	0	0	0	0	0	8.22889e+006	112416	0	8.34131e+006	6.77233e+006	
340	57430	0	1	0	0	0	0	8.22889e+006	112416	0	8.34131e+006	6.77233e+006	
341	57430	0	1	0	0	0	0	8.22889e+006	112416	0	8.34131e+006	6.77233e+006	
342	57429	0	1	0	0	0	0	8.22889e+006	112416	0	8.34131e+006	6.77233e+006	
343	57429	0	1	0	0	0	0	8.22889e+006	112416	0	8.34131e+006	6.77233e+006	
344	57429	0	1	0	0	0	0	8.22889e+006	112416	0	8.34131e+006	6.77233e+006	
345	57429	0	0	0	0	0	0	8.22889e+006	112416	0	8.34131e+006	6.77233e+006	
346	57429	0	0	0	0	0	0	8.22889e+006	112416	0	8.34131e+006	6.77233e+006	
347	57429	0	0	0	0	0	0	8.22889e+006	112416	0	8.34131e+006	6.77233e+006	
348	57428	1	1	0	0	0	0	8.22889e+006	112416	0	8.34131e+006	6.77233e+006	
349	57428	1	0	0	0	0	0	8.22889e+006	112416	0	8.34131e+006	6.77233e+006	
350	57428	1	1	0	0	0	0	8.22889e+006	112416	0	8.34131e+006	6.77233e+006	
351	57428	1	1	0	0	0	0	8.22889e+006	112416	0	8.34131e+006	6.77233e+006	
352	57428	0	1	0	0	0	0	8.22889e+006	112416	0	8.34131e+006	6.77233e+006	
353	57428	0	1	0	0	0	0	8.22889e+006	112416	0	8.34131e+006	6.77233e+006	
354	57428	0	1	0	0	0	0	8.22889e+006	112416	0	8.34131e+006	6.77233e+006	
355	57428	0	1	0	0	0	0	8.22889e+006	112416	0	8.34131e+006	6.77233e+006	
356	57428	0	1	0	0	0	0	8.22889e+006	112416	0	8.34131e+006	6.77233e+006	
357	57428	0	1	0	0	0	0	8.22889e+006	112416	0	8.34131e+006	6.77233e+006	
358	57428	0	0	0	0	0	0	8.22889e+006	112416	0	8.34131e+006	6.77233e+006	
359	57428	0	0	0	0	0	0	8.22889e+006	112416	0	8.34131e+006	6.77233e+006	
360	57428	0	1	0	0	0	0	8.22889e+006	112416	0	8.34131e+006	6.77233e+006	
361	57428	0	1	0	0	0	0	8.22889e+006	112416	0	8.34131e+006	6.77233e+006	
362	57428	0	0	0	0	0	0	8.22889e+006	112416	0	8.34131e+006	6.77233e+006	
363	57428	0	0	0	0	0	0	8.22889e+006	112416	0	8.34131e+006	6.77233e+006	
364	57428	0	0	0	0	0	0	8.22889e+006	112416	0	8.34131e+006	6.77233e+006	
External infections start at day 1 and end at:	19	Number of imported cases each day	4	
Number of contacts per day:	27	
Number of contacts per day:	27	
Number of days asymptomatic patients are infectious before symptomatic	2	
Probability of transmission from exposed patients:	0.0418	
Probability of transmission from mild symptomatic patients:	0.0418	
Probability of transmission from hospitalized patients:	0	
Probability of transmission from ICU patients:	0	
Probability of testing for mild symptomatic patients:	0.75	

Adherence to Social Distancing parameters:
Day 0:	0.25	
Day 10:	0.25	
Day 20:	0.25	
Day 30:	0.25	
Day 40:	0.25	
Day 50:	0.25	
Day 60:	0.25	
