Day	Susceptible-LB	Susceptible-UB	Exposed-LB	Exposed-UB	Current Detected Mild Infections-LB	Current Detected Mild Infections-UB	Current Undetected Mild Infections-LB	Current Undetected Mild Infections-UB	Current Hospitalizations-LB	Current Hospitalizations-UB	Current ICU patients-LB	Current ICU patients-UB	ventilators-LB	ventilators-UB	Recovered-LB	Recovered-UB	Deaths-LB	Deaths-UB	new infections today-LB	new infections today-UB	total number of infections-LB	total number of infections-UB	Confirmed total number of infections-LB	Confirmed total number of infections-UB	
0	8.39872e+006	8.39872e+006	16	16	0	0	0	0	0	0	0	0	0	0	0	0	0	0	0	0	16	16	0	0	
1	8.39856e+006	8.39856e+006	176	176	0	0	0	0	0	0	0	0	0	0	0	0	0	0	160	160	176	176	0	0	
2	8.3984e+006	8.3984e+006	336	336	0	0	0	0	0	0	0	0	0	0	0	0	0	0	160	160	336	336	0	0	
3	8.39821e+006	8.39822e+006	521	526	0	0	0	0	0	0	0	0	0	0	0	0	0	0	185	190	521	526	0	0	
4	8.39788e+006	8.39791e+006	814	836	16	16	0	0	0	0	0	0	0	0	0	0	0	0	307	328	830	852	16	16	
5	8.39743e+006	8.39748e+006	1085	1127	131	140	36	45	0	0	0	0	0	0	0	0	0	0	425	456	1261	1303	131	140	
6	8.39683e+006	8.3969e+006	1503	1573	251	262	74	85	0	0	0	0	0	0	0	0	0	0	573	612	1839	1909	251	262	
7	8.39593e+006	8.39604e+006	2175	2282	390	406	119	134	0	0	0	0	0	0	0	0	0	0	851	904	2698	2806	390	406	
8	8.39466e+006	8.39483e+006	3075	3226	620	649	196	216	0	0	0	0	0	0	0	0	0	0	1202	1277	3911	4072	623	646	
9	8.39305e+006	8.39329e+006	4184	4392	946	994	300	323	0	0	0	0	0	0	0	0	0	0	1532	1624	5451	5688	951	989	
10	8.391e+006	8.39132e+006	5575	5833	1362	1438	442	474	0	0	0	0	0	0	16	16	0	0	1959	2058	7421	7735	1388	1444	
11	8.38845e+006	8.38889e+006	7145	7484	1888	2004	608	651	27	35	0	0	0	0	141	149	0	0	2419	2558	9849	10284	2046	2131	
12	8.38551e+006	8.38607e+006	8746	9158	2668	2842	869	932	56	67	0	0	0	0	269	280	0	0	2804	2950	12663	13224	2959	3079	
13	8.38224e+006	8.38294e+006	10342	10818	3675	3924	1208	1285	90	103	0	0	0	0	420	435	0	0	3122	3290	15800	16498	4120	4298	
14	8.37883e+006	8.37967e+006	11635	12176	4921	5239	1608	1706	147	165	0	0	0	0	673	697	0	0	3253	3416	19064	19903	5625	5863	
15	8.3756e+006	8.37658e+006	12296	12863	6393	6816	2120	2240	238	260	0	0	0	0	1013	1053	0	0	3077	3247	22154	23137	7458	7788	
16	8.37293e+006	8.37403e+006	12028	12594	8043	8568	2690	2837	347	374	0	0	0	0	1483	1544	0	0	2538	2679	24703	25805	9581	10007	
17	8.36975e+006	8.37099e+006	11933	12499	9706	10334	3290	3465	487	522	15	19	14	17	2183	2277	0	0	3027	3194	27743	28988	11960	12493	
18	8.36615e+006	8.36756e+006	12101	12693	11242	11958	3796	3988	687	735	25	30	19	22	3183	3323	0	0	3422	3609	31176	32586	14483	15123	
19	8.36241e+006	8.364e+006	12576	13200	12376	13166	4198	4413	957	1016	34	40	23	27	4446	4646	0	0	3555	3751	34741	36326	16865	17609	
20	8.35848e+006	8.36023e+006	13786	14463	12780	13615	4366	4591	1286	1354	51	60	31	36	6067	6337	0	0	3745	3945	38502	40256	18847	19680	
21	8.35432e+006	8.35626e+006	14722	15442	13236	14097	4521	4743	1661	1751	77	88	44	51	8093	8463	0	0	3965	4172	42478	44417	21227	22177	
22	8.34998e+006	8.35212e+006	15425	16181	13699	14603	4672	4902	2093	2206	109	122	58	67	10440	10917	0	0	4128	4345	46616	48752	23923	25005	
23	8.34547e+006	8.3478e+006	16174	16959	14028	14969	4767	5006	2548	2685	158	176	80	93	13073	13657	0	0	4305	4528	50933	53268	26741	27970	
24	8.3408e+006	8.34336e+006	16865	17694	14383	15355	4903	5149	2958	3113	223	247	110	125	15858	16569	0	0	4438	4677	55381	57934	29719	31079	
25	8.33593e+006	8.33871e+006	17534	18403	15054	16074	5106	5370	3265	3436	316	342	150	169	18549	19383	0	0	4633	4883	60027	62805	32861	34363	
26	8.33093e+006	8.33392e+006	18187	19072	16260	17359	5479	5761	3371	3555	425	456	200	222	20885	21816	0	0	4778	5017	64818	67808	36099	37754	
27	8.32555e+006	8.32877e+006	19020	19933	17212	18369	5798	6092	3491	3679	548	586	247	274	23667	24729	13	16	5138	5390	69968	73187	39475	41290	
28	8.31992e+006	8.32342e+006	19926	20891	17957	19178	6054	6364	3614	3812	699	745	314	346	26823	28033	17	20	5343	5635	75321	78812	42969	44956	
29	8.3141e+006	8.31784e+006	20857	21852	18767	20044	6314	6639	3683	3885	866	922	392	426	30148	31522	19	22	5564	5844	80900	84640	46619	48790	
30	8.30797e+006	8.31198e+006	21925	22977	19531	20845	6582	6911	3771	3987	1034	1099	472	512	33647	35171	22	26	5849	6139	86759	90770	50388	52727	
31	8.30163e+006	8.3059e+006	22853	23935	20418	21770	6872	7200	3944	4166	1181	1256	536	582	37299	38987	28	35	6064	6351	92835	97108	54459	56989	
32	8.29495e+006	8.29952e+006	23882	24988	21303	22735	7189	7538	4264	4489	1295	1376	593	639	40996	42869	35	42	6374	6687	99219	103784	58671	61411	
33	8.28797e+006	8.29286e+006	24962	26136	22250	23737	7493	7859	4546	4778	1418	1508	656	705	44899	46950	47	56	6646	6990	105876	110762	63085	66017	
34	8.28081e+006	8.286e+006	25963	27174	23327	24868	7819	8199	4742	4984	1540	1639	716	769	49009	51265	63	75	6848	7180	112737	117929	67723	70863	
35	8.27324e+006	8.27876e+006	27127	28403	24393	25972	8181	8565	4937	5185	1648	1750	770	826	53329	55800	85	98	7223	7583	119974	125498	72498	75850	
36	8.2653e+006	8.27118e+006	28322	29666	25571	27231	8585	8990	5139	5393	1754	1863	823	883	57783	60453	113	127	7566	7952	127557	133434	77506	81081	
37	8.25702e+006	8.26328e+006	29566	30972	26692	28449	8952	9390	5362	5615	1847	1961	871	931	62581	65475	148	166	7889	8297	135459	141718	82769	86585	
38	8.24833e+006	8.25499e+006	30997	32490	27806	29604	9336	9786	5599	5878	1914	2027	900	963	67593	70726	187	209	8281	8696	143751	150402	88159	92217	
39	8.23934e+006	8.24638e+006	32360	33918	29020	30897	9772	10243	5830	6117	1980	2097	927	991	72833	76206	226	251	8585	9012	152352	159398	93849	98164	
40	8.23462e+006	8.24189e+006	29275	30694	30291	32260	10204	10707	6112	6414	2040	2161	948	1015	78305	81928	271	298	4485	4724	156847	164112	99828	104414	
41	8.22972e+006	8.23721e+006	26046	27317	31650	33742	10650	11191	6384	6694	2113	2239	987	1057	83992	87863	314	344	4663	4917	161522	169018	106033	110918	
42	8.22459e+006	8.2323e+006	22659	23769	33498	35688	10713	11252	6707	7045	2240	2372	1045	1120	89890	94015	351	383	4893	5147	166432	174150	112970	118196	
43	8.21964e+006	8.22757e+006	18790	19714	35386	37652	10769	11305	7001	7364	2351	2487	1090	1162	96099	100512	394	429	4717	4955	171162	179092	120180	125739	
44	8.21483e+006	8.22297e+006	18905	19807	33863	36034	9951	10445	7271	7630	2467	2614	1140	1215	102533	107245	435	472	4598	4821	175770	183902	124098	129851	
45	8.21021e+006	8.21855e+006	18644	19529	32225	34291	9048	9505	7593	7963	2592	2744	1200	1276	109273	114296	485	526	4403	4639	180184	188529	128215	134158	
46	8.20578e+006	8.21431e+006	17981	18820	30496	32420	8138	8537	7930	8317	2716	2871	1256	1334	116336	121693	541	585	4229	4440	184430	192953	132509	138660	
47	8.20169e+006	8.21038e+006	17173	17975	28392	30146	7099	7440	8281	8694	2817	2977	1291	1373	123726	129431	601	648	3908	4111	188353	197049	136677	143018	
48	8.19787e+006	8.20674e+006	16212	16985	25467	27028	6359	6664	8645	9077	2960	3127	1359	1445	131458	137529	655	703	3638	3830	192001	200868	140676	147206	
49	8.19442e+006	8.20344e+006	15095	15805	22113	23482	5551	5818	9012	9472	3081	3252	1420	1506	139509	145943	714	766	3285	3458	195299	204314	144523	151248	
50	8.19135e+006	8.2005e+006	13786	14456	21916	23243	5501	5764	8570	9021	3212	3387	1486	1574	144254	150906	778	833	2924	3088	198237	207388	148087	154968	
51	8.18832e+006	8.1976e+006	12759	13383	21292	22564	5378	5629	8074	8507	3385	3560	1561	1651	149194	156085	837	898	2880	3039	201132	210412	151396	158422	
52	8.1854e+006	8.1948e+006	11913	12492	20297	21514	5115	5362	7554	7975	3531	3714	1631	1725	154409	161527	904	967	2791	2939	203936	213338	154528	161701	
53	8.1827e+006	8.19222e+006	11197	11746	19154	20307	4831	5067	6956	7339	3675	3863	1702	1800	159526	166886	972	1037	2568	2715	206520	216036	157360	164654	
54	8.18012e+006	8.18975e+006	10727	11249	17837	18931	4476	4709	6223	6562	3843	4036	1776	1879	164623	172215	1049	1120	2453	2591	208986	218614	159899	167303	
55	8.17769e+006	8.18744e+006	10149	10650	16644	17653	4157	4376	5407	5701	3997	4203	1838	1948	169622	177463	1123	1197	2303	2439	211301	221042	162389	169908	
56	8.17539e+006	8.18524e+006	9539	10025	15509	16468	3847	4068	5356	5647	3901	4110	1790	1898	173932	181955	1203	1279	2181	2314	213494	223344	164801	172424	
57	8.17326e+006	8.18321e+006	8990	9458	14455	15352	3572	3775	5205	5489	3834	4038	1766	1869	177992	186197	1283	1365	2020	2147	215527	225477	167026	174751	
58	8.17127e+006	8.18131e+006	8416	8871	13501	14339	3352	3539	4953	5213	3737	3942	1724	1826	181901	190292	1372	1461	1884	2000	217422	227466	169144	176962	
59	8.1694e+006	8.17952e+006	7896	8314	12707	13507	3169	3347	4678	4924	3632	3835	1672	1771	185491	194040	1460	1553	1778	1888	219216	229337	171123	179032	
60	8.16765e+006	8.17785e+006	7373	7763	12108	12873	3036	3197	4354	4587	3515	3716	1609	1705	188777	197477	1550	1647	1661	1760	220888	231086	172989	180998	
61	8.16598e+006	8.17626e+006	6932	7298	11419	12154	2865	3022	4061	4282	3340	3536	1527	1624	192030	200873	1661	1761	1580	1681	222480	232755	174735	182828	
62	8.16442e+006	8.17476e+006	6531	6874	10690	11398	2686	2839	3779	3984	3164	3349	1436	1527	195195	204184	1757	1862	1482	1576	223978	234315	176361	184531	
63	8.16295e+006	8.17335e+006	6145	6467	10066	10732	2530	2669	3500	3693	2965	3138	1340	1425	198147	207266	1868	1979	1392	1480	225382	235782	177888	186130	
64	8.16158e+006	8.17205e+006	5778	6090	9418	10050	2385	2522	3277	3463	2698	2851	1220	1299	200994	210245	1976	2096	1293	1384	226688	237154	179312	187617	
65	8.16029e+006	8.17081e+006	5427	5711	8843	9440	2240	2369	3092	3266	2400	2538	1086	1158	203685	213064	2086	2212	1225	1306	227930	238442	180672	189046	
66	8.15905e+006	8.16961e+006	5126	5399	8295	8851	2092	2217	2955	3124	2321	2457	1055	1122	206038	215528	2142	2272	1182	1263	229128	239690	181960	190387	
67	8.15789e+006	8.1685e+006	4829	5093	7942	8461	1824	1934	2799	2962	2216	2350	1005	1076	208266	217865	2207	2340	1095	1174	230236	240851	183301	191791	
68	8.15683e+006	8.16749e+006	4538	4780	7599	8092	1583	1681	2615	2778	2096	2220	945	1011	210403	220101	2268	2406	1000	1073	231250	241910	184548	193100	
69	8.15581e+006	8.16651e+006	4270	4508	7289	7747	1344	1440	2483	2636	1976	2091	893	957	212388	222182	2328	2469	961	1029	232223	242927	185739	194334	
70	8.15485e+006	8.16559e+006	3999	4220	7046	7477	1119	1202	2316	2465	1856	1965	841	902	214282	224163	2391	2535	912	974	233149	243888	186885	195527	
71	8.15396e+006	8.16474e+006	3739	3953	6777	7184	910	981	2174	2312	1745	1847	787	845	216070	226033	2452	2600	840	902	234000	244780	187944	196636	
72	8.15311e+006	8.16393e+006	3537	3744	6496	6883	714	774	2041	2170	1627	1724	735	793	217760	227799	2510	2661	800	862	234811	245631	188925	197657	
73	8.15229e+006	8.16314e+006	3349	3544	6110	6479	669	728	1916	2034	1517	1615	685	741	219345	229453	2566	2718	774	828	235595	246448	189832	198602	
74	8.15154e+006	8.16242e+006	3146	3330	5764	6106	635	690	1807	1919	1414	1510	638	691	220811	230994	2614	2770	709	760	236317	247197	190688	199488	
75	8.15081e+006	8.16172e+006	3000	3167	5406	5741	602	658	1699	1806	1337	1424	600	654	222199	232437	2656	2815	690	743	237021	247925	191469	200305	
76	8.15013e+006	8.16106e+006	2846	3002	5060	5381	565	618	1612	1707	1265	1349	564	616	223518	233816	2695	2855	644	699	237680	248609	192220	201094	
77	8.14948e+006	8.16043e+006	2687	2833	4778	5080	525	573	1523	1616	1198	1276	534	585	224740	235100	2736	2898	615	661	238305	249259	192957	201864	
78	8.14887e+006	8.15984e+006	2552	2694	4518	4802	493	539	1412	1503	1131	1208	504	551	225893	236300	2774	2937	575	620	238892	249868	193629	202560	
79	8.14831e+006	8.15931e+006	2387	2526	4276	4542	466	512	1317	1405	1077	1152	477	520	226983	237438	2806	2971	527	573	239431	250429	194283	203235	
80	8.14778e+006	8.15879e+006	2244	2372	4039	4294	438	481	1238	1320	1007	1079	450	493	228030	238522	2836	3004	503	542	239943	250961	194891	203865	
81	8.14726e+006	8.1583e+006	2110	2230	3853	4087	402	443	1146	1226	946	1015	421	463	228999	239534	2872	3043	481	519	240433	251472	195478	204476	
82	8.14678e+006	8.15784e+006	1985	2110	3659	3872	375	413	1061	1138	891	956	398	439	229923	240502	2899	3072	452	498	240895	251959	196026	205047	
83	8.14631e+006	8.15739e+006	1898	2015	3430	3638	358	390	995	1070	832	891	370	408	230802	241425	2928	3101	440	479	241347	252427	196527	205569	
84	8.14586e+006	8.15695e+006	1821	1931	3240	3441	340	370	945	1016	784	837	347	382	231597	242254	2953	3128	424	460	241782	252875	197003	206065	
85	8.14544e+006	8.15655e+006	1735	1846	3053	3240	320	346	898	965	733	789	323	359	232376	243058	2975	3152	395	434	242187	253299	197457	206539	
86	8.14504e+006	8.15616e+006	1659	1760	2876	3059	302	328	850	915	682	735	302	337	233105	243816	3004	3182	374	412	242575	253698	197880	206986	
87	8.14466e+006	8.1558e+006	1571	1669	2711	2887	293	319	818	879	635	685	278	310	233788	244527	3027	3206	352	389	242938	254076	198297	207416	
88	8.1443e+006	8.15545e+006	1480	1577	2564	2734	286	313	779	837	590	639	260	291	234438	245203	3047	3226	333	367	243282	254432	198696	207827	
89	8.14336e+006	8.15455e+006	1978	2099	2443	2605	274	304	735	787	547	595	243	271	235047	245836	3066	3247	892	957	244190	255373	199071	208216	
90	8.14245e+006	8.15367e+006	2462	2616	2325	2482	264	296	699	752	514	562	229	256	235613	246421	3081	3263	860	927	245066	256285	199428	208581	
91	8.14159e+006	8.15283e+006	2932	3107	2208	2361	255	285	662	713	485	532	217	244	236152	246985	3097	3280	821	882	245907	257147	199764	208931	
92	8.14061e+006	8.15189e+006	3521	3733	2105	2247	240	268	625	673	452	495	202	227	236668	247528	3114	3299	921	995	246842	258126	200079	209259	
93	8.13955e+006	8.15087e+006	3634	3855	2513	2681	281	314	588	635	429	470	192	217	237162	248043	3131	3315	1004	1080	247865	259187	200904	210117	
94	8.13838e+006	8.14974e+006	3883	4120	2905	3102	327	361	562	606	408	449	185	208	237633	248526	3143	3329	1110	1191	248997	260356	201697	210943	
95	8.13709e+006	8.14849e+006	4280	4552	3289	3505	370	404	532	573	388	425	176	198	238077	248994	3155	3342	1219	1312	250242	261643	202461	211728	
96	8.13562e+006	8.14708e+006	4754	5051	3779	4031	425	460	505	545	370	405	167	188	238498	249431	3166	3354	1392	1497	251661	263113	203310	212617	
97	8.13401e+006	8.14551e+006	5293	5614	4367	4659	486	526	474	512	353	386	162	182	238901	249849	3176	3364	1542	1644	253228	264731	204240	213581	
98	8.13214e+006	8.14371e+006	5952	6318	5071	5407	557	604	449	488	337	369	157	176	239277	250236	3185	3373	1770	1894	255031	266592	205271	214645	
99	8.13001e+006	8.14165e+006	6749	7177	5364	5728	588	642	536	579	323	353	153	172	240099	251092	3196	3384	2016	2171	257084	268727	206407	215822	
100	8.12768e+006	8.1394e+006	7572	8051	5844	6246	639	694	622	672	308	337	147	165	240894	251920	3205	3394	2216	2371	259339	271059	207704	217164	
101	8.12513e+006	8.13693e+006	8456	8996	6492	6938	707	769	708	763	288	318	137	156	241655	252703	3215	3403	2426	2587	261808	273602	209134	218642	
102	8.1223e+006	8.13418e+006	9384	9985	7261	7752	786	856	816	878	274	302	131	148	242489	253572	3224	3413	2700	2883	264553	276440	210775	220337	
103	8.11913e+006	8.13114e+006	10365	11023	8164	8735	892	968	941	1011	259	286	124	141	243392	254507	3233	3423	2996	3209	267597	279602	212638	222276	
104	8.11562e+006	8.12775e+006	11487	12215	9148	9795	1008	1093	1096	1172	244	271	115	132	244373	255524	3242	3432	3339	3562	270984	283116	214686	224392	
105	8.11169e+006	8.12396e+006	12805	13606	10240	10954	1120	1212	1153	1231	263	291	121	139	245532	256720	3252	3442	3743	3979	274775	287047	216941	226713	
106	8.10726e+006	8.11971e+006	14297	15216	11421	12218	1240	1340	1248	1334	283	313	128	148	246829	258060	3259	3448	4191	4493	279031	291475	219449	229304	
107	8.10238e+006	8.11499e+006	15953	16957	12726	13634	1385	1494	1377	1469	302	334	138	157	248238	259516	3267	3457	4653	4949	283750	296359	222219	232184	
108	8.09694e+006	8.10975e+006	17786	18896	14118	15132	1553	1674	1545	1646	330	365	150	170	249834	261166	3273	3464	5171	5502	288986	301795	225294	235374	
109	8.09091e+006	8.10393e+006	19788	21026	15675	16767	1719	1850	1744	1860	358	393	160	180	251650	263054	3281	3472	5745	6110	294808	307828	228751	238963	
110	8.0842e+006	8.09749e+006	21953	23328	17453	18691	1911	2053	1950	2086	396	433	174	196	253648	265117	3288	3479	6358	6793	301249	314537	232627	243002	
111	8.0767e+006	8.09028e+006	24415	25968	19449	20823	2132	2293	2195	2339	441	482	197	220	255818	267357	3295	3485	7113	7592	308452	322040	236931	247454	
112	8.0684e+006	8.08231e+006	27132	28856	21662	23184	2384	2558	2451	2617	497	542	223	249	258235	269860	3300	3490	7889	8388	316428	330341	241699	252402	
113	8.05913e+006	8.0734e+006	30201	32105	24122	25797	2666	2853	2751	2946	561	609	253	282	260905	272626	3305	3496	8815	9358	325332	339610	246992	257891	
114	8.0489e+006	8.0636e+006	33560	35632	26836	28723	2963	3165	3058	3270	651	704	294	327	263885	275720	3310	3501	9716	10320	335141	349838	252854	264004	
115	8.03745e+006	8.05264e+006	37303	39588	29834	31964	3323	3549	3397	3623	711	769	323	360	267266	279226	3320	3511	10856	11548	346093	361289	259383	270818	
116	8.02477e+006	8.04051e+006	41447	43973	33149	35476	3696	3941	3810	4060	785	850	361	401	271022	283126	3331	3522	12033	12774	358224	373966	266642	278383	
117	8.01063e+006	8.02697e+006	46052	48878	36873	39449	4124	4386	4239	4522	871	940	402	442	275210	287449	3343	3534	13416	14266	371764	388108	274742	286830	
118	7.99507e+006	8.01211e+006	51092	54221	40961	43816	4568	4853	4736	5041	966	1041	443	488	279837	292255	3357	3548	14755	15665	386625	403667	283684	296164	
119	7.97782e+006	7.99565e+006	56571	60044	45528	48711	5092	5415	5258	5589	1074	1158	501	547	285007	297620	3369	3561	16335	17370	403085	420912	293630	306571	
120	7.9588e+006	7.97751e+006	62566	66408	50613	54101	5666	6024	5848	6222	1213	1301	568	615	290696	303545	3384	3577	18030	19136	421222	439941	304657	318097	
121	7.93753e+006	7.95727e+006	69295	73508	56289	60146	6271	6674	6502	6920	1345	1441	629	677	297094	310195	3400	3594	20146	21364	441467	461207	316983	330983	
122	7.914e+006	7.93484e+006	76869	81477	62436	66704	6966	7416	7203	7662	1505	1611	701	755	304181	317576	3418	3612	22325	23639	463900	484738	330497	345144	
123	7.88813e+006	7.91017e+006	85086	90095	69156	73916	7742	8241	7992	8485	1682	1802	780	841	312092	325812	3442	3635	24550	25990	488570	510608	345451	360827	
124	7.85937e+006	7.88279e+006	94325	99831	76602	81867	8580	9136	8833	9399	1859	1991	861	930	320853	334913	3468	3662	27269	28872	515948	539371	361958	378165	
125	7.82764e+006	7.85266e+006	104220	110281	84962	90756	9485	10088	9828	10457	2067	2211	951	1028	330569	345061	3497	3693	30039	31817	546081	571094	380395	397547	
126	7.79272e+006	7.81942e+006	115026	121668	94244	100611	10466	11127	10921	11622	2303	2461	1060	1143	341336	356298	3526	3723	33130	35027	579316	606015	400844	419012	
127	7.7543e+006	7.78283e+006	126961	134204	104243	111198	11579	12287	12136	12902	2563	2734	1187	1276	353371	368857	3555	3753	36488	38524	615905	644438	423305	442585	
128	7.71197e+006	7.7426e+006	139836	147754	115485	123134	12818	13591	13477	14317	2855	3045	1332	1430	366558	382651	3595	3794	40141	42424	656140	686769	448238	468798	
129	7.66548e+006	7.69835e+006	153942	162531	127817	136208	14148	15006	14934	15864	3189	3401	1480	1590	381183	397955	3635	3836	44150	46590	700387	733261	475684	497703	
130	7.6145e+006	7.64975e+006	169321	178575	141360	150539	15668	16601	16558	17577	3518	3753	1626	1751	397319	414869	3684	3886	48509	51071	748987	784240	505945	529522	
131	7.55854e+006	7.5964e+006	186087	196096	156024	166025	17304	18316	18358	19492	3931	4189	1811	1944	415302	433736	3731	3935	53253	56047	802334	840193	539277	564551	
132	7.49767e+006	7.53837e+006	203882	214647	171999	182974	19095	20203	20338	21559	4389	4676	2009	2158	435241	454656	3786	3992	57938	60973	860366	901071	575936	603138	
133	7.43086e+006	7.47465e+006	223360	234954	189538	201521	21101	22310	22478	23819	4869	5187	2234	2391	457224	477689	3853	4061	63626	66899	924082	967880	616191	645459	
134	7.35815e+006	7.40516e+006	244259	256673	208598	221543	23225	24542	24906	26387	5412	5762	2485	2657	481567	503232	3921	4133	69406	72792	993573	1.04059e+006	660468	691923	
135	7.27922e+006	7.32968e+006	266420	279631	229453	243431	25514	26955	27605	29244	5999	6380	2758	2942	508334	531389	4005	4220	75414	79004	1.06906e+006	1.11952e+006	709119	742957	
136	7.19354e+006	7.2476e+006	290484	304412	251716	266840	27990	29559	30594	32372	6651	7070	3054	3257	537844	562402	4090	4309	81998	85756	1.15113e+006	1.2052e+006	762002	798440	
137	7.10093e+006	7.15877e+006	315609	330205	276036	292397	30745	32441	33734	35684	7370	7833	3382	3611	570471	596653	4189	4408	88752	92692	1.23997e+006	1.29781e+006	820015	859293	
138	7.00101e+006	7.0628e+006	342097	357403	302251	319719	33736	35545	37229	39372	8161	8666	3731	3977	606316	634344	4297	4524	95888	99995	1.33594e+006	1.39772e+006	883288	925509	
139	6.89383e+006	6.9597e+006	369708	385664	330373	348998	36818	38741	41078	43397	9037	9592	4109	4379	645722	675751	4421	4650	103021	107268	1.43904e+006	1.50491e+006	952088	997480	
140	6.77895e+006	6.84899e+006	398348	414861	360510	380330	40112	42154	45223	47705	10037	10642	4568	4866	689047	721233	4554	4787	110640	114953	1.54975e+006	1.61979e+006	1.02694e+006	1.07563e+006	
141	6.65626e+006	6.73047e+006	428025	444943	392391	413353	43683	45822	49672	52369	11112	11780	5063	5391	736721	771230	4700	4941	118428	122774	1.66827e+006	1.74248e+006	1.10792e+006	1.16008e+006	
142	6.52549e+006	6.60393e+006	458603	475787	426519	448549	47462	49694	54478	57402	12291	13020	5628	5985	788605	825666	4863	5112	126466	130840	1.7948e+006	1.87325e+006	1.19545e+006	1.25124e+006	
143	6.38729e+006	6.46982e+006	489620	506794	462022	485025	51303	53637	59793	62962	13596	14387	6226	6620	845529	885358	5040	5297	134029	138284	1.92892e+006	2.01145e+006	1.28956e+006	1.34907e+006	
144	6.24135e+006	6.32788e+006	520825	537874	499101	523034	55401	57846	65503	68900	15027	15886	6883	7308	907669	950403	5253	5518	141837	146040	2.07085e+006	2.15739e+006	1.3905e+006	1.45383e+006	
145	6.08845e+006	6.17878e+006	551424	568077	537816	562495	59670	62185	71576	75199	16555	17480	7578	8029	975332	1.0212e+006	5479	5753	149027	152977	2.21996e+006	2.31028e+006	1.49867e+006	1.56586e+006	
146	5.92899e+006	6.02286e+006	580772	596803	577822	603117	64107	66671	78084	81925	18246	19243	8350	8840	1.04897e+006	1.09814e+006	5717	6002	155807	159573	2.37588e+006	2.46975e+006	1.6142e+006	1.68529e+006	
147	5.76351e+006	5.86052e+006	608971	624107	618570	644169	68638	71209	85026	89089	20122	21212	9218	9740	1.12873e+006	1.18134e+006	5985	6281	162218	165598	2.53821e+006	2.63523e+006	1.73665e+006	1.81152e+006	
148	5.59232e+006	5.69213e+006	635416	649370	659873	685555	73271	75882	92427	96698	22125	23314	10154	10727	1.215e+006	1.27123e+006	6285	6590	168263	171322	2.70661e+006	2.80642e+006	1.86626e+006	1.94481e+006	
149	5.41678e+006	5.51884e+006	659539	672063	701309	726679	77872	80435	100119	104546	24283	25596	11191	11818	1.30792e+006	1.36793e+006	6616	6939	173136	175685	2.8799e+006	2.98195e+006	2.00253e+006	2.0846e+006	
150	5.23782e+006	5.34148e+006	680907	691648	742048	766837	82360	84839	108111	112711	26645	28055	12298	12967	1.40791e+006	1.4718e+006	6982	7322	177141	179191	3.05726e+006	3.16092e+006	2.14505e+006	2.2304e+006	
151	5.05623e+006	5.16102e+006	698897	707888	781484	805268	86777	89168	116569	121324	29167	30675	13459	14169	1.51503e+006	1.58283e+006	7392	7756	180162	181883	3.23772e+006	3.34251e+006	2.29344e+006	2.38172e+006	
152	4.87326e+006	4.97854e+006	712797	719858	819082	841502	91079	93314	125128	130048	31944	33543	14720	15468	1.62979e+006	1.70154e+006	7839	8223	182089	183367	3.4202e+006	3.52548e+006	2.44737e+006	2.5383e+006	
153	4.68981e+006	4.79488e+006	722745	728191	854293	874949	95103	97140	133961	138925	34868	36570	16043	16847	1.75164e+006	1.82731e+006	8339	8748	182909	184193	3.60385e+006	3.70893e+006	2.60589e+006	2.69895e+006	
154	4.50738e+006	4.61148e+006	727955	732483	886244	904622	98644	100430	142937	147967	37942	39751	17449	18298	1.88097e+006	1.96046e+006	8891	9324	182105	183729	3.78726e+006	3.89136e+006	2.76828e+006	2.86288e+006	
155	4.32711e+006	4.42975e+006	727677	732715	914329	930304	101873	103475	151843	156836	41215	43133	18969	19877	2.01731e+006	2.10048e+006	9486	9943	180002	181999	3.96899e+006	4.07163e+006	2.93354e+006	3.02923e+006	
156	4.15023e+006	4.25067e+006	722119	728769	938237	951443	104510	105867	160586	165464	44728	46743	20607	21557	2.16029e+006	2.24702e+006	10162	10642	176726	179225	4.14807e+006	4.2485e+006	3.1008e+006	3.19702e+006	
157	3.97775e+006	4.07537e+006	711428	720144	957363	967825	106486	107668	169078	173762	48345	50433	22263	23246	2.30978e+006	2.39976e+006	10886	11398	172350	175435	4.32337e+006	4.42099e+006	3.26934e+006	3.36544e+006	
158	3.81065e+006	3.90491e+006	696277	707021	970466	978422	107862	108841	177306	181690	52174	54333	24016	25029	2.46533e+006	2.5583e+006	11673	12221	167003	170557	4.49383e+006	4.58808e+006	3.43769e+006	3.53298e+006	
159	3.64988e+006	3.7404e+006	676903	689674	976970	983818	108537	109445	184930	188992	56118	58288	25783	26809	2.62616e+006	2.72167e+006	12548	13140	160698	164582	4.65834e+006	4.74886e+006	3.60462e+006	3.69869e+006	
160	3.49628e+006	3.58249e+006	653686	668449	976558	983981	108459	109392	191684	195290	60104	62347	27593	28644	2.7918e+006	2.88932e+006	13501	14135	153526	157983	4.81625e+006	4.90246e+006	3.76929e+006	3.86141e+006	
161	3.35005e+006	3.43177e+006	627480	643825	968972	978740	107648	108769	197806	200936	64266	66557	29532	30600	2.96093e+006	3.06004e+006	14508	15183	146169	150785	4.96697e+006	5.04869e+006	3.93057e+006	4.02017e+006	
162	3.21192e+006	3.28895e+006	598534	616148	954912	967755	106087	107480	203076	205673	68301	70617	31373	32463	3.13296e+006	3.23311e+006	15609	16335	138072	142866	5.10979e+006	5.18681e+006	4.08759e+006	4.17418e+006	
163	3.08221e+006	3.15433e+006	567502	586233	934393	950333	103986	105700	207116	209222	72402	74664	33282	34335	3.30719e+006	3.40777e+006	16823	17597	129673	134660	5.24441e+006	5.31652e+006	4.23916e+006	4.32242e+006	
164	2.96106e+006	3.02828e+006	535081	554347	908401	927381	101161	103145	209929	211591	76459	78644	35150	36182	3.4823e+006	3.58263e+006	18120	18944	121115	126086	5.37045e+006	5.43768e+006	4.3848e+006	4.46417e+006	
165	2.84847e+006	2.91084e+006	501448	521056	877674	899492	97812	100063	211173	212616	80410	82523	36934	37946	3.65719e+006	3.75683e+006	19502	20380	112542	117490	5.4879e+006	5.55026e+006	4.52386e+006	4.59917e+006	
166	2.74417e+006	2.80167e+006	467641	487398	842710	866905	93960	96453	211058	212651	84181	86199	38682	39655	3.83064e+006	3.92891e+006	21000	21928	104263	109210	5.59707e+006	5.65457e+006	4.65585e+006	4.7269e+006	
167	2.64811e+006	2.70094e+006	433992	453505	804321	830490	89537	92227	209396	211445	87573	89437	40217	41127	4.00199e+006	4.0983e+006	22614	23593	96025	100766	5.6978e+006	5.75063e+006	4.78041e+006	4.847e+006	
168	2.56005e+006	2.60829e+006	400895	420113	762952	790586	84922	87756	206281	208872	90683	92346	41652	42483	4.1701e+006	4.26391e+006	24340	25383	88021	92691	5.79045e+006	5.83869e+006	4.89716e+006	4.9593e+006	
169	2.47957e+006	2.52351e+006	368797	387427	719672	748399	79988	82909	201824	204996	93504	94972	42968	43708	4.3338e+006	4.42472e+006	26143	27238	80445	84802	5.87522e+006	5.91917e+006	5.00606e+006	5.06377e+006	
170	2.4063e+006	2.44614e+006	337763	355634	675324	704558	75063	77986	196262	199988	95788	97014	44010	44636	4.49244e+006	4.57994e+006	28057	29214	73237	77409	5.95259e+006	5.99244e+006	5.10737e+006	5.1606e+006	
171	2.33985e+006	2.3759e+006	308137	325157	630282	659657	69962	72867	189829	194075	97457	98453	44769	45294	4.64531e+006	4.72915e+006	30089	31299	66401	70288	6.02284e+006	6.05888e+006	5.20093e+006	5.24989e+006	
172	2.27949e+006	2.31196e+006	280440	296439	585216	614475	64987	67865	182391	187048	98631	99492	45353	45818	4.79176e+006	4.87166e+006	32176	33440	60327	63970	6.08677e+006	6.11925e+006	5.28708e+006	5.33181e+006	
173	2.22496e+006	2.25419e+006	254477	269461	540809	569434	60203	63010	174078	179108	99201	100022	45607	46062	4.93144e+006	5.00709e+006	34347	35651	54483	57822	6.14455e+006	6.17378e+006	5.36591e+006	5.40669e+006	
174	2.17601e+006	2.2022e+006	230158	244079	497665	525502	55498	58236	165201	170538	99068	99917	45540	46003	5.06372e+006	5.1351e+006	36631	37965	48918	52026	6.19654e+006	6.22273e+006	5.4379e+006	5.47494e+006	
175	2.13209e+006	2.15554e+006	207630	220495	456121	482899	50960	53579	155954	161551	98331	99362	45210	45754	5.18831e+006	5.2554e+006	38940	40317	43872	46704	6.2432e+006	6.26665e+006	5.50335e+006	5.53688e+006	
176	2.09279e+006	2.11381e+006	186555	198299	416637	442125	46541	49081	146274	151943	96914	98174	44524	45168	5.30579e+006	5.36842e+006	41359	42767	39250	41777	6.28493e+006	6.30594e+006	5.56297e+006	5.59323e+006	
177	2.05735e+006	2.07614e+006	167450	178201	379310	403397	42385	44806	136576	142289	95054	96558	43684	44449	5.41532e+006	5.47361e+006	43798	45224	35380	37723	6.32259e+006	6.34138e+006	5.6169e+006	5.64417e+006	
178	2.02569e+006	2.04243e+006	150140	159941	344154	366681	38500	40795	126855	132577	92577	94328	42548	43422	5.51743e+006	5.57142e+006	46264	47691	31608	33765	6.3563e+006	6.37305e+006	5.6654e+006	5.68987e+006	
179	1.99758e+006	2.01253e+006	134318	143193	311353	332344	34816	36945	117290	122879	89506	91488	41138	42109	5.61224e+006	5.66206e+006	48752	50175	28049	29957	6.3862e+006	6.40115e+006	5.709e+006	5.73093e+006	
180	1.97248e+006	1.98584e+006	120110	128176	280860	300199	31418	33365	107951	113349	86126	88316	39601	40651	5.69982e+006	5.74559e+006	51233	52650	25043	26760	6.4129e+006	6.42626e+006	5.74802e+006	5.76771e+006	
181	1.95006e+006	1.96199e+006	107083	114361	253020	270811	28309	30116	98930	104095	82360	84765	37845	38994	5.78039e+006	5.82237e+006	53707	55104	22355	23907	6.43674e+006	6.44868e+006	5.78324e+006	5.8009e+006	
182	1.93011e+006	1.9408e+006	95345	101874	227299	243588	25405	27039	90476	95388	78335	80858	35923	37117	5.85448e+006	5.89282e+006	56149	57514	19870	21279	6.45794e+006	6.46863e+006	5.8149e+006	5.83066e+006	
183	1.91247e+006	1.92204e+006	84858	90753	203552	218405	22790	24284	82357	87008	74108	76710	34004	35229	5.92241e+006	5.95735e+006	58522	59866	17564	18833	6.4767e+006	6.48627e+006	5.84291e+006	5.85703e+006	
184	1.8967e+006	1.90537e+006	75476	80768	182176	195629	20368	21716	74646	78984	69829	72504	32041	33293	5.98436e+006	6.01607e+006	60785	62095	15660	16776	6.49337e+006	6.50203e+006	5.86793e+006	5.8806e+006	
185	1.88271e+006	1.89058e+006	67013	71756	162888	175056	18203	19427	67508	71593	65376	68056	30024	31272	6.04066e+006	6.06942e+006	62985	64246	13892	14895	6.50816e+006	6.51603e+006	5.89029e+006	5.90165e+006	
186	1.87032e+006	1.8775e+006	59420	63662	145501	156545	16271	17379	60891	64662	60858	63509	27928	29157	6.09174e+006	6.11778e+006	65120	66319	12277	13185	6.52123e+006	6.52842e+006	5.91014e+006	5.92038e+006	
187	1.85924e+006	1.86585e+006	52824	56595	129519	139490	14494	15488	54831	58337	56420	59040	25888	27101	6.13816e+006	6.16172e+006	67162	68307	10965	11769	6.53289e+006	6.5395e+006	5.92772e+006	5.93694e+006	
188	1.84949e+006	1.85566e+006	46770	50146	115170	124096	12941	13846	49234	52462	52079	54626	23876	25057	6.18027e+006	6.20147e+006	69058	70149	9608	10325	6.54307e+006	6.54925e+006	5.94333e+006	5.95175e+006	
189	1.84086e+006	1.84667e+006	41377	44371	102511	110527	11501	12295	44020	46958	47939	50402	21975	23122	6.21812e+006	6.23721e+006	70835	71875	8498	9120	6.55207e+006	6.55787e+006	5.95723e+006	5.96495e+006	
190	1.83318e+006	1.83871e+006	36639	39286	91074	98277	10214	10928	39491	42139	43917	46271	20101	21197	6.25208e+006	6.26923e+006	72528	73503	7544	8095	6.56003e+006	6.56555e+006	5.9695e+006	5.97664e+006	
191	1.82631e+006	1.83161e+006	32402	34764	80845	87293	9092	9735	35384	37750	40141	42352	18387	19417	6.28268e+006	6.29803e+006	74087	74999	6729	7245	6.56713e+006	6.57242e+006	5.98043e+006	5.98707e+006	
192	1.82033e+006	1.82544e+006	28643	30735	71650	77405	8059	8635	31619	33763	36541	38623	16777	17751	6.31015e+006	6.32394e+006	75536	76398	5847	6299	6.57329e+006	6.5784e+006	5.98996e+006	5.99624e+006	
193	1.81494e+006	1.81992e+006	25391	27279	63540	68642	7140	7649	28171	30092	33104	35084	15178	16103	6.33479e+006	6.34714e+006	76882	77704	5246	5664	6.57881e+006	6.5838e+006	5.99838e+006	6.00437e+006	
194	1.81022e+006	1.8151e+006	22442	24135	56267	60810	6322	6776	25090	26802	29888	31718	13710	14567	6.35688e+006	6.36799e+006	78132	78900	4593	4953	6.58364e+006	6.58852e+006	6.00583e+006	6.01159e+006	
195	1.80605e+006	1.81085e+006	19768	21254	49833	53889	5615	6025	22361	23885	26926	28638	12334	13139	6.37654e+006	6.38657e+006	79277	79996	4055	4364	6.58789e+006	6.59269e+006	6.01248e+006	6.01806e+006	
196	1.80232e+006	1.80709e+006	17528	18838	44071	47668	4971	5336	19831	21224	24237	25804	11123	11860	6.3941e+006	6.40316e+006	80308	80986	3607	3883	6.59165e+006	6.59641e+006	6.01825e+006	6.02369e+006	
197	1.799e+006	1.80374e+006	15491	16634	38962	42176	4372	4712	17582	18843	21767	23198	9996	10666	6.40978e+006	6.41802e+006	81278	81915	3210	3459	6.595e+006	6.59973e+006	6.02343e+006	6.02877e+006	
198	1.79611e+006	1.80083e+006	13690	14692	34482	37334	3860	4159	15600	16760	19523	20824	8975	9590	6.4236e+006	6.43116e+006	82126	82732	2793	3010	6.59791e+006	6.60263e+006	6.02796e+006	6.03321e+006	
199	1.79356e+006	1.79828e+006	12087	12973	30502	33040	3413	3680	13825	14864	17415	18607	8000	8565	6.43594e+006	6.44291e+006	82897	83478	2453	2645	6.60046e+006	6.60518e+006	6.03195e+006	6.03715e+006	
200	1.79125e+006	1.79595e+006	10713	11498	26977	29239	3013	3257	12219	13155	15564	16639	7178	7696	6.44688e+006	6.45337e+006	83600	84152	2230	2410	6.60278e+006	6.60749e+006	6.03549e+006	6.04066e+006	
201	1.78921e+006	1.79392e+006	9455	10154	23813	25804	2674	2890	10829	11671	13893	14845	6403	6871	6.45663e+006	6.46267e+006	84242	84768	1952	2115	6.60482e+006	6.60953e+006	6.03862e+006	6.04377e+006	
202	1.78742e+006	1.79214e+006	8379	9000	21090	22844	2356	2548	9566	10295	12378	13251	5704	6135	6.46521e+006	6.47089e+006	84797	85309	1718	1855	6.6066e+006	6.61132e+006	6.04135e+006	6.04651e+006	
203	1.78583e+006	1.79055e+006	7455	8010	18585	20115	2079	2247	8464	9122	11030	11822	5082	5471	6.47283e+006	6.47823e+006	85302	85807	1530	1653	6.60819e+006	6.61291e+006	6.04375e+006	6.0489e+006	
204	1.78443e+006	1.78915e+006	6558	7053	16476	17823	1835	1986	7468	8038	9824	10525	4516	4861	6.47958e+006	6.48475e+006	85736	86234	1334	1453	6.60958e+006	6.6143e+006	6.04593e+006	6.05108e+006	
205	1.78321e+006	1.78794e+006	5773	6209	14603	15806	1612	1747	6609	7113	8724	9356	4009	4327	6.48551e+006	6.49051e+006	86131	86623	1169	1270	6.6108e+006	6.61553e+006	6.04785e+006	6.05301e+006	
206	1.78213e+006	1.78685e+006	5095	5476	12915	13976	1425	1536	5823	6265	7736	8306	3553	3841	6.4908e+006	6.49569e+006	86478	86968	1039	1124	6.61188e+006	6.6166e+006	6.04953e+006	6.05469e+006	
207	1.78117e+006	1.7859e+006	4490	4823	11428	12362	1237	1339	5126	5521	6846	7368	3137	3403	6.4955e+006	6.50031e+006	86789	87277	924	1001	6.61284e+006	6.61757e+006	6.05103e+006	6.0562e+006	
208	1.78033e+006	1.78507e+006	3946	4239	10107	10947	1101	1195	4531	4890	6046	6510	2763	2998	6.49959e+006	6.50434e+006	87073	87561	792	866	6.61366e+006	6.61841e+006	6.05233e+006	6.05749e+006	
209	1.77957e+006	1.78432e+006	3493	3758	8952	9701	976	1062	3984	4289	5374	5785	2460	2667	6.50319e+006	6.50789e+006	87318	87800	716	789	6.61441e+006	6.61916e+006	6.05346e+006	6.05863e+006	
210	1.77889e+006	1.78364e+006	3103	3355	7881	8534	861	936	3542	3819	4754	5123	2174	2357	6.5064e+006	6.51108e+006	87538	88019	651	718	6.61509e+006	6.61985e+006	6.05449e+006	6.05965e+006	
211	1.77829e+006	1.78305e+006	2745	2973	6942	7512	774	842	3133	3380	4198	4535	1913	2077	6.50925e+006	6.5139e+006	87734	88212	565	620	6.61569e+006	6.62045e+006	6.05538e+006	6.06056e+006	
212	1.77777e+006	1.78254e+006	2442	2650	6118	6627	673	737	2776	3006	3695	3990	1683	1826	6.51175e+006	6.51641e+006	87906	88381	490	543	6.6162e+006	6.62096e+006	6.05617e+006	6.06135e+006	
213	1.77731e+006	1.78208e+006	2158	2346	5388	5846	593	650	2463	2661	3267	3523	1492	1619	6.51397e+006	6.51862e+006	88059	88532	434	484	6.61666e+006	6.62143e+006	6.05688e+006	6.06207e+006	
214	1.77689e+006	1.78167e+006	1903	2066	4780	5189	518	572	2188	2363	2884	3114	1322	1437	6.51592e+006	6.52057e+006	88188	88662	396	437	6.61707e+006	6.62184e+006	6.05751e+006	6.06271e+006	
215	1.77655e+006	1.78133e+006	1665	1805	4244	4607	454	501	1934	2089	2557	2760	1165	1269	6.51763e+006	6.52228e+006	88302	88779	324	363	6.61741e+006	6.62219e+006	6.05807e+006	6.06327e+006	
216	1.77624e+006	1.78102e+006	1467	1591	3739	4076	408	453	1704	1842	2253	2440	1031	1127	6.51916e+006	6.52381e+006	88406	88878	292	328	6.61772e+006	6.6225e+006	6.05855e+006	6.06375e+006	
217	1.77596e+006	1.78074e+006	1294	1401	3302	3614	355	397	1504	1625	1990	2158	905	991	6.5205e+006	6.52516e+006	88499	88972	261	295	6.618e+006	6.62278e+006	6.05898e+006	6.06419e+006	
218	1.77571e+006	1.78049e+006	1128	1223	2939	3217	323	364	1328	1437	1775	1928	804	878	6.52165e+006	6.52631e+006	88581	89054	230	260	6.61824e+006	6.62302e+006	6.05937e+006	6.06458e+006	
219	1.7755e+006	1.78027e+006	1007	1098	2582	2823	291	330	1163	1262	1566	1698	711	777	6.52272e+006	6.52739e+006	88654	89127	208	233	6.61846e+006	6.62324e+006	6.05969e+006	6.0649e+006	
220	1.77528e+006	1.78006e+006	911	993	2260	2471	255	289	1031	1120	1387	1506	632	692	6.52366e+006	6.52834e+006	88713	89186	197	222	6.61867e+006	6.62345e+006	6.05998e+006	6.06519e+006	
221	1.7751e+006	1.77988e+006	821	894	1987	2175	226	258	904	983	1227	1339	555	613	6.52449e+006	6.52917e+006	88772	89246	172	195	6.61886e+006	6.62364e+006	6.06024e+006	6.06545e+006	
222	1.77494e+006	1.77972e+006	739	804	1758	1922	197	225	804	876	1096	1199	495	550	6.5252e+006	6.52988e+006	88819	89293	147	170	6.61901e+006	6.6238e+006	6.06047e+006	6.06568e+006	
223	1.7748e+006	1.77958e+006	668	726	1556	1698	174	198	710	777	963	1060	428	480	6.52584e+006	6.53053e+006	88860	89337	136	157	6.61916e+006	6.62394e+006	6.06068e+006	6.06589e+006	
224	1.77467e+006	1.77945e+006	586	637	1379	1507	152	173	631	690	849	935	381	429	6.52642e+006	6.53112e+006	88899	89374	114	133	6.61928e+006	6.62406e+006	6.06088e+006	6.06609e+006	
225	1.77456e+006	1.77934e+006	515	564	1242	1361	134	154	556	611	752	831	339	384	6.5269e+006	6.53161e+006	88933	89409	102	121	6.61939e+006	6.62418e+006	6.06105e+006	6.06626e+006	
226	1.77445e+006	1.77924e+006	464	509	1116	1221	116	135	487	536	669	742	300	341	6.52734e+006	6.53205e+006	88963	89439	97	114	6.6195e+006	6.62428e+006	6.0612e+006	6.06641e+006	
227	1.77437e+006	1.77915e+006	409	448	1004	1097	104	120	434	480	585	647	264	303	6.52773e+006	6.53244e+006	88995	89472	81	96	6.61959e+006	6.62437e+006	6.06134e+006	6.06655e+006	
228	1.77428e+006	1.77906e+006	372	411	901	985	90	107	379	421	513	568	235	271	6.52808e+006	6.53279e+006	89020	89498	78	96	6.61968e+006	6.62446e+006	6.06146e+006	6.06667e+006	
229	1.77421e+006	1.77899e+006	332	370	804	880	83	98	333	371	453	506	208	241	6.52839e+006	6.5331e+006	89040	89519	63	77	6.61975e+006	6.62453e+006	6.06156e+006	6.06677e+006	
230	1.77414e+006	1.77892e+006	297	332	713	782	74	88	297	335	401	448	183	214	6.52867e+006	6.53338e+006	89061	89540	63	76	6.61982e+006	6.6246e+006	6.06166e+006	6.06687e+006	
231	1.77408e+006	1.77886e+006	273	306	634	695	62	76	267	303	348	388	161	187	6.52892e+006	6.53363e+006	89081	89560	57	69	6.61988e+006	6.62466e+006	6.06175e+006	6.06696e+006	
232	1.77403e+006	1.77881e+006	239	268	568	628	58	70	240	273	309	345	144	169	6.52913e+006	6.53384e+006	89093	89571	45	57	6.61993e+006	6.62471e+006	6.06183e+006	6.06704e+006	
233	1.77398e+006	1.77876e+006	219	247	503	557	49	61	218	248	275	307	130	152	6.52933e+006	6.53404e+006	89105	89584	44	54	6.61998e+006	6.62476e+006	6.06189e+006	6.0671e+006	
234	1.77393e+006	1.77871e+006	197	224	454	505	46	58	197	226	243	273	112	133	6.52949e+006	6.5342e+006	89117	89596	42	53	6.62003e+006	6.62481e+006	6.06196e+006	6.06717e+006	
235	1.77389e+006	1.77867e+006	171	199	414	461	40	52	176	205	214	243	98	117	6.52964e+006	6.53435e+006	89128	89606	32	43	6.62006e+006	6.62484e+006	6.06202e+006	6.06723e+006	
236	1.77386e+006	1.77864e+006	156	180	365	408	37	48	153	179	187	213	85	103	6.52979e+006	6.5345e+006	89139	89617	29	39	6.6201e+006	6.62488e+006	6.06206e+006	6.06727e+006	
237	1.77382e+006	1.7786e+006	142	167	328	372	35	45	138	159	167	191	76	92	6.52991e+006	6.53462e+006	89145	89623	30	41	6.62013e+006	6.62491e+006	6.06211e+006	6.06732e+006	
238	1.77379e+006	1.77857e+006	125	149	295	334	31	40	122	142	149	173	67	83	6.53003e+006	6.53473e+006	89153	89632	26	34	6.62016e+006	6.62494e+006	6.06215e+006	6.06736e+006	
239	1.77377e+006	1.77855e+006	117	139	266	305	27	38	105	125	129	151	58	72	6.53013e+006	6.53484e+006	89160	89638	24	33	6.62019e+006	6.62497e+006	6.06219e+006	6.0674e+006	
240	1.77374e+006	1.77852e+006	110	131	235	270	25	34	97	115	114	135	49	61	6.53022e+006	6.53492e+006	89165	89644	22	31	6.62022e+006	6.625e+006	6.06222e+006	6.06743e+006	
241	1.77372e+006	1.7785e+006	97	118	211	245	21	31	88	105	101	123	45	57	6.5303e+006	6.53501e+006	89171	89649	18	27	6.62024e+006	6.62502e+006	6.06225e+006	6.06746e+006	
242	1.77369e+006	1.77847e+006	90	111	192	225	21	30	76	92	91	111	39	51	6.53037e+006	6.53507e+006	89175	89654	19	27	6.62026e+006	6.62504e+006	6.06228e+006	6.06749e+006	
243	1.77367e+006	1.77846e+006	81	101	174	207	18	27	68	83	80	97	35	46	6.53043e+006	6.53514e+006	89180	89659	15	23	6.62028e+006	6.62506e+006	6.06231e+006	6.06752e+006	
244	1.77365e+006	1.77844e+006	75	94	156	187	17	25	60	73	73	90	32	42	6.53049e+006	6.5352e+006	89183	89663	16	23	6.6203e+006	6.62508e+006	6.06233e+006	6.06754e+006	
245	1.77364e+006	1.77842e+006	71	88	145	173	15	22	53	67	68	84	28	37	6.53054e+006	6.53525e+006	89186	89666	14	21	6.62032e+006	6.6251e+006	6.06235e+006	6.06756e+006	
246	1.77362e+006	1.7784e+006	65	82	134	162	15	21	45	57	61	76	25	33	6.53059e+006	6.53529e+006	89189	89668	14	21	6.62034e+006	6.62512e+006	6.06237e+006	6.06758e+006	
247	1.7736e+006	1.77838e+006	67	83	119	146	14	20	39	51	54	68	23	30	6.53063e+006	6.53534e+006	89191	89671	17	23	6.62036e+006	6.62514e+006	6.06239e+006	6.0676e+006	
248	1.77358e+006	1.77836e+006	64	79	113	139	11	16	36	48	47	61	19	27	6.53067e+006	6.53538e+006	89194	89674	13	20	6.62037e+006	6.62516e+006	6.06241e+006	6.06762e+006	
249	1.77357e+006	1.77835e+006	61	76	103	129	10	15	32	43	41	54	16	23	6.53071e+006	6.53541e+006	89196	89676	12	19	6.62039e+006	6.62517e+006	6.06243e+006	6.06763e+006	
250	1.77355e+006	1.77834e+006	58	73	95	120	9	14	30	40	38	49	15	22	6.53074e+006	6.53545e+006	89198	89678	11	17	6.6204e+006	6.62518e+006	6.06244e+006	6.06765e+006	
251	1.77354e+006	1.77832e+006	54	68	93	116	9	15	27	36	33	43	13	19	6.53077e+006	6.53548e+006	89200	89680	13	19	6.62042e+006	6.6252e+006	6.06246e+006	6.06767e+006	
252	1.77352e+006	1.77831e+006	52	65	89	111	8	12	27	36	28	38	11	17	6.53079e+006	6.5355e+006	89201	89682	10	16	6.62043e+006	6.62521e+006	6.06248e+006	6.06768e+006	
253	1.77351e+006	1.77829e+006	51	63	87	109	6	10	24	33	25	33	9	15	6.53082e+006	6.53553e+006	89203	89684	11	17	6.62045e+006	6.62523e+006	6.06249e+006	6.0677e+006	
254	1.7735e+006	1.77828e+006	50	63	82	103	6	10	24	33	21	29	8	13	6.53084e+006	6.53555e+006	89205	89685	10	16	6.62046e+006	6.62524e+006	6.0625e+006	6.06771e+006	
255	1.77349e+006	1.77827e+006	46	59	81	100	6	11	23	32	18	25	7	12	6.53086e+006	6.53557e+006	89206	89686	10	15	6.62047e+006	6.62525e+006	6.06252e+006	6.06773e+006	
256	1.77347e+006	1.77825e+006	49	62	78	96	6	10	20	28	15	22	6	10	6.53088e+006	6.53559e+006	89207	89688	13	19	6.62049e+006	6.62527e+006	6.06253e+006	6.06774e+006	
257	1.77345e+006	1.77824e+006	50	63	72	90	5	9	19	27	13	20	5	9	6.5309e+006	6.53561e+006	89208	89688	12	17	6.6205e+006	6.62528e+006	6.06254e+006	6.06775e+006	
258	1.77344e+006	1.77822e+006	50	62	70	87	5	10	17	24	14	19	5	9	6.53092e+006	6.53563e+006	89208	89689	10	15	6.62051e+006	6.6253e+006	6.06256e+006	6.06776e+006	
259	1.77343e+006	1.77821e+006	51	64	65	83	6	11	16	23	13	19	6	9	6.53094e+006	6.53565e+006	89209	89689	11	17	6.62053e+006	6.62531e+006	6.06257e+006	6.06777e+006	
260	1.77341e+006	1.7782e+006	48	61	67	85	7	11	14	21	12	17	6	9	6.53096e+006	6.53567e+006	89209	89690	10	16	6.62054e+006	6.62532e+006	6.06258e+006	6.06779e+006	
261	1.7734e+006	1.77818e+006	46	59	65	83	7	12	14	21	12	17	5	9	6.53097e+006	6.53568e+006	89210	89690	10	15	6.62055e+006	6.62533e+006	6.06259e+006	6.0678e+006	
262	1.77339e+006	1.77817e+006	46	58	64	81	8	13	16	23	11	16	5	9	6.53098e+006	6.53569e+006	89210	89690	10	15	6.62057e+006	6.62535e+006	6.06261e+006	6.06781e+006	
263	1.77338e+006	1.77816e+006	44	55	63	81	8	14	15	23	10	15	5	9	6.531e+006	6.53571e+006	89211	89691	9	14	6.62058e+006	6.62536e+006	6.06262e+006	6.06782e+006	
264	1.77337e+006	1.77815e+006	43	53	62	80	9	15	14	22	10	15	5	9	6.53101e+006	6.53572e+006	89212	89692	9	14	6.62059e+006	6.62537e+006	6.06263e+006	6.06784e+006	
265	1.77335e+006	1.77813e+006	43	55	62	80	10	15	14	21	9	14	4	8	6.53103e+006	6.53573e+006	89212	89692	10	17	6.6206e+006	6.62538e+006	6.06264e+006	6.06785e+006	
266	1.77334e+006	1.77812e+006	43	55	60	76	9	13	14	21	8	13	4	7	6.53104e+006	6.53575e+006	89212	89692	10	15	6.62062e+006	6.6254e+006	6.06265e+006	6.06786e+006	
267	1.77333e+006	1.77811e+006	44	55	59	75	7	11	13	19	9	13	4	8	6.53106e+006	6.53577e+006	89212	89692	10	15	6.62063e+006	6.62541e+006	6.06266e+006	6.06787e+006	
268	1.77332e+006	1.7781e+006	45	55	58	74	7	11	11	17	8	12	4	8	6.53107e+006	6.53578e+006	89213	89693	10	14	6.62064e+006	6.62542e+006	6.06267e+006	6.06788e+006	
269	1.77331e+006	1.77809e+006	43	53	57	74	7	11	11	17	8	13	3	7	6.53109e+006	6.5358e+006	89213	89693	9	14	6.62065e+006	6.62543e+006	6.06269e+006	6.06789e+006	
270	1.7733e+006	1.77807e+006	41	51	59	74	5	10	11	17	7	12	3	6	6.5311e+006	6.53581e+006	89213	89693	8	13	6.62066e+006	6.62544e+006	6.0627e+006	6.0679e+006	
271	1.77328e+006	1.77806e+006	42	52	59	74	5	9	11	16	6	11	2	6	6.53111e+006	6.53582e+006	89214	89694	10	16	6.62068e+006	6.62545e+006	6.06271e+006	6.06791e+006	
272	1.77327e+006	1.77805e+006	44	55	59	74	5	9	10	16	6	11	2	6	6.53113e+006	6.53584e+006	89214	89694	12	17	6.62069e+006	6.62547e+006	6.06272e+006	6.06793e+006	
273	1.77326e+006	1.77804e+006	44	55	58	72	6	11	9	15	6	11	2	6	6.53114e+006	6.53585e+006	89214	89694	9	14	6.6207e+006	6.62548e+006	6.06273e+006	6.06794e+006	
274	1.77325e+006	1.77802e+006	44	55	57	71	6	10	10	15	5	10	2	6	6.53115e+006	6.53586e+006	89214	89694	8	12	6.62071e+006	6.62549e+006	6.06274e+006	6.06795e+006	
275	1.77323e+006	1.77801e+006	43	54	57	70	6	10	9	15	5	10	2	6	6.53117e+006	6.53587e+006	89214	89694	9	15	6.62072e+006	6.6255e+006	6.06275e+006	6.06796e+006	
276	1.77322e+006	1.778e+006	41	50	57	71	7	12	10	15	5	10	2	6	6.53118e+006	6.53588e+006	89214	89694	9	14	6.62074e+006	6.62551e+006	6.06277e+006	6.06797e+006	
277	1.77321e+006	1.77799e+006	40	49	56	71	7	12	10	16	5	9	2	5	6.53119e+006	6.5359e+006	89214	89695	8	13	6.62075e+006	6.62552e+006	6.06278e+006	6.06798e+006	
278	1.7732e+006	1.77798e+006	41	51	54	68	8	12	11	17	4	8	1	4	6.5312e+006	6.53591e+006	89215	89695	9	14	6.62076e+006	6.62554e+006	6.06278e+006	6.06799e+006	
279	1.77319e+006	1.77797e+006	38	50	54	69	8	12	11	17	4	8	1	4	6.53121e+006	6.53592e+006	89215	89695	7	12	6.62077e+006	6.62555e+006	6.0628e+006	6.068e+006	
280	1.77318e+006	1.77796e+006	40	53	55	70	8	12	10	16	4	8	2	5	6.53122e+006	6.53593e+006	89215	89695	11	17	6.62078e+006	6.62556e+006	6.06281e+006	6.06801e+006	
281	1.77317e+006	1.77794e+006	40	53	54	68	7	11	11	16	3	7	2	5	6.53124e+006	6.53594e+006	89215	89695	8	14	6.62079e+006	6.62557e+006	6.06282e+006	6.06802e+006	
282	1.77315e+006	1.77793e+006	40	52	52	66	7	11	12	17	4	8	2	5	6.53125e+006	6.53596e+006	89215	89695	9	14	6.6208e+006	6.62558e+006	6.06283e+006	6.06803e+006	
283	1.77314e+006	1.77792e+006	43	56	51	65	6	10	12	17	4	8	2	5	6.53126e+006	6.53597e+006	89215	89695	10	15	6.62082e+006	6.6256e+006	6.06284e+006	6.06804e+006	
284	1.77313e+006	1.77791e+006	38	50	53	69	6	11	11	17	4	8	2	5	6.53127e+006	6.53598e+006	89215	89695	7	11	6.62083e+006	6.6256e+006	6.06285e+006	6.06805e+006	
285	1.77312e+006	1.7779e+006	41	53	52	70	6	10	11	18	4	8	2	4	6.53129e+006	6.53599e+006	89215	89695	11	17	6.62084e+006	6.62562e+006	6.06286e+006	6.06806e+006	
286	1.77311e+006	1.77789e+006	41	53	52	69	6	11	12	18	4	8	2	4	6.5313e+006	6.536e+006	89215	89695	9	14	6.62085e+006	6.62563e+006	6.06287e+006	6.06807e+006	
287	1.7731e+006	1.77787e+006	40	52	55	71	6	10	11	16	4	8	2	5	6.53131e+006	6.53601e+006	89215	89695	9	14	6.62086e+006	6.62564e+006	6.06288e+006	6.06808e+006	
288	1.77309e+006	1.77786e+006	41	53	53	69	5	9	9	15	4	8	2	5	6.53132e+006	6.53603e+006	89215	89695	8	13	6.62087e+006	6.62565e+006	6.06289e+006	6.06809e+006	
289	1.77307e+006	1.77785e+006	40	51	57	75	4	8	8	13	4	8	2	5	6.53133e+006	6.53604e+006	89215	89696	10	15	6.62089e+006	6.62566e+006	6.0629e+006	6.06811e+006	
290	1.77306e+006	1.77784e+006	40	51	56	72	4	7	9	13	4	8	1	4	6.53135e+006	6.53605e+006	89216	89696	8	13	6.6209e+006	6.62567e+006	6.06291e+006	6.06812e+006	
291	1.77305e+006	1.77783e+006	39	50	56	72	4	8	8	14	4	9	1	4	6.53136e+006	6.53606e+006	89216	89696	8	13	6.62091e+006	6.62569e+006	6.06293e+006	6.06813e+006	
292	1.77304e+006	1.77782e+006	40	51	56	72	3	7	9	15	3	7	1	4	6.53137e+006	6.53607e+006	89216	89696	9	14	6.62092e+006	6.6257e+006	6.06294e+006	6.06814e+006	
293	1.77303e+006	1.77781e+006	39	51	56	72	3	6	9	15	3	8	1	4	6.53138e+006	6.53609e+006	89216	89696	9	14	6.62093e+006	6.62571e+006	6.06295e+006	6.06815e+006	
294	1.77302e+006	1.77779e+006	41	53	57	73	4	7	9	15	4	8	2	5	6.53139e+006	6.53609e+006	89216	89697	11	16	6.62094e+006	6.62572e+006	6.06296e+006	6.06816e+006	
295	1.773e+006	1.77778e+006	43	54	55	69	4	7	10	17	4	8	2	5	6.5314e+006	6.53611e+006	89216	89697	10	14	6.62096e+006	6.62573e+006	6.06297e+006	6.06817e+006	
296	1.77299e+006	1.77777e+006	40	52	55	68	5	8	10	16	4	9	2	5	6.53141e+006	6.53612e+006	89216	89697	7	12	6.62097e+006	6.62574e+006	6.06298e+006	6.06818e+006	
297	1.77298e+006	1.77776e+006	41	51	53	68	5	9	11	17	4	8	2	5	6.53142e+006	6.53613e+006	89217	89697	9	15	6.62098e+006	6.62575e+006	6.06299e+006	6.06819e+006	
298	1.77297e+006	1.77775e+006	40	52	55	70	6	11	10	16	4	8	2	5	6.53143e+006	6.53614e+006	89217	89697	10	16	6.62099e+006	6.62577e+006	6.063e+006	6.0682e+006	
299	1.77296e+006	1.77774e+006	39	49	54	70	6	11	10	16	3	7	2	5	6.53145e+006	6.53615e+006	89217	89697	8	12	6.621e+006	6.62578e+006	6.06301e+006	6.06821e+006	
300	1.77295e+006	1.77773e+006	41	50	53	68	6	10	11	17	4	8	2	5	6.53146e+006	6.53616e+006	89217	89697	9	13	6.62101e+006	6.62579e+006	6.06302e+006	6.06822e+006	
301	1.77294e+006	1.77771e+006	41	52	53	68	7	12	12	18	3	7	2	4	6.53147e+006	6.53617e+006	89218	89698	10	16	6.62102e+006	6.6258e+006	6.06303e+006	6.06823e+006	
302	1.77292e+006	1.7777e+006	42	53	55	70	6	10	12	18	4	8	2	5	6.53148e+006	6.53618e+006	89218	89698	11	17	6.62104e+006	6.62582e+006	6.06304e+006	6.06824e+006	
303	1.77291e+006	1.77768e+006	46	58	54	68	6	10	11	18	4	8	2	4	6.53149e+006	6.53619e+006	89218	89698	11	18	6.62105e+006	6.62583e+006	6.06305e+006	6.06825e+006	
304	1.7729e+006	1.77767e+006	46	59	53	66	5	9	12	19	4	8	1	4	6.5315e+006	6.53621e+006	89218	89698	9	14	6.62106e+006	6.62584e+006	6.06306e+006	6.06826e+006	
305	1.77288e+006	1.77766e+006	45	59	53	68	5	10	13	19	4	8	1	4	6.53151e+006	6.53622e+006	89218	89698	10	15	6.62108e+006	6.62585e+006	6.06307e+006	6.06827e+006	
306	1.77287e+006	1.77765e+006	43	56	57	71	6	11	11	16	4	7	1	3	6.53152e+006	6.53623e+006	89218	89698	9	13	6.62109e+006	6.62587e+006	6.06309e+006	6.06829e+006	
307	1.77286e+006	1.77764e+006	42	53	59	75	6	11	10	15	4	8	1	4	6.53154e+006	6.53624e+006	89218	89699	10	15	6.6211e+006	6.62588e+006	6.0631e+006	6.0683e+006	
308	1.77285e+006	1.77763e+006	43	54	57	74	5	10	9	15	5	8	1	4	6.53155e+006	6.53625e+006	89218	89699	10	15	6.62111e+006	6.62589e+006	6.06311e+006	6.06831e+006	
309	1.77283e+006	1.77761e+006	43	53	60	77	5	10	9	15	5	9	1	4	6.53156e+006	6.53626e+006	89219	89699	9	15	6.62112e+006	6.6259e+006	6.06312e+006	6.06832e+006	
310	1.77282e+006	1.7776e+006	43	52	59	77	6	11	9	14	5	9	1	3	6.53157e+006	6.53627e+006	89219	89699	8	13	6.62113e+006	6.62591e+006	6.06313e+006	6.06833e+006	
311	1.77281e+006	1.77759e+006	42	51	59	77	6	10	10	15	6	10	1	4	6.53158e+006	6.53629e+006	89219	89699	9	14	6.62115e+006	6.62592e+006	6.06314e+006	6.06834e+006	
312	1.7728e+006	1.77758e+006	40	51	59	75	5	9	11	17	5	9	1	3	6.5316e+006	6.5363e+006	89219	89699	9	14	6.62116e+006	6.62594e+006	6.06315e+006	6.06836e+006	
313	1.77279e+006	1.77757e+006	41	52	57	72	5	9	11	18	5	9	1	4	6.53161e+006	6.53631e+006	89219	89700	11	16	6.62117e+006	6.62595e+006	6.06316e+006	6.06837e+006	
314	1.77278e+006	1.77755e+006	43	53	57	71	5	9	11	17	5	10	1	4	6.53162e+006	6.53632e+006	89219	89700	9	14	6.62118e+006	6.62596e+006	6.06317e+006	6.06838e+006	
315	1.77276e+006	1.77754e+006	43	54	56	70	5	9	11	17	6	10	1	4	6.53163e+006	6.53634e+006	89219	89700	10	15	6.62119e+006	6.62597e+006	6.06318e+006	6.06839e+006	
316	1.77275e+006	1.77753e+006	43	53	56	69	6	10	10	15	6	11	1	4	6.53164e+006	6.53635e+006	89219	89700	8	13	6.62121e+006	6.62598e+006	6.06319e+006	6.0684e+006	
317	1.77274e+006	1.77752e+006	41	52	57	71	5	9	10	16	5	9	1	3	6.53166e+006	6.53636e+006	89220	89700	9	14	6.62122e+006	6.626e+006	6.06321e+006	6.06841e+006	
318	1.77273e+006	1.77751e+006	40	50	56	70	5	9	10	17	5	9	1	4	6.53167e+006	6.53637e+006	89220	89700	8	13	6.62123e+006	6.62601e+006	6.06322e+006	6.06842e+006	
319	1.77272e+006	1.7775e+006	37	47	56	70	6	10	10	16	5	9	1	4	6.53168e+006	6.53639e+006	89220	89701	7	12	6.62124e+006	6.62602e+006	6.06323e+006	6.06843e+006	
320	1.77271e+006	1.77749e+006	39	48	56	70	5	9	10	15	5	9	1	4	6.53169e+006	6.5364e+006	89220	89701	9	14	6.62125e+006	6.62603e+006	6.06324e+006	6.06844e+006	
321	1.7727e+006	1.77747e+006	39	49	57	71	5	9	10	15	5	9	1	4	6.5317e+006	6.53641e+006	89221	89701	10	15	6.62126e+006	6.62604e+006	6.06325e+006	6.06845e+006	
322	1.77269e+006	1.77746e+006	41	51	57	70	5	8	10	16	5	10	1	4	6.53171e+006	6.53642e+006	89221	89701	10	15	6.62127e+006	6.62605e+006	6.06326e+006	6.06846e+006	
323	1.77267e+006	1.77745e+006	43	54	53	66	4	8	11	17	5	9	1	4	6.53173e+006	6.53643e+006	89221	89701	10	14	6.62129e+006	6.62606e+006	6.06327e+006	6.06847e+006	
324	1.77266e+006	1.77744e+006	43	54	53	67	4	8	11	17	5	9	2	4	6.53174e+006	6.53644e+006	89221	89701	9	14	6.6213e+006	6.62608e+006	6.06328e+006	6.06848e+006	
325	1.77265e+006	1.77743e+006	41	52	53	67	5	9	12	18	5	9	2	4	6.53175e+006	6.53645e+006	89221	89701	8	13	6.62131e+006	6.62609e+006	6.06329e+006	6.06849e+006	
326	1.77264e+006	1.77742e+006	40	51	54	68	6	9	11	18	4	7	1	4	6.53176e+006	6.53647e+006	89221	89702	8	14	6.62132e+006	6.6261e+006	6.0633e+006	6.0685e+006	
327	1.77263e+006	1.7774e+006	40	52	54	67	6	10	12	18	4	8	2	4	6.53177e+006	6.53648e+006	89221	89702	10	15	6.62133e+006	6.62611e+006	6.06331e+006	6.06851e+006	
328	1.77262e+006	1.77739e+006	39	51	55	68	6	10	11	18	4	8	1	4	6.53178e+006	6.53649e+006	89221	89702	9	14	6.62134e+006	6.62612e+006	6.06332e+006	6.06852e+006	
329	1.7726e+006	1.77738e+006	41	53	55	70	6	11	11	17	4	7	1	4	6.53179e+006	6.5365e+006	89222	89702	10	15	6.62136e+006	6.62613e+006	6.06333e+006	6.06853e+006	
330	1.77259e+006	1.77737e+006	44	56	54	69	6	11	11	17	4	8	2	5	6.5318e+006	6.53651e+006	89222	89703	11	17	6.62137e+006	6.62615e+006	6.06334e+006	6.06854e+006	
331	1.77258e+006	1.77736e+006	43	54	55	70	5	10	11	17	4	8	2	4	6.53182e+006	6.53652e+006	89222	89703	9	14	6.62138e+006	6.62616e+006	6.06335e+006	6.06856e+006	
332	1.77257e+006	1.77734e+006	44	55	54	70	5	9	12	19	4	8	2	4	6.53183e+006	6.53653e+006	89223	89703	9	15	6.62139e+006	6.62617e+006	6.06337e+006	6.06857e+006	
333	1.77255e+006	1.77733e+006	44	55	55	70	5	9	12	19	4	8	2	5	6.53184e+006	6.53654e+006	89223	89704	9	15	6.6214e+006	6.62618e+006	6.06338e+006	6.06858e+006	
334	1.77254e+006	1.77732e+006	42	53	57	73	4	9	13	19	4	8	2	4	6.53185e+006	6.53655e+006	89223	89704	9	15	6.62142e+006	6.62619e+006	6.06339e+006	6.06859e+006	
335	1.77253e+006	1.77731e+006	41	52	57	74	4	9	13	20	4	8	2	4	6.53186e+006	6.53656e+006	89223	89704	7	13	6.62143e+006	6.6262e+006	6.0634e+006	6.0686e+006	
336	1.77252e+006	1.7773e+006	39	50	59	75	4	8	13	19	5	9	2	5	6.53187e+006	6.53657e+006	89223	89704	8	13	6.62144e+006	6.62622e+006	6.06341e+006	6.06861e+006	
337	1.77251e+006	1.77729e+006	38	49	59	74	4	8	13	20	5	9	2	5	6.53188e+006	6.53659e+006	89224	89704	8	14	6.62145e+006	6.62623e+006	6.06342e+006	6.06863e+006	
338	1.7725e+006	1.77728e+006	36	46	59	74	4	9	12	19	5	9	2	5	6.53189e+006	6.5366e+006	89224	89704	7	12	6.62146e+006	6.62624e+006	6.06343e+006	6.06864e+006	
339	1.77249e+006	1.77727e+006	39	50	58	73	4	8	12	18	6	10	2	5	6.5319e+006	6.53661e+006	89224	89705	11	16	6.62147e+006	6.62625e+006	6.06344e+006	6.06865e+006	
340	1.77247e+006	1.77725e+006	41	53	55	69	4	8	13	19	5	9	2	4	6.53192e+006	6.53662e+006	89224	89705	11	16	6.62148e+006	6.62626e+006	6.06345e+006	6.06866e+006	
341	1.77246e+006	1.77724e+006	42	55	54	69	4	8	12	18	5	9	2	4	6.53193e+006	6.53664e+006	89224	89705	9	15	6.62149e+006	6.62628e+006	6.06346e+006	6.06867e+006	
342	1.77245e+006	1.77723e+006	43	55	52	67	4	8	11	18	5	10	2	4	6.53194e+006	6.53665e+006	89224	89705	8	13	6.62151e+006	6.62629e+006	6.06347e+006	6.06868e+006	
343	1.77244e+006	1.77722e+006	41	54	53	68	4	8	11	17	6	10	1	4	6.53195e+006	6.53666e+006	89224	89705	9	14	6.62152e+006	6.6263e+006	6.06348e+006	6.06869e+006	
344	1.77243e+006	1.77721e+006	39	50	54	69	4	9	11	18	5	9	1	3	6.53197e+006	6.53667e+006	89225	89705	8	13	6.62153e+006	6.62631e+006	6.0635e+006	6.0687e+006	
345	1.77242e+006	1.7772e+006	39	50	55	72	5	9	11	17	6	10	1	4	6.53197e+006	6.53668e+006	89225	89705	10	14	6.62154e+006	6.62632e+006	6.06351e+006	6.06871e+006	
346	1.77241e+006	1.77719e+006	39	50	55	71	5	9	10	16	6	10	1	3	6.53199e+006	6.53669e+006	89225	89706	8	14	6.62155e+006	6.62633e+006	6.06352e+006	6.06872e+006	
347	1.77239e+006	1.77718e+006	39	51	56	72	4	8	10	15	6	10	1	3	6.532e+006	6.5367e+006	89225	89706	9	14	6.62156e+006	6.62634e+006	6.06353e+006	6.06873e+006	
348	1.77238e+006	1.77716e+006	40	51	56	72	5	9	9	15	6	10	1	3	6.53201e+006	6.53671e+006	89225	89706	9	13	6.62157e+006	6.62635e+006	6.06354e+006	6.06874e+006	
349	1.77237e+006	1.77715e+006	39	50	55	72	5	9	9	14	5	9	1	3	6.53202e+006	6.53673e+006	89226	89706	8	13	6.62158e+006	6.62636e+006	6.06355e+006	6.06875e+006	
350	1.77236e+006	1.77714e+006	38	49	54	70	4	7	9	15	6	10	1	3	6.53203e+006	6.53674e+006	89226	89706	8	13	6.62159e+006	6.62638e+006	6.06356e+006	6.06876e+006	
351	1.77235e+006	1.77713e+006	37	47	53	68	4	8	9	14	5	10	1	3	6.53205e+006	6.53676e+006	89226	89706	8	12	6.6216e+006	6.62638e+006	6.06357e+006	6.06877e+006	
352	1.77234e+006	1.77712e+006	37	47	54	68	4	8	9	14	5	10	1	4	6.53206e+006	6.53676e+006	89226	89706	8	13	6.62162e+006	6.6264e+006	6.06358e+006	6.06878e+006	
353	1.77233e+006	1.77711e+006	35	45	53	69	4	8	9	14	5	10	1	4	6.53207e+006	6.53678e+006	89226	89706	6	10	6.62162e+006	6.6264e+006	6.06359e+006	6.0688e+006	
354	1.77232e+006	1.7771e+006	37	48	53	68	4	8	9	14	5	10	2	4	6.53208e+006	6.53679e+006	89226	89706	11	16	6.62164e+006	6.62642e+006	6.0636e+006	6.0688e+006	
355	1.77231e+006	1.77709e+006	40	50	51	65	5	9	9	14	4	9	1	3	6.53209e+006	6.5368e+006	89226	89707	10	15	6.62165e+006	6.62643e+006	6.06361e+006	6.06881e+006	
356	1.7723e+006	1.77708e+006	41	51	50	64	6	10	9	15	4	8	1	4	6.5321e+006	6.53681e+006	89227	89707	9	14	6.62166e+006	6.62644e+006	6.06362e+006	6.06882e+006	
357	1.77228e+006	1.77706e+006	45	55	47	61	5	9	10	15	4	8	1	4	6.53211e+006	6.53682e+006	89227	89707	10	15	6.62167e+006	6.62645e+006	6.06363e+006	6.06883e+006	
358	1.77227e+006	1.77705e+006	42	51	49	63	5	9	11	16	3	7	1	4	6.53212e+006	6.53683e+006	89227	89707	7	12	6.62168e+006	6.62646e+006	6.06364e+006	6.06884e+006	
359	1.77227e+006	1.77704e+006	38	47	50	64	7	11	12	18	4	8	2	4	6.53213e+006	6.53684e+006	89227	89707	7	11	6.62169e+006	6.62647e+006	6.06365e+006	6.06885e+006	
360	1.77225e+006	1.77703e+006	41	52	51	65	6	10	11	18	3	7	1	4	6.53214e+006	6.53685e+006	89227	89708	12	18	6.62171e+006	6.62649e+006	6.06366e+006	6.06886e+006	
361	1.77224e+006	1.77702e+006	40	51	54	69	6	10	11	17	3	7	1	4	6.53215e+006	6.53686e+006	89227	89708	8	14	6.62172e+006	6.6265e+006	6.06367e+006	6.06887e+006	
362	1.77223e+006	1.77701e+006	40	50	54	67	5	10	10	16	3	6	1	3	6.53217e+006	6.53687e+006	89228	89708	8	12	6.62173e+006	6.62651e+006	6.06368e+006	6.06888e+006	
363	1.77222e+006	1.77699e+006	44	54	54	68	6	10	9	15	3	6	1	4	6.53218e+006	6.53688e+006	89228	89708	10	15	6.62174e+006	6.62652e+006	6.06369e+006	6.06889e+006	
364	1.7722e+006	1.77698e+006	42	52	56	69	6	11	9	14	3	7	2	4	6.53219e+006	6.5369e+006	89228	89708	11	16	6.62176e+006	6.62653e+006	6.0637e+006	6.0689e+006	
