Day	Susceptible-LB	Susceptible-UB	Exposed-LB	Exposed-UB	Current Detected Mild Infections-LB	Current Detected Mild Infections-UB	Current Undetected Mild Infections-LB	Current Undetected Mild Infections-UB	Current Hospitalizations-LB	Current Hospitalizations-UB	Current ICU patients-LB	Current ICU patients-UB	ventilators-LB	ventilators-UB	Recovered-LB	Recovered-UB	Deaths-LB	Deaths-UB	new infections today-LB	new infections today-UB	total number of infections-LB	total number of infections-UB	Confirmed total number of infections-LB	Confirmed total number of infections-UB	
0	8.39872e+006	8.39872e+006	16	16	0	0	0	0	0	0	0	0	0	0	0	0	0	0	0	0	16	16	0	0	
1	8.39856e+006	8.39856e+006	176	176	0	0	0	0	0	0	0	0	0	0	0	0	0	0	160	160	176	176	0	0	
2	8.3984e+006	8.3984e+006	336	336	0	0	0	0	0	0	0	0	0	0	0	0	0	0	160	160	336	336	0	0	
3	8.39821e+006	8.39822e+006	521	526	0	0	0	0	0	0	0	0	0	0	0	0	0	0	185	190	521	526	0	0	
4	8.39788e+006	8.39791e+006	814	836	16	16	0	0	0	0	0	0	0	0	0	0	0	0	307	328	830	852	16	16	
5	8.39743e+006	8.39748e+006	1085	1127	131	140	36	45	0	0	0	0	0	0	0	0	0	0	425	456	1261	1303	131	140	
6	8.39683e+006	8.3969e+006	1503	1573	251	262	74	85	0	0	0	0	0	0	0	0	0	0	573	612	1839	1909	251	262	
7	8.39593e+006	8.39604e+006	2175	2282	390	406	119	134	0	0	0	0	0	0	0	0	0	0	851	904	2698	2806	390	406	
8	8.39466e+006	8.39483e+006	3075	3226	620	649	196	216	0	0	0	0	0	0	0	0	0	0	1202	1277	3911	4072	623	646	
9	8.39305e+006	8.39329e+006	4184	4392	946	994	300	323	0	0	0	0	0	0	0	0	0	0	1532	1624	5451	5688	951	989	
10	8.391e+006	8.39132e+006	5575	5833	1362	1438	442	474	0	0	0	0	0	0	16	16	0	0	1959	2058	7421	7735	1388	1444	
11	8.38845e+006	8.38889e+006	7145	7484	1888	2004	608	651	27	35	0	0	0	0	141	149	0	0	2419	2558	9849	10284	2046	2131	
12	8.38551e+006	8.38607e+006	8746	9158	2668	2842	869	932	56	67	0	0	0	0	269	280	0	0	2804	2950	12663	13224	2959	3079	
13	8.38224e+006	8.38294e+006	10342	10818	3675	3924	1208	1285	90	103	0	0	0	0	420	435	0	0	3122	3290	15800	16498	4120	4298	
14	8.37883e+006	8.37967e+006	11635	12176	4921	5239	1608	1706	147	165	0	0	0	0	673	697	0	0	3253	3416	19064	19903	5625	5863	
15	8.3756e+006	8.37658e+006	12296	12863	6393	6816	2120	2240	238	260	0	0	0	0	1013	1053	0	0	3077	3247	22154	23137	7458	7788	
16	8.37293e+006	8.37403e+006	12028	12594	8043	8568	2690	2837	347	374	0	0	0	0	1483	1544	0	0	2538	2679	24703	25805	9581	10007	
17	8.36975e+006	8.37099e+006	11933	12499	9706	10334	3290	3465	487	522	15	19	14	17	2183	2277	0	0	3027	3194	27743	28988	11960	12493	
18	8.36615e+006	8.36756e+006	12101	12693	11242	11958	3796	3988	687	735	25	30	19	22	3183	3323	0	0	3422	3609	31176	32586	14483	15123	
19	8.36241e+006	8.364e+006	12576	13200	12376	13166	4198	4413	957	1016	34	40	23	27	4446	4646	0	0	3555	3751	34741	36326	16865	17609	
20	8.35848e+006	8.36023e+006	13786	14463	12780	13615	4366	4591	1286	1354	51	60	31	36	6067	6337	0	0	3745	3945	38502	40256	18847	19680	
21	8.35432e+006	8.35626e+006	14722	15442	13236	14097	4521	4743	1661	1751	77	88	44	51	8093	8463	0	0	3965	4172	42478	44417	21227	22177	
22	8.34998e+006	8.35212e+006	15425	16181	13699	14603	4672	4902	2093	2206	109	122	58	67	10440	10917	0	0	4128	4345	46616	48752	23923	25005	
23	8.34547e+006	8.3478e+006	16174	16959	14028	14969	4767	5006	2548	2685	158	176	80	93	13073	13657	0	0	4305	4528	50933	53268	26741	27970	
24	8.3408e+006	8.34336e+006	16865	17694	14383	15355	4903	5149	2958	3113	223	247	110	125	15858	16569	0	0	4438	4677	55381	57934	29719	31079	
25	8.33593e+006	8.33871e+006	17534	18403	15054	16074	5106	5370	3265	3436	316	342	150	169	18549	19383	0	0	4633	4883	60027	62805	32861	34363	
26	8.33093e+006	8.33392e+006	18187	19072	16260	17359	5479	5761	3371	3555	425	456	200	222	20885	21816	0	0	4778	5017	64818	67808	36099	37754	
27	8.32555e+006	8.32877e+006	19020	19933	17212	18369	5798	6092	3491	3679	548	586	247	274	23667	24729	13	16	5138	5390	69968	73187	39475	41290	
28	8.31992e+006	8.32342e+006	19926	20891	17957	19178	6054	6364	3614	3812	699	745	314	346	26823	28033	17	20	5343	5635	75321	78812	42969	44956	
29	8.3141e+006	8.31784e+006	20857	21852	18767	20044	6314	6639	3683	3885	866	922	392	426	30148	31522	19	22	5564	5844	80900	84640	46619	48790	
30	8.30797e+006	8.31198e+006	21925	22977	19531	20845	6582	6911	3771	3987	1034	1099	472	512	33647	35171	22	26	5849	6139	86759	90770	50388	52727	
31	8.30163e+006	8.3059e+006	22853	23935	20418	21770	6872	7200	3944	4166	1181	1256	536	582	37299	38987	28	35	6064	6351	92835	97108	54459	56989	
32	8.29495e+006	8.29952e+006	23882	24988	21303	22735	7189	7538	4264	4489	1295	1376	593	639	40996	42869	35	42	6374	6687	99219	103784	58671	61411	
33	8.28797e+006	8.29286e+006	24962	26136	22250	23737	7493	7859	4546	4778	1418	1508	656	705	44899	46950	47	56	6646	6990	105876	110762	63085	66017	
34	8.28081e+006	8.286e+006	25963	27174	23327	24868	7819	8199	4742	4984	1540	1639	716	769	49009	51265	63	75	6848	7180	112737	117929	67723	70863	
35	8.27324e+006	8.27876e+006	27127	28403	24393	25972	8181	8565	4937	5185	1648	1750	770	826	53329	55800	85	98	7223	7583	119974	125498	72498	75850	
36	8.2653e+006	8.27118e+006	28322	29666	25571	27231	8585	8990	5139	5393	1754	1863	823	883	57783	60453	113	127	7566	7952	127557	133434	77506	81081	
37	8.25702e+006	8.26328e+006	29566	30972	26692	28449	8952	9390	5362	5615	1847	1961	871	931	62581	65475	148	166	7889	8297	135459	141718	82769	86585	
38	8.24833e+006	8.25499e+006	30997	32490	27806	29604	9336	9786	5599	5878	1914	2027	900	963	67593	70726	187	209	8281	8696	143751	150402	88159	92217	
39	8.23934e+006	8.24638e+006	32360	33918	29020	30897	9772	10243	5830	6117	1980	2097	927	991	72833	76206	226	251	8585	9012	152352	159398	93849	98164	
40	8.23462e+006	8.24189e+006	29275	30694	30291	32260	10204	10707	6112	6414	2040	2161	948	1015	78305	81928	271	298	4485	4724	156847	164112	99828	104414	
41	8.22972e+006	8.23721e+006	26046	27317	31650	33742	10650	11191	6384	6694	2113	2239	987	1057	83992	87863	314	344	4663	4917	161522	169018	106033	110918	
42	8.22459e+006	8.2323e+006	22659	23769	33498	35688	10713	11252	6707	7045	2240	2372	1045	1120	89890	94015	351	383	4893	5147	166432	174150	112970	118196	
43	8.21964e+006	8.22757e+006	18790	19714	35386	37652	10769	11305	7001	7364	2351	2487	1090	1162	96099	100512	394	429	4717	4955	171162	179092	120180	125739	
44	8.21483e+006	8.22297e+006	18905	19807	33863	36034	9951	10445	7271	7630	2467	2614	1140	1215	102533	107245	435	472	4598	4821	175770	183902	124098	129851	
45	8.21021e+006	8.21855e+006	18644	19529	32225	34291	9048	9505	7593	7963	2592	2744	1200	1276	109273	114296	485	526	4403	4639	180184	188529	128215	134158	
46	8.20578e+006	8.21431e+006	17981	18820	30496	32420	8138	8537	7930	8317	2716	2871	1256	1334	116336	121693	541	585	4229	4440	184430	192953	132509	138660	
47	8.20169e+006	8.21038e+006	17173	17975	28392	30146	7099	7440	8281	8694	2817	2977	1291	1373	123726	129431	601	648	3908	4111	188353	197049	136677	143018	
48	8.19787e+006	8.20674e+006	16212	16985	25467	27028	6359	6664	8645	9077	2960	3127	1359	1445	131458	137529	655	703	3638	3830	192001	200868	140676	147206	
49	8.19442e+006	8.20344e+006	15095	15805	22113	23482	5551	5818	9012	9472	3081	3252	1420	1506	139509	145943	714	766	3285	3458	195299	204314	144523	151248	
50	8.19135e+006	8.2005e+006	13786	14456	21916	23243	5501	5764	8570	9021	3212	3387	1486	1574	144254	150906	778	833	2924	3088	198237	207388	148087	154968	
51	8.18832e+006	8.1976e+006	12759	13383	21292	22564	5378	5629	8074	8507	3385	3560	1561	1651	149194	156085	837	898	2880	3039	201132	210412	151396	158422	
52	8.1854e+006	8.1948e+006	11913	12492	20297	21514	5115	5362	7554	7975	3531	3714	1631	1725	154409	161527	904	967	2791	2939	203936	213338	154528	161701	
53	8.1827e+006	8.19222e+006	11197	11746	19154	20307	4831	5067	6956	7339	3675	3863	1702	1800	159526	166886	972	1037	2568	2715	206520	216036	157360	164654	
54	8.18012e+006	8.18975e+006	10727	11249	17837	18931	4476	4709	6223	6562	3843	4036	1776	1879	164623	172215	1049	1120	2453	2591	208986	218614	159899	167303	
55	8.17769e+006	8.18744e+006	10149	10650	16644	17653	4157	4376	5407	5701	3997	4203	1838	1948	169622	177463	1123	1197	2303	2439	211301	221042	162389	169908	
56	8.17539e+006	8.18524e+006	9539	10025	15509	16468	3847	4068	5356	5647	3901	4110	1790	1898	173932	181955	1203	1279	2181	2314	213494	223344	164801	172424	
57	8.17326e+006	8.18321e+006	8990	9458	14455	15352	3572	3775	5205	5489	3834	4038	1766	1869	177992	186197	1283	1365	2020	2147	215527	225477	167026	174751	
58	8.17127e+006	8.18131e+006	8416	8871	13501	14339	3352	3539	4953	5213	3737	3942	1724	1826	181901	190292	1372	1461	1884	2000	217422	227466	169144	176962	
59	8.1694e+006	8.17952e+006	7896	8314	12707	13507	3169	3347	4678	4924	3632	3835	1672	1771	185491	194040	1460	1553	1778	1888	219216	229337	171123	179032	
60	8.16765e+006	8.17785e+006	7373	7763	12108	12873	3036	3197	4354	4587	3515	3716	1609	1705	188777	197477	1550	1647	1661	1760	220888	231086	172989	180998	
61	8.16598e+006	8.17626e+006	6932	7298	11419	12154	2865	3022	4061	4282	3340	3536	1527	1624	192030	200873	1661	1761	1580	1681	222480	232755	174735	182828	
62	8.16442e+006	8.17476e+006	6531	6874	10690	11398	2686	2839	3779	3984	3164	3349	1436	1527	195195	204184	1757	1862	1482	1576	223978	234315	176361	184531	
63	8.16295e+006	8.17335e+006	6145	6467	10066	10732	2530	2669	3500	3693	2965	3138	1340	1425	198147	207266	1868	1979	1392	1480	225382	235782	177888	186130	
64	8.16158e+006	8.17205e+006	5778	6090	9418	10050	2385	2522	3277	3463	2698	2851	1220	1299	200994	210245	1976	2096	1293	1384	226688	237154	179312	187617	
65	8.16029e+006	8.17081e+006	5427	5711	8843	9440	2240	2369	3092	3266	2400	2538	1086	1158	203685	213064	2086	2212	1225	1306	227930	238442	180672	189046	
66	8.15905e+006	8.16961e+006	5126	5399	8295	8851	2092	2217	2955	3124	2321	2457	1055	1122	206038	215528	2142	2272	1182	1263	229128	239690	181960	190387	
67	8.15789e+006	8.1685e+006	4829	5093	7942	8461	1824	1934	2799	2962	2216	2350	1005	1076	208266	217865	2207	2340	1095	1174	230236	240851	183301	191791	
68	8.15683e+006	8.16749e+006	4538	4780	7599	8092	1583	1681	2615	2778	2096	2220	945	1011	210403	220101	2268	2406	1000	1073	231250	241910	184548	193100	
69	8.15581e+006	8.16651e+006	4270	4508	7289	7747	1344	1440	2483	2636	1976	2091	893	957	212388	222182	2328	2469	961	1029	232223	242927	185739	194334	
70	8.15485e+006	8.16559e+006	3999	4220	7046	7477	1119	1202	2316	2465	1856	1965	841	902	214282	224163	2391	2535	912	974	233149	243888	186885	195527	
71	8.15396e+006	8.16474e+006	3739	3953	6777	7184	910	981	2174	2312	1745	1847	787	845	216070	226033	2452	2600	840	902	234000	244780	187944	196636	
72	8.15311e+006	8.16393e+006	3537	3744	6496	6883	714	774	2041	2170	1627	1724	735	793	217760	227799	2510	2661	800	862	234811	245631	188925	197657	
73	8.15229e+006	8.16314e+006	3349	3544	6110	6479	669	728	1916	2034	1517	1615	685	741	219345	229453	2566	2718	774	828	235595	246448	189832	198602	
74	8.15154e+006	8.16242e+006	3146	3330	5764	6106	635	690	1807	1919	1414	1510	638	691	220811	230994	2614	2770	709	760	236317	247197	190688	199488	
75	8.15081e+006	8.16172e+006	3000	3167	5406	5741	602	658	1699	1806	1337	1424	600	654	222199	232437	2656	2815	690	743	237021	247925	191469	200305	
76	8.15013e+006	8.16106e+006	2846	3002	5060	5381	565	618	1612	1707	1265	1349	564	616	223518	233816	2695	2855	644	699	237680	248609	192220	201094	
77	8.14948e+006	8.16043e+006	2687	2833	4778	5080	525	573	1523	1616	1198	1276	534	585	224740	235100	2736	2898	615	661	238305	249259	192957	201864	
78	8.14887e+006	8.15984e+006	2552	2694	4518	4802	493	539	1412	1503	1131	1208	504	551	225893	236300	2774	2937	575	620	238892	249868	193629	202560	
79	8.14831e+006	8.15931e+006	2387	2526	4276	4542	466	512	1317	1405	1077	1152	477	520	226983	237438	2806	2971	527	573	239431	250429	194283	203235	
80	8.14778e+006	8.15879e+006	2244	2372	4039	4294	438	481	1238	1320	1007	1079	450	493	228030	238522	2836	3004	503	542	239943	250961	194891	203865	
81	8.14726e+006	8.1583e+006	2110	2230	3853	4087	402	443	1146	1226	946	1015	421	463	228999	239534	2872	3043	481	519	240433	251472	195478	204476	
82	8.14678e+006	8.15784e+006	1985	2110	3659	3872	375	413	1061	1138	891	956	398	439	229923	240502	2899	3072	452	498	240895	251959	196026	205047	
83	8.14631e+006	8.15739e+006	1898	2015	3430	3638	358	390	995	1070	832	891	370	408	230802	241425	2928	3101	440	479	241347	252427	196527	205569	
84	8.14586e+006	8.15695e+006	1821	1931	3240	3441	340	370	945	1016	784	837	347	382	231597	242254	2953	3128	424	460	241782	252875	197003	206065	
85	8.14544e+006	8.15655e+006	1735	1846	3053	3240	320	346	898	965	733	789	323	359	232376	243058	2975	3152	395	434	242187	253299	197457	206539	
86	8.14504e+006	8.15616e+006	1659	1760	2876	3059	302	328	850	915	682	735	302	337	233105	243816	3004	3182	374	412	242575	253698	197880	206986	
87	8.14466e+006	8.1558e+006	1571	1669	2711	2887	293	319	818	879	635	685	278	310	233788	244527	3027	3206	352	389	242938	254076	198297	207416	
88	8.1443e+006	8.15545e+006	1480	1577	2564	2734	286	313	779	837	590	639	260	291	234438	245203	3047	3226	333	367	243282	254432	198696	207827	
89	8.14397e+006	8.15513e+006	1400	1492	2443	2605	274	304	735	787	547	595	243	271	235047	245836	3066	3247	316	348	243608	254770	199071	208216	
90	8.14365e+006	8.15482e+006	1320	1408	2325	2482	264	296	699	752	514	562	229	256	235613	246421	3081	3263	296	326	243915	255086	199428	208581	
91	8.14335e+006	8.15453e+006	1249	1329	2208	2361	255	285	662	713	485	532	217	244	236152	246985	3097	3280	283	309	244206	255387	199764	208931	
92	8.14305e+006	8.15424e+006	1192	1271	2105	2247	240	268	625	673	452	495	202	227	236668	247528	3114	3299	278	307	244492	255685	200079	209259	
93	8.14277e+006	8.15397e+006	1137	1217	1993	2131	226	254	588	635	429	470	192	217	237162	248043	3131	3315	263	292	244765	255967	200379	209572	
94	8.1425e+006	8.15371e+006	1090	1167	1880	2012	213	239	562	606	408	449	185	208	237633	248526	3143	3329	249	276	245025	256233	200662	209864	
95	8.14225e+006	8.15346e+006	1048	1120	1782	1904	199	223	532	573	388	425	176	198	238077	248994	3155	3342	239	264	245273	256487	200934	210146	
96	8.14201e+006	8.15323e+006	995	1062	1694	1814	188	209	505	545	370	405	167	188	238498	249431	3166	3354	225	250	245508	256727	201200	210423	
97	8.14178e+006	8.153e+006	949	1011	1610	1728	180	200	474	512	353	386	162	182	238901	249849	3176	3364	216	241	245735	256958	201450	210683	
98	8.14156e+006	8.15279e+006	903	963	1535	1647	171	190	449	488	337	369	157	176	239277	250236	3185	3373	204	227	245949	257175	201690	210930	
99	8.14134e+006	8.15257e+006	870	929	1467	1573	161	182	428	465	323	353	153	172	239628	250601	3196	3384	205	230	246164	257395	201922	211166	
100	8.14113e+006	8.15237e+006	838	895	1405	1508	150	172	407	441	308	337	147	165	239961	250948	3205	3394	194	214	246367	257602	202140	211391	
101	8.14094e+006	8.15218e+006	803	858	1344	1443	146	167	383	417	288	318	137	156	240286	251283	3215	3403	182	203	246557	257797	202349	211604	
102	8.14075e+006	8.15199e+006	777	832	1278	1369	140	159	361	396	274	302	131	148	240599	251608	3224	3413	179	200	246743	257990	202547	211805	
103	8.14041e+006	8.15166e+006	889	951	1226	1314	134	153	348	385	259	286	124	141	240890	251908	3233	3423	318	349	247072	258327	202745	212007	
104	8.14009e+006	8.15135e+006	1001	1071	1179	1261	127	145	334	370	244	271	115	132	241169	252196	3242	3432	306	335	247389	258651	202933	212199	
105	8.13978e+006	8.15105e+006	1104	1183	1128	1209	119	137	317	350	232	258	108	124	241439	252471	3252	3442	283	316	247685	258955	203109	212381	
106	8.13947e+006	8.15074e+006	1222	1312	1083	1162	117	135	295	326	222	247	102	119	241699	252738	3259	3448	297	330	247996	259271	203280	212558	
107	8.13911e+006	8.1504e+006	1235	1325	1170	1256	131	150	285	315	209	234	97	112	241940	252987	3267	3457	329	363	248337	259622	203579	212863	
108	8.13876e+006	8.15005e+006	1262	1359	1262	1357	140	158	271	301	195	220	90	106	242175	253224	3273	3464	333	369	248683	259978	203868	213158	
109	8.13839e+006	8.14969e+006	1324	1423	1336	1438	144	163	256	283	184	206	81	96	242411	253467	3281	3472	346	379	249044	260343	204140	213437	
110	8.138e+006	8.14931e+006	1400	1502	1431	1542	152	173	246	271	174	196	74	88	242628	253687	3288	3479	373	409	249430	260739	204426	213726	
111	8.13758e+006	8.1489e+006	1465	1570	1563	1686	167	190	228	256	164	186	68	82	242837	253903	3295	3485	395	430	249838	261156	204737	214047	
112	8.13714e+006	8.14847e+006	1542	1656	1704	1842	180	203	223	249	156	178	65	79	243033	254104	3300	3490	411	455	250267	261593	205055	214373	
113	8.13667e+006	8.14801e+006	1643	1769	1736	1873	178	200	240	271	146	168	61	75	243350	254424	3305	3496	447	492	250730	262069	205387	214709	
114	8.13616e+006	8.14751e+006	1753	1886	1792	1936	189	213	258	288	140	162	60	73	243649	254732	3310	3501	481	529	251230	262579	205738	215068	
115	8.13564e+006	8.147e+006	1846	1992	1889	2039	201	226	275	305	133	154	56	69	243933	255023	3314	3505	486	537	251738	263094	206110	215449	
116	8.1351e+006	8.14647e+006	1948	2095	1988	2149	215	241	293	323	127	147	55	68	244228	255325	3317	3508	513	557	252268	263635	206500	215848	
117	8.13455e+006	8.14592e+006	2023	2182	2091	2264	227	256	323	359	121	141	54	66	244536	255643	3323	3513	525	577	252813	264191	206923	216283	
118	8.13396e+006	8.14534e+006	2099	2264	2227	2408	241	270	353	391	120	138	54	65	244850	255967	3326	3517	558	610	253392	264780	207383	216752	
119	8.13335e+006	8.14475e+006	2184	2359	2353	2550	256	287	363	400	123	141	55	67	245192	256316	3331	3521	570	633	253988	265387	207847	217223	
120	8.13269e+006	8.14409e+006	2298	2489	2480	2686	267	300	369	408	124	143	55	68	245567	256700	3333	3524	627	688	254642	266048	208331	217716	
121	8.132e+006	8.14343e+006	2422	2617	2594	2818	281	316	387	423	127	147	56	69	245951	257096	3336	3527	646	708	255309	266734	208825	218222	
122	8.13128e+006	8.14272e+006	2545	2751	2728	2962	294	328	410	450	128	148	56	69	246352	257503	3339	3530	681	743	256013	267455	209355	218762	
123	8.13053e+006	8.14199e+006	2685	2895	2843	3094	302	337	431	470	135	155	58	71	246784	257947	3343	3534	710	778	256749	268206	209906	219322	
124	8.12976e+006	8.14123e+006	2783	3011	2970	3236	317	358	462	504	141	162	60	75	247242	258415	3346	3537	726	803	257506	268978	210502	219925	
125	8.12894e+006	8.14042e+006	2914	3156	3115	3388	334	374	486	531	150	170	66	80	247717	258891	3348	3539	776	854	258313	269800	211113	220553	
126	8.12809e+006	8.13959e+006	3037	3288	3264	3554	353	394	521	568	158	179	71	85	248201	259382	3350	3542	802	877	259146	270646	211754	221211	
127	8.12718e+006	8.13869e+006	3193	3456	3433	3736	371	411	558	608	167	189	73	88	248696	259889	3352	3544	867	944	260042	271561	212426	221896	
128	8.12621e+006	8.13774e+006	3389	3649	3580	3908	390	434	585	636	181	204	80	95	249230	260434	3355	3546	922	997	260994	272527	213116	222600	
129	8.12522e+006	8.13676e+006	3558	3822	3761	4100	415	462	616	673	187	210	85	100	249780	260997	3360	3551	946	1025	261972	273521	213854	223351	
130	8.12417e+006	8.13574e+006	3748	4031	3914	4267	438	485	644	707	197	222	91	107	250388	261612	3365	3556	991	1087	263001	274570	214614	224122	
131	8.12309e+006	8.13468e+006	3904	4202	4109	4478	462	511	681	744	205	230	96	112	251006	262249	3369	3560	1025	1113	264060	275649	215434	224958	
132	8.12195e+006	8.13356e+006	4064	4384	4334	4714	479	527	713	780	221	247	102	120	251657	262914	3372	3564	1082	1179	265179	276791	216313	225848	
133	8.12074e+006	8.13238e+006	4249	4603	4546	4939	500	552	741	810	236	264	111	130	252345	263614	3377	3568	1132	1243	266352	277993	217206	226757	
134	8.11952e+006	8.13117e+006	4424	4789	4790	5201	521	576	774	851	253	281	117	137	253042	264328	3382	3573	1166	1274	267563	279221	218152	227720	
135	8.11821e+006	8.12989e+006	4637	5023	5010	5438	546	602	813	890	268	299	124	146	253790	265087	3387	3578	1236	1348	268843	280526	219120	228707	
136	8.11687e+006	8.12858e+006	4829	5231	5269	5718	567	624	854	932	287	319	132	154	254558	265868	3392	3583	1275	1387	270161	281869	220148	229755	
137	8.11544e+006	8.12719e+006	5047	5458	5507	5992	590	652	892	974	305	341	142	165	255391	266718	3396	3587	1348	1470	271550	283299	221223	230856	
138	8.11396e+006	8.12574e+006	5281	5708	5719	6238	619	687	940	1025	320	355	147	170	256273	267612	3403	3594	1399	1526	272998	284776	222330	231982	
139	8.11244e+006	8.12425e+006	5489	5927	5977	6529	649	721	988	1078	335	371	154	178	257174	268534	3411	3601	1442	1569	274484	286300	223500	233176	
140	8.11082e+006	8.12266e+006	5750	6213	6232	6800	676	751	1036	1129	350	390	160	186	258132	269511	3417	3607	1536	1673	276075	287919	224708	234409	
141	8.10911e+006	8.12099e+006	6023	6507	6523	7120	709	788	1077	1178	369	411	170	196	259121	270517	3422	3614	1623	1762	277750	289629	225977	235716	
142	8.10735e+006	8.11928e+006	6281	6788	6796	7422	751	835	1132	1236	385	431	179	206	260160	271577	3429	3620	1659	1804	279460	291383	227292	237058	
143	8.10552e+006	8.11749e+006	6571	7116	7073	7710	786	870	1189	1299	398	444	184	209	261256	272695	3437	3628	1734	1896	281251	293221	228643	238451	
144	8.10358e+006	8.11561e+006	6862	7420	7408	8073	821	907	1242	1354	413	464	191	217	262385	273845	3446	3636	1826	1978	283124	295152	230102	239934	
145	8.1016e+006	8.11366e+006	7128	7702	7761	8455	852	942	1293	1409	428	479	196	224	263588	275071	3455	3646	1888	2045	285072	297137	231643	241506	
146	8.0995e+006	8.11163e+006	7455	8046	8102	8831	896	984	1362	1479	444	497	205	233	264810	276312	3468	3658	1986	2148	287111	299232	233213	243115	
147	8.09735e+006	8.10953e+006	7755	8358	8453	9225	927	1017	1428	1551	462	515	210	240	266104	277644	3477	3668	2032	2210	289203	301382	234857	244806	
148	8.09509e+006	8.10733e+006	8077	8702	8852	9649	955	1046	1482	1615	485	539	221	253	267460	279025	3488	3679	2149	2321	291409	303646	236579	246578	
149	8.09272e+006	8.10501e+006	8435	9096	9251	10082	998	1093	1548	1688	509	568	229	263	268842	280443	3497	3690	2246	2439	293724	306016	238359	248396	
150	8.09027e+006	8.10263e+006	8763	9468	9655	10511	1042	1141	1621	1772	534	593	243	276	270321	281944	3507	3701	2313	2521	296108	308466	240228	250315	
151	8.08768e+006	8.10012e+006	9169	9911	10005	10896	1100	1205	1714	1876	562	624	256	291	271862	283510	3518	3712	2437	2654	298613	311052	242128	252275	
152	8.08506e+006	8.09757e+006	9502	10289	10451	11370	1142	1249	1780	1952	595	657	274	310	273459	285144	3530	3724	2481	2700	301165	313681	244153	254355	
153	8.08224e+006	8.09484e+006	9914	10736	10910	11857	1196	1306	1858	2029	626	689	292	326	275129	286861	3542	3737	2660	2883	303893	316496	246274	256532	
154	8.07934e+006	8.09203e+006	10353	11181	11331	12335	1258	1376	1945	2115	655	720	311	344	276877	288660	3554	3750	2751	2967	306710	319398	248449	258765	
155	8.07631e+006	8.0891e+006	10760	11639	11828	12889	1309	1430	2031	2205	689	754	324	358	278694	290511	3564	3760	2846	3110	309636	322429	250743	261136	
156	8.07314e+006	8.08605e+006	11269	12173	12275	13392	1356	1480	2111	2285	720	793	335	371	280607	292474	3578	3775	2989	3235	312688	325600	253079	263551	
157	8.06988e+006	8.0829e+006	11685	12618	12843	14005	1417	1540	2181	2358	759	830	353	389	282576	294502	3591	3789	3076	3329	315840	328852	255566	266127	
158	8.06646e+006	8.07959e+006	12164	13157	13377	14580	1486	1610	2280	2460	791	867	366	405	284636	296616	3604	3802	3230	3506	319148	332281	258143	268790	
159	8.06289e+006	8.07615e+006	12677	13694	13901	15180	1558	1687	2389	2577	823	901	382	421	286787	298822	3621	3819	3358	3648	322588	335847	260808	271559	
160	8.05916e+006	8.07254e+006	13216	14275	14494	15812	1638	1771	2472	2673	867	949	396	438	289017	301117	3640	3838	3530	3815	326199	339581	263582	274446	
161	8.05531e+006	8.06883e+006	13772	14869	15056	16413	1709	1850	2573	2789	906	991	412	456	291363	303533	3656	3854	3632	3921	329908	343426	266463	277423	
162	8.05129e+006	8.06497e+006	14319	15459	15720	17130	1791	1941	2678	2907	935	1024	423	467	293751	305998	3677	3876	3778	4096	333766	347442	269484	280563	
163	8.04716e+006	8.06098e+006	14868	16028	16360	17837	1848	2001	2789	3021	970	1064	434	482	296315	308641	3695	3895	3906	4218	337755	351576	272635	283836	
164	8.04282e+006	8.0568e+006	15440	16638	17054	18603	1927	2089	2892	3140	1010	1106	457	507	298966	311365	3713	3915	4102	4424	341937	355921	275938	287256	
165	8.03824e+006	8.05241e+006	16115	17377	17767	19341	1995	2166	3008	3269	1053	1152	481	534	301714	314198	3734	3937	4307	4660	346330	360495	279333	290781	
166	8.03353e+006	8.0479e+006	16769	18072	18499	20146	2046	2229	3135	3407	1092	1193	500	555	304573	317164	3760	3964	4433	4790	350839	365209	282867	294467	
167	8.02863e+006	8.0432e+006	17472	18835	19245	20955	2123	2315	3265	3539	1138	1246	522	579	307522	320210	3784	3988	4607	4983	355535	370104	286513	298255	
168	8.0235e+006	8.03826e+006	18218	19636	20022	21781	2214	2412	3395	3679	1185	1299	548	608	310633	323424	3804	4010	4846	5227	360475	375237	290330	302233	
169	8.01817e+006	8.03315e+006	18941	20392	20876	22697	2307	2510	3530	3828	1232	1349	573	634	313864	326769	3829	4036	5032	5414	365588	380570	294349	306431	
170	8.01265e+006	8.02785e+006	19721	21205	21686	23579	2396	2606	3713	4022	1276	1398	600	665	317215	330237	3856	4063	5214	5603	370885	386089	298474	310753	
171	8.00691e+006	8.02238e+006	20508	22045	22555	24532	2501	2717	3842	4152	1326	1453	626	692	320714	333866	3886	4093	5396	5821	376360	391831	302764	315228	
172	8.00096e+006	8.01668e+006	21270	22847	23500	25539	2624	2841	4017	4337	1377	1507	649	720	324319	337614	3915	4122	5605	6033	382054	397776	307273	319928	
173	7.99475e+006	8.01075e+006	22077	23732	24511	26623	2733	2960	4170	4503	1434	1568	678	752	328074	341495	3940	4148	5837	6300	387983	403984	311951	324814	
174	7.98828e+006	8.00457e+006	22952	24689	25497	27674	2856	3091	4358	4701	1491	1631	699	776	331980	345548	3970	4179	6090	6558	394162	410453	316775	329854	
175	7.98162e+006	7.99823e+006	23825	25603	26462	28716	2974	3215	4540	4898	1546	1690	721	798	336103	349833	4003	4212	6267	6737	400508	417112	321781	335117	
176	7.97468e+006	7.99163e+006	24731	26603	27523	29843	3084	3331	4694	5068	1628	1772	757	835	340343	354263	4035	4244	6513	7032	407104	424059	326989	340568	
177	7.96747e+006	7.98476e+006	25681	27600	28627	31031	3211	3460	4891	5293	1693	1840	784	863	344737	358831	4073	4281	6785	7300	413981	431268	332398	346256	
178	7.95997e+006	7.97761e+006	26649	28630	29749	32242	3330	3582	5083	5502	1776	1928	818	896	349359	363635	4110	4319	7057	7589	421127	438767	338058	352198	
179	7.95219e+006	7.97024e+006	27675	29749	30850	33425	3464	3723	5294	5724	1845	2004	852	933	354157	368637	4144	4354	7297	7853	428501	446543	343850	358284	
180	7.94408e+006	7.96252e+006	28789	30920	32029	34734	3577	3849	5499	5947	1927	2088	884	967	359124	373813	4183	4394	7627	8202	436215	454658	349877	364652	
181	7.93569e+006	7.95456e+006	29883	32084	33282	36073	3710	3992	5742	6201	2007	2173	920	1004	364238	379167	4226	4437	7876	8466	444172	463042	356178	371271	
182	7.92704e+006	7.94634e+006	30960	33242	34562	37462	3875	4166	5959	6429	2091	2265	956	1045	369594	384750	4264	4477	8134	8748	452397	471700	362701	378130	
183	7.91801e+006	7.93775e+006	32160	34503	35885	38881	4002	4310	6197	6668	2184	2370	990	1084	375157	390579	4298	4514	8496	9114	460983	480723	369454	385266	
184	7.90866e+006	7.92889e+006	33314	35739	37266	40367	4148	4477	6424	6916	2273	2467	1021	1115	380979	396659	4340	4557	8781	9438	469847	490079	376511	392703	
185	7.89903e+006	7.91976e+006	34497	36977	38722	41943	4300	4630	6690	7194	2370	2569	1069	1165	386920	402881	4389	4607	9060	9704	478979	499710	383793	400401	
186	7.88899e+006	7.91022e+006	35811	38356	40161	43478	4473	4820	6931	7453	2447	2658	1107	1208	393148	409429	4440	4658	9447	10127	488516	509747	391294	408310	
187	7.87861e+006	7.90037e+006	37088	39702	41725	45142	4618	4972	7182	7719	2551	2768	1160	1263	399616	416212	4489	4712	9772	10462	498370	520126	399177	416610	
188	7.86785e+006	7.89019e+006	38404	41104	43290	46831	4770	5140	7487	8046	2639	2861	1195	1304	406310	423231	4548	4773	10099	10838	508548	530886	407301	425199	
189	7.85675e+006	7.87968e+006	39777	42576	44869	48502	4945	5329	7776	8362	2750	2977	1246	1355	413227	430518	4603	4830	10430	11178	519059	541983	415666	434033	
190	7.84519e+006	7.86873e+006	41202	44091	46494	50232	5136	5528	8094	8683	2851	3094	1293	1409	420466	438134	4661	4890	10872	11641	530007	553549	424388	443234	
191	7.83318e+006	7.85739e+006	42695	45712	48191	52026	5331	5735	8382	8995	2959	3203	1335	1451	427973	446033	4721	4948	11268	12080	541343	565561	433413	452750	
192	7.82077e+006	7.84565e+006	44266	47356	49987	53944	5501	5906	8688	9314	3084	3334	1392	1511	435707	454178	4781	5011	11671	12482	553085	577971	442743	462628	
193	7.80799e+006	7.83358e+006	45842	49022	51696	55781	5725	6135	9028	9660	3193	3446	1450	1571	443783	462672	4845	5079	12007	12843	565158	590748	452363	472806	
194	7.79476e+006	7.82106e+006	47415	50684	53550	57752	5950	6378	9340	10005	3317	3577	1520	1649	452142	471481	4914	5150	12444	13305	577678	603977	462376	483398	
195	7.78115e+006	7.80822e+006	48926	52283	55526	59900	6169	6619	9683	10375	3452	3718	1580	1708	460737	480536	4976	5214	12778	13679	590521	617591	472762	494414	
196	7.76706e+006	7.79489e+006	50509	53962	57524	62030	6388	6852	10031	10751	3587	3859	1640	1772	469716	489984	5046	5288	13253	14161	603847	631681	483512	505787	
197	7.7525e+006	7.78111e+006	52208	55742	59546	64204	6587	7072	10405	11142	3724	4006	1705	1844	478987	499750	5119	5364	13707	14622	617623	646233	494580	517515	
198	7.7373e+006	7.76674e+006	54072	57707	61627	66404	6847	7343	10806	11578	3874	4165	1774	1914	488535	509832	5198	5445	14309	15268	631997	661436	506021	529626	
199	7.72176e+006	7.75206e+006	55905	59627	63725	68660	7088	7597	11197	12014	4035	4336	1842	1985	498418	520242	5274	5526	14611	15601	646673	676972	517778	542109	
200	7.70577e+006	7.73694e+006	57705	61531	65863	70937	7328	7843	11600	12433	4181	4482	1904	2048	508734	531154	5357	5615	15051	16068	661801	692963	529967	555011	
201	7.68919e+006	7.72124e+006	59626	63562	68068	73244	7561	8079	12004	12869	4342	4657	1980	2136	519416	542468	5444	5704	15629	16652	677500	709544	542600	568372	
202	7.67212e+006	7.70507e+006	61433	65425	70433	75757	7824	8364	12466	13358	4487	4812	2050	2209	530468	554133	5534	5797	16113	17134	693671	726620	555764	582302	
203	7.65462e+006	7.68849e+006	63333	67382	72718	78199	8131	8690	12894	13807	4666	5000	2132	2294	541849	566179	5621	5889	16508	17559	710245	744114	569174	596513	
204	7.63654e+006	7.67135e+006	65350	69468	75063	80698	8387	8961	13395	14317	4826	5172	2191	2357	553618	578625	5715	5987	17069	18153	727384	762197	583031	611172	
205	7.61788e+006	7.65367e+006	67337	71541	77582	83339	8704	9307	13838	14790	5008	5365	2285	2460	565737	591463	5818	6093	17615	18726	745068	780854	597371	626328	
206	7.59867e+006	7.63545e+006	69378	73679	80192	86061	8943	9569	14285	15266	5195	5569	2375	2558	578324	604764	5923	6201	18158	19269	763285	800064	612216	642007	
207	7.57898e+006	7.61674e+006	71502	75884	82694	88697	9235	9878	14778	15774	5372	5759	2463	2648	591321	618509	6030	6313	18633	19764	781993	819752	627408	658051	
208	7.55875e+006	7.59754e+006	73577	78023	85178	91300	9508	10163	15288	16307	5580	5979	2562	2759	604866	632844	6141	6429	19145	20290	801199	839982	643117	674636	
209	7.53799e+006	7.57783e+006	75608	80127	87909	94153	9773	10443	15804	16852	5772	6179	2651	2854	618722	647513	6254	6550	19646	20830	820910	860748	659319	691724	
210	7.51662e+006	7.55756e+006	77658	82283	90689	97033	10090	10772	16276	17357	6007	6426	2773	2983	633017	662626	6377	6677	20206	21427	841174	882117	675993	709320	
211	7.49468e+006	7.53668e+006	79837	84525	93418	99864	10370	11050	16838	17939	6214	6649	2867	3078	647821	678280	6497	6805	20813	22005	862056	904053	693126	727370	
212	7.47226e+006	7.51533e+006	81980	86720	96126	102703	10688	11373	17418	18545	6433	6878	2959	3180	663071	694384	6625	6938	21287	22486	883406	926475	710740	745935	
213	7.44924e+006	7.49342e+006	84167	88980	98949	105665	10990	11694	17945	19097	6648	7104	3062	3290	678772	710964	6756	7074	21835	23088	905313	949492	728816	764977	
214	7.42562e+006	7.47089e+006	86431	91241	101749	108605	11318	12037	18429	19610	6911	7381	3193	3427	695029	728113	6891	7218	22467	23690	927847	973115	747367	784543	
215	7.4014e+006	7.44779e+006	88657	93519	104609	111541	11652	12384	19031	20235	7145	7628	3281	3520	711729	745742	7040	7373	23040	24283	950946	997338	766496	804637	
216	7.37662e+006	7.42413e+006	90970	95875	107432	114448	11958	12695	19615	20831	7367	7864	3383	3630	728995	763952	7193	7533	23599	24843	974611	1.02212e+006	786054	825197	
217	7.35124e+006	7.39989e+006	93311	98226	110283	117431	12289	13055	20213	21452	7617	8122	3482	3734	746704	782604	7345	7689	24173	25443	998847	1.0475e+006	806111	846267	
218	7.32536e+006	7.37512e+006	95537	100493	113268	120487	12625	13401	20802	22065	7832	8354	3585	3839	764938	801810	7512	7868	24692	25957	1.02361e+006	1.07338e+006	826765	867924	
219	7.2988e+006	7.34969e+006	97869	102831	116270	123552	13011	13793	21491	22792	8066	8603	3699	3958	783568	821422	7673	8041	25373	26620	1.04905e+006	1.09994e+006	847908	890105	
220	7.27175e+006	7.32371e+006	100171	105120	119328	126630	13348	14130	22150	23488	8293	8848	3797	4062	802771	841667	7848	8226	25896	27136	1.07503e+006	1.12699e+006	869592	912818	
221	7.24405e+006	7.29713e+006	102510	107450	122386	129760	13662	14426	22758	24125	8558	9125	3916	4192	822599	862500	8028	8415	26510	27775	1.10161e+006	1.15469e+006	891824	936131	
222	7.21581e+006	7.27002e+006	104860	109794	125478	132913	13979	14739	23382	24782	8850	9430	4057	4336	842850	883771	8209	8607	27041	28302	1.12872e+006	1.18293e+006	914544	959894	
223	7.18706e+006	7.24236e+006	107081	111990	128708	136128	14296	15047	23960	25399	9135	9732	4195	4482	863706	905669	8398	8806	27594	28815	1.15638e+006	1.21168e+006	937874	984261	
224	7.15762e+006	7.21401e+006	109463	114368	131799	139226	14645	15385	24577	26025	9377	9986	4301	4598	885183	928203	8595	9016	28279	29514	1.18473e+006	1.24112e+006	961694	1.00908e+006	
225	7.1279e+006	7.18538e+006	111512	116376	134942	142392	14968	15715	25165	26613	9662	10290	4438	4741	907214	951328	8792	9221	28555	29787	1.21336e+006	1.27083e+006	986063	1.03448e+006	
226	7.0976e+006	7.1561e+006	113671	118456	138050	145511	15306	16053	25850	27301	9948	10590	4565	4873	929708	974904	8993	9433	29197	30385	1.24264e+006	1.30113e+006	1.01091e+006	1.06038e+006	
227	7.06676e+006	7.1263e+006	115812	120549	141132	148543	15635	16402	26476	27939	10245	10900	4725	5039	952814	999107	9205	9657	29734	30909	1.27244e+006	1.33198e+006	1.03629e+006	1.08675e+006	
228	7.0355e+006	7.09602e+006	117730	122379	144327	151707	16023	16800	27142	28616	10565	11231	4874	5201	976381	1.02376e+006	9419	9882	30197	31344	1.30272e+006	1.36324e+006	1.06227e+006	1.11374e+006	
229	7.00375e+006	7.06522e+006	119879	124441	147188	154548	16347	17123	27862	29327	10880	11562	5010	5342	1.00056e+006	1.04903e+006	9641	10117	30703	31850	1.33352e+006	1.39499e+006	1.08852e+006	1.14101e+006	
230	6.97161e+006	7.03401e+006	121797	126285	150146	157447	16697	17466	28595	30071	11182	11873	5153	5489	1.02528e+006	1.0748e+006	9866	10357	31109	32237	1.36473e+006	1.42713e+006	1.11536e+006	1.1688e+006	
231	6.93885e+006	7.0022e+006	123793	128219	153095	160300	16984	17735	29247	30705	11470	12165	5297	5633	1.05069e+006	1.10133e+006	10100	10604	31730	32842	1.39654e+006	1.45989e+006	1.14272e+006	1.19714e+006	
232	6.90585e+006	6.97009e+006	125624	129956	155978	163068	17255	18011	29895	31326	11775	12476	5443	5779	1.0766e+006	1.12838e+006	10338	10853	32028	33081	1.42865e+006	1.49289e+006	1.17054e+006	1.22587e+006	
233	6.87234e+006	6.93748e+006	127443	131704	158796	165800	17565	18294	30556	31971	12066	12779	5571	5912	1.10305e+006	1.15592e+006	10592	11121	32518	33601	1.46126e+006	1.5264e+006	1.19882e+006	1.25503e+006	
234	6.83862e+006	6.90458e+006	129139	133271	161343	168223	17866	18576	31261	32668	12379	13101	5712	6056	1.13012e+006	1.18406e+006	10859	11403	32807	33803	1.49415e+006	1.56011e+006	1.22742e+006	1.28451e+006	
235	6.80451e+006	6.87127e+006	130621	134642	164205	170966	18181	18886	31899	33289	12694	13414	5865	6211	1.15753e+006	1.21256e+006	11123	11682	33212	34214	1.52747e+006	1.59422e+006	1.25662e+006	1.3146e+006	
236	6.77e+006	6.83755e+006	132196	136190	166758	173385	18454	19167	32530	33904	13043	13774	6028	6370	1.18556e+006	1.24161e+006	11391	11963	33594	34638	1.56119e+006	1.62874e+006	1.28609e+006	1.34488e+006	
237	6.73516e+006	6.80338e+006	133724	137559	169230	175758	18780	19473	33205	34597	13337	14068	6140	6476	1.21411e+006	1.27116e+006	11675	12265	34039	34977	1.59536e+006	1.66358e+006	1.316e+006	1.37563e+006	
238	6.70018e+006	6.76907e+006	135099	138857	171585	177950	19060	19714	33801	35188	13674	14392	6298	6628	1.24315e+006	1.30121e+006	11970	12570	34185	35097	1.62967e+006	1.69856e+006	1.3462e+006	1.40661e+006	
239	6.6648e+006	6.73432e+006	136518	140144	173799	180009	19366	20008	34418	35782	13998	14702	6452	6779	1.27271e+006	1.33174e+006	12270	12888	34628	35503	1.66442e+006	1.73393e+006	1.37675e+006	1.43791e+006	
240	6.62905e+006	6.69917e+006	137932	141392	176047	182161	19610	20249	34945	36302	14348	15032	6603	6923	1.30274e+006	1.36271e+006	12574	13207	35012	35883	1.69956e+006	1.76969e+006	1.40769e+006	1.46958e+006	
241	6.59333e+006	6.66397e+006	138979	142252	178133	184060	19850	20468	35508	36861	14676	15365	6738	7056	1.33334e+006	1.39427e+006	12881	13529	35077	35846	1.73477e+006	1.8054e+006	1.43906e+006	1.50159e+006	
242	6.5575e+006	6.62861e+006	139990	143145	180111	185887	20045	20641	36043	37347	14987	15688	6883	7210	1.36428e+006	1.42613e+006	13200	13866	35187	36000	1.77013e+006	1.84123e+006	1.47059e+006	1.53374e+006	
243	6.52149e+006	6.59297e+006	140795	143861	182078	187636	20198	20784	36577	37869	15316	16006	7023	7348	1.39571e+006	1.45846e+006	13519	14202	35424	36227	1.80577e+006	1.87724e+006	1.50254e+006	1.56627e+006	
244	6.4854e+006	6.55728e+006	141303	144240	184050	189494	20419	21019	37149	38395	15650	16328	7182	7507	1.42736e+006	1.49099e+006	13850	14541	35525	36257	1.84145e+006	1.91334e+006	1.53483e+006	1.59912e+006	
245	6.44924e+006	6.52143e+006	141875	144759	185768	190963	20581	21168	37649	38884	15907	16571	7292	7610	1.45958e+006	1.52402e+006	14190	14895	35651	36362	1.8773e+006	1.9495e+006	1.56715e+006	1.63193e+006	
246	6.41291e+006	6.48535e+006	142557	145299	187242	192191	20725	21276	38117	39324	16191	16840	7431	7755	1.49219e+006	1.55745e+006	14544	15267	35853	36556	1.91338e+006	1.98583e+006	1.59962e+006	1.66484e+006	
247	6.3766e+006	6.44924e+006	143016	145607	188521	193292	20867	21389	38569	39744	16501	17145	7577	7908	1.52523e+006	1.59122e+006	14899	15636	35874	36545	1.94949e+006	2.02214e+006	1.63236e+006	1.69794e+006	
248	6.34034e+006	6.41311e+006	143375	145856	189755	194342	20976	21496	38978	40146	16747	17380	7681	8008	1.55849e+006	1.62517e+006	15283	16032	35871	36520	1.98563e+006	2.05839e+006	1.66517e+006	1.73113e+006	
249	6.30418e+006	6.377e+006	143562	145922	190644	195058	21122	21627	39413	40510	17011	17644	7790	8117	1.59216e+006	1.65954e+006	15657	16421	35844	36422	2.02174e+006	2.09455e+006	1.69808e+006	1.76435e+006	
250	6.26802e+006	6.34089e+006	143530	145823	191438	195657	21196	21675	39822	40918	17257	17891	7910	8236	1.62625e+006	1.69424e+006	16044	16822	35821	36456	2.05784e+006	2.13072e+006	1.73125e+006	1.79776e+006	
251	6.23208e+006	6.30493e+006	143315	145520	192184	196295	21249	21732	40178	41209	17499	18130	8034	8360	1.66047e+006	1.72901e+006	16438	17233	35652	36248	2.09381e+006	2.16666e+006	1.76446e+006	1.83115e+006	
252	6.19637e+006	6.2691e+006	142906	145075	192862	196768	21287	21749	40544	41515	17714	18332	8152	8473	1.69483e+006	1.76392e+006	16843	17653	35466	36072	2.12964e+006	2.20236e+006	1.7977e+006	1.86451e+006	
253	6.16084e+006	6.23341e+006	142359	144574	193227	196885	21367	21801	40886	41822	17937	18542	8254	8564	1.72949e+006	1.79902e+006	17246	18070	35290	35927	2.16532e+006	2.2379e+006	1.83086e+006	1.89774e+006	
254	6.12539e+006	6.19774e+006	141771	144004	193443	196995	21452	21885	41158	42053	18121	18723	8341	8648	1.76431e+006	1.83428e+006	17655	18495	35243	35877	2.20099e+006	2.27335e+006	1.86403e+006	1.93098e+006	
255	6.09022e+006	6.16228e+006	141083	143427	193509	196940	21397	21815	41320	42207	18392	18965	8470	8762	1.79928e+006	1.86964e+006	18072	18922	34975	35660	2.23646e+006	2.30852e+006	1.89715e+006	1.96407e+006	
256	6.05545e+006	6.12714e+006	140221	142659	193142	196477	21379	21793	41483	42347	18608	19165	8561	8843	1.83453e+006	1.90521e+006	18503	19367	34599	35309	2.27159e+006	2.34329e+006	1.93011e+006	1.99692e+006	
257	6.02075e+006	6.09209e+006	139459	141957	192640	195944	21287	21718	41635	42506	18803	19333	8656	8916	1.86982e+006	1.94079e+006	18934	19811	34542	35211	2.30665e+006	2.37799e+006	1.96295e+006	2.02964e+006	
258	5.98645e+006	6.05731e+006	138370	141010	192018	195300	21281	21719	41738	42577	18999	19533	8736	8997	1.90521e+006	1.97637e+006	19352	20244	34156	34927	2.34143e+006	2.41229e+006	1.99571e+006	2.06223e+006	
259	5.95263e+006	6.02293e+006	137098	139843	191243	194619	21203	21622	41751	42523	19171	19685	8841	9095	1.94069e+006	2.01199e+006	19784	20689	33706	34490	2.37581e+006	2.44611e+006	2.02832e+006	2.09457e+006	
260	5.91924e+006	5.98898e+006	135747	138622	190161	193646	21043	21468	41792	42546	19267	19772	8874	9124	1.97619e+006	2.04763e+006	20226	21145	33255	34082	2.40975e+006	2.4795e+006	2.06066e+006	2.1266e+006	
261	5.886e+006	5.95514e+006	134300	137394	189059	192648	21020	21444	41834	42568	19427	19904	8937	9179	2.0115e+006	2.08297e+006	20664	21597	33107	33971	2.44359e+006	2.51274e+006	2.09286e+006	2.15849e+006	
262	5.85323e+006	5.92171e+006	132805	136013	187892	191647	20862	21316	41696	42405	19582	20050	8984	9222	2.04681e+006	2.11826e+006	21130	22074	32666	33541	2.47703e+006	2.54551e+006	2.12488e+006	2.19009e+006	
263	5.82094e+006	5.8888e+006	131274	134547	186377	190308	20771	21239	41593	42285	19695	20152	9045	9285	2.082e+006	2.15337e+006	21586	22539	32179	33020	2.50994e+006	2.5778e+006	2.15647e+006	2.22118e+006	
264	5.78907e+006	5.85616e+006	129774	133208	184640	188791	20501	20980	41535	42253	19811	20257	9091	9332	2.11712e+006	2.18834e+006	22033	22995	31760	32738	2.54257e+006	2.60966e+006	2.18778e+006	2.252e+006	
265	5.75777e+006	5.82412e+006	127875	131375	182951	187305	20296	20802	41394	42126	19826	20274	9087	9323	2.15219e+006	2.22319e+006	22499	23469	31215	32131	2.57461e+006	2.64097e+006	2.2189e+006	2.28258e+006	
266	5.72697e+006	5.79252e+006	125921	129526	181141	185686	20152	20676	41211	41938	19845	20283	9088	9326	2.18695e+006	2.25772e+006	22977	23962	30706	31698	2.60622e+006	2.67177e+006	2.24965e+006	2.31273e+006	
267	5.69659e+006	5.76131e+006	124042	127797	178998	183750	19905	20447	40887	41642	19890	20333	9104	9341	2.22175e+006	2.29224e+006	23452	24447	30304	31286	2.63743e+006	2.70215e+006	2.27994e+006	2.34246e+006	
268	5.66671e+006	5.73052e+006	122081	125932	176840	181808	19658	20208	40619	41407	19889	20322	9101	9342	2.25625e+006	2.32635e+006	23939	24943	29802	30871	2.66822e+006	2.73203e+006	2.31002e+006	2.37183e+006	
269	5.63741e+006	5.7003e+006	120095	124092	174603	179717	19391	19954	40297	41115	19898	20317	9098	9326	2.29041e+006	2.36006e+006	24410	25417	29235	30286	2.69844e+006	2.76133e+006	2.33952e+006	2.40067e+006	
270	5.60867e+006	5.67065e+006	118043	122131	172242	177531	19186	19774	39803	40646	19941	20361	9139	9376	2.32428e+006	2.39345e+006	24885	25894	28654	29736	2.72809e+006	2.79007e+006	2.3686e+006	2.42903e+006	
271	5.58051e+006	5.64156e+006	115811	120018	169685	175108	18924	19527	39410	40303	19872	20290	9110	9345	2.35802e+006	2.42668e+006	25369	26380	28075	29169	2.75718e+006	2.81823e+006	2.39731e+006	2.45699e+006	
272	5.55299e+006	5.61306e+006	113463	117712	167133	172752	18607	19218	39032	39924	19785	20192	9047	9274	2.3914e+006	2.45946e+006	25861	26881	27454	28565	2.78568e+006	2.84574e+006	2.42568e+006	2.48454e+006	
273	5.52587e+006	5.58496e+006	111285	115592	164470	170312	18311	18940	38661	39564	19685	20088	8996	9217	2.42426e+006	2.49174e+006	26356	27378	27059	28164	2.81378e+006	2.87287e+006	2.45352e+006	2.51155e+006	
274	5.49944e+006	5.5575e+006	108985	113384	161621	167574	18038	18691	38282	39227	19580	19982	8941	9159	2.45682e+006	2.52363e+006	26849	27869	26363	27520	2.84123e+006	2.8993e+006	2.48083e+006	2.53804e+006	
275	5.47362e+006	5.53064e+006	106660	111153	158794	164937	17713	18379	37800	38747	19503	19922	8923	9149	2.4889e+006	2.55503e+006	27326	28348	25752	26936	2.8681e+006	2.92512e+006	2.50765e+006	2.56401e+006	
276	5.44835e+006	5.50432e+006	104412	108974	155895	162171	17356	18015	37345	38358	19370	19792	8857	9084	2.52051e+006	2.58594e+006	27825	28846	25200	26391	2.89442e+006	2.95039e+006	2.53397e+006	2.58943e+006	
277	5.42367e+006	5.47855e+006	101970	106639	152995	159406	17002	17667	36828	37870	19214	19652	8805	9037	2.55182e+006	2.61653e+006	28319	29344	24616	25831	2.92019e+006	2.97507e+006	2.55988e+006	2.61445e+006	
278	5.39955e+006	5.45333e+006	99675	104395	149855	156356	16691	17378	36187	37299	19084	19530	8755	8983	2.58281e+006	2.6467e+006	28802	29830	24065	25278	2.94541e+006	2.99919e+006	2.58515e+006	2.63877e+006	
279	5.37612e+006	5.42879e+006	97287	102062	146732	153369	16326	17020	35599	36775	18873	19310	8646	8870	2.61326e+006	2.67636e+006	29285	30305	23368	24600	2.96995e+006	3.02262e+006	2.60991e+006	2.66259e+006	
280	5.35321e+006	5.4048e+006	94941	99715	143596	150345	16003	16705	34903	36087	18679	19148	8540	8780	2.64327e+006	2.70551e+006	29774	30790	22854	24044	2.99394e+006	3.04553e+006	2.63416e+006	2.68589e+006	
281	5.3309e+006	5.38141e+006	92569	97337	140468	147350	15654	16379	34336	35559	18475	18953	8464	8697	2.67261e+006	2.73397e+006	30245	31257	22245	23452	3.01733e+006	3.06783e+006	2.65792e+006	2.70866e+006	
282	5.30913e+006	5.35856e+006	90221	94966	137395	144372	15336	16072	33667	34914	18261	18737	8393	8623	2.70148e+006	2.76191e+006	30726	31724	21716	22909	3.04018e+006	3.08961e+006	2.68117e+006	2.73091e+006	
283	5.28812e+006	5.33642e+006	87805	92567	134070	141171	14967	15713	33043	34319	18028	18509	8278	8511	2.72994e+006	2.78945e+006	31183	32178	20954	22197	3.06232e+006	3.11062e+006	2.70381e+006	2.75253e+006	
284	5.26757e+006	5.31478e+006	85442	90217	130916	138045	14615	15359	32420	33705	17792	18283	8192	8428	2.75774e+006	2.81627e+006	31662	32651	20495	21691	3.08395e+006	3.13117e+006	2.72591e+006	2.77365e+006	
285	5.24749e+006	5.2937e+006	83208	87909	127773	134934	14241	14997	31729	33035	17515	18023	8038	8278	2.78505e+006	2.8426e+006	32141	33119	20015	21141	3.10503e+006	3.15125e+006	2.7475e+006	2.79426e+006	
286	5.22813e+006	5.27328e+006	80792	85480	124653	131823	13876	14626	31079	32421	17270	17809	7933	8184	2.81173e+006	2.86833e+006	32597	33574	19299	20479	3.12546e+006	3.1706e+006	2.76857e+006	2.81434e+006	
287	5.20922e+006	5.2533e+006	78694	83321	121326	128522	13546	14288	30380	31761	16977	17526	7795	8048	2.83798e+006	2.89356e+006	33049	34018	18857	20039	3.14544e+006	3.18952e+006	2.78898e+006	2.83372e+006	
288	5.19091e+006	5.23395e+006	76461	81026	118138	125324	13160	13904	29748	31153	16649	17205	7648	7901	2.86368e+006	2.91821e+006	33497	34460	18258	19399	3.16478e+006	3.20783e+006	2.80898e+006	2.85273e+006	
289	5.17319e+006	5.21522e+006	74117	78670	115132	122221	12811	13549	29055	30462	16410	16988	7537	7800	2.88869e+006	2.94215e+006	33930	34886	17671	18784	3.18352e+006	3.22555e+006	2.82844e+006	2.87127e+006	
290	5.15606e+006	5.19707e+006	71890	76397	111968	119050	12423	13152	28375	29806	16069	16658	7377	7649	2.9132e+006	2.96564e+006	34384	35331	17073	18206	3.20166e+006	3.24268e+006	2.84729e+006	2.88915e+006	
291	5.13937e+006	5.17939e+006	69665	74099	108909	115968	12095	12820	27688	29119	15794	16418	7239	7524	2.93709e+006	2.98849e+006	34812	35750	16631	17741	3.21935e+006	3.25937e+006	2.86574e+006	2.90662e+006	
292	5.12316e+006	5.16218e+006	67557	71962	105821	112829	11726	12449	27023	28469	15500	16135	7093	7379	2.96046e+006	3.01082e+006	35225	36158	16153	17260	3.23655e+006	3.27558e+006	2.88363e+006	2.92356e+006	
293	5.10753e+006	5.14562e+006	65458	69800	102915	109790	11353	12069	26304	27757	15197	15838	6963	7253	2.98319e+006	3.03246e+006	35635	36557	15572	16622	3.25312e+006	3.2912e+006	2.90093e+006	2.93993e+006	
294	5.09241e+006	5.12955e+006	63448	67719	99767	106576	11078	11800	25584	27030	14879	15547	6798	7101	3.00544e+006	3.05365e+006	36039	36954	15067	16122	3.26919e+006	3.30632e+006	2.91764e+006	2.95573e+006	
295	5.07778e+006	5.11401e+006	61391	65569	96704	103502	10757	11476	24862	26294	14581	15259	6686	6995	3.02715e+006	3.07436e+006	36435	37343	14573	15592	3.28473e+006	3.32095e+006	2.93396e+006	2.97114e+006	
296	5.06364e+006	5.09898e+006	59324	63400	93847	100577	10465	11184	24247	25658	14232	14911	6528	6848	3.04814e+006	3.09428e+006	36846	37750	14088	15090	3.29976e+006	3.3351e+006	2.94983e+006	2.9861e+006	
297	5.04999e+006	5.08447e+006	57336	61353	90886	97481	10153	10851	23620	25026	13904	14592	6374	6695	3.06868e+006	3.11377e+006	37236	38136	13585	14573	3.31427e+006	3.34875e+006	2.96513e+006	3.00053e+006	
298	5.03678e+006	5.07044e+006	55424	59319	87996	94510	9849	10546	22948	24335	13565	14263	6216	6541	3.08866e+006	3.13272e+006	37615	38504	13156	14087	3.3283e+006	3.36196e+006	2.97997e+006	3.01451e+006	
299	5.02405e+006	5.0569e+006	53522	57322	85206	91626	9552	10228	22347	23716	13204	13911	6070	6404	3.10798e+006	3.15103e+006	37998	38873	12673	13593	3.34184e+006	3.37468e+006	2.99432e+006	3.02803e+006	
300	5.01167e+006	5.04373e+006	51760	55461	82549	88843	9235	9883	21704	23050	12886	13593	5932	6265	3.12675e+006	3.16879e+006	38361	39222	12324	13230	3.35501e+006	3.38707e+006	3.00821e+006	3.04109e+006	
301	4.99969e+006	5.03094e+006	50089	53740	79796	85970	8947	9583	21076	22410	12528	13228	5772	6101	3.14507e+006	3.18611e+006	38725	39574	11912	12854	3.3678e+006	3.39904e+006	3.02159e+006	3.05369e+006	
302	4.98822e+006	5.0187e+006	48342	51954	77110	83112	8644	9260	20424	21767	12198	12895	5634	5961	3.16289e+006	3.20296e+006	39079	39917	11407	12303	3.38004e+006	3.41051e+006	3.03453e+006	3.06589e+006	
303	4.97707e+006	5.00677e+006	46763	50342	74503	80373	8359	8964	19760	21085	11902	12608	5480	5812	3.18009e+006	3.21921e+006	39425	40251	11094	11980	3.39196e+006	3.42166e+006	3.04703e+006	3.07765e+006	
304	4.96638e+006	4.99534e+006	45064	48609	72047	77766	8085	8665	19136	20445	11565	12251	5341	5657	3.1968e+006	3.23496e+006	39774	40582	10626	11496	3.40339e+006	3.43236e+006	3.0592e+006	3.08909e+006	
305	4.95609e+006	4.9844e+006	43374	46758	69644	75289	7829	8403	18476	19749	11257	11933	5199	5513	3.21301e+006	3.25024e+006	40108	40904	10224	11003	3.41433e+006	3.44264e+006	3.071e+006	3.10015e+006	
306	4.94612e+006	4.97373e+006	41875	45193	67266	72803	7524	8103	17909	19140	10943	11629	5054	5375	3.22863e+006	3.26495e+006	40433	41222	9909	10736	3.425e+006	3.45262e+006	3.08232e+006	3.11078e+006	
307	4.93652e+006	4.96349e+006	40306	43526	65051	70483	7258	7821	17328	18557	10630	11317	4898	5222	3.24373e+006	3.27919e+006	40749	41520	9524	10313	3.43524e+006	3.46221e+006	3.09334e+006	3.1211e+006	
308	4.92722e+006	4.95356e+006	38929	42024	62786	68157	6990	7559	16739	17918	10363	11043	4775	5097	3.25836e+006	3.29296e+006	41058	41817	9248	9995	3.44518e+006	3.47152e+006	3.1039e+006	3.13099e+006	
309	4.91834e+006	4.94406e+006	37515	40590	60585	65815	6748	7305	16131	17279	10074	10746	4633	4948	3.27253e+006	3.3063e+006	41364	42104	8810	9568	3.45468e+006	3.4804e+006	3.11397e+006	3.14048e+006	
310	4.90971e+006	4.93483e+006	36167	39146	58407	63557	6516	7064	15576	16705	9779	10437	4485	4798	3.28629e+006	3.31925e+006	41653	42381	8560	9294	3.46391e+006	3.48903e+006	3.12382e+006	3.14969e+006	
311	4.90145e+006	4.92601e+006	34832	37726	56288	61283	6256	6789	15112	16242	9485	10125	4361	4669	3.29958e+006	3.33171e+006	41939	42651	8190	8892	3.47273e+006	3.49729e+006	3.13331e+006	3.15859e+006	
312	4.89345e+006	4.91748e+006	33520	36330	54326	59177	6065	6582	14579	15709	9205	9836	4226	4523	3.31238e+006	3.34373e+006	42204	42907	7934	8602	3.48126e+006	3.50529e+006	3.14248e+006	3.16719e+006	
313	4.88584e+006	4.90933e+006	32249	34974	52273	56993	5843	6343	14115	15210	8897	9532	4103	4398	3.32483e+006	3.35541e+006	42471	43159	7542	8209	3.48941e+006	3.5129e+006	3.15127e+006	3.1754e+006	
314	4.87835e+006	4.90132e+006	31113	33756	50424	55003	5646	6112	13600	14690	8623	9248	3965	4259	3.33681e+006	3.36663e+006	42738	43412	7425	8075	3.49742e+006	3.52039e+006	3.15979e+006	3.18338e+006	
315	4.87123e+006	4.89371e+006	29974	32544	48616	53117	5429	5878	13156	14220	8313	8925	3824	4108	3.34829e+006	3.37744e+006	42985	43643	7051	7680	3.50503e+006	3.5275e+006	3.16794e+006	3.19102e+006	
316	4.86438e+006	4.88638e+006	28819	31340	46837	51176	5242	5676	12700	13728	8052	8653	3704	3986	3.35949e+006	3.3879e+006	43227	43871	6780	7397	3.51235e+006	3.53436e+006	3.17582e+006	3.19841e+006	
317	4.85773e+006	4.87928e+006	27860	30306	45058	49280	5042	5465	12215	13197	7814	8402	3611	3885	3.37028e+006	3.398e+006	43460	44089	6584	7174	3.51946e+006	3.54101e+006	3.18336e+006	3.20546e+006	
318	4.85138e+006	4.8725e+006	26722	29072	43422	47544	4865	5271	11790	12735	7524	8099	3483	3754	3.38075e+006	3.4078e+006	43695	44313	6288	6839	3.52624e+006	3.54736e+006	3.19075e+006	3.21237e+006	
319	4.84527e+006	4.86598e+006	25714	27979	41856	45853	4675	5070	11323	12234	7261	7828	3352	3616	3.39079e+006	3.41719e+006	43925	44533	6043	6586	3.53276e+006	3.55347e+006	3.19779e+006	3.21896e+006	
320	4.83932e+006	4.85963e+006	24810	26995	40292	44173	4464	4848	10917	11803	7015	7572	3236	3489	3.40048e+006	3.42626e+006	44144	44746	5877	6413	3.5391e+006	3.55941e+006	3.20458e+006	3.22532e+006	
321	4.83366e+006	4.85359e+006	23825	25923	38849	42621	4305	4680	10509	11371	6779	7316	3125	3369	3.40978e+006	3.43496e+006	44351	44945	5598	6102	3.54514e+006	3.56507e+006	3.21114e+006	3.23148e+006	
322	4.82823e+006	4.84779e+006	22908	24947	37382	41041	4125	4498	10094	10927	6540	7082	3014	3260	3.4188e+006	3.44343e+006	44549	45134	5370	5866	3.55095e+006	3.5705e+006	3.2174e+006	3.23734e+006	
323	4.82296e+006	4.84216e+006	22075	24054	36017	39555	3996	4356	9703	10522	6332	6839	2918	3153	3.42739e+006	3.45145e+006	44749	45321	5209	5694	3.55658e+006	3.57578e+006	3.22342e+006	3.24299e+006	
324	4.81795e+006	4.83682e+006	21142	23044	34640	38063	3831	4178	9353	10161	6094	6583	2800	3030	3.43582e+006	3.45935e+006	44937	45503	4943	5405	3.56192e+006	3.58079e+006	3.22929e+006	3.24849e+006	
325	4.81311e+006	4.83167e+006	20318	22163	33330	36627	3696	4029	9028	9808	5894	6365	2695	2917	3.44383e+006	3.46682e+006	45118	45677	4776	5220	3.56707e+006	3.58563e+006	3.23487e+006	3.25372e+006	
326	4.80846e+006	4.82671e+006	19539	21313	32021	35194	3604	3923	8689	9438	5682	6133	2599	2810	3.45156e+006	3.47405e+006	45306	45857	4590	5017	3.57202e+006	3.59028e+006	3.24021e+006	3.25873e+006	
327	4.80397e+006	4.82194e+006	18756	20448	30788	33854	3468	3776	8429	9158	5429	5865	2474	2677	3.45904e+006	3.48105e+006	45480	46023	4423	4830	3.5768e+006	3.59476e+006	3.24543e+006	3.26361e+006	
328	4.79968e+006	4.81739e+006	18044	19658	29586	32559	3332	3628	8143	8852	5234	5660	2380	2580	3.46617e+006	3.48773e+006	45638	46173	4233	4612	3.58135e+006	3.59905e+006	3.25035e+006	3.26824e+006	
329	4.79554e+006	4.81299e+006	17345	18903	28464	31337	3192	3478	7819	8507	5038	5448	2304	2499	3.47307e+006	3.49421e+006	45806	46330	4077	4466	3.58575e+006	3.6032e+006	3.25513e+006	3.27273e+006	
330	4.7915e+006	4.80868e+006	16740	18250	27302	30062	3075	3351	7514	8179	4849	5249	2226	2420	3.47979e+006	3.5005e+006	45964	46478	3986	4364	3.59006e+006	3.60724e+006	3.2597e+006	3.27703e+006	
331	4.78768e+006	4.80462e+006	16064	17546	26252	28911	2955	3224	7216	7866	4682	5077	2144	2335	3.48616e+006	3.50648e+006	46111	46619	3749	4124	3.59412e+006	3.61105e+006	3.26411e+006	3.28117e+006	
332	4.78402e+006	4.80072e+006	15438	16890	25261	27808	2811	3071	6944	7561	4499	4878	2060	2247	3.49232e+006	3.51223e+006	46267	46765	3605	3957	3.59802e+006	3.61471e+006	3.26833e+006	3.28515e+006	
333	4.7805e+006	4.79698e+006	14826	16223	24243	26693	2700	2954	6645	7243	4314	4693	1977	2162	3.4983e+006	3.51785e+006	46410	46902	3465	3799	3.60176e+006	3.61824e+006	3.27239e+006	3.28898e+006	
334	4.77711e+006	4.79338e+006	14177	15515	23408	25772	2589	2825	6390	6967	4172	4542	1917	2096	3.50394e+006	3.52314e+006	46531	47021	3338	3654	3.60536e+006	3.62163e+006	3.27639e+006	3.29273e+006	
335	4.77383e+006	4.78991e+006	13649	14916	22473	24768	2497	2733	6187	6743	4010	4374	1849	2030	3.50936e+006	3.52821e+006	46660	47146	3222	3524	3.60883e+006	3.62491e+006	3.28013e+006	3.29625e+006	
336	4.77072e+006	4.78661e+006	13097	14318	21590	23813	2395	2628	5950	6482	3864	4220	1781	1955	3.51461e+006	3.53313e+006	46787	47266	3052	3361	3.61213e+006	3.62802e+006	3.28374e+006	3.29964e+006	
337	4.76774e+006	4.78345e+006	12558	13729	20730	22883	2298	2525	5715	6229	3736	4086	1724	1895	3.51965e+006	3.53787e+006	46903	47377	2926	3208	3.61529e+006	3.631e+006	3.2872e+006	3.3029e+006	
338	4.76486e+006	4.7804e+006	12047	13177	19917	22006	2221	2440	5482	5983	3605	3942	1664	1824	3.52448e+006	3.54242e+006	47011	47482	2824	3104	3.61833e+006	3.63388e+006	3.29052e+006	3.30604e+006	
339	4.76208e+006	4.77746e+006	11550	12650	19139	21142	2144	2362	5274	5761	3461	3786	1587	1742	3.52915e+006	3.54681e+006	47119	47586	2726	2997	3.62128e+006	3.63665e+006	3.29371e+006	3.30906e+006	
340	4.75943e+006	4.77465e+006	11095	12146	18299	20233	2054	2264	5092	5569	3332	3646	1527	1676	3.53369e+006	3.55107e+006	47223	47684	2599	2856	3.62409e+006	3.6393e+006	3.29678e+006	3.31195e+006	
341	4.75689e+006	4.77195e+006	10664	11689	17565	19407	1971	2169	4871	5343	3201	3504	1465	1608	3.538e+006	3.55513e+006	47330	47787	2497	2750	3.62679e+006	3.64185e+006	3.2997e+006	3.31471e+006	
342	4.75443e+006	4.76934e+006	10252	11245	16876	18641	1888	2073	4679	5140	3086	3381	1409	1547	3.54212e+006	3.55902e+006	47428	47879	2414	2659	3.6294e+006	3.64431e+006	3.30251e+006	3.31737e+006	
343	4.7521e+006	4.76687e+006	9812	10759	16206	17912	1820	2000	4509	4950	2962	3246	1350	1485	3.54609e+006	3.56274e+006	47525	47974	2283	2512	3.63187e+006	3.64664e+006	3.30523e+006	3.31994e+006	
344	4.74987e+006	4.76451e+006	9398	10309	15546	17192	1745	1917	4339	4773	2840	3119	1296	1429	3.5499e+006	3.56634e+006	47616	48065	2185	2407	3.63423e+006	3.64887e+006	3.30783e+006	3.32239e+006	
345	4.74768e+006	4.7622e+006	9042	9923	14905	16500	1667	1828	4173	4581	2732	3004	1254	1381	3.55358e+006	3.56981e+006	47702	48146	2141	2365	3.63654e+006	3.65106e+006	3.31033e+006	3.32474e+006	
346	4.74558e+006	4.75998e+006	8681	9528	14319	15853	1617	1773	3997	4390	2623	2886	1200	1322	3.5571e+006	3.57313e+006	47790	48231	2054	2262	3.63876e+006	3.65316e+006	3.31274e+006	3.32702e+006	
347	4.74359e+006	4.75789e+006	8339	9159	13742	15223	1552	1706	3827	4196	2523	2775	1153	1270	3.56049e+006	3.57631e+006	47866	48302	1943	2141	3.64085e+006	3.65515e+006	3.31502e+006	3.32917e+006	
348	4.74166e+006	4.75586e+006	8035	8824	13159	14584	1495	1647	3680	4031	2420	2665	1107	1221	3.56373e+006	3.57936e+006	47945	48381	1879	2074	3.64288e+006	3.65707e+006	3.31719e+006	3.33123e+006	
349	4.73983e+006	4.75391e+006	7684	8443	12651	14028	1421	1567	3524	3870	2330	2571	1073	1186	3.56686e+006	3.58232e+006	48016	48450	1790	1984	3.64483e+006	3.6589e+006	3.31935e+006	3.33326e+006	
350	4.73806e+006	4.75205e+006	7359	8088	12166	13495	1364	1504	3384	3711	2237	2472	1030	1138	3.56984e+006	3.58513e+006	48090	48521	1728	1908	3.64669e+006	3.66067e+006	3.3214e+006	3.33521e+006	
351	4.7364e+006	4.75029e+006	7039	7741	11676	12952	1302	1436	3228	3553	2151	2375	994	1098	3.57273e+006	3.58786e+006	48153	48582	1624	1794	3.64845e+006	3.66233e+006	3.32334e+006	3.33705e+006	
352	4.73476e+006	4.74855e+006	6765	7447	11202	12425	1245	1373	3095	3409	2061	2281	958	1061	3.57551e+006	3.59048e+006	48226	48652	1606	1779	3.65019e+006	3.66398e+006	3.32521e+006	3.33883e+006	
353	4.73318e+006	4.74688e+006	6509	7172	10763	11952	1193	1317	2976	3287	1978	2181	920	1015	3.57812e+006	3.59295e+006	48292	48716	1531	1711	3.65186e+006	3.66555e+006	3.32701e+006	3.34052e+006	
354	4.73167e+006	4.74529e+006	6257	6894	10361	11508	1140	1260	2847	3143	1906	2105	889	983	3.58064e+006	3.59533e+006	48351	48774	1474	1632	3.65345e+006	3.66707e+006	3.32874e+006	3.34216e+006	
355	4.73023e+006	4.74377e+006	6038	6655	9882	10975	1103	1221	2712	2989	1829	2023	849	942	3.58313e+006	3.59768e+006	48409	48828	1407	1553	3.65497e+006	3.66851e+006	3.33035e+006	3.34369e+006	
356	4.72884e+006	4.74229e+006	5792	6390	9483	10538	1058	1170	2601	2878	1745	1924	809	898	3.5855e+006	3.59992e+006	48467	48883	1361	1514	3.65645e+006	3.6699e+006	3.33196e+006	3.34521e+006	
357	4.72748e+006	4.74086e+006	5578	6140	9109	10142	1022	1135	2501	2770	1667	1841	774	861	3.58773e+006	3.60204e+006	48518	48931	1316	1463	3.65787e+006	3.67125e+006	3.3335e+006	3.34666e+006	
358	4.72624e+006	4.73954e+006	5315	5867	8749	9744	979	1088	2399	2649	1603	1770	744	828	3.5899e+006	3.60408e+006	48571	48983	1215	1354	3.6592e+006	3.6725e+006	3.33497e+006	3.34806e+006	
359	4.72502e+006	4.73825e+006	5095	5643	8399	9349	945	1052	2313	2553	1541	1699	717	796	3.59195e+006	3.60601e+006	48621	49032	1187	1328	3.66049e+006	3.67372e+006	3.33637e+006	3.34938e+006	
360	4.72382e+006	4.73699e+006	4894	5415	8066	8991	909	1019	2226	2463	1480	1631	690	766	3.59392e+006	3.60788e+006	48673	49082	1158	1288	3.66174e+006	3.67491e+006	3.33773e+006	3.35067e+006	
361	4.72267e+006	4.73579e+006	4690	5192	7792	8687	880	988	2143	2372	1416	1561	657	731	3.59579e+006	3.60966e+006	48714	49122	1114	1238	3.66295e+006	3.67606e+006	3.33904e+006	3.35191e+006	
362	4.72158e+006	4.73464e+006	4533	5025	7441	8306	839	944	2066	2284	1357	1497	627	697	3.59764e+006	3.6114e+006	48761	49167	1057	1188	3.6641e+006	3.67715e+006	3.34026e+006	3.35307e+006	
363	4.72054e+006	4.73353e+006	4361	4828	7134	7966	800	902	1997	2201	1297	1437	601	669	3.5994e+006	3.61306e+006	48806	49212	1013	1133	3.6652e+006	3.6782e+006	3.34146e+006	3.3542e+006	
364	4.71954e+006	4.73247e+006	4179	4629	6846	7653	772	871	1911	2112	1244	1377	575	640	3.60109e+006	3.61468e+006	48846	49253	977	1090	3.66627e+006	3.6792e+006	3.34262e+006	3.3553e+006	
