Day	Susceptible-LB	Susceptible-UB	Exposed-LB	Exposed-UB	Current Detected Mild Infections-LB	Current Detected Mild Infections-UB	Current Undetected Mild Infections-LB	Current Undetected Mild Infections-UB	Current Hospitalizations-LB	Current Hospitalizations-UB	Current ICU patients-LB	Current ICU patients-UB	ventilators-LB	ventilators-UB	Recovered-LB	Recovered-UB	Deaths-LB	Deaths-UB	new infections today-LB	new infections today-UB	total number of infections-LB	total number of infections-UB	Confirmed total number of infections-LB	Confirmed total number of infections-UB	
0	8.39872e+006	8.39872e+006	16	16	0	0	0	0	0	0	0	0	0	0	0	0	0	0	0	0	16	16	0	0	
1	8.39856e+006	8.39856e+006	176	176	0	0	0	0	0	0	0	0	0	0	0	0	0	0	160	160	176	176	0	0	
2	8.3984e+006	8.3984e+006	336	336	0	0	0	0	0	0	0	0	0	0	0	0	0	0	160	160	336	336	0	0	
3	8.39821e+006	8.39822e+006	521	526	0	0	0	0	0	0	0	0	0	0	0	0	0	0	185	190	521	526	0	0	
4	8.39788e+006	8.39791e+006	814	836	16	16	0	0	0	0	0	0	0	0	0	0	0	0	307	328	830	852	16	16	
5	8.39743e+006	8.39748e+006	1085	1127	131	140	36	45	0	0	0	0	0	0	0	0	0	0	425	456	1261	1303	131	140	
6	8.39683e+006	8.3969e+006	1503	1573	251	262	74	85	0	0	0	0	0	0	0	0	0	0	573	612	1839	1909	251	262	
7	8.39593e+006	8.39604e+006	2175	2282	390	406	119	134	0	0	0	0	0	0	0	0	0	0	851	904	2698	2806	390	406	
8	8.39466e+006	8.39483e+006	3075	3226	620	649	196	216	0	0	0	0	0	0	0	0	0	0	1202	1277	3911	4072	623	646	
9	8.39305e+006	8.39329e+006	4184	4392	946	994	300	323	0	0	0	0	0	0	0	0	0	0	1532	1624	5451	5688	951	989	
10	8.391e+006	8.39132e+006	5575	5833	1362	1438	442	474	0	0	0	0	0	0	16	16	0	0	1959	2058	7421	7735	1388	1444	
11	8.38845e+006	8.38889e+006	7145	7484	1888	2004	608	651	27	35	0	0	0	0	141	149	0	0	2419	2558	9849	10284	2046	2131	
12	8.38551e+006	8.38607e+006	8746	9158	2668	2842	869	932	56	67	0	0	0	0	269	280	0	0	2804	2950	12663	13224	2959	3079	
13	8.38224e+006	8.38294e+006	10342	10818	3675	3924	1208	1285	90	103	0	0	0	0	420	435	0	0	3122	3290	15800	16498	4120	4298	
14	8.37883e+006	8.37967e+006	11635	12176	4921	5239	1608	1706	147	165	0	0	0	0	673	697	0	0	3253	3416	19064	19903	5625	5863	
15	8.3756e+006	8.37658e+006	12296	12863	6393	6816	2120	2240	238	260	0	0	0	0	1013	1053	0	0	3077	3247	22154	23137	7458	7788	
16	8.37293e+006	8.37403e+006	12028	12594	8043	8568	2690	2837	347	374	0	0	0	0	1483	1544	0	0	2538	2679	24703	25805	9581	10007	
17	8.36975e+006	8.37099e+006	11933	12499	9706	10334	3290	3465	487	522	15	19	14	17	2183	2277	0	0	3027	3194	27743	28988	11960	12493	
18	8.36615e+006	8.36756e+006	12101	12693	11242	11958	3796	3988	687	735	25	30	19	22	3183	3323	0	0	3422	3609	31176	32586	14483	15123	
19	8.36241e+006	8.364e+006	12576	13200	12376	13166	4198	4413	957	1016	34	40	23	27	4446	4646	0	0	3555	3751	34741	36326	16865	17609	
20	8.35848e+006	8.36023e+006	13786	14463	12780	13615	4366	4591	1286	1354	51	60	31	36	6067	6337	0	0	3745	3945	38502	40256	18847	19680	
21	8.35432e+006	8.35626e+006	14722	15442	13236	14097	4521	4743	1661	1751	77	88	44	51	8093	8463	0	0	3965	4172	42478	44417	21227	22177	
22	8.34998e+006	8.35212e+006	15425	16181	13699	14603	4672	4902	2093	2206	109	122	58	67	10440	10917	0	0	4128	4345	46616	48752	23923	25005	
23	8.34547e+006	8.3478e+006	16174	16959	14028	14969	4767	5006	2548	2685	158	176	80	93	13073	13657	0	0	4305	4528	50933	53268	26741	27970	
24	8.3408e+006	8.34336e+006	16865	17694	14383	15355	4903	5149	2958	3113	223	247	110	125	15858	16569	0	0	4438	4677	55381	57934	29719	31079	
25	8.33593e+006	8.33871e+006	17534	18403	15054	16074	5106	5370	3265	3436	316	342	150	169	18549	19383	0	0	4633	4883	60027	62805	32861	34363	
26	8.33093e+006	8.33392e+006	18187	19072	16260	17359	5479	5761	3371	3555	425	456	200	222	20885	21816	0	0	4778	5017	64818	67808	36099	37754	
27	8.32555e+006	8.32877e+006	19020	19933	17212	18369	5798	6092	3491	3679	548	586	247	274	23667	24729	13	16	5138	5390	69968	73187	39475	41290	
28	8.31992e+006	8.32342e+006	19926	20891	17957	19178	6054	6364	3614	3812	699	745	314	346	26823	28033	17	20	5343	5635	75321	78812	42969	44956	
29	8.3141e+006	8.31784e+006	20857	21852	18767	20044	6314	6639	3683	3885	866	922	392	426	30148	31522	19	22	5564	5844	80900	84640	46619	48790	
30	8.30797e+006	8.31198e+006	21925	22977	19531	20845	6582	6911	3771	3987	1034	1099	472	512	33647	35171	22	26	5849	6139	86759	90770	50388	52727	
31	8.30163e+006	8.3059e+006	22853	23935	20418	21770	6872	7200	3944	4166	1181	1256	536	582	37299	38987	28	35	6064	6351	92835	97108	54459	56989	
32	8.29495e+006	8.29952e+006	23882	24988	21303	22735	7189	7538	4264	4489	1295	1376	593	639	40996	42869	35	42	6374	6687	99219	103784	58671	61411	
33	8.28797e+006	8.29286e+006	24962	26136	22250	23737	7493	7859	4546	4778	1418	1508	656	705	44899	46950	47	56	6646	6990	105876	110762	63085	66017	
34	8.28081e+006	8.286e+006	25963	27174	23327	24868	7819	8199	4742	4984	1540	1639	716	769	49009	51265	63	75	6848	7180	112737	117929	67723	70863	
35	8.27324e+006	8.27876e+006	27127	28403	24393	25972	8181	8565	4937	5185	1648	1750	770	826	53329	55800	85	98	7223	7583	119974	125498	72498	75850	
36	8.2653e+006	8.27118e+006	28322	29666	25571	27231	8585	8990	5139	5393	1754	1863	823	883	57783	60453	113	127	7566	7952	127557	133434	77506	81081	
37	8.25702e+006	8.26328e+006	29566	30972	26692	28449	8952	9390	5362	5615	1847	1961	871	931	62581	65475	148	166	7889	8297	135459	141718	82769	86585	
38	8.24833e+006	8.25499e+006	30997	32490	27806	29604	9336	9786	5599	5878	1914	2027	900	963	67593	70726	187	209	8281	8696	143751	150402	88159	92217	
39	8.23934e+006	8.24638e+006	32360	33918	29020	30897	9772	10243	5830	6117	1980	2097	927	991	72833	76206	226	251	8585	9012	152352	159398	93849	98164	
40	8.23462e+006	8.24189e+006	29275	30694	30291	32260	10204	10707	6112	6414	2040	2161	948	1015	78305	81928	271	298	4485	4724	156847	164112	99828	104414	
41	8.22972e+006	8.23721e+006	26046	27317	31650	33742	10650	11191	6384	6694	2113	2239	987	1057	83992	87863	314	344	4663	4917	161522	169018	106033	110918	
42	8.22459e+006	8.2323e+006	22659	23769	33498	35688	10713	11252	6707	7045	2240	2372	1045	1120	89890	94015	351	383	4893	5147	166432	174150	112970	118196	
43	8.21964e+006	8.22757e+006	18790	19714	35386	37652	10769	11305	7001	7364	2351	2487	1090	1162	96099	100512	394	429	4717	4955	171162	179092	120180	125739	
44	8.21483e+006	8.22297e+006	18905	19807	33863	36034	9951	10445	7271	7630	2467	2614	1140	1215	102533	107245	435	472	4598	4821	175770	183902	124098	129851	
45	8.21021e+006	8.21855e+006	18644	19529	32225	34291	9048	9505	7593	7963	2592	2744	1200	1276	109273	114296	485	526	4403	4639	180184	188529	128215	134158	
46	8.20578e+006	8.21431e+006	17981	18820	30496	32420	8138	8537	7930	8317	2716	2871	1256	1334	116336	121693	541	585	4229	4440	184430	192953	132509	138660	
47	8.20169e+006	8.21038e+006	17173	17975	28392	30146	7099	7440	8281	8694	2817	2977	1291	1373	123726	129431	601	648	3908	4111	188353	197049	136677	143018	
48	8.19787e+006	8.20674e+006	16212	16985	25467	27028	6359	6664	8645	9077	2960	3127	1359	1445	131458	137529	655	703	3638	3830	192001	200868	140676	147206	
49	8.19442e+006	8.20344e+006	15095	15805	22113	23482	5551	5818	9012	9472	3081	3252	1420	1506	139509	145943	714	766	3285	3458	195299	204314	144523	151248	
50	8.19135e+006	8.2005e+006	13786	14456	21916	23243	5501	5764	8570	9021	3212	3387	1486	1574	144254	150906	778	833	2924	3088	198237	207388	148087	154968	
51	8.18832e+006	8.1976e+006	12759	13383	21292	22564	5378	5629	8074	8507	3385	3560	1561	1651	149194	156085	837	898	2880	3039	201132	210412	151396	158422	
52	8.1854e+006	8.1948e+006	11913	12492	20297	21514	5115	5362	7554	7975	3531	3714	1631	1725	154409	161527	904	967	2791	2939	203936	213338	154528	161701	
53	8.1827e+006	8.19222e+006	11197	11746	19154	20307	4831	5067	6956	7339	3675	3863	1702	1800	159526	166886	972	1037	2568	2715	206520	216036	157360	164654	
54	8.18012e+006	8.18975e+006	10727	11249	17837	18931	4476	4709	6223	6562	3843	4036	1776	1879	164623	172215	1049	1120	2453	2591	208986	218614	159899	167303	
55	8.17769e+006	8.18744e+006	10149	10650	16644	17653	4157	4376	5407	5701	3997	4203	1838	1948	169622	177463	1123	1197	2303	2439	211301	221042	162389	169908	
56	8.17539e+006	8.18524e+006	9539	10025	15509	16468	3847	4068	5356	5647	3901	4110	1790	1898	173932	181955	1203	1279	2181	2314	213494	223344	164801	172424	
57	8.17326e+006	8.18321e+006	8990	9458	14455	15352	3572	3775	5205	5489	3834	4038	1766	1869	177992	186197	1283	1365	2020	2147	215527	225477	167026	174751	
58	8.17127e+006	8.18131e+006	8416	8871	13501	14339	3352	3539	4953	5213	3737	3942	1724	1826	181901	190292	1372	1461	1884	2000	217422	227466	169144	176962	
59	8.1694e+006	8.17952e+006	7896	8314	12707	13507	3169	3347	4678	4924	3632	3835	1672	1771	185491	194040	1460	1553	1778	1888	219216	229337	171123	179032	
60	8.16765e+006	8.17785e+006	7373	7763	12108	12873	3036	3197	4354	4587	3515	3716	1609	1705	188777	197477	1550	1647	1661	1760	220888	231086	172989	180998	
61	8.16598e+006	8.17626e+006	6932	7298	11419	12154	2865	3022	4061	4282	3340	3536	1527	1624	192030	200873	1661	1761	1580	1681	222480	232755	174735	182828	
62	8.16442e+006	8.17476e+006	6531	6874	10690	11398	2686	2839	3779	3984	3164	3349	1436	1527	195195	204184	1757	1862	1482	1576	223978	234315	176361	184531	
63	8.16295e+006	8.17335e+006	6145	6467	10066	10732	2530	2669	3500	3693	2965	3138	1340	1425	198147	207266	1868	1979	1392	1480	225382	235782	177888	186130	
64	8.16158e+006	8.17205e+006	5778	6090	9418	10050	2385	2522	3277	3463	2698	2851	1220	1299	200994	210245	1976	2096	1293	1384	226688	237154	179312	187617	
65	8.16029e+006	8.17081e+006	5427	5711	8843	9440	2240	2369	3092	3266	2400	2538	1086	1158	203685	213064	2086	2212	1225	1306	227930	238442	180672	189046	
66	8.15905e+006	8.16961e+006	5126	5399	8295	8851	2092	2217	2955	3124	2321	2457	1055	1122	206038	215528	2142	2272	1182	1263	229128	239690	181960	190387	
67	8.15789e+006	8.1685e+006	4829	5093	7942	8461	1824	1934	2799	2962	2216	2350	1005	1076	208266	217865	2207	2340	1095	1174	230236	240851	183301	191791	
68	8.15683e+006	8.16749e+006	4538	4780	7599	8092	1583	1681	2615	2778	2096	2220	945	1011	210403	220101	2268	2406	1000	1073	231250	241910	184548	193100	
69	8.15581e+006	8.16651e+006	4270	4508	7289	7747	1344	1440	2483	2636	1976	2091	893	957	212388	222182	2328	2469	961	1029	232223	242927	185739	194334	
70	8.15485e+006	8.16559e+006	3999	4220	7046	7477	1119	1202	2316	2465	1856	1965	841	902	214282	224163	2391	2535	912	974	233149	243888	186885	195527	
71	8.15396e+006	8.16474e+006	3739	3953	6777	7184	910	981	2174	2312	1745	1847	787	845	216070	226033	2452	2600	840	902	234000	244780	187944	196636	
72	8.15311e+006	8.16393e+006	3537	3744	6496	6883	714	774	2041	2170	1627	1724	735	793	217760	227799	2510	2661	800	862	234811	245631	188925	197657	
73	8.15229e+006	8.16314e+006	3349	3544	6110	6479	669	728	1916	2034	1517	1615	685	741	219345	229453	2566	2718	774	828	235595	246448	189832	198602	
74	8.15154e+006	8.16242e+006	3146	3330	5764	6106	635	690	1807	1919	1414	1510	638	691	220811	230994	2614	2770	709	760	236317	247197	190688	199488	
75	8.15081e+006	8.16172e+006	3000	3167	5406	5741	602	658	1699	1806	1337	1424	600	654	222199	232437	2656	2815	690	743	237021	247925	191469	200305	
76	8.15013e+006	8.16106e+006	2846	3002	5060	5381	565	618	1612	1707	1265	1349	564	616	223518	233816	2695	2855	644	699	237680	248609	192220	201094	
77	8.14948e+006	8.16043e+006	2687	2833	4778	5080	525	573	1523	1616	1198	1276	534	585	224740	235100	2736	2898	615	661	238305	249259	192957	201864	
78	8.14887e+006	8.15984e+006	2552	2694	4518	4802	493	539	1412	1503	1131	1208	504	551	225893	236300	2774	2937	575	620	238892	249868	193629	202560	
79	8.14831e+006	8.15931e+006	2387	2526	4276	4542	466	512	1317	1405	1077	1152	477	520	226983	237438	2806	2971	527	573	239431	250429	194283	203235	
80	8.14778e+006	8.15879e+006	2244	2372	4039	4294	438	481	1238	1320	1007	1079	450	493	228030	238522	2836	3004	503	542	239943	250961	194891	203865	
81	8.14726e+006	8.1583e+006	2110	2230	3853	4087	402	443	1146	1226	946	1015	421	463	228999	239534	2872	3043	481	519	240433	251472	195478	204476	
82	8.14678e+006	8.15784e+006	1985	2110	3659	3872	375	413	1061	1138	891	956	398	439	229923	240502	2899	3072	452	498	240895	251959	196026	205047	
83	8.14631e+006	8.15739e+006	1898	2015	3430	3638	358	390	995	1070	832	891	370	408	230802	241425	2928	3101	440	479	241347	252427	196527	205569	
84	8.14586e+006	8.15695e+006	1821	1931	3240	3441	340	370	945	1016	784	837	347	382	231597	242254	2953	3128	424	460	241782	252875	197003	206065	
85	8.14544e+006	8.15655e+006	1735	1846	3053	3240	320	346	898	965	733	789	323	359	232376	243058	2975	3152	395	434	242187	253299	197457	206539	
86	8.14504e+006	8.15616e+006	1659	1760	2876	3059	302	328	850	915	682	735	302	337	233105	243816	3004	3182	374	412	242575	253698	197880	206986	
87	8.14466e+006	8.1558e+006	1571	1669	2711	2887	293	319	818	879	635	685	278	310	233788	244527	3027	3206	352	389	242938	254076	198297	207416	
88	8.1443e+006	8.15545e+006	1480	1577	2564	2734	286	313	779	837	590	639	260	291	234438	245203	3047	3226	333	367	243282	254432	198696	207827	
89	8.14352e+006	8.1547e+006	1826	1940	2443	2605	274	304	735	787	547	595	243	271	235047	245836	3066	3247	740	797	244037	255214	199071	208216	
90	8.14275e+006	8.15396e+006	2175	2316	2325	2482	264	296	699	752	514	562	229	256	235613	246421	3081	3263	724	789	244778	255987	199428	208581	
91	8.14203e+006	8.15325e+006	2512	2666	2208	2361	255	285	662	713	485	532	217	244	236152	246985	3097	3280	688	740	245483	256710	199764	208931	
92	8.14124e+006	8.15249e+006	2928	3103	2105	2247	240	268	625	673	452	495	202	227	236668	247528	3114	3299	745	808	246246	257499	200079	209259	
93	8.14041e+006	8.15169e+006	2970	3151	2375	2534	269	300	588	635	429	470	192	217	237162	248043	3131	3315	781	846	247042	258330	200765	209971	
94	8.13952e+006	8.15084e+006	3080	3268	2648	2831	298	330	562	606	408	449	185	208	237633	248526	3143	3329	837	903	247897	259215	201438	210675	
95	8.13856e+006	8.14991e+006	3298	3509	2913	3108	327	358	532	573	388	425	176	198	238077	248994	3155	3342	909	978	248825	260174	202080	211335	
96	8.13752e+006	8.14891e+006	3534	3759	3248	3464	364	396	505	545	370	405	167	188	238498	249431	3166	3354	983	1055	249825	261213	202774	212054	
97	8.13638e+006	8.1478e+006	3835	4079	3633	3876	407	442	474	512	353	386	162	182	238901	249849	3176	3364	1083	1166	250934	262353	203496	212808	
98	8.13512e+006	8.14657e+006	4204	4467	4090	4364	453	491	449	488	337	369	157	176	239277	250236	3185	3373	1203	1294	252163	263621	204277	213615	
99	8.13374e+006	8.14525e+006	4599	4884	4245	4533	463	507	507	550	323	353	153	172	239975	250963	3196	3384	1305	1394	253491	264992	205130	214495	
100	8.13226e+006	8.14381e+006	5030	5341	4472	4777	490	534	561	609	308	337	147	165	240667	251683	3205	3394	1412	1514	254930	266479	206044	215446	
101	8.13069e+006	8.14229e+006	5429	5778	4825	5166	527	576	625	676	288	318	137	156	241317	252351	3215	3403	1482	1603	256446	268048	207057	216487	
102	8.12897e+006	8.14063e+006	5850	6234	5240	5606	570	622	703	761	274	302	131	148	242007	253062	3224	3413	1626	1748	258105	269763	208179	217645	
103	8.12711e+006	8.13883e+006	6315	6733	5714	6106	618	673	782	845	259	286	124	141	242729	253815	3233	3423	1768	1896	259903	271628	209391	218899	
104	8.12509e+006	8.13687e+006	6828	7277	6232	6658	672	735	872	941	244	271	115	132	243498	254612	3242	3432	1926	2056	261868	273645	210705	220256	
105	8.12294e+006	8.13478e+006	7396	7867	6740	7217	737	800	905	971	255	282	116	134	244376	255517	3252	3442	2050	2193	263958	275798	212084	221685	
106	8.12058e+006	8.1325e+006	8008	8517	7318	7844	798	870	961	1026	265	294	121	140	245301	256484	3259	3448	2239	2397	266233	278161	213595	223249	
107	8.11805e+006	8.13007e+006	8633	9191	7929	8498	873	945	1020	1099	278	306	127	144	246327	257533	3267	3457	2393	2569	268670	280685	215234	224945	
108	8.11529e+006	8.1274e+006	9326	9941	8582	9194	937	1017	1100	1181	297	327	136	155	247451	258691	3273	3464	2621	2804	271336	283445	217033	226791	
109	8.11232e+006	8.12454e+006	10099	10757	9254	9921	1007	1091	1207	1292	320	350	144	163	248640	259921	3281	3472	2821	3010	274199	286413	218946	228762	
110	8.10908e+006	8.12142e+006	10932	11651	9997	10723	1087	1177	1340	1433	341	372	150	169	249916	261239	3288	3479	3071	3293	277320	289656	221028	230923	
111	8.10561e+006	8.11806e+006	11836	12608	10814	11597	1177	1274	1443	1553	366	398	159	179	251293	262662	3295	3485	3295	3529	280673	293127	223248	233225	
112	8.10188e+006	8.11446e+006	12761	13588	11699	12547	1280	1387	1569	1683	405	440	180	202	252781	264200	3300	3490	3547	3783	284274	296856	225676	235738	
113	8.09784e+006	8.11057e+006	13777	14674	12646	13551	1386	1498	1711	1834	441	479	196	220	254391	265875	3305	3496	3837	4097	288171	300892	228281	238445	
114	8.09346e+006	8.10633e+006	14882	15830	13676	14673	1499	1615	1855	1989	491	531	224	250	256150	267686	3310	3501	4173	4451	292410	305278	231137	241415	
115	8.08877e+006	8.10181e+006	16032	17060	14784	15870	1629	1759	2004	2156	527	570	241	269	258040	269633	3318	3509	4445	4758	296926	309965	234190	244575	
116	8.08369e+006	8.09693e+006	17298	18423	15958	17123	1760	1895	2153	2314	575	623	261	291	260104	271779	3328	3519	4811	5149	301803	315048	237482	247985	
117	8.07815e+006	8.09161e+006	18706	19942	17265	18508	1895	2039	2346	2511	615	667	280	312	262299	274053	3338	3528	5248	5613	307125	320587	241045	251674	
118	8.07223e+006	8.08592e+006	20141	21490	18652	19985	2058	2211	2548	2729	655	710	300	335	264707	276543	3349	3539	5610	5996	312812	326506	244902	255666	
119	8.06584e+006	8.07978e+006	21764	23204	20122	21580	2206	2372	2756	2950	702	763	321	357	267300	279226	3361	3553	6068	6473	318959	332900	249026	259950	
120	8.05889e+006	8.07311e+006	23550	25077	21667	23242	2396	2569	2978	3184	766	832	352	391	270127	282155	3371	3563	6597	7023	325629	339849	253471	264591	
121	8.05152e+006	8.06603e+006	25299	26914	23408	25114	2602	2788	3227	3452	831	902	385	426	273152	285276	3383	3576	6995	7451	332707	347217	258310	269638	
122	8.04351e+006	8.05835e+006	27286	29014	25260	27114	2811	3003	3470	3705	899	974	415	456	276425	288663	3400	3592	7597	8097	340387	355231	263507	275051	
123	8.0348e+006	8.05002e+006	29470	31327	27229	29232	3066	3269	3747	4001	975	1057	454	498	279947	292314	3414	3607	8254	8785	348721	363936	269084	280864	
124	8.02547e+006	8.04108e+006	31728	33719	29416	31570	3293	3511	4050	4319	1067	1155	495	539	283768	296276	3430	3623	8855	9414	357661	373265	275171	287215	
125	8.01539e+006	8.03143e+006	34281	36445	31716	34015	3534	3768	4360	4644	1142	1234	534	580	287880	300542	3448	3642	9549	10175	367307	383344	281642	293955	
126	8.0046e+006	8.02111e+006	36911	39243	34210	36670	3815	4071	4713	5016	1220	1319	573	620	292292	305152	3472	3667	10226	10896	377631	394141	288635	301259	
127	7.99292e+006	8.00994e+006	39733	42218	36902	39530	4120	4393	5086	5406	1332	1435	620	671	297106	310166	3493	3688	11074	11762	388792	405816	296221	309192	
128	7.98039e+006	7.99798e+006	42738	45436	39805	42607	4452	4745	5491	5851	1439	1545	659	716	302252	315515	3514	3711	11861	12631	400755	418346	304375	317701	
129	7.96708e+006	7.98529e+006	45792	48665	42940	45967	4780	5104	5943	6332	1550	1657	713	769	307810	321295	3537	3735	12601	13406	413450	431657	313173	326901	
130	7.95261e+006	7.97148e+006	49281	52333	46182	49454	5153	5506	6394	6818	1678	1794	774	838	313872	327599	3562	3761	13714	14565	427258	446128	322573	336746	
131	7.93698e+006	7.95659e+006	53006	56283	49817	53318	5587	5962	6876	7336	1818	1942	835	901	320297	334274	3591	3792	14799	15711	442143	461754	332743	347400	
132	7.92022e+006	7.94062e+006	57028	60509	53625	57399	6029	6430	7421	7915	1966	2105	909	983	327248	341514	3624	3826	15882	16859	458118	478519	343633	358818	
133	7.90228e+006	7.92351e+006	61436	65134	57555	61600	6437	6858	7988	8508	2123	2275	984	1062	334825	349422	3657	3859	17009	18031	475224	496453	355220	370990	
134	7.88305e+006	7.90517e+006	65962	69900	61926	66264	6905	7365	8626	9172	2276	2434	1054	1137	342933	357891	3696	3898	18241	19330	493567	515682	367832	384214	
135	7.86235e+006	7.88548e+006	70762	74987	66638	71261	7434	7912	9262	9846	2474	2645	1145	1236	351706	367050	3732	3937	19597	20800	513260	536386	381400	398475	
136	7.8402e+006	7.86442e+006	75864	80353	71754	76681	7961	8470	9961	10589	2676	2857	1239	1338	361089	376851	3772	3978	20981	22228	534316	558539	395993	413802	
137	7.81637e+006	7.84175e+006	81437	86233	77111	82374	8521	9064	10790	11452	2868	3060	1330	1433	371183	387413	3817	4024	22583	23910	556985	582362	411629	430208	
138	7.79098e+006	7.81759e+006	87263	92390	82846	88428	9154	9719	11581	12297	3109	3319	1444	1553	382067	398797	3862	4070	24064	25490	581142	607758	428345	447765	
139	7.76386e+006	7.79176e+006	93408	98799	89109	95087	9865	10477	12445	13218	3357	3587	1553	1674	393600	410868	3911	4121	25744	27207	606979	634873	446306	466665	
140	7.73476e+006	7.76405e+006	100054	105754	95616	101987	10609	11257	13410	14247	3614	3864	1657	1783	406127	423972	3970	4183	27630	29180	634688	663974	465524	486891	
141	7.70364e+006	7.73448e+006	106963	113045	102621	109411	11366	12053	14442	15344	3890	4163	1787	1924	419642	438135	4033	4248	29493	31199	664259	695096	486232	508666	
142	7.67054e+006	7.70294e+006	114350	120741	109933	117170	12214	12946	15565	16521	4173	4461	1912	2053	434144	453355	4101	4319	31450	33187	695794	728198	508271	531848	
143	7.63516e+006	7.66922e+006	122252	128994	117769	125445	13094	13867	16679	17698	4506	4813	2060	2211	449728	469688	4172	4392	33646	35460	729521	763578	531870	556629	
144	7.59753e+006	7.63331e+006	130442	137527	126206	134348	14015	14846	17915	19002	4838	5172	2210	2371	466423	487181	4247	4471	35820	37713	765425	801206	557158	583208	
145	7.55751e+006	7.59514e+006	139042	146431	135087	143744	14996	15882	19271	20438	5205	5553	2370	2539	484313	505979	4330	4556	38090	40106	803600	841229	584153	611638	
146	7.51506e+006	7.55464e+006	148012	155773	144464	153614	16065	16995	20679	21930	5612	5985	2563	2743	503465	526113	4421	4649	40417	42533	844097	883680	612939	641871	
147	7.46988e+006	7.51155e+006	157367	165578	154364	164003	17202	18182	22240	23559	6053	6455	2766	2963	524037	547738	4518	4748	43001	45265	887184	928860	643726	674183	
148	7.42193e+006	7.46573e+006	167293	175891	164939	175049	18350	19393	23859	25264	6512	6939	2977	3184	546007	570836	4625	4859	45745	48027	933009	976806	676535	708573	
149	7.37126e+006	7.41721e+006	177643	186539	176013	186677	19583	20703	25534	27033	7007	7453	3191	3410	569564	595553	4734	4972	48441	50754	981530	1.02748e+006	711413	745137	
150	7.31758e+006	7.36578e+006	188587	197755	187477	198702	20876	22059	27364	28928	7528	7989	3429	3661	594809	622083	4858	5104	51364	53745	1.03296e+006	1.08116e+006	748378	783883	
151	7.26083e+006	7.31139e+006	199902	209308	199608	211392	22224	23465	29312	30953	8080	8565	3686	3937	621758	650460	4988	5240	54315	56819	1.08735e+006	1.1379e+006	787723	825151	
152	7.20109e+006	7.25402e+006	211457	221088	212424	224756	23668	24975	31308	33042	8708	9231	3969	4237	650525	680654	5133	5391	57297	59809	1.14472e+006	1.19765e+006	829525	868900	
153	7.13823e+006	7.19359e+006	223378	233271	225724	238554	25139	26495	33447	35267	9359	9913	4265	4548	681303	712962	5290	5557	60360	62939	1.20515e+006	1.26051e+006	873835	915185	
154	7.072e+006	7.12987e+006	235653	245836	239656	252972	26737	28123	35703	37630	10084	10670	4610	4905	714082	747312	5438	5713	63637	66313	1.26887e+006	1.32674e+006	920784	964211	
155	7.00268e+006	7.06307e+006	248068	258399	254241	268047	28369	29770	38103	40157	10793	11417	4938	5252	748969	783874	5614	5900	66727	69385	1.33567e+006	1.39605e+006	970466	1.01608e+006	
156	6.93023e+006	6.9931e+006	260666	271119	269465	283673	29996	31448	40624	42812	11561	12225	5287	5614	785987	822675	5800	6093	69888	72537	1.40564e+006	1.4685e+006	1.02294e+006	1.07073e+006	
157	6.85456e+006	6.91999e+006	273332	283935	285092	299608	31715	33201	43245	45544	12376	13078	5662	6004	825431	864058	6005	6306	73029	75752	1.47875e+006	1.54418e+006	1.07819e+006	1.1282e+006	
158	6.77552e+006	6.84349e+006	286124	296733	301202	316104	33486	35001	46018	48436	13216	13955	6051	6407	867425	908008	6224	6533	76427	79112	1.55525e+006	1.62322e+006	1.1364e+006	1.18873e+006	
159	6.69328e+006	6.76368e+006	299112	309676	317678	332922	35282	36829	48897	51416	14155	14936	6487	6870	911898	954477	6457	6775	79710	82333	1.63505e+006	1.70546e+006	1.19746e+006	1.25209e+006	
160	6.60776e+006	6.6806e+006	312226	322742	334383	349881	37096	38666	51941	54579	15136	15974	6951	7356	959066	1.00369e+006	6703	7032	83004	85600	1.71814e+006	1.79097e+006	1.26144e+006	1.31838e+006	
161	6.5194e+006	6.59456e+006	325148	335433	351231	366951	38931	40560	55154	57873	16191	17077	7442	7865	1.00893e+006	1.05576e+006	6961	7308	85943	88451	1.80417e+006	1.87934e+006	1.32834e+006	1.38764e+006	
162	6.4281e+006	6.50543e+006	337762	347707	368392	384274	40898	42541	58401	61193	17245	18180	7929	8380	1.06171e+006	1.11078e+006	7245	7608	89041	91387	1.8933e+006	1.97063e+006	1.39827e+006	1.45991e+006	
163	6.33398e+006	6.41346e+006	349918	359613	385803	401724	42840	44483	61707	64588	18362	19360	8451	8927	1.11741e+006	1.16874e+006	7558	7936	91862	94244	1.98528e+006	2.06476e+006	1.47127e+006	1.53517e+006	
164	6.23722e+006	6.31867e+006	361590	370872	403300	419134	44724	46347	65215	68136	19548	20612	9010	9513	1.1761e+006	1.22982e+006	7891	8282	94673	96861	2.08006e+006	2.16151e+006	1.54736e+006	1.61352e+006	
165	6.13824e+006	6.22152e+006	372705	381499	420630	436304	46622	48231	68677	71677	20844	21960	9612	10140	1.23781e+006	1.29388e+006	8234	8642	97055	99082	2.17721e+006	2.2605e+006	1.62612e+006	1.69445e+006	
166	6.03714e+006	6.12205e+006	383007	391343	437878	453241	48553	50117	72326	75315	22181	23352	10237	10799	1.30241e+006	1.36091e+006	8614	9037	99335	101238	2.27669e+006	2.3616e+006	1.70773e+006	1.77808e+006	
167	5.93409e+006	6.02038e+006	392683	400277	454815	469803	50490	52007	75904	78952	23586	24814	10879	11452	1.37013e+006	1.43106e+006	9018	9460	101519	103196	2.37835e+006	2.46465e+006	1.79191e+006	1.86427e+006	
168	5.82958e+006	5.91705e+006	401186	408082	471290	485780	52272	53768	79681	82754	25109	26377	11587	12178	1.44091e+006	1.5043e+006	9440	9902	103164	104678	2.48168e+006	2.56916e+006	1.87874e+006	1.9529e+006	
169	5.72365e+006	5.81209e+006	408906	415112	486930	500806	54023	55444	83554	86662	26602	27923	12264	12877	1.51487e+006	1.5806e+006	9910	10392	104742	106145	2.58664e+006	2.67509e+006	1.96773e+006	2.04361e+006	
170	5.61666e+006	5.70576e+006	415697	421073	501685	514845	55637	57006	87288	90428	28145	29490	12964	13594	1.59221e+006	1.66029e+006	10382	10889	106096	107230	2.69298e+006	2.78208e+006	2.05891e+006	2.13632e+006	
171	5.50932e+006	5.59883e+006	420813	425511	515712	528000	57260	58522	91084	94206	29697	31087	13657	14314	1.67236e+006	1.74274e+006	10906	11434	106594	107675	2.79991e+006	2.88942e+006	2.15207e+006	2.2308e+006	
172	5.40135e+006	5.491e+006	425144	429132	528504	539914	58636	59854	94667	97754	31341	32743	14419	15085	1.75572e+006	1.82825e+006	11453	12007	107465	108329	2.90773e+006	2.99739e+006	2.24684e+006	2.32666e+006	
173	5.29367e+006	5.3831e+006	427752	431221	540162	550473	59969	61086	98450	101481	33028	34456	15187	15876	1.84164e+006	1.91634e+006	12031	12616	107309	108275	3.01564e+006	3.10506e+006	2.34306e+006	2.42381e+006	
174	5.18648e+006	5.27547e+006	428566	431896	550512	559670	61171	62129	101973	104911	34734	36168	15976	16666	1.93056e+006	2.00731e+006	12654	13267	106897	107918	3.12326e+006	3.21226e+006	2.44058e+006	2.522e+006	
175	5.07992e+006	5.16819e+006	428259	431779	559161	567235	62177	63040	105357	108135	36453	37907	16753	17444	2.02195e+006	2.10064e+006	13313	13956	106318	107527	3.23055e+006	3.31882e+006	2.53866e+006	2.62049e+006	
176	4.97443e+006	5.06176e+006	426045	430126	566502	573382	63106	63844	108558	111172	38242	39697	17561	18251	2.11572e+006	2.19621e+006	14007	14682	105313	106614	3.33698e+006	3.42431e+006	2.63757e+006	2.71958e+006	
177	4.87037e+006	4.95643e+006	422646	427325	571896	577810	63646	64351	111570	113971	39988	41426	18384	19077	2.21189e+006	2.29396e+006	14741	15449	103925	105460	3.44231e+006	3.52837e+006	2.73668e+006	2.81851e+006	
178	4.76795e+006	4.85249e+006	417991	423520	575350	580548	64063	64713	114402	116628	41640	43089	19121	19824	2.30995e+006	2.39335e+006	15520	16264	102284	104072	3.54624e+006	3.63079e+006	2.83555e+006	2.91703e+006	
179	4.66743e+006	4.75021e+006	412051	418419	576810	581782	64189	64850	116951	118962	43418	44853	19946	20640	2.40976e+006	2.49434e+006	16329	17111	100409	102394	3.64853e+006	3.7313e+006	2.93414e+006	3.01499e+006	
180	4.56925e+006	4.65009e+006	404804	412036	576017	581289	64133	64793	119208	121003	45121	46539	20730	21401	2.51125e+006	2.59673e+006	17195	18010	98087	100210	3.74865e+006	3.82948e+006	3.03201e+006	3.11201e+006	
181	4.47377e+006	4.55245e+006	396253	404326	573532	579480	63809	64527	120986	122544	46909	48303	21566	22222	2.61368e+006	2.69985e+006	18101	18953	95386	97736	3.84629e+006	3.92497e+006	3.12891e+006	3.20778e+006	
182	4.38085e+006	4.45718e+006	386789	395629	568744	575865	63249	64052	122567	123929	48565	49956	22330	22984	2.71728e+006	2.80386e+006	19037	19922	92831	95365	3.94156e+006	4.01789e+006	3.22459e+006	3.30211e+006	
183	4.29089e+006	4.36474e+006	376253	385755	562483	570754	62496	63397	123702	124912	50117	51438	23039	23664	2.82143e+006	2.90812e+006	20034	20949	89876	92518	4.034e+006	4.10785e+006	3.31884e+006	3.39477e+006	
184	4.20412e+006	4.27537e+006	364853	375004	554412	563914	61620	62665	124381	125453	51594	52851	23677	24281	2.92577e+006	3.0124e+006	21062	22007	86693	89452	4.12337e+006	4.19461e+006	3.411e+006	3.48521e+006	
185	4.12045e+006	4.18896e+006	353081	363730	544471	555238	60494	61686	124557	125597	53060	54237	24375	24933	3.03018e+006	3.11649e+006	22133	23108	83619	86459	4.20977e+006	4.27829e+006	3.50095e+006	3.57323e+006	
186	4.04027e+006	4.10599e+006	340361	351406	533189	545275	59183	60511	124387	125462	54263	55359	24919	25451	3.13427e+006	3.22003e+006	23259	24265	80113	83037	4.29275e+006	4.35847e+006	3.58881e+006	3.65896e+006	
187	3.9633e+006	4.0262e+006	327399	338735	520437	533659	57818	59253	124019	125278	55400	56415	25400	25910	3.2374e+006	3.3223e+006	24410	25454	76921	79841	4.37254e+006	4.43544e+006	3.67405e+006	3.74194e+006	
188	3.88962e+006	3.94967e+006	314324	325871	506374	520596	56229	57757	123067	124532	56504	57419	25913	26390	3.3397e+006	3.42349e+006	25620	26700	73623	76583	4.44907e+006	4.50912e+006	3.75654e+006	3.82209e+006	
189	3.81968e+006	3.87685e+006	300596	312284	491108	506207	54650	56266	121740	123412	57364	58174	26332	26769	3.44097e+006	3.52337e+006	26845	27957	69890	72873	4.52189e+006	4.57905e+006	3.83626e+006	3.89934e+006	
190	3.75309e+006	3.80738e+006	287020	298769	474880	490796	52873	54535	120146	122040	58045	58782	26649	27056	3.54046e+006	3.6213e+006	28104	29249	66541	69517	4.59135e+006	4.64565e+006	3.91284e+006	3.97337e+006	
191	3.68981e+006	3.74131e+006	273329	285049	458252	474750	51012	52709	118005	120127	58490	59139	26861	27216	3.63818e+006	3.71725e+006	29450	30612	63229	66121	4.65743e+006	4.70893e+006	3.98657e+006	4.04452e+006	
192	3.62997e+006	3.67862e+006	259498	271204	440932	457872	49105	50825	115496	117872	58855	59417	27023	27337	3.73395e+006	3.81111e+006	30780	31961	59794	62735	4.72011e+006	4.76877e+006	4.0573e+006	4.11264e+006	
193	3.57338e+006	3.61937e+006	246139	257646	422921	440222	47090	48870	112617	115181	59066	59641	27136	27444	3.82743e+006	3.90244e+006	32133	33342	56537	59309	4.77937e+006	4.82536e+006	4.12458e+006	4.1773e+006	
194	3.52014e+006	3.56341e+006	232783	244138	404717	422256	45121	46924	109614	112376	59099	59713	27168	27493	3.91807e+006	3.99082e+006	33543	34758	53190	56005	4.83533e+006	4.8786e+006	4.18882e+006	4.23892e+006	
195	3.47006e+006	3.51075e+006	219582	230736	386334	403925	43105	44925	106302	109269	58810	59455	27027	27355	4.00636e+006	4.07673e+006	34952	36184	50031	52716	4.88799e+006	4.92868e+006	4.24984e+006	4.2974e+006	
196	3.42302e+006	3.46126e+006	206779	217535	368084	385707	41042	42836	102716	105867	58405	59122	26847	27207	4.09161e+006	4.15951e+006	36368	37609	46987	49538	4.93748e+006	4.97572e+006	4.30787e+006	4.35281e+006	
197	3.37877e+006	3.41462e+006	194442	204919	349685	367166	39054	40849	99096	102350	57724	58538	26546	26948	4.17403e+006	4.23937e+006	37812	39062	44199	46695	4.98412e+006	5.01997e+006	4.36265e+006	4.40515e+006	
198	3.3374e+006	3.37096e+006	182562	192630	331248	348593	37051	38851	95326	98626	56925	57831	26203	26642	4.2535e+006	4.31618e+006	39274	40525	41309	43717	5.02778e+006	5.06134e+006	4.41442e+006	4.45445e+006	
199	3.29871e+006	3.33012e+006	171157	180816	313420	330474	35044	36789	91406	94792	55924	56952	25740	26242	4.32955e+006	4.38957e+006	40746	42001	38626	40903	5.06862e+006	5.10003e+006	4.4632e+006	4.50085e+006	
200	3.26255e+006	3.29192e+006	160279	169530	295834	312466	33089	34804	87362	90769	54864	56008	25253	25811	4.40253e+006	4.45985e+006	42186	43442	36110	38250	5.10682e+006	5.13619e+006	4.50903e+006	4.54446e+006	
201	3.22888e+006	3.25633e+006	149692	158488	278750	294983	31174	32830	83439	86848	53609	54876	24695	25304	4.47221e+006	4.52687e+006	43624	44875	33610	35655	5.14241e+006	5.16986e+006	4.55226e+006	4.58549e+006	
202	3.19744e+006	3.22309e+006	139749	148080	262128	277822	29336	30947	79472	82869	52176	53514	24029	24680	4.53877e+006	4.59067e+006	45097	46322	31370	33305	5.17565e+006	5.20129e+006	4.59274e+006	4.62388e+006	
203	3.1683e+006	3.19222e+006	130200	138110	246113	261305	27483	29014	75622	79016	50595	51985	23276	23949	4.60199e+006	4.65127e+006	46519	47730	29082	30927	5.20652e+006	5.23044e+006	4.63069e+006	4.65985e+006	
204	3.14116e+006	3.16346e+006	121166	128684	230841	245351	25720	27168	71738	75110	48858	50317	22470	23180	4.66208e+006	4.70872e+006	47949	49151	27074	28826	5.23528e+006	5.25758e+006	4.66618e+006	4.69345e+006	
205	3.11604e+006	3.13682e+006	112616	119731	216091	229959	24080	25469	67924	71209	47117	48659	21685	22437	4.71893e+006	4.763e+006	49322	50502	25062	26700	5.26192e+006	5.2827e+006	4.69921e+006	4.72472e+006	
206	3.09275e+006	3.11211e+006	104463	111202	202090	215347	22499	23812	64146	67388	45348	46932	20865	21639	4.77259e+006	4.81424e+006	50694	51850	23218	24775	5.28663e+006	5.30598e+006	4.73006e+006	4.75391e+006	
207	3.07108e+006	3.08919e+006	96979	103278	188565	201169	20945	22185	60457	63601	43636	45248	20068	20852	4.8234e+006	4.86263e+006	51996	53124	21599	23004	5.30955e+006	5.32766e+006	4.75876e+006	4.78103e+006	
208	3.05098e+006	3.06789e+006	89916	95827	175833	187781	19467	20657	56868	59907	41742	43385	19179	19968	4.8713e+006	4.90822e+006	53302	54396	20012	21374	5.33084e+006	5.34775e+006	4.78552e+006	4.80632e+006	
209	3.03229e+006	3.04813e+006	83463	88972	163645	174964	18108	19254	53307	56228	39922	41571	18322	19103	4.91636e+006	4.95106e+006	54570	55633	18610	19845	5.35061e+006	5.36645e+006	4.81029e+006	4.82971e+006	
210	3.01507e+006	3.0299e+006	77390	82512	152044	162781	16846	17934	49896	52711	38029	39670	17466	18246	4.95877e+006	4.99135e+006	55777	56806	17142	18317	5.36884e+006	5.38367e+006	4.83325e+006	4.85136e+006	
211	2.99921e+006	3.01311e+006	71549	76385	141273	151370	15637	16662	46677	49381	36164	37788	16588	17370	4.99841e+006	5.02898e+006	56935	57933	15757	16877	5.38562e+006	5.39952e+006	4.85457e+006	4.87155e+006	
212	2.98446e+006	2.99751e+006	66195	70708	131070	140589	14514	15479	43634	46230	34310	35911	15733	16494	5.03556e+006	5.06423e+006	58054	59013	14656	15699	5.40123e+006	5.41427e+006	4.87434e+006	4.89023e+006	
213	2.97082e+006	2.98312e+006	61133	65353	121662	130570	13479	14386	40657	43133	32530	34123	14932	15691	5.07026e+006	5.09709e+006	59116	60051	13551	14487	5.41562e+006	5.42792e+006	4.89271e+006	4.90763e+006	
214	2.95834e+006	2.96997e+006	56377	60277	112711	121038	12535	13372	37953	40296	30777	32334	14130	14876	5.10263e+006	5.12769e+006	60132	61039	12387	13240	5.42877e+006	5.4404e+006	4.90966e+006	4.92366e+006	
215	2.94671e+006	2.95774e+006	52147	55729	104353	112158	11618	12399	35361	37587	29048	30552	13320	14038	5.13278e+006	5.15619e+006	61117	61982	11527	12329	5.44099e+006	5.45203e+006	4.92527e+006	4.93843e+006	
216	2.93594e+006	2.94644e+006	48147	51445	96702	103987	10727	11474	32983	35069	27349	28826	12550	13246	5.16078e+006	5.18262e+006	62075	62910	10655	11416	5.4523e+006	5.46279e+006	4.9398e+006	4.95221e+006	
217	2.92605e+006	2.93608e+006	44373	47435	89501	96317	9912	10596	30679	32639	25698	27121	11811	12478	5.18695e+006	5.20738e+006	62970	63772	9776	10479	5.46266e+006	5.47269e+006	4.95322e+006	4.96495e+006	
218	2.917e+006	2.92659e+006	40928	43790	82705	89010	9107	9746	28439	30272	24137	25493	11096	11724	5.21142e+006	5.23048e+006	63793	64565	8942	9595	5.47215e+006	5.48173e+006	4.96546e+006	4.9766e+006	
219	2.90861e+006	2.91781e+006	37678	40349	76362	82230	8393	8984	26419	28124	22575	23878	10376	10983	5.23414e+006	5.25199e+006	64589	65333	8281	8885	5.48092e+006	5.49012e+006	4.97685e+006	4.98745e+006	
220	2.90083e+006	2.9097e+006	34693	37154	70542	75994	7749	8296	24477	26081	21140	22395	9690	10277	5.25515e+006	5.27185e+006	65348	66064	7670	8220	5.48903e+006	5.4979e+006	4.98736e+006	4.99749e+006	
221	2.8937e+006	2.90227e+006	31943	34218	65176	70210	7155	7660	22686	24173	19761	20946	9054	9597	5.27458e+006	5.29018e+006	66070	66756	7027	7543	5.49647e+006	5.50504e+006	4.997e+006	5.00672e+006	
222	2.88715e+006	2.89547e+006	29441	31529	60036	64678	6604	7066	21003	22393	18471	19596	8469	8986	5.29266e+006	5.30725e+006	66735	67394	6437	6908	5.50326e+006	5.51159e+006	5.00584e+006	5.01519e+006	
223	2.88109e+006	2.8892e+006	27110	29026	55271	59582	6111	6548	19422	20737	17211	18266	7889	8372	5.30941e+006	5.32312e+006	67367	68004	5951	6380	5.50954e+006	5.51765e+006	5.01398e+006	5.02301e+006	
224	2.87549e+006	2.88342e+006	24912	26710	51017	55022	5665	6069	17976	19190	16021	17015	7347	7807	5.32479e+006	5.33768e+006	67939	68557	5473	5903	5.51532e+006	5.52324e+006	5.02151e+006	5.03026e+006	
225	2.87038e+006	2.87814e+006	22891	24558	46971	50691	5223	5602	16639	17774	14906	15832	6846	7274	5.33908e+006	5.35123e+006	68481	69079	5006	5391	5.5206e+006	5.52836e+006	5.02843e+006	5.03692e+006	
226	2.86565e+006	2.87327e+006	21073	22624	43192	46620	4798	5151	15387	16441	13856	14727	6354	6759	5.35231e+006	5.36381e+006	68987	69567	4618	4974	5.52546e+006	5.53309e+006	5.03476e+006	5.04304e+006	
227	2.86126e+006	2.86878e+006	19401	20845	39737	42898	4437	4765	14173	15155	12867	13685	5891	6273	5.36453e+006	5.37544e+006	69469	70032	4278	4602	5.52995e+006	5.53748e+006	5.04057e+006	5.04867e+006	
228	2.85727e+006	2.86472e+006	17807	19114	36627	39560	4098	4393	13050	13963	11924	12681	5469	5830	5.37576e+006	5.38613e+006	69911	70462	3879	4173	5.53402e+006	5.54146e+006	5.04595e+006	5.05389e+006	
229	2.85358e+006	2.86095e+006	16391	17592	33722	36436	3739	4011	12027	12870	11039	11754	5076	5416	5.38613e+006	5.39602e+006	70337	70876	3591	3867	5.53778e+006	5.54516e+006	5.05088e+006	5.05869e+006	
230	2.85018e+006	2.85748e+006	15077	16184	30969	33487	3452	3703	11122	11904	10185	10843	4685	4992	5.39573e+006	5.40518e+006	70725	71251	3303	3568	5.54126e+006	5.54855e+006	5.05539e+006	5.06308e+006	
231	2.8471e+006	2.85433e+006	13798	14820	28498	30823	3186	3415	10249	10976	9402	10020	4325	4616	5.40455e+006	5.41362e+006	71087	71602	3000	3238	5.54441e+006	5.55164e+006	5.05957e+006	5.06718e+006	
232	2.84421e+006	2.8514e+006	12716	13666	26201	28348	2934	3146	9382	10053	8697	9277	4005	4278	5.41267e+006	5.42142e+006	71426	71928	2797	3019	5.54734e+006	5.55453e+006	5.06334e+006	5.07089e+006	
233	2.84156e+006	2.84871e+006	11690	12568	24103	26096	2679	2877	8644	9257	8030	8573	3696	3953	5.42012e+006	5.42859e+006	71741	72231	2564	2770	5.55003e+006	5.55717e+006	5.06685e+006	5.07435e+006	
234	2.83911e+006	2.84624e+006	10752	11555	22141	23967	2475	2666	7979	8546	7416	7925	3404	3639	5.427e+006	5.4352e+006	72008	72491	2366	2554	5.5525e+006	5.55962e+006	5.07006e+006	5.0775e+006	
235	2.83688e+006	2.84399e+006	9909	10650	20319	21998	2293	2480	7341	7871	6841	7333	3134	3361	5.43329e+006	5.44128e+006	72262	72743	2159	2330	5.55475e+006	5.56186e+006	5.07299e+006	5.08037e+006	
236	2.83485e+006	2.84191e+006	9081	9764	18703	20248	2095	2268	6719	7220	6315	6763	2896	3108	5.43913e+006	5.44693e+006	72500	72974	1970	2132	5.55682e+006	5.56389e+006	5.07571e+006	5.08307e+006	
237	2.83299e+006	2.84004e+006	8309	8935	17164	18593	1921	2091	6164	6630	5808	6231	2668	2869	5.44451e+006	5.45217e+006	72727	73194	1791	1942	5.5587e+006	5.56575e+006	5.07822e+006	5.08553e+006	
238	2.83124e+006	2.83827e+006	7632	8213	15814	17136	1761	1925	5673	6109	5357	5755	2451	2642	5.44935e+006	5.45689e+006	72937	73403	1687	1833	5.56047e+006	5.5675e+006	5.08052e+006	5.08782e+006	
239	2.82963e+006	2.83665e+006	7023	7569	14525	15742	1623	1776	5222	5635	4936	5303	2254	2432	5.45385e+006	5.46127e+006	73130	73594	1550	1686	5.56209e+006	5.56911e+006	5.08262e+006	5.08991e+006	
240	2.82816e+006	2.83516e+006	6469	6975	13340	14456	1480	1623	4801	5186	4566	4914	2094	2264	5.45797e+006	5.4653e+006	73308	73772	1417	1538	5.56357e+006	5.57058e+006	5.08455e+006	5.09181e+006	
241	2.82681e+006	2.8338e+006	5973	6447	12267	13298	1351	1479	4400	4746	4214	4548	1926	2092	5.46175e+006	5.46899e+006	73463	73929	1296	1413	5.56494e+006	5.57193e+006	5.08631e+006	5.09356e+006	
242	2.82559e+006	2.83257e+006	5463	5894	11273	12226	1242	1357	4058	4376	3854	4166	1748	1904	5.46527e+006	5.47245e+006	73612	74077	1180	1279	5.56617e+006	5.57315e+006	5.08796e+006	5.09519e+006	
243	2.82445e+006	2.83142e+006	5003	5396	10358	11241	1146	1254	3720	4018	3536	3829	1603	1748	5.4685e+006	5.47563e+006	73751	74214	1089	1189	5.56731e+006	5.57428e+006	5.08947e+006	5.09668e+006	
244	2.82339e+006	2.83035e+006	4608	4966	9510	10326	1049	1150	3435	3704	3257	3533	1474	1607	5.47145e+006	5.47853e+006	73873	74334	1020	1110	5.56838e+006	5.57534e+006	5.09085e+006	5.09806e+006	
245	2.82241e+006	2.82937e+006	4249	4582	8740	9501	960	1053	3145	3394	2999	3247	1349	1470	5.47417e+006	5.48122e+006	73984	74444	939	1026	5.56937e+006	5.57633e+006	5.09212e+006	5.09931e+006	
246	2.82154e+006	2.82849e+006	3904	4222	8033	8728	883	966	2869	3096	2756	2993	1236	1347	5.47667e+006	5.48368e+006	74093	74551	835	919	5.57025e+006	5.5772e+006	5.09327e+006	5.10046e+006	
247	2.82073e+006	2.82767e+006	3597	3885	7388	8036	828	903	2648	2854	2520	2739	1132	1236	5.47893e+006	5.48591e+006	74190	74647	782	851	5.57107e+006	5.57801e+006	5.09433e+006	5.10151e+006	
248	2.81997e+006	2.82692e+006	3292	3559	6793	7387	756	829	2444	2640	2320	2525	1036	1135	5.48104e+006	5.48799e+006	74274	74730	714	785	5.57182e+006	5.57876e+006	5.09533e+006	5.1025e+006	
249	2.81927e+006	2.82621e+006	3030	3278	6250	6797	691	756	2259	2440	2130	2319	948	1038	5.48296e+006	5.48991e+006	74363	74819	677	745	5.57253e+006	5.57947e+006	5.09625e+006	5.10342e+006	
250	2.81862e+006	2.82556e+006	2812	3036	5726	6232	637	698	2074	2245	1951	2126	868	953	5.48474e+006	5.49167e+006	74445	74900	618	675	5.57318e+006	5.58012e+006	5.09707e+006	5.10423e+006	
251	2.81802e+006	2.82495e+006	2606	2821	5264	5727	584	642	1915	2075	1784	1941	797	873	5.48637e+006	5.49328e+006	74518	74973	576	636	5.57379e+006	5.58072e+006	5.09784e+006	5.10499e+006	
252	2.81748e+006	2.82441e+006	2396	2601	4846	5279	538	596	1770	1920	1646	1789	742	813	5.48785e+006	5.49474e+006	74576	75031	506	564	5.57432e+006	5.58125e+006	5.09854e+006	5.10569e+006	
253	2.81697e+006	2.82391e+006	2202	2388	4486	4886	491	540	1624	1767	1511	1641	681	748	5.48922e+006	5.4961e+006	74637	75094	480	534	5.57483e+006	5.58176e+006	5.09921e+006	5.10635e+006	
254	2.81652e+006	2.82345e+006	2022	2190	4118	4489	456	503	1480	1610	1403	1523	634	698	5.4905e+006	5.49737e+006	74694	75150	437	478	5.57528e+006	5.58222e+006	5.09981e+006	5.10695e+006	
255	2.81609e+006	2.82303e+006	1843	2003	3793	4136	420	465	1362	1480	1284	1399	583	645	5.49168e+006	5.49855e+006	74739	75196	399	448	5.57571e+006	5.58264e+006	5.10037e+006	5.10751e+006	
256	2.81569e+006	2.82262e+006	1715	1864	3502	3820	383	426	1253	1362	1177	1279	537	594	5.49274e+006	5.4996e+006	74785	75242	379	424	5.57611e+006	5.58304e+006	5.10088e+006	5.10801e+006	
257	2.81533e+006	2.82226e+006	1577	1709	3232	3530	353	396	1148	1250	1088	1185	497	551	5.49372e+006	5.50058e+006	74827	75283	341	378	5.57647e+006	5.5834e+006	5.10135e+006	5.10848e+006	
258	2.815e+006	2.82192e+006	1458	1588	2982	3254	327	365	1059	1154	1002	1089	459	508	5.49461e+006	5.50146e+006	74872	75327	320	356	5.57681e+006	5.58374e+006	5.10177e+006	5.10891e+006	
259	2.81468e+006	2.8216e+006	1364	1476	2733	2986	298	335	979	1069	922	1006	424	472	5.49546e+006	5.5023e+006	74904	75360	304	338	5.57713e+006	5.58406e+006	5.10218e+006	5.10931e+006	
260	2.81439e+006	2.82132e+006	1254	1356	2522	2762	272	306	904	987	841	920	387	432	5.49624e+006	5.50308e+006	74936	75392	268	304	5.57742e+006	5.58434e+006	5.10255e+006	5.10968e+006	
261	2.81414e+006	2.82106e+006	1149	1251	2318	2533	244	274	838	914	781	856	361	403	5.49695e+006	5.50378e+006	74967	75422	237	273	5.57768e+006	5.5846e+006	5.10289e+006	5.11002e+006	
262	2.8139e+006	2.82081e+006	1055	1155	2148	2344	229	254	773	844	726	798	335	376	5.49758e+006	5.50442e+006	74992	75448	227	259	5.57792e+006	5.58484e+006	5.10321e+006	5.11033e+006	
263	2.81367e+006	2.82059e+006	963	1059	1988	2164	212	239	704	770	672	741	311	349	5.49819e+006	5.50502e+006	75018	75474	213	241	5.57815e+006	5.58506e+006	5.1035e+006	5.11063e+006	
264	2.81347e+006	2.82038e+006	887	975	1830	2004	200	227	642	706	608	670	285	320	5.49875e+006	5.50558e+006	75046	75499	194	219	5.57836e+006	5.58527e+006	5.10376e+006	5.11089e+006	
265	2.81327e+006	2.82018e+006	833	908	1679	1842	187	215	587	645	563	622	262	296	5.49926e+006	5.50609e+006	75066	75519	182	207	5.57855e+006	5.58546e+006	5.104e+006	5.11112e+006	
266	2.81309e+006	2.81999e+006	780	854	1541	1689	175	200	531	585	515	570	242	273	5.49975e+006	5.50658e+006	75087	75540	177	201	5.57875e+006	5.58565e+006	5.10423e+006	5.11134e+006	
267	2.81292e+006	2.81982e+006	722	792	1424	1564	163	188	480	530	483	535	226	257	5.50018e+006	5.507e+006	75107	75560	155	179	5.57891e+006	5.58582e+006	5.10444e+006	5.11155e+006	
268	2.81276e+006	2.81966e+006	676	743	1309	1444	150	174	437	481	442	490	208	237	5.50059e+006	5.50741e+006	75123	75576	147	171	5.57907e+006	5.58597e+006	5.10463e+006	5.11175e+006	
269	2.81261e+006	2.81951e+006	634	700	1199	1328	137	160	406	448	405	450	190	216	5.50097e+006	5.50779e+006	75138	75591	140	163	5.57923e+006	5.58612e+006	5.10481e+006	5.11192e+006	
270	2.81248e+006	2.81938e+006	573	637	1117	1237	127	149	380	419	371	416	174	197	5.5013e+006	5.50812e+006	75153	75607	118	138	5.57935e+006	5.58625e+006	5.10499e+006	5.1121e+006	
271	2.81236e+006	2.81926e+006	529	591	1043	1151	119	141	351	390	335	377	153	175	5.50161e+006	5.50842e+006	75168	75623	111	132	5.57947e+006	5.58637e+006	5.10514e+006	5.11225e+006	
272	2.81224e+006	2.81914e+006	490	549	974	1076	108	129	329	366	306	344	136	155	5.50189e+006	5.50871e+006	75180	75635	109	129	5.57959e+006	5.58649e+006	5.10529e+006	5.1124e+006	
273	2.81213e+006	2.81903e+006	459	514	909	1008	98	119	306	340	278	313	124	141	5.50217e+006	5.50897e+006	75192	75647	110	127	5.57971e+006	5.58661e+006	5.10544e+006	5.11254e+006	
274	2.81203e+006	2.81893e+006	429	481	840	936	91	111	284	317	255	287	110	126	5.50241e+006	5.50922e+006	75204	75657	88	104	5.57981e+006	5.58671e+006	5.10556e+006	5.11266e+006	
275	2.81193e+006	2.81883e+006	411	459	778	872	82	100	261	291	238	267	105	121	5.50264e+006	5.50944e+006	75213	75667	92	111	5.57991e+006	5.58681e+006	5.10567e+006	5.11277e+006	
276	2.81183e+006	2.81873e+006	392	438	719	807	74	90	245	274	218	246	93	109	5.50286e+006	5.50966e+006	75222	75676	90	107	5.58001e+006	5.58691e+006	5.10578e+006	5.11288e+006	
277	2.81175e+006	2.81865e+006	355	398	684	766	65	79	230	258	192	218	80	95	5.50306e+006	5.50986e+006	75231	75684	72	88	5.58009e+006	5.58699e+006	5.1059e+006	5.11299e+006	
278	2.81167e+006	2.81857e+006	337	380	629	706	59	75	215	239	177	201	74	88	5.50325e+006	5.51004e+006	75236	75689	71	86	5.58016e+006	5.58707e+006	5.10599e+006	5.11308e+006	
279	2.81159e+006	2.8185e+006	312	353	582	659	56	72	201	227	164	187	69	82	5.50342e+006	5.51021e+006	75243	75697	68	84	5.58024e+006	5.58715e+006	5.10608e+006	5.11318e+006	
280	2.81152e+006	2.81843e+006	285	325	555	628	57	70	187	215	154	176	66	79	5.50356e+006	5.51036e+006	75248	75702	63	78	5.58031e+006	5.58722e+006	5.10617e+006	5.11327e+006	
281	2.81146e+006	2.81836e+006	271	309	521	584	55	67	173	202	142	162	62	76	5.50371e+006	5.5105e+006	75254	75708	58	72	5.58037e+006	5.58728e+006	5.10624e+006	5.11334e+006	
282	2.81139e+006	2.8183e+006	255	295	487	548	50	63	156	182	134	154	60	74	5.50385e+006	5.51064e+006	75258	75711	56	71	5.58044e+006	5.58734e+006	5.10632e+006	5.11342e+006	
283	2.81133e+006	2.81824e+006	241	281	445	506	48	62	146	171	123	143	56	69	5.50398e+006	5.51078e+006	75263	75716	55	70	5.5805e+006	5.58741e+006	5.10638e+006	5.11349e+006	
284	2.81128e+006	2.81818e+006	224	262	422	482	47	60	137	161	117	136	54	67	5.50409e+006	5.51089e+006	75267	75720	47	58	5.58055e+006	5.58746e+006	5.10645e+006	5.11355e+006	
285	2.81122e+006	2.81813e+006	217	253	392	448	43	55	123	145	107	125	47	60	5.50421e+006	5.51101e+006	75272	75725	50	64	5.58061e+006	5.58752e+006	5.10651e+006	5.11361e+006	
286	2.81117e+006	2.81807e+006	207	241	363	418	37	48	115	135	99	117	44	56	5.50432e+006	5.51112e+006	75277	75730	46	59	5.58066e+006	5.58757e+006	5.10657e+006	5.11367e+006	
287	2.81112e+006	2.81802e+006	198	229	347	404	35	46	106	125	94	110	42	52	5.50441e+006	5.51121e+006	75281	75734	45	58	5.58071e+006	5.58762e+006	5.10663e+006	5.11373e+006	
288	2.81107e+006	2.81798e+006	193	223	326	381	31	42	100	117	88	103	39	49	5.5045e+006	5.5113e+006	75284	75738	42	52	5.58076e+006	5.58767e+006	5.10668e+006	5.11378e+006	
289	2.81102e+006	2.81793e+006	184	212	308	361	31	42	89	105	82	97	35	45	5.50459e+006	5.51139e+006	75286	75740	41	53	5.58081e+006	5.58771e+006	5.10673e+006	5.11383e+006	
290	2.81098e+006	2.81789e+006	173	203	293	343	28	40	83	98	78	92	32	42	5.50467e+006	5.51148e+006	75288	75742	36	48	5.58085e+006	5.58776e+006	5.10678e+006	5.11388e+006	
291	2.81094e+006	2.81785e+006	162	190	281	329	28	39	79	94	72	86	30	40	5.50474e+006	5.51155e+006	75291	75745	35	45	5.58089e+006	5.58779e+006	5.10682e+006	5.11393e+006	
292	2.8109e+006	2.8178e+006	156	186	268	312	28	38	72	88	67	81	27	36	5.50481e+006	5.51162e+006	75294	75748	37	48	5.58093e+006	5.58784e+006	5.10687e+006	5.11397e+006	
293	2.81086e+006	2.81776e+006	150	178	255	296	27	37	69	84	60	74	24	31	5.50489e+006	5.51169e+006	75296	75750	34	45	5.58097e+006	5.58787e+006	5.10691e+006	5.11401e+006	
294	2.81083e+006	2.81773e+006	145	171	246	288	26	34	62	78	55	69	21	29	5.50495e+006	5.51175e+006	75298	75752	31	41	5.58101e+006	5.58791e+006	5.10695e+006	5.11405e+006	
295	2.81079e+006	2.81769e+006	142	168	233	273	23	30	63	78	50	63	19	26	5.50501e+006	5.51181e+006	75301	75755	31	42	5.58105e+006	5.58795e+006	5.10699e+006	5.11409e+006	
296	2.81076e+006	2.81765e+006	134	158	226	266	20	28	60	76	47	59	18	25	5.50506e+006	5.51187e+006	75303	75757	29	39	5.58108e+006	5.58798e+006	5.10703e+006	5.11413e+006	
297	2.81072e+006	2.81762e+006	130	152	216	256	18	25	58	72	44	56	17	23	5.50512e+006	5.51192e+006	75304	75758	30	39	5.58112e+006	5.58801e+006	5.10707e+006	5.11417e+006	
298	2.81069e+006	2.81758e+006	129	153	207	246	17	24	55	69	41	53	16	22	5.50517e+006	5.51197e+006	75305	75758	31	41	5.58115e+006	5.58805e+006	5.1071e+006	5.1142e+006	
299	2.81065e+006	2.81755e+006	127	151	199	236	16	23	54	68	38	49	15	21	5.50522e+006	5.51202e+006	75307	75760	30	39	5.58119e+006	5.58808e+006	5.10714e+006	5.11423e+006	
300	2.81062e+006	2.81752e+006	125	149	190	225	17	25	53	67	33	44	13	18	5.50527e+006	5.51207e+006	75308	75762	28	37	5.58122e+006	5.58812e+006	5.10717e+006	5.11426e+006	
301	2.81059e+006	2.81748e+006	123	147	182	217	19	28	47	61	33	44	12	18	5.50531e+006	5.51212e+006	75309	75763	27	36	5.58125e+006	5.58815e+006	5.1072e+006	5.11429e+006	
302	2.81056e+006	2.81745e+006	116	138	175	209	20	28	47	59	32	42	11	17	5.50536e+006	5.51216e+006	75310	75764	24	33	5.58128e+006	5.58818e+006	5.10723e+006	5.11432e+006	
303	2.81053e+006	2.81742e+006	116	135	169	203	21	29	46	58	31	41	11	17	5.5054e+006	5.5122e+006	75311	75765	28	37	5.58131e+006	5.58821e+006	5.10726e+006	5.11435e+006	
304	2.8105e+006	2.81739e+006	113	133	165	199	21	30	45	57	29	39	10	16	5.50544e+006	5.51224e+006	75312	75766	27	34	5.58135e+006	5.58824e+006	5.10729e+006	5.11438e+006	
305	2.81047e+006	2.81736e+006	113	132	160	193	22	31	44	55	28	38	10	16	5.50548e+006	5.51227e+006	75313	75767	27	35	5.58138e+006	5.58827e+006	5.10732e+006	5.11441e+006	
306	2.81044e+006	2.81733e+006	111	130	158	191	19	27	42	53	26	35	9	15	5.50551e+006	5.51231e+006	75314	75768	23	31	5.5814e+006	5.5883e+006	5.10735e+006	5.11444e+006	
307	2.81041e+006	2.81731e+006	107	125	158	190	18	26	43	54	24	32	9	14	5.50555e+006	5.51235e+006	75315	75769	24	32	5.58143e+006	5.58832e+006	5.10738e+006	5.11447e+006	
308	2.81038e+006	2.81728e+006	105	124	156	185	16	23	39	50	24	31	8	13	5.50559e+006	5.51239e+006	75315	75769	24	33	5.58146e+006	5.58835e+006	5.10741e+006	5.1145e+006	
309	2.81036e+006	2.81725e+006	104	122	156	182	15	21	37	48	23	31	8	12	5.50563e+006	5.51242e+006	75316	75770	25	33	5.58149e+006	5.58838e+006	5.10744e+006	5.11452e+006	
310	2.81033e+006	2.81722e+006	101	120	152	178	13	19	37	47	23	31	8	13	5.50566e+006	5.51245e+006	75316	75770	21	29	5.58151e+006	5.58841e+006	5.10746e+006	5.11455e+006	
311	2.8103e+006	2.81719e+006	102	121	150	176	11	17	36	46	22	30	8	13	5.50569e+006	5.51249e+006	75317	75771	24	33	5.58154e+006	5.58843e+006	5.10749e+006	5.11458e+006	
312	2.81027e+006	2.81716e+006	102	122	148	175	13	19	36	47	19	26	8	13	5.50572e+006	5.51252e+006	75318	75772	25	34	5.58157e+006	5.58846e+006	5.10752e+006	5.1146e+006	
313	2.81024e+006	2.81714e+006	102	121	147	174	11	17	35	46	17	24	7	12	5.50576e+006	5.51255e+006	75319	75773	25	33	5.5816e+006	5.58849e+006	5.10754e+006	5.11463e+006	
314	2.81022e+006	2.81711e+006	102	120	141	167	12	18	35	46	16	23	7	11	5.50579e+006	5.51258e+006	75319	75774	21	28	5.58163e+006	5.58852e+006	5.10757e+006	5.11465e+006	
315	2.81019e+006	2.81708e+006	100	117	139	164	12	17	34	43	16	22	7	11	5.50582e+006	5.51261e+006	75320	75774	22	30	5.58165e+006	5.58854e+006	5.10759e+006	5.11468e+006	
316	2.81017e+006	2.81706e+006	95	111	140	167	13	19	29	39	17	24	8	13	5.50585e+006	5.51264e+006	75320	75774	21	27	5.58168e+006	5.58857e+006	5.10762e+006	5.11471e+006	
317	2.81014e+006	2.81703e+006	93	110	140	167	13	19	28	37	18	26	8	13	5.50588e+006	5.51267e+006	75321	75775	24	31	5.5817e+006	5.58859e+006	5.10765e+006	5.11473e+006	
318	2.81011e+006	2.817e+006	98	116	137	162	13	18	28	37	18	24	8	13	5.50591e+006	5.5127e+006	75322	75775	26	34	5.58173e+006	5.58862e+006	5.10767e+006	5.11476e+006	
319	2.81009e+006	2.81698e+006	98	116	133	157	13	20	27	35	17	23	7	12	5.50594e+006	5.51273e+006	75322	75776	22	29	5.58176e+006	5.58865e+006	5.10769e+006	5.11478e+006	
320	2.81006e+006	2.81695e+006	103	120	132	155	14	21	25	34	15	22	7	11	5.50597e+006	5.51276e+006	75322	75776	24	33	5.58179e+006	5.58868e+006	5.10771e+006	5.1148e+006	
321	2.81003e+006	2.81692e+006	106	123	130	154	14	21	25	34	14	20	6	10	5.506e+006	5.51279e+006	75323	75777	26	34	5.58182e+006	5.58871e+006	5.10774e+006	5.11482e+006	
322	2.81e+006	2.81689e+006	103	120	131	154	15	22	28	37	14	21	5	10	5.50602e+006	5.51281e+006	75323	75777	24	31	5.58185e+006	5.58873e+006	5.10776e+006	5.11485e+006	
323	2.80998e+006	2.81686e+006	104	122	127	152	14	21	28	38	14	21	5	10	5.50605e+006	5.51284e+006	75323	75777	23	31	5.58187e+006	5.58876e+006	5.10779e+006	5.11487e+006	
324	2.80995e+006	2.81684e+006	102	119	133	156	14	20	28	37	15	21	5	10	5.50608e+006	5.51287e+006	75323	75777	23	30	5.5819e+006	5.58879e+006	5.10782e+006	5.1149e+006	
325	2.80992e+006	2.81681e+006	99	116	136	160	15	21	28	38	14	20	5	9	5.5061e+006	5.51289e+006	75323	75777	23	31	5.58193e+006	5.58881e+006	5.10784e+006	5.11493e+006	
326	2.8099e+006	2.81679e+006	96	113	140	165	13	20	27	36	12	18	4	8	5.50613e+006	5.51292e+006	75324	75778	20	27	5.58195e+006	5.58884e+006	5.10787e+006	5.11495e+006	
327	2.80987e+006	2.81676e+006	94	110	140	165	13	19	28	36	11	16	4	8	5.50616e+006	5.51294e+006	75324	75779	21	28	5.58198e+006	5.58886e+006	5.10789e+006	5.11498e+006	
328	2.80985e+006	2.81674e+006	91	108	137	161	13	19	27	36	10	16	4	8	5.50619e+006	5.51298e+006	75324	75779	21	28	5.582e+006	5.58889e+006	5.10792e+006	5.115e+006	
329	2.80982e+006	2.81671e+006	90	107	139	163	13	18	28	37	10	16	4	8	5.50621e+006	5.513e+006	75325	75779	22	30	5.58203e+006	5.58891e+006	5.10794e+006	5.11503e+006	
330	2.8098e+006	2.81668e+006	92	109	133	157	14	20	29	39	10	16	4	8	5.50624e+006	5.51303e+006	75326	75780	22	30	5.58205e+006	5.58894e+006	5.10797e+006	5.11505e+006	
331	2.80977e+006	2.81666e+006	92	110	129	152	13	18	30	40	10	15	4	8	5.50627e+006	5.51306e+006	75326	75780	21	29	5.58208e+006	5.58896e+006	5.10799e+006	5.11507e+006	
332	2.80975e+006	2.81664e+006	90	108	124	147	14	20	33	42	10	15	4	8	5.50629e+006	5.51308e+006	75327	75781	19	26	5.5821e+006	5.58899e+006	5.10801e+006	5.11509e+006	
333	2.80972e+006	2.81661e+006	92	110	124	147	14	19	30	40	10	16	4	8	5.50632e+006	5.51311e+006	75327	75781	24	31	5.58213e+006	5.58901e+006	5.10803e+006	5.11512e+006	
334	2.8097e+006	2.81658e+006	93	109	124	147	13	18	31	42	10	16	4	8	5.50635e+006	5.51313e+006	75328	75782	23	29	5.58215e+006	5.58904e+006	5.10806e+006	5.11514e+006	
335	2.80967e+006	2.81656e+006	93	109	120	145	14	20	29	40	11	17	5	9	5.50638e+006	5.51316e+006	75328	75782	22	29	5.58218e+006	5.58906e+006	5.10808e+006	5.11516e+006	
336	2.80965e+006	2.81653e+006	95	110	119	144	14	20	27	38	11	17	5	9	5.5064e+006	5.51319e+006	75328	75782	20	27	5.5822e+006	5.58909e+006	5.1081e+006	5.11518e+006	
337	2.80962e+006	2.81651e+006	93	109	123	147	13	19	26	36	12	18	6	10	5.50643e+006	5.51321e+006	75328	75782	22	30	5.58223e+006	5.58911e+006	5.10813e+006	5.11521e+006	
338	2.8096e+006	2.81648e+006	91	108	126	149	12	18	25	34	12	18	5	10	5.50645e+006	5.51324e+006	75328	75783	21	29	5.58225e+006	5.58914e+006	5.10815e+006	5.11523e+006	
339	2.80957e+006	2.81646e+006	93	110	125	149	12	18	25	34	11	18	5	10	5.50648e+006	5.51326e+006	75329	75783	23	31	5.58228e+006	5.58917e+006	5.10818e+006	5.11525e+006	
340	2.80954e+006	2.81643e+006	98	114	123	146	12	18	24	34	12	19	5	10	5.5065e+006	5.51329e+006	75329	75783	24	31	5.58231e+006	5.58919e+006	5.1082e+006	5.11528e+006	
341	2.80952e+006	2.8164e+006	97	114	126	148	11	17	25	33	13	19	5	10	5.50653e+006	5.51331e+006	75329	75783	22	30	5.58234e+006	5.58922e+006	5.10822e+006	5.1153e+006	
342	2.80949e+006	2.81638e+006	97	113	129	151	11	16	25	34	13	19	5	10	5.50655e+006	5.51333e+006	75329	75783	20	28	5.58236e+006	5.58924e+006	5.10824e+006	5.11532e+006	
343	2.80947e+006	2.81635e+006	93	110	128	151	11	17	27	36	13	19	6	11	5.50657e+006	5.51336e+006	75330	75784	20	28	5.58238e+006	5.58927e+006	5.10827e+006	5.11535e+006	
344	2.80945e+006	2.81633e+006	89	107	130	153	10	16	28	37	13	19	6	11	5.5066e+006	5.51338e+006	75331	75785	20	28	5.58241e+006	5.58929e+006	5.1083e+006	5.11538e+006	
345	2.80942e+006	2.81631e+006	87	104	130	152	11	17	28	37	12	19	5	11	5.50662e+006	5.51341e+006	75331	75785	19	27	5.58243e+006	5.58931e+006	5.10832e+006	5.1154e+006	
346	2.8094e+006	2.81628e+006	91	108	129	153	12	18	26	34	13	19	6	10	5.50665e+006	5.51343e+006	75331	75785	25	33	5.58246e+006	5.58934e+006	5.10834e+006	5.11542e+006	
347	2.80937e+006	2.81626e+006	89	106	126	150	13	19	26	35	11	18	5	9	5.50668e+006	5.51346e+006	75331	75785	19	25	5.58248e+006	5.58936e+006	5.10836e+006	5.11544e+006	
348	2.80935e+006	2.81623e+006	90	108	126	149	12	18	24	33	12	18	5	10	5.5067e+006	5.51349e+006	75331	75785	22	30	5.58251e+006	5.58939e+006	5.10839e+006	5.11546e+006	
349	2.80932e+006	2.8162e+006	92	110	123	146	11	17	23	32	12	19	5	10	5.50673e+006	5.51351e+006	75331	75785	21	29	5.58253e+006	5.58941e+006	5.10841e+006	5.11549e+006	
350	2.8093e+006	2.81618e+006	86	103	121	145	13	20	23	32	11	17	5	10	5.50676e+006	5.51354e+006	75332	75786	19	26	5.58255e+006	5.58944e+006	5.10843e+006	5.11551e+006	
351	2.80928e+006	2.81616e+006	87	105	119	141	12	19	24	33	12	17	5	9	5.50678e+006	5.51357e+006	75332	75786	19	28	5.58258e+006	5.58946e+006	5.10845e+006	5.11553e+006	
352	2.80926e+006	2.81614e+006	84	102	122	144	11	17	24	32	12	18	5	10	5.50681e+006	5.51359e+006	75332	75786	19	26	5.5826e+006	5.58948e+006	5.10848e+006	5.11555e+006	
353	2.80923e+006	2.81611e+006	82	99	122	146	11	17	23	31	11	17	5	9	5.50683e+006	5.51362e+006	75332	75786	19	26	5.58262e+006	5.5895e+006	5.1085e+006	5.11558e+006	
354	2.80921e+006	2.81609e+006	84	101	117	142	13	19	24	32	10	17	4	8	5.50686e+006	5.51364e+006	75333	75787	21	28	5.58265e+006	5.58953e+006	5.10852e+006	5.1156e+006	
355	2.80918e+006	2.81606e+006	87	103	118	142	13	19	24	32	10	16	4	8	5.50688e+006	5.51366e+006	75333	75787	22	29	5.58267e+006	5.58955e+006	5.10854e+006	5.11562e+006	
356	2.80916e+006	2.81604e+006	87	102	114	138	12	17	23	32	10	15	4	8	5.50691e+006	5.51369e+006	75333	75788	19	26	5.5827e+006	5.58958e+006	5.10856e+006	5.11564e+006	
357	2.80914e+006	2.81602e+006	86	101	114	138	12	17	23	31	11	16	4	8	5.50693e+006	5.51371e+006	75333	75788	18	25	5.58272e+006	5.5896e+006	5.10858e+006	5.11566e+006	
358	2.80912e+006	2.81599e+006	85	102	112	137	12	18	25	33	10	15	4	8	5.50696e+006	5.51374e+006	75334	75788	21	28	5.58274e+006	5.58962e+006	5.10861e+006	5.11568e+006	
359	2.80909e+006	2.81597e+006	85	101	115	137	11	17	27	35	9	14	4	8	5.50698e+006	5.51376e+006	75334	75788	20	29	5.58277e+006	5.58964e+006	5.10863e+006	5.11571e+006	
360	2.80907e+006	2.81594e+006	89	107	117	138	11	16	26	35	9	14	3	7	5.507e+006	5.51378e+006	75334	75788	23	32	5.5828e+006	5.58967e+006	5.10865e+006	5.11573e+006	
361	2.80904e+006	2.81592e+006	90	108	115	136	11	17	26	36	9	13	3	7	5.50702e+006	5.5138e+006	75334	75789	19	26	5.58282e+006	5.58969e+006	5.10867e+006	5.11575e+006	
362	2.80902e+006	2.81589e+006	90	108	115	137	11	17	25	34	9	13	3	6	5.50705e+006	5.51383e+006	75335	75789	20	28	5.58284e+006	5.58972e+006	5.10869e+006	5.11577e+006	
363	2.809e+006	2.81587e+006	91	108	116	139	12	18	27	35	9	14	3	6	5.50707e+006	5.51385e+006	75335	75790	22	29	5.58287e+006	5.58974e+006	5.10872e+006	5.11579e+006	
364	2.80897e+006	2.81584e+006	89	103	119	143	12	18	25	33	10	15	4	7	5.50709e+006	5.51387e+006	75335	75790	20	28	5.58289e+006	5.58977e+006	5.10874e+006	5.11581e+006	
