Day	Susceptible-LB	Susceptible-UB	Exposed-LB	Exposed-UB	Current Detected Mild Infections-LB	Current Detected Mild Infections-UB	Current Undetected Mild Infections-LB	Current Undetected Mild Infections-UB	Current Hospitalizations-LB	Current Hospitalizations-UB	Current ICU patients-LB	Current ICU patients-UB	ventilators-LB	ventilators-UB	Recovered-LB	Recovered-UB	Deaths-LB	Deaths-UB	new infections today-LB	new infections today-UB	total number of infections-LB	total number of infections-UB	Confirmed total number of infections-LB	Confirmed total number of infections-UB	
0	8.39714e+006	8.39714e+006	1600	1600	0	0	0	0	0	0	0	0	0	0	0	0	0	0	0	0	1600	1600	0	0	
1	8.39698e+006	8.39698e+006	1760	1760	0	0	0	0	0	0	0	0	0	0	0	0	0	0	160	160	1760	1760	0	0	
2	8.39682e+006	8.39682e+006	1920	1920	0	0	0	0	0	0	0	0	0	0	0	0	0	0	160	160	1920	1920	0	0	
3	8.3964e+006	8.39643e+006	2310	2332	0	0	0	0	0	0	0	0	0	0	0	0	0	0	390	412	2310	2332	0	0	
4	8.39597e+006	8.39601e+006	1125	1162	802	828	772	798	0	0	0	0	0	0	0	0	0	0	409	436	2725	2762	802	828	
5	8.39552e+006	8.39557e+006	1411	1456	880	907	853	880	0	0	0	0	0	0	0	0	0	0	436	464	3171	3216	880	907	
6	8.39498e+006	8.39504e+006	1775	1834	962	990	930	958	0	0	0	0	0	0	0	0	0	0	516	546	3695	3754	962	990	
7	8.39441e+006	8.39448e+006	1940	2000	1164	1207	1117	1154	0	0	0	0	0	0	0	0	0	0	551	582	4257	4326	1169	1202	
8	8.39375e+006	8.39383e+006	2167	2236	1368	1425	1325	1369	0	0	0	0	0	0	0	0	0	0	636	671	4902	4987	1376	1417	
9	8.393e+006	8.39309e+006	2462	2535	1587	1657	1544	1598	0	0	0	0	0	0	0	0	0	0	728	765	5642	5741	1599	1645	
10	8.39218e+006	8.3923e+006	2734	2813	1037	1116	1021	1074	279	299	0	0	0	0	1301	1321	0	0	784	829	6438	6557	2007	2063	
11	8.39147e+006	8.39162e+006	2855	2946	1237	1327	1220	1278	306	327	0	0	0	0	1433	1454	0	0	672	715	7121	7262	2300	2361	
12	8.39068e+006	8.39084e+006	2984	3080	1470	1574	1473	1533	338	359	0	0	0	0	1561	1582	0	0	764	807	7897	8057	2633	2700	
13	8.38978e+006	8.38997e+006	3114	3225	1628	1738	1655	1718	422	446	0	0	0	0	1872	1902	0	0	861	907	8767	8954	3039	3113	
14	8.38885e+006	8.38906e+006	3228	3343	1826	1949	1834	1900	503	530	0	0	0	0	2207	2246	0	0	902	944	9679	9888	3500	3584	
15	8.38786e+006	8.38809e+006	3514	3631	1953	2085	1945	2014	591	625	0	0	0	0	2561	2609	0	0	957	1003	10647	10880	3902	4002	
16	8.38681e+006	8.38707e+006	3754	3883	2074	2215	2073	2143	406	441	91	104	50	59	3175	3233	0	0	1008	1056	11664	11927	4336	4447	
17	8.38569e+006	8.38598e+006	3974	4102	2218	2380	2229	2312	480	516	98	111	53	62	3656	3721	0	0	1077	1129	12754	13043	4811	4935	
18	8.38452e+006	8.38484e+006	4201	4344	2352	2521	2358	2447	575	616	106	120	57	66	4196	4276	0	0	1130	1185	13894	14217	5334	5467	
19	8.38327e+006	8.38363e+006	4441	4597	2444	2626	2491	2583	626	667	131	147	67	77	4859	4952	0	0	1196	1258	15103	15462	5863	6015	
20	8.3821e+006	8.38249e+006	4565	4730	2538	2732	2614	2712	705	748	153	171	77	90	5556	5663	0	0	1128	1192	16245	16641	6443	6603	
21	8.38088e+006	8.38131e+006	4662	4833	2724	2930	2826	2933	752	798	177	196	89	102	6165	6294	0	0	1173	1233	17431	17861	7046	7218	
22	8.37957e+006	8.38004e+006	4787	4971	2897	3124	3009	3128	787	838	207	228	102	117	6873	7022	0	0	1254	1324	18699	19171	7683	7876	
23	8.37818e+006	8.3787e+006	4921	5112	3068	3307	3174	3295	858	910	236	258	115	131	7644	7815	0	0	1329	1399	20041	20557	8372	8591	
24	8.37674e+006	8.37731e+006	5165	5372	3182	3440	3284	3413	903	958	274	296	131	148	8474	8662	0	0	1373	1452	21428	21996	9031	9269	
25	8.37523e+006	8.37585e+006	5434	5659	3315	3585	3364	3500	956	1009	310	334	148	166	9356	9563	0	0	1441	1521	22882	23503	9718	9971	
26	8.3737e+006	8.37438e+006	5643	5883	3442	3724	3487	3626	990	1041	261	284	117	135	10354	10587	34	40	1466	1544	24359	25036	10444	10724	
27	8.37209e+006	8.37282e+006	5855	6107	3555	3857	3620	3769	1065	1120	292	318	129	149	11334	11590	36	42	1541	1624	25916	26644	11221	11523	
28	8.37043e+006	8.37123e+006	6062	6329	3668	3998	3743	3903	1145	1204	322	349	143	164	12363	12647	37	44	1583	1672	27510	28305	12021	12352	
29	8.36872e+006	8.36958e+006	6253	6531	3786	4132	3865	4037	1213	1275	346	373	155	177	13473	13789	45	53	1630	1725	29152	30017	12870	13225	
30	8.3669e+006	8.36785e+006	6510	6817	3945	4311	4040	4213	1274	1340	374	404	164	187	14519	14867	50	59	1723	1830	30890	31832	13714	14110	
31	8.36505e+006	8.36607e+006	6735	7056	4099	4495	4244	4430	1329	1394	405	436	177	200	15615	15993	56	65	1765	1864	32668	33683	14594	15020	
32	8.36311e+006	8.3642e+006	7004	7345	4250	4669	4415	4611	1380	1455	434	467	192	216	16790	17206	64	73	1853	1959	34534	35629	15512	15971	
33	8.36109e+006	8.36227e+006	7297	7646	4401	4845	4560	4765	1421	1500	467	501	207	231	18050	18508	71	81	1921	2029	36470	37643	16465	16964	
34	8.35901e+006	8.36027e+006	7560	7915	4556	5032	4744	4967	1479	1557	491	529	222	246	19345	19850	80	91	1986	2098	38469	39728	17461	17999	
35	8.35683e+006	8.35818e+006	7870	8246	4710	5209	4908	5138	1523	1607	518	560	235	259	20716	21270	89	101	2076	2195	40557	41910	18479	19052	
36	8.35456e+006	8.35601e+006	8177	8570	4880	5413	5113	5362	1577	1660	538	580	244	268	22110	22719	99	112	2161	2281	42730	44179	19534	20150	
37	8.35222e+006	8.35376e+006	8484	8899	5092	5644	5281	5536	1637	1725	568	612	259	286	23570	24220	107	121	2230	2357	44975	46521	20662	21324	
38	8.34979e+006	8.35144e+006	8811	9237	5284	5866	5481	5751	1697	1794	602	647	274	302	25063	25765	116	130	2311	2438	47301	48944	21819	22536	
39	8.34727e+006	8.34903e+006	9123	9576	5503	6113	5699	5983	1755	1854	627	675	284	313	26612	27374	129	143	2389	2532	49703	51463	23027	23794	
40	8.34467e+006	8.34654e+006	9447	9909	5741	6367	5895	6185	1819	1930	651	699	297	327	28247	29077	142	157	2483	2617	52199	54067	24296	25114	
41	8.34198e+006	8.34396e+006	9781	10253	5968	6624	6127	6426	1889	2004	675	724	311	343	29919	30813	155	172	2565	2699	54775	56754	25594	26469	
42	8.33919e+006	8.34131e+006	10106	10623	6327	7003	6222	6530	1958	2073	698	749	322	353	31678	32649	171	187	2638	2807	57428	59546	27052	27985	
43	8.3363e+006	8.33855e+006	10470	10986	6675	7393	6333	6653	2045	2164	723	776	336	368	33488	34530	185	202	2751	2897	60190	62432	28570	29580	
44	8.33334e+006	8.33571e+006	10813	11345	7056	7793	6449	6770	2131	2264	748	804	347	379	35359	36475	199	217	2826	2975	63028	65395	30154	31242	
45	8.3302e+006	8.33272e+006	11224	11807	7424	8175	6569	6893	2232	2366	775	835	363	398	37301	38508	215	235	2975	3162	66020	68540	31770	32927	
46	8.32695e+006	8.32963e+006	11663	12258	7783	8582	6679	7020	2310	2447	813	875	380	416	39339	40641	231	253	3077	3258	69109	71786	33440	34678	
47	8.32364e+006	8.32645e+006	12080	12685	8173	8996	6805	7153	2390	2532	843	908	396	435	41456	42850	247	270	3168	3325	72288	75099	35171	36482	
48	8.32013e+006	8.32311e+006	12582	13232	8437	9285	7052	7405	2492	2642	871	938	412	450	43634	45118	263	288	3326	3524	75628	78609	36931	38327	
49	8.31659e+006	8.31974e+006	12965	13617	8723	9612	7344	7715	2588	2736	908	972	432	469	45889	47486	281	307	3357	3548	78999	82143	38783	40269	
50	8.31289e+006	8.3162e+006	13407	14073	9032	9972	7615	8010	2680	2824	943	1013	449	489	48238	49944	299	324	3519	3713	82532	85843	40711	42294	
51	8.30907e+006	8.31258e+006	13853	14590	9350	10318	7891	8298	2768	2916	984	1057	465	506	50660	52477	321	347	3617	3838	86160	89670	42695	44359	
52	8.3051e+006	8.3088e+006	14290	15049	9734	10730	8192	8606	2866	3018	1020	1092	485	526	53162	55108	340	368	3764	3982	89937	93639	44789	46560	
53	8.30099e+006	8.30489e+006	14835	15622	10072	11111	8453	8884	2968	3123	1060	1132	500	543	55765	57824	361	389	3902	4121	93850	97748	46901	48776	
54	8.29675e+006	8.30085e+006	15334	16164	10460	11546	8747	9199	3052	3211	1102	1178	517	560	58455	60633	380	411	4021	4254	97885	101988	49106	51074	
55	8.29239e+006	8.29669e+006	15865	16698	10812	11944	9021	9492	3152	3320	1144	1221	532	575	61283	63603	402	434	4143	4377	102044	106349	51366	53453	
56	8.28788e+006	8.2924e+006	16381	17234	11168	12347	9338	9827	3264	3441	1175	1255	546	591	64205	66667	427	460	4277	4521	106339	110852	53695	55903	
57	8.2832e+006	8.28794e+006	16922	17813	11583	12829	9641	10159	3386	3573	1220	1301	563	610	67196	69777	450	484	4442	4700	110792	115541	56139	58466	
58	8.27837e+006	8.28337e+006	17459	18392	11933	13215	9981	10507	3515	3711	1263	1344	581	629	70335	73075	479	515	4561	4832	115363	120362	58630	61093	
59	8.27336e+006	8.27861e+006	18068	19046	12343	13669	10346	10893	3637	3835	1309	1396	597	648	73513	76405	505	542	4756	5026	120131	125375	61208	63799	
60	8.26816e+006	8.27366e+006	18725	19743	12736	14113	10702	11266	3787	3998	1357	1444	619	672	76817	79863	534	574	4936	5217	125079	130579	63873	66601	
61	8.26279e+006	8.26855e+006	19378	20423	13177	14591	11080	11656	3919	4136	1400	1488	642	693	80239	83473	567	608	5095	5380	130186	135948	66636	69513	
62	8.25724e+006	8.26328e+006	20073	21155	13596	15067	11442	12044	4062	4286	1447	1541	660	712	83796	87206	597	641	5256	5563	135457	141496	69477	72503	
63	8.25152e+006	8.25782e+006	20762	21861	14009	15538	11868	12493	4200	4431	1500	1598	685	741	87487	91084	626	671	5443	5734	140917	147213	72417	75591	
64	8.2456e+006	8.25219e+006	21440	22580	14533	16121	12241	12890	4336	4575	1556	1658	718	776	91301	95085	658	704	5615	5934	146544	153134	75523	78855	
65	8.2395e+006	8.24639e+006	22141	23312	15002	16656	12699	13384	4502	4752	1612	1719	744	803	95205	99171	692	740	5792	6116	152351	159236	78666	82156	
66	8.23316e+006	8.24037e+006	22888	24101	15542	17270	13115	13835	4654	4906	1685	1800	773	835	99243	103405	724	774	6003	6351	158367	165575	81953	85613	
67	8.22664e+006	8.23416e+006	23637	24909	16643	18391	13028	13735	4799	5050	1749	1869	805	867	103453	107841	760	811	6194	6541	164578	172098	85874	89712	
68	8.21996e+006	8.2278e+006	24368	25672	17807	19597	12929	13622	4945	5205	1832	1954	844	907	107760	112389	793	846	6345	6698	170938	178780	89939	93988	
69	8.213e+006	8.22117e+006	25193	26523	18993	20824	12790	13474	5117	5396	1893	2008	879	939	112255	117117	832	889	6616	6968	177567	185736	94137	98403	
70	8.20578e+006	8.21428e+006	26064	27409	20170	22066	12681	13366	5298	5574	1963	2083	911	977	116918	122031	866	925	6870	7241	184456	192958	98478	102975	
71	8.19837e+006	8.20723e+006	26899	28293	21457	23404	12503	13179	5490	5769	2041	2163	944	1011	121719	127081	904	967	7030	7424	191504	200364	102983	107711	
72	8.19078e+006	8.19998e+006	27789	29207	22683	24663	12387	13033	5672	5970	2116	2238	983	1050	126693	132311	944	1010	7230	7616	198756	207958	107558	112527	
73	8.18291e+006	8.19248e+006	28655	30120	23441	25486	12790	13456	5878	6198	2190	2312	1015	1085	131834	137684	983	1051	7482	7882	206255	215824	112227	117431	
74	8.17479e+006	8.18475e+006	29498	31021	24254	26343	13229	13910	6090	6433	2250	2376	1037	1109	137145	143258	1026	1099	7715	8139	213988	223945	117088	122537	
75	8.16645e+006	8.17678e+006	30421	31960	25019	27185	13679	14398	6280	6635	2333	2465	1080	1156	142634	149022	1071	1146	7952	8364	221958	232290	122047	127743	
76	8.15777e+006	8.1685e+006	31446	33044	25812	28009	14112	14841	6479	6857	2390	2520	1115	1191	148347	155028	1122	1200	8262	8694	230236	240969	127175	133118	
77	8.14886e+006	8.16e+006	32444	34086	26638	28889	14565	15310	6686	7089	2470	2605	1148	1225	154218	161182	1172	1254	8481	8923	238732	249876	132486	138698	
78	8.13965e+006	8.15119e+006	33526	35174	27541	29866	15015	15793	6903	7314	2538	2679	1175	1254	160243	167509	1224	1308	8801	9223	247547	259085	137973	144462	
79	8.13015e+006	8.1421e+006	34648	36325	28406	30795	15472	16273	7138	7559	2621	2774	1207	1289	166504	174075	1273	1359	9071	9518	256635	268587	143616	150373	
80	8.12037e+006	8.13279e+006	35682	37425	29268	31736	15976	16810	7370	7799	2704	2868	1235	1324	173020	180904	1330	1419	9293	9795	265945	278366	149448	156485	
81	8.11027e+006	8.12318e+006	36791	38615	30190	32714	16489	17348	7628	8079	2787	2955	1274	1364	179663	187884	1391	1482	9588	10116	275552	288462	155428	162744	
82	8.09994e+006	8.11333e+006	37828	39740	31184	33765	17037	17932	7890	8346	2881	3062	1311	1408	186495	195044	1451	1544	9837	10349	285408	298793	161668	169252	
83	8.08924e+006	8.10311e+006	38957	40940	32189	34824	17608	18524	8137	8588	2970	3157	1356	1450	193595	202508	1514	1610	10204	10715	295627	309492	168097	175968	
84	8.07829e+006	8.09268e+006	40083	42116	33153	35867	18213	19145	8395	8864	3078	3277	1397	1494	200896	210167	1578	1678	10416	10975	306061	320449	174648	182856	
85	8.06697e+006	8.08188e+006	41268	43340	34234	37068	18738	19726	8635	9104	3186	3387	1447	1546	208451	218091	1646	1749	10775	11338	316852	331771	181472	190013	
86	8.05532e+006	8.07078e+006	42522	44657	35236	38157	19289	20314	8915	9396	3306	3517	1497	1600	216267	226279	1709	1814	11093	11663	327960	343419	188426	197296	
87	8.0433e+006	8.05931e+006	43767	45975	36412	39396	19837	20865	9165	9655	3411	3630	1541	1648	224335	234739	1783	1891	11448	12035	339428	355434	195677	204901	
88	8.03098e+006	8.04756e+006	45089	47337	37455	40582	20380	21459	9445	9944	3533	3757	1602	1716	232676	243459	1852	1966	11738	12335	351181	367755	203099	212673	
89	8.01839e+006	8.03549e+006	46356	48613	38513	41768	21002	22117	9731	10247	3656	3878	1658	1772	241280	252460	1926	2044	12046	12610	363243	380349	210704	220660	
90	8.00545e+006	8.02312e+006	47612	49911	39713	43035	21597	22723	10051	10578	3778	4003	1717	1830	250066	261698	2006	2130	12346	12963	375613	393288	218576	228927	
91	7.99201e+006	8.0103e+006	48976	51327	40833	44217	22327	23471	10404	10952	3896	4127	1771	1888	259124	271212	2086	2214	12812	13452	388441	406724	226653	237379	
92	7.97832e+006	7.99719e+006	50329	52705	42041	45521	23000	24173	10699	11263	4026	4264	1829	1953	268471	281009	2166	2303	13090	13715	401549	420421	234945	246070	
93	7.96434e+006	7.9838e+006	51655	54088	43166	46708	23698	24901	11055	11623	4154	4399	1884	2012	278132	291133	2240	2383	13368	13997	414934	434401	243434	254934	
94	7.94985e+006	7.96993e+006	53155	55637	44364	47957	24435	25636	11397	11985	4298	4541	1954	2080	287996	301498	2323	2472	13848	14510	428803	448891	252151	264058	
95	7.93509e+006	7.95577e+006	54485	56955	45699	49374	25122	26348	11733	12346	4434	4675	2010	2136	298229	312230	2410	2566	14141	14770	442962	463642	261212	273556	
96	7.91985e+006	7.94118e+006	55959	58514	46969	50698	25843	27081	12050	12680	4584	4828	2084	2211	308777	323290	2503	2666	14563	15275	457552	478891	270454	283233	
97	7.90429e+006	7.92626e+006	57496	60095	48301	52065	26439	27668	12403	13041	4739	4989	2168	2296	319643	334689	2594	2762	14901	15582	472477	494449	279978	293196	
98	7.88831e+006	7.91094e+006	58944	61580	49679	53506	27165	28408	12735	13380	4875	5131	2236	2368	330831	346421	2694	2868	15298	15993	487796	510422	289768	303425	
99	7.87198e+006	7.89525e+006	60466	63169	51071	54966	27847	29129	13110	13766	5033	5300	2315	2453	342262	358361	2791	2968	15661	16361	503484	526756	299834	313897	
100	7.85528e+006	7.8792e+006	61933	64616	52502	56497	28615	29928	13470	14135	5181	5451	2398	2536	354018	370670	2897	3080	16030	16721	519538	543453	310143	324686	
101	7.83812e+006	7.8627e+006	63514	66215	53882	57914	29318	30647	13821	14492	5353	5634	2468	2615	366219	383455	3002	3188	16483	17181	536039	560616	320718	335718	
102	7.82055e+006	7.8458e+006	65095	67814	55277	59390	30107	31474	14222	14896	5491	5778	2534	2679	378681	396488	3110	3304	16878	17593	552941	578186	331547	347014	
103	7.8025e+006	7.82845e+006	66749	69535	56675	60863	30975	32392	14564	15266	5684	5978	2624	2777	391419	409783	3221	3421	17318	18079	570287	596237	342621	358543	
104	7.78418e+006	7.81084e+006	68297	71160	58075	62287	31759	33177	15038	15761	5821	6127	2696	2854	404553	423507	3341	3545	17577	18348	587894	614554	353987	370374	
105	7.76535e+006	7.79267e+006	69968	72834	59641	63924	32523	33962	15431	16179	5992	6311	2769	2936	418023	437524	3466	3679	18152	18857	606071	633387	365767	382613	
106	7.74613e+006	7.77415e+006	71583	74483	61157	65453	33314	34760	15859	16619	6137	6471	2824	2995	431907	452032	3598	3819	18492	19244	624586	652607	377762	395083	
107	7.72647e+006	7.75522e+006	73173	76083	62687	67068	34183	35659	16307	17062	6286	6631	2884	3058	446100	466843	3735	3963	18906	19680	643517	672263	390056	407875	
108	7.70644e+006	7.73588e+006	74911	77797	64164	68624	34967	36476	16748	17521	6464	6813	2959	3135	460664	482043	3864	4100	19311	20065	662855	692301	402551	420869	
109	7.68602e+006	7.71616e+006	76454	79382	65805	70260	35832	37319	17231	18014	6635	6991	3036	3210	475561	497562	4001	4244	19695	20443	682574	712720	415446	434254	
110	7.66526e+006	7.69609e+006	78003	80922	67418	71945	36657	38182	17661	18440	6842	7214	3117	3297	490840	513464	4142	4389	20042	20782	702644	733474	428592	447882	
111	7.64402e+006	7.67558e+006	79582	82514	68882	73484	37608	39150	18112	18906	7021	7395	3205	3382	506565	529821	4290	4545	20481	21275	723161	754714	441979	461784	
112	7.62235e+006	7.65461e+006	81209	84157	70436	75069	38482	40043	18544	19351	7218	7597	3287	3473	522699	546595	4431	4692	20939	21707	744131	776390	455673	475971	
113	7.60037e+006	7.6333e+006	82786	85715	71982	76603	39308	40878	19033	19886	7378	7756	3353	3537	539232	563785	4592	4861	21267	22007	765433	798362	469674	490470	
114	7.5779e+006	7.6115e+006	84512	87438	73654	78238	40112	41667	19473	20339	7596	7985	3444	3634	556021	581258	4750	5026	21766	22508	787233	820836	483957	505251	
115	7.55504e+006	7.58932e+006	86179	89057	75140	79818	40929	42530	19926	20782	7811	8206	3552	3744	573364	599256	4915	5198	22147	22896	809416	843695	498529	520324	
116	7.53186e+006	7.56684e+006	87685	90568	76715	81406	41804	43402	20317	21168	8045	8440	3668	3864	591088	617675	5085	5376	22447	23215	831895	866879	513387	535683	
117	7.50832e+006	7.54398e+006	89252	92131	78290	82934	42604	44188	20748	21602	8253	8648	3773	3972	609208	636510	5257	5554	22836	23569	854757	890421	528507	551286	
118	7.48431e+006	7.52068e+006	90742	93670	79896	84522	43465	45030	21269	22120	8463	8858	3866	4067	627636	655636	5434	5740	23257	24046	878053	914429	543971	567245	
119	7.45998e+006	7.49706e+006	92186	95134	81490	86102	44339	45886	21708	22540	8683	9091	3962	4173	646518	675215	5612	5927	23592	24358	901675	938755	559713	583475	
120	7.43521e+006	7.47297e+006	93792	96724	82953	87589	45277	46837	22190	23016	8883	9288	4053	4264	665724	695102	5796	6120	24054	24805	925767	963522	575635	599898	
121	7.41001e+006	7.44847e+006	95422	98388	84483	89056	46114	47650	22660	23494	9111	9525	4165	4374	685343	715432	5989	6321	24464	25233	950264	988723	591875	616625	
122	7.38457e+006	7.42367e+006	96929	99816	85996	90595	46916	48453	23179	24029	9309	9719	4265	4472	705398	736176	6186	6524	24764	25475	975064	1.01416e+006	608421	633687	
123	7.35896e+006	7.39867e+006	98306	101110	87470	92104	47763	49299	23677	24524	9525	9946	4372	4583	725786	757220	6385	6731	24960	25660	1.00007e+006	1.03978e+006	625188	650969	
124	7.3329e+006	7.37325e+006	99633	102403	88942	93592	48557	50129	24118	24971	9751	10166	4476	4685	746708	778802	6600	6953	25381	26098	1.02549e+006	1.06584e+006	642312	668544	
125	7.30647e+006	7.34747e+006	100904	103640	90422	95080	49407	50966	24591	25432	9935	10350	4560	4773	768019	800790	6816	7178	25728	26478	1.05127e+006	1.09227e+006	659676	686422	
126	7.27979e+006	7.32138e+006	102187	104898	92012	96615	50145	51681	25049	25902	10110	10524	4636	4844	789645	823111	7029	7403	26046	26734	1.07736e+006	1.11895e+006	677349	704552	
127	7.25279e+006	7.29499e+006	103569	106275	93459	98021	50834	52356	25525	26393	10360	10769	4739	4941	811562	845691	7247	7630	26342	27037	1.10375e+006	1.14594e+006	695221	722862	
128	7.22559e+006	7.26838e+006	104743	107432	94824	99298	51607	53115	25970	26845	10569	10985	4836	5037	833967	868787	7484	7872	26558	27252	1.13036e+006	1.17314e+006	713272	741361	
129	7.19804e+006	7.24135e+006	106002	108553	96245	100689	52328	53838	26416	27296	10820	11229	4954	5146	856656	892183	7716	8115	26982	27602	1.15739e+006	1.20069e+006	731622	760180	
130	7.17025e+006	7.21409e+006	107167	109657	97611	101982	52978	54450	26850	27741	11038	11450	5058	5255	879857	916032	7955	8367	27206	27844	1.18465e+006	1.22849e+006	750223	779218	
131	7.14225e+006	7.1866e+006	108253	110688	98862	103144	53620	55077	27375	28288	11243	11652	5160	5360	903381	940221	8201	8626	27432	28065	1.21214e+006	1.25649e+006	769042	798473	
132	7.11414e+006	7.15896e+006	109282	111590	100030	104293	54255	55695	27833	28754	11496	11908	5277	5481	927219	964700	8440	8876	27575	28165	1.23978e+006	1.28459e+006	788019	817897	
133	7.0858e+006	7.13102e+006	110175	112389	101276	105456	55044	56462	28230	29121	11732	12156	5390	5600	951345	989449	8685	9128	27864	28413	1.26772e+006	1.31293e+006	807208	837441	
134	7.05714e+006	7.10285e+006	111063	113277	102590	106670	55587	56963	28640	29520	11928	12370	5496	5714	975902	1.01463e+006	8941	9394	28091	28735	1.29588e+006	1.34159e+006	826701	857319	
135	7.02843e+006	7.07454e+006	111879	113988	103698	107639	56218	57546	29090	29954	12181	12617	5611	5824	1.00071e+006	1.0401e+006	9208	9674	28247	28777	1.32419e+006	1.37031e+006	846276	877290	
136	6.99944e+006	7.04593e+006	112838	114892	104639	108470	56825	58126	29477	30327	12440	12876	5742	5958	1.0259e+006	1.06589e+006	9467	9944	28528	29075	1.3528e+006	1.3993e+006	865960	897312	
137	6.97052e+006	7.01741e+006	113410	115487	105757	109416	57273	58513	29822	30634	12655	13102	5858	6078	1.05144e+006	1.09204e+006	9753	10241	28444	29000	1.38133e+006	1.42822e+006	885987	917655	
138	6.94144e+006	6.98865e+006	113996	115920	106757	110328	57835	59054	30178	30962	12895	13352	5977	6193	1.07718e+006	1.11839e+006	10029	10520	28679	29165	1.41009e+006	1.4573e+006	906116	938154	
139	6.9122e+006	6.9597e+006	114623	116449	107687	111158	58193	59375	30564	31353	13076	13533	6058	6275	1.10333e+006	1.14507e+006	10328	10826	28855	29324	1.43904e+006	1.48653e+006	926415	958758	
140	6.88283e+006	6.93057e+006	115124	116841	108498	111857	58736	59876	30927	31699	13283	13733	6162	6375	1.12972e+006	1.17202e+006	10620	11132	29018	29478	1.46816e+006	1.5159e+006	946844	979470	
141	6.85351e+006	6.9015e+006	115672	117244	109127	112404	59130	60254	31220	31988	13516	13962	6255	6467	1.15639e+006	1.19919e+006	10922	11442	28984	29411	1.49724e+006	1.54523e+006	967191	1.00011e+006	
142	6.82418e+006	6.87239e+006	115996	117519	109923	113075	59474	60546	31531	32271	13722	14172	6356	6563	1.1832e+006	1.22648e+006	11234	11759	29012	29431	1.52635e+006	1.57456e+006	987780	1.02094e+006	
143	6.79484e+006	6.84324e+006	116169	117650	110502	113563	59907	60949	31800	32508	13929	14362	6441	6645	1.21034e+006	1.25408e+006	11549	12086	29027	29458	1.5555e+006	1.60389e+006	1.00848e+006	1.04188e+006	
144	6.76542e+006	6.81395e+006	116302	117731	111111	113937	60293	61251	32088	32785	14169	14591	6542	6742	1.23767e+006	1.28192e+006	11855	12401	29146	29564	1.58478e+006	1.63332e+006	1.02929e+006	1.0629e+006	
145	6.73601e+006	6.78469e+006	116460	117851	111602	114300	60570	61491	32301	32985	14340	14764	6618	6819	1.26526e+006	1.30992e+006	12188	12739	29153	29521	1.61405e+006	1.66272e+006	1.05011e+006	1.08391e+006	
146	6.70672e+006	6.7555e+006	116485	117864	111942	114517	60721	61625	32592	33260	14507	14924	6675	6872	1.29307e+006	1.33814e+006	12522	13087	29032	29449	1.64323e+006	1.69202e+006	1.071e+006	1.10495e+006	
147	6.67744e+006	6.72627e+006	116551	117821	112469	114884	60817	61672	32836	33469	14676	15073	6746	6942	1.32085e+006	1.36636e+006	12856	13430	29082	29426	1.67246e+006	1.7213e+006	1.09194e+006	1.12602e+006	
148	6.64821e+006	6.69712e+006	116393	117644	112749	115087	61015	61858	33079	33695	14818	15202	6799	6991	1.34888e+006	1.39474e+006	13194	13780	28996	29379	1.70161e+006	1.75052e+006	1.1129e+006	1.14708e+006	
149	6.61918e+006	6.66806e+006	116122	117340	112958	115206	61114	61925	33300	33915	14975	15344	6881	7077	1.37712e+006	1.42328e+006	13527	14118	28865	29233	1.73068e+006	1.77956e+006	1.13388e+006	1.16819e+006	
150	6.59029e+006	6.63911e+006	115845	116972	113042	115231	61055	61860	33471	34038	15107	15464	6936	7124	1.40559e+006	1.45206e+006	13865	14466	28754	29084	1.75963e+006	1.80844e+006	1.15486e+006	1.18927e+006	
151	6.56153e+006	6.61031e+006	115336	116533	113084	115173	61145	61897	33654	34192	15204	15552	6982	7169	1.43403e+006	1.48079e+006	14217	14822	28574	28985	1.78843e+006	1.8372e+006	1.17582e+006	1.21027e+006	
152	6.53303e+006	6.58165e+006	114708	115944	113080	115144	61130	61876	33708	34219	15340	15671	7026	7213	1.46259e+006	1.50962e+006	14573	15184	28358	28799	1.81708e+006	1.86571e+006	1.19672e+006	1.23124e+006	
153	6.50464e+006	6.55312e+006	114086	115392	113012	114956	61098	61778	33793	34261	15460	15778	7085	7258	1.49118e+006	1.53844e+006	14931	15546	28253	28672	1.84562e+006	1.8941e+006	1.21761e+006	1.25213e+006	
154	6.47636e+006	6.5247e+006	113461	114874	112890	114719	60869	61495	33883	34338	15533	15837	7112	7285	1.51992e+006	1.56738e+006	15290	15915	28143	28551	1.87403e+006	1.92238e+006	1.23848e+006	1.27298e+006	
155	6.44842e+006	6.49659e+006	112673	114162	112459	114340	60686	61373	33920	34353	15643	15934	7150	7325	1.54866e+006	1.59631e+006	15658	16294	27801	28260	1.90215e+006	1.95032e+006	1.25915e+006	1.29364e+006	
156	6.42061e+006	6.46853e+006	112003	113544	112034	113917	60456	61126	33939	34402	15732	16019	7214	7383	1.57734e+006	1.62511e+006	16032	16680	27698	28170	1.93021e+006	1.97813e+006	1.27977e+006	1.31417e+006	
157	6.3931e+006	6.44075e+006	111157	112756	111500	113504	60100	60846	33938	34392	15811	16092	7233	7394	1.60611e+006	1.65394e+006	16412	17070	27409	27882	1.95799e+006	2.00564e+006	1.3003e+006	1.33464e+006	
158	6.36585e+006	6.41325e+006	110149	111809	110972	113031	59738	60531	33977	34457	15893	16155	7289	7439	1.63476e+006	1.68268e+006	16775	17438	27130	27609	1.98548e+006	2.03288e+006	1.3208e+006	1.35507e+006	
159	6.33892e+006	6.38604e+006	109173	110869	110201	112378	59409	60244	33947	34422	15930	16197	7294	7458	1.66343e+006	1.71136e+006	17147	17810	26830	27314	2.0127e+006	2.05981e+006	1.34103e+006	1.37518e+006	
160	6.3123e+006	6.35908e+006	108016	109745	109370	111732	59137	60023	33865	34310	16037	16290	7343	7503	1.69199e+006	1.73989e+006	17516	18183	26542	27046	2.03966e+006	2.08644e+006	1.36116e+006	1.39516e+006	
161	6.28598e+006	6.33237e+006	106835	108668	108705	111176	58607	59507	33740	34179	16118	16377	7380	7546	1.72042e+006	1.76834e+006	17891	18570	26231	26802	2.06637e+006	2.11276e+006	1.38126e+006	1.41508e+006	
162	6.25984e+006	6.30585e+006	105738	107680	107876	110396	58189	59115	33608	34041	16150	16413	7395	7559	1.74874e+006	1.79657e+006	18292	18971	26043	26612	2.09289e+006	2.13889e+006	1.40108e+006	1.43474e+006	
163	6.23406e+006	6.27966e+006	104614	106631	106882	109457	57772	58685	33430	33892	16175	16422	7409	7564	1.777e+006	1.82475e+006	18680	19364	25707	26262	2.11908e+006	2.16468e+006	1.42065e+006	1.45412e+006	
164	6.20862e+006	6.2538e+006	103441	105522	105761	108450	57264	58214	33221	33708	16184	16437	7419	7572	1.80518e+006	1.85286e+006	19065	19758	25368	25938	2.14494e+006	2.19012e+006	1.44008e+006	1.47335e+006	
165	6.18357e+006	6.22831e+006	102182	104283	104714	107534	56707	57707	33000	33501	16189	16424	7427	7580	1.83308e+006	1.88065e+006	19464	20157	24978	25557	2.17043e+006	2.21517e+006	1.45932e+006	1.49234e+006	
166	6.15897e+006	6.20322e+006	100682	102819	103601	106528	56156	57164	32787	33321	16190	16424	7414	7572	1.86092e+006	1.90829e+006	19858	20553	24544	25146	2.19552e+006	2.23976e+006	1.47845e+006	1.51119e+006	
167	6.13456e+006	6.17835e+006	99307	101501	102385	105414	55637	56692	32543	33102	16172	16399	7416	7570	1.88852e+006	1.93568e+006	20257	20954	24343	24933	2.22039e+006	2.26417e+006	1.49731e+006	1.52979e+006	
168	6.11064e+006	6.15395e+006	97790	100031	101260	104393	54980	56061	32304	32847	16171	16398	7416	7569	1.91584e+006	1.9628e+006	20653	21349	23856	24464	2.24478e+006	2.2881e+006	1.51601e+006	1.54821e+006	
169	6.08704e+006	6.12984e+006	96352	98642	100126	103371	54244	55345	32044	32591	16146	16379	7412	7565	1.9429e+006	1.98964e+006	21057	21753	23540	24168	2.26889e+006	2.3117e+006	1.5345e+006	1.56636e+006	
170	6.0638e+006	6.10607e+006	94996	97325	98755	102116	53586	54732	31739	32284	16066	16311	7368	7519	1.96982e+006	2.01627e+006	21452	22150	23187	23830	2.29267e+006	2.33494e+006	1.55259e+006	1.58412e+006	
171	6.04091e+006	6.08267e+006	93475	95856	97540	100943	52890	54058	31485	32042	15958	16202	7321	7472	1.99647e+006	2.04259e+006	21847	22546	22818	23468	2.31607e+006	2.35783e+006	1.57062e+006	1.60182e+006	
172	6.0185e+006	6.05969e+006	91964	94437	96162	99621	52057	53258	31167	31757	15859	16113	7280	7435	2.02298e+006	2.06874e+006	22229	22936	22351	23039	2.33905e+006	2.38024e+006	1.58829e+006	1.61917e+006	
173	5.99649e+006	6.03712e+006	90381	92890	94757	98306	51277	52495	30842	31446	15735	15986	7227	7380	2.04918e+006	2.0946e+006	22628	23330	21957	22620	2.36162e+006	2.40224e+006	1.60574e+006	1.63625e+006	
174	5.97485e+006	6.01488e+006	88788	91355	93342	96984	50492	51728	30491	31128	15638	15906	7182	7348	2.07505e+006	2.12011e+006	23014	23723	21595	22295	2.38386e+006	2.42389e+006	1.62303e+006	1.65313e+006	
175	5.95364e+006	5.99307e+006	87117	89759	91893	95609	49760	51035	30125	30782	15510	15785	7116	7279	2.1006e+006	2.14527e+006	23406	24113	21159	21860	2.40567e+006	2.4451e+006	1.63996e+006	1.66971e+006	
176	5.93291e+006	5.97181e+006	85419	88047	90506	94295	48961	50235	29743	30419	15366	15647	7054	7217	2.12578e+006	2.17002e+006	23798	24506	20654	21327	2.42693e+006	2.46582e+006	1.65662e+006	1.68595e+006	
177	5.91256e+006	5.95085e+006	83764	86439	88915	92786	48158	49440	29335	30016	15222	15522	6987	7154	2.15078e+006	2.19459e+006	24196	24903	20298	21016	2.44789e+006	2.48617e+006	1.67296e+006	1.7019e+006	
178	5.89257e+006	5.93029e+006	82109	84762	87413	91398	47367	48689	28892	29595	15063	15380	6900	7073	2.17535e+006	2.21874e+006	24580	25284	19941	20618	2.46845e+006	2.50617e+006	1.68906e+006	1.7176e+006	
179	5.87296e+006	5.91013e+006	80487	83131	85835	89900	46551	47893	28536	29233	14926	15254	6839	7018	2.19957e+006	2.24245e+006	24958	25660	19538	20227	2.48861e+006	2.52577e+006	1.70486e+006	1.73298e+006	
180	5.85375e+006	5.89031e+006	78989	81674	84108	88202	45742	47090	28131	28823	14775	15101	6778	6956	2.22352e+006	2.26586e+006	25346	26055	19160	19866	2.50843e+006	2.54499e+006	1.7203e+006	1.74802e+006	
181	5.83507e+006	5.87105e+006	77313	79981	82416	86608	44878	46268	27735	28434	14639	14974	6721	6897	2.24706e+006	2.28892e+006	25711	26422	18626	19318	2.52769e+006	2.56367e+006	1.73549e+006	1.7628e+006	
182	5.81686e+006	5.85226e+006	75523	78211	80852	85049	44007	45431	27277	28000	14479	14818	6656	6829	2.27026e+006	2.31158e+006	26080	26784	18152	18847	2.54648e+006	2.58187e+006	1.7504e+006	1.77733e+006	
183	5.79897e+006	5.83378e+006	73822	76514	79274	83495	43164	44593	26843	27566	14348	14698	6587	6766	2.293e+006	2.33379e+006	26451	27156	17834	18533	2.56496e+006	2.59977e+006	1.76503e+006	1.79156e+006	
184	5.78154e+006	5.81576e+006	72044	74716	77727	81963	42266	43706	26389	27112	14153	14512	6493	6681	2.3155e+006	2.35572e+006	26832	27530	17381	18069	2.58297e+006	2.6172e+006	1.77945e+006	1.80555e+006	
185	5.76443e+006	5.79807e+006	70473	73145	76095	80329	41365	42799	25874	26636	13987	14354	6419	6615	2.33758e+006	2.37725e+006	27195	27892	17056	17747	2.60067e+006	2.63431e+006	1.79346e+006	1.81913e+006	
186	5.74773e+006	5.78077e+006	68966	71656	74495	78763	40446	41902	25391	26163	13824	14187	6333	6525	2.35912e+006	2.39826e+006	27557	28250	16648	17354	2.61797e+006	2.65101e+006	1.80717e+006	1.83242e+006	
187	5.73152e+006	5.76398e+006	67282	69969	72912	77156	39582	41009	24903	25689	13661	14018	6265	6456	2.38034e+006	2.4189e+006	27929	28618	16152	16843	2.63476e+006	2.66721e+006	1.82061e+006	1.84542e+006	
188	5.71571e+006	5.74758e+006	65661	68355	71230	75484	38706	40131	24456	25239	13463	13818	6165	6355	2.4012e+006	2.43921e+006	28279	28963	15764	16452	2.65116e+006	2.68303e+006	1.83368e+006	1.85808e+006	
189	5.70022e+006	5.73149e+006	64042	66743	69639	73903	37798	39248	23977	24754	13256	13613	6055	6252	2.4217e+006	2.45914e+006	28632	29313	15439	16132	2.66724e+006	2.69852e+006	1.84656e+006	1.87056e+006	
190	5.68512e+006	5.71584e+006	62434	65103	67964	72231	36955	38415	23532	24329	13046	13408	5959	6157	2.44179e+006	2.47867e+006	28975	29655	15036	15718	2.6829e+006	2.71361e+006	1.85916e+006	1.88274e+006	
191	5.67052e+006	5.70068e+006	60832	63464	66364	70642	36064	37546	23072	23857	12823	13193	5846	6049	2.4614e+006	2.49771e+006	29316	29987	14550	15205	2.69806e+006	2.72821e+006	1.87141e+006	1.8946e+006	
192	5.6562e+006	5.68583e+006	59333	61919	64774	69058	35251	36750	22556	23347	12604	12974	5745	5940	2.48058e+006	2.51632e+006	29656	30321	14266	14906	2.7129e+006	2.74254e+006	1.88332e+006	1.9061e+006	
193	5.64229e+006	5.67137e+006	57751	60301	63213	67499	34419	35908	22058	22845	12393	12772	5658	5853	2.49942e+006	2.53459e+006	29992	30649	13855	14515	2.72737e+006	2.75645e+006	1.89503e+006	1.91738e+006	
194	5.6287e+006	5.65723e+006	56259	58778	61670	65943	33629	35100	21569	22353	12192	12580	5577	5770	2.51781e+006	2.5524e+006	30307	30959	13546	14193	2.74151e+006	2.77004e+006	1.90639e+006	1.92834e+006	
195	5.61553e+006	5.64352e+006	54817	57341	60057	64284	32760	34193	21102	21910	11957	12355	5472	5663	2.53585e+006	2.56989e+006	30633	31281	13110	13766	2.75522e+006	2.78321e+006	1.91748e+006	1.93903e+006	
196	5.60267e+006	5.63014e+006	53345	55872	58502	62660	31949	33353	20616	21401	11724	12134	5375	5575	2.55356e+006	2.58701e+006	30946	31590	12799	13432	2.76859e+006	2.79606e+006	1.92829e+006	1.94947e+006	
197	5.59028e+006	5.61725e+006	51830	54303	57047	61165	31125	32502	20132	20903	11493	11905	5266	5468	2.57076e+006	2.6036e+006	31270	31908	12341	12946	2.78149e+006	2.80846e+006	1.93891e+006	1.9597e+006	
198	5.57815e+006	5.60462e+006	50367	52787	55653	59727	30313	31668	19695	20460	11260	11665	5171	5371	2.58752e+006	2.61977e+006	31588	32222	12082	12678	2.79412e+006	2.82059e+006	1.94927e+006	1.96966e+006	
199	5.56633e+006	5.5923e+006	49021	51392	54175	58205	29471	30816	19212	19992	11018	11426	5057	5249	2.60402e+006	2.63569e+006	31892	32518	11763	12372	2.80644e+006	2.8324e+006	1.95931e+006	1.97931e+006	
200	5.55486e+006	5.58036e+006	47642	49959	52803	56793	28614	29934	18761	19548	10784	11193	4946	5141	2.62006e+006	2.65118e+006	32187	32808	11418	12001	2.81838e+006	2.84388e+006	1.96914e+006	1.98874e+006	
201	5.54373e+006	5.56875e+006	46373	48678	51357	55308	27840	29171	18236	19021	10548	10948	4837	5028	2.63569e+006	2.66627e+006	32472	33084	11070	11666	2.82999e+006	2.85501e+006	1.97855e+006	1.9978e+006	
202	5.53291e+006	5.55746e+006	45057	47336	49950	53866	27061	28387	17747	18536	10321	10727	4735	4933	2.65098e+006	2.68103e+006	32749	33355	10767	11337	2.84127e+006	2.86582e+006	1.98776e+006	2.00668e+006	
203	5.52246e+006	5.54652e+006	43687	45968	48540	52397	26392	27699	17269	18066	10093	10486	4621	4821	2.66586e+006	2.69536e+006	33040	33638	10396	11000	2.85222e+006	2.87627e+006	1.99674e+006	2.0153e+006	
204	5.51219e+006	5.53578e+006	42485	44767	47135	50916	25686	26972	16783	17587	9838	10228	4486	4680	2.68047e+006	2.70943e+006	33310	33901	10219	10796	2.86296e+006	2.88655e+006	2.00543e+006	2.02365e+006	
205	5.50238e+006	5.52553e+006	41173	43402	45807	49525	24989	26246	16355	17142	9605	9983	4377	4570	2.69461e+006	2.723e+006	33573	34157	9758	10301	2.87321e+006	2.89636e+006	2.01394e+006	2.03181e+006	
206	5.49278e+006	5.51552e+006	39944	42133	44458	48114	24316	25552	15944	16700	9394	9780	4285	4480	2.70837e+006	2.73623e+006	33831	34406	9537	10068	2.88322e+006	2.90595e+006	2.02219e+006	2.03972e+006	
207	5.48344e+006	5.50575e+006	38828	40952	43217	46866	23624	24844	15495	16231	9141	9527	4168	4355	2.72172e+006	2.74907e+006	34095	34667	9278	9823	2.89298e+006	2.91529e+006	2.0302e+006	2.04737e+006	
208	5.47432e+006	5.49623e+006	37669	39744	42015	45638	22978	24175	15037	15750	8912	9299	4069	4257	2.7348e+006	2.76166e+006	34341	34904	9058	9590	2.90251e+006	2.92442e+006	2.03803e+006	2.05488e+006	
209	5.46551e+006	5.48703e+006	36662	38704	40741	44301	22253	23434	14610	15318	8696	9080	3975	4167	2.74752e+006	2.77388e+006	34591	35147	8752	9260	2.91171e+006	2.93322e+006	2.04553e+006	2.06207e+006	
210	5.45707e+006	5.47817e+006	35509	37548	39534	43046	21584	22751	14278	14954	8479	8867	3888	4076	2.75979e+006	2.78567e+006	34835	35386	8386	8911	2.92057e+006	2.94166e+006	2.05289e+006	2.06911e+006	
211	5.44886e+006	5.46957e+006	34396	36380	38342	41801	20986	22152	13866	14533	8291	8675	3803	3985	2.77178e+006	2.79717e+006	35067	35610	8169	8651	2.92917e+006	2.94988e+006	2.05997e+006	2.0759e+006	
212	5.4409e+006	5.46124e+006	33230	35177	37247	40665	20376	21538	13436	14126	8087	8463	3702	3881	2.78347e+006	2.80839e+006	35296	35833	7895	8384	2.93749e+006	2.95784e+006	2.06695e+006	2.08259e+006	
213	5.43319e+006	5.45317e+006	32135	34050	36162	39478	19833	20967	13107	13810	7857	8228	3599	3774	2.79474e+006	2.81917e+006	35522	36055	7657	8133	2.94557e+006	2.96555e+006	2.07366e+006	2.08902e+006	
214	5.42572e+006	5.44536e+006	31158	32999	34982	38245	19192	20302	12795	13486	7638	8006	3508	3685	2.80581e+006	2.82977e+006	35736	36265	7407	7862	2.95338e+006	2.97301e+006	2.08016e+006	2.09522e+006	
215	5.41847e+006	5.43776e+006	30179	32017	33929	37130	18669	19754	12465	13136	7431	7798	3419	3595	2.81639e+006	2.83991e+006	35956	36480	7187	7672	2.96098e+006	2.98027e+006	2.08644e+006	2.10123e+006	
216	5.41146e+006	5.43042e+006	29238	31028	32883	36040	18086	19147	12042	12715	7231	7584	3327	3498	2.82682e+006	2.84993e+006	36172	36686	6955	7393	2.96832e+006	2.98728e+006	2.09255e+006	2.10706e+006	
217	5.40466e+006	5.42333e+006	28311	30052	31867	34951	17497	18530	11702	12368	7040	7390	3238	3412	2.83692e+006	2.8596e+006	36373	36879	6732	7156	2.97541e+006	2.99407e+006	2.09846e+006	2.11271e+006	
218	5.39806e+006	5.41642e+006	27447	29151	30806	33816	16919	17925	11374	12016	6861	7215	3159	3333	2.84678e+006	2.86904e+006	36571	37072	6543	6960	2.98232e+006	3.00067e+006	2.10419e+006	2.11819e+006	
219	5.39168e+006	5.40974e+006	26587	28223	29790	32772	16382	17369	11057	11689	6659	7007	3071	3239	2.85631e+006	2.87818e+006	36770	37264	6330	6742	2.989e+006	3.00706e+006	2.10976e+006	2.1235e+006	
220	5.38549e+006	5.40327e+006	25757	27363	28886	31768	15881	16829	10694	11311	6469	6811	2974	3138	2.86555e+006	2.88699e+006	36962	37448	6125	6533	2.99547e+006	3.01325e+006	2.11515e+006	2.12864e+006	
221	5.37954e+006	5.39705e+006	24920	26477	27985	30800	15363	16285	10346	10962	6278	6607	2890	3047	2.87451e+006	2.89556e+006	37156	37633	5895	6269	3.00168e+006	3.0192e+006	2.12035e+006	2.13361e+006	
222	5.3738e+006	5.39105e+006	24054	25584	27089	29840	14908	15819	10019	10618	6097	6424	2811	2964	2.88319e+006	2.90386e+006	37329	37803	5677	6068	3.00769e+006	3.02494e+006	2.12537e+006	2.13841e+006	
223	5.36819e+006	5.38517e+006	23280	24772	26233	28919	14451	15336	9698	10283	5927	6256	2737	2887	2.89159e+006	2.91189e+006	37501	37973	5554	5930	3.01356e+006	3.03055e+006	2.13023e+006	2.14306e+006	
224	5.36278e+006	5.37953e+006	22504	23944	25375	28014	14033	14905	9367	9936	5795	6120	2675	2825	2.89972e+006	2.91966e+006	37664	38130	5348	5707	3.01921e+006	3.03595e+006	2.13494e+006	2.14757e+006	
225	5.35762e+006	5.37411e+006	21712	23147	24561	27085	13576	14411	9037	9588	5654	5978	2603	2757	2.90765e+006	2.92723e+006	37822	38286	5105	5470	3.02463e+006	3.04112e+006	2.13948e+006	2.15191e+006	
226	5.35259e+006	5.36886e+006	21008	22392	23734	26209	13132	13955	8784	9319	5453	5778	2505	2658	2.91529e+006	2.93453e+006	37993	38451	4971	5313	3.02988e+006	3.04615e+006	2.14389e+006	2.15613e+006	
227	5.34771e+006	5.36375e+006	20259	21640	22979	25406	12715	13527	8516	9036	5302	5624	2445	2595	2.92266e+006	2.9416e+006	38148	38602	4804	5180	3.03498e+006	3.05103e+006	2.14818e+006	2.16024e+006	
228	5.34294e+006	5.35876e+006	19631	20983	22224	24583	12291	13080	8278	8802	5137	5447	2359	2504	2.92982e+006	2.94845e+006	38303	38750	4721	5048	3.03998e+006	3.0558e+006	2.15233e+006	2.16421e+006	
229	5.3384e+006	5.35403e+006	18993	20306	21446	23757	11855	12623	8022	8535	4988	5293	2282	2429	2.93678e+006	2.95511e+006	38444	38887	4468	4793	3.0447e+006	3.06034e+006	2.1563e+006	2.16801e+006	
230	5.334e+006	5.34943e+006	18359	19659	20717	22961	11437	12193	7785	8290	4833	5130	2212	2360	2.94352e+006	2.96154e+006	38588	39028	4339	4664	3.0493e+006	3.06474e+006	2.16013e+006	2.1717e+006	
231	5.32971e+006	5.34495e+006	17788	19008	20012	22257	11049	11810	7521	8003	4675	4977	2142	2289	2.95004e+006	2.96779e+006	38722	39158	4235	4528	3.05378e+006	3.06902e+006	2.16387e+006	2.17527e+006	
232	5.32561e+006	5.34067e+006	17110	18302	19390	21566	10733	11464	7256	7739	4525	4819	2068	2216	2.95632e+006	2.97381e+006	38862	39291	4043	4343	3.05806e+006	3.07313e+006	2.16751e+006	2.17876e+006	
233	5.32169e+006	5.33658e+006	16500	17661	18688	20814	10355	11074	7031	7501	4392	4670	2008	2152	2.96245e+006	2.97965e+006	38998	39423	3859	4151	3.06215e+006	3.07705e+006	2.17097e+006	2.18209e+006	
234	5.31785e+006	5.33257e+006	15945	17066	18025	20121	10008	10722	6762	7203	4252	4528	1945	2088	2.9684e+006	2.98534e+006	39131	39554	3785	4068	3.06616e+006	3.08089e+006	2.17431e+006	2.18529e+006	
235	5.31414e+006	5.3287e+006	15357	16472	17473	19495	9700	10396	6527	6953	4093	4358	1881	2016	2.9741e+006	2.99077e+006	39257	39677	3647	3932	3.07004e+006	3.0846e+006	2.17759e+006	2.18843e+006	
236	5.31057e+006	5.32497e+006	14833	15907	16905	18881	9352	10028	6293	6707	3970	4228	1829	1962	2.97961e+006	2.99605e+006	39377	39793	3519	3778	3.07377e+006	3.08817e+006	2.18074e+006	2.19146e+006	
237	5.30712e+006	5.32137e+006	14372	15413	16336	18231	8993	9632	6113	6525	3832	4079	1758	1887	2.98494e+006	3.00113e+006	39488	39901	3398	3657	3.07737e+006	3.09162e+006	2.18379e+006	2.19437e+006	
238	5.3038e+006	5.31791e+006	13853	14863	15744	17594	8654	9283	5921	6319	3700	3948	1698	1829	2.99016e+006	3.00612e+006	39600	40009	3265	3519	3.08083e+006	3.09494e+006	2.18673e+006	2.19721e+006	
239	5.30055e+006	5.31453e+006	13390	14372	15226	17033	8361	8973	5702	6092	3591	3830	1649	1772	2.99512e+006	3.01088e+006	39709	40116	3186	3441	3.08421e+006	3.09819e+006	2.18957e+006	2.19993e+006	
240	5.29742e+006	5.31126e+006	12951	13917	14730	16466	8053	8638	5534	5931	3475	3710	1593	1712	2.99991e+006	3.01546e+006	39812	40215	3081	3322	3.08748e+006	3.10132e+006	2.19231e+006	2.20256e+006	
241	5.29445e+006	5.30816e+006	12463	13408	14188	15887	7769	8337	5382	5769	3367	3586	1544	1657	3.00457e+006	3.01991e+006	39913	40313	2907	3152	3.09057e+006	3.10428e+006	2.19496e+006	2.2051e+006	
242	5.29153e+006	5.30512e+006	12071	12979	13682	15332	7507	8057	5211	5588	3250	3466	1494	1604	3.00905e+006	3.02421e+006	40012	40410	2869	3094	3.09361e+006	3.10721e+006	2.1975e+006	2.20755e+006	
243	5.28872e+006	5.3022e+006	11639	12524	13221	14838	7294	7842	5011	5375	3142	3356	1440	1548	3.01336e+006	3.02834e+006	40110	40505	2754	2985	3.09654e+006	3.11002e+006	2.19997e+006	2.20993e+006	
244	5.28598e+006	5.29935e+006	11236	12107	12792	14362	7031	7560	4825	5187	3035	3238	1392	1495	3.01757e+006	3.03239e+006	40210	40601	2679	2903	3.09939e+006	3.11276e+006	2.20238e+006	2.21223e+006	
245	5.28338e+006	5.29664e+006	10878	11720	12313	13836	6780	7294	4673	5026	2928	3133	1340	1443	3.02162e+006	3.03626e+006	40300	40689	2549	2765	3.1021e+006	3.11536e+006	2.20465e+006	2.21441e+006	
246	5.2809e+006	5.29406e+006	10439	11260	11910	13390	6546	7044	4503	4843	2839	3042	1293	1395	3.02553e+006	3.04001e+006	40390	40775	2433	2631	3.10468e+006	3.11784e+006	2.20689e+006	2.21656e+006	
247	5.27843e+006	5.2915e+006	10092	10892	11500	12950	6314	6809	4324	4662	2748	2949	1252	1353	3.02931e+006	3.04365e+006	40475	40858	2407	2618	3.10724e+006	3.12031e+006	2.20903e+006	2.21862e+006	
248	5.27606e+006	5.28904e+006	9725	10507	11123	12541	6112	6595	4170	4492	2660	2852	1209	1304	3.03296e+006	3.04714e+006	40555	40938	2309	2521	3.10969e+006	3.12268e+006	2.21111e+006	2.22062e+006	
249	5.27381e+006	5.28671e+006	9375	10127	10724	12100	5884	6351	4040	4354	2568	2757	1170	1264	3.03649e+006	3.05054e+006	40634	41014	2201	2383	3.11203e+006	3.12493e+006	2.2131e+006	2.22254e+006	
250	5.2716e+006	5.28443e+006	9096	9837	10285	11618	5681	6136	3924	4221	2482	2670	1138	1230	3.03991e+006	3.0538e+006	40707	41082	2155	2339	3.11431e+006	3.12714e+006	2.21498e+006	2.22435e+006	
251	5.26945e+006	5.2822e+006	8779	9504	9971	11269	5502	5945	3761	4040	2398	2590	1102	1194	3.04319e+006	3.05695e+006	40775	41149	2092	2283	3.11654e+006	3.12929e+006	2.21684e+006	2.22614e+006	
252	5.26736e+006	5.28005e+006	8500	9195	9601	10889	5311	5752	3660	3930	2321	2506	1063	1154	3.04636e+006	3.05998e+006	40846	41217	2030	2211	3.11869e+006	3.13138e+006	2.21865e+006	2.2279e+006	
253	5.26536e+006	5.27799e+006	8250	8916	9246	10480	5128	5544	3537	3801	2230	2411	1021	1114	3.04943e+006	3.06294e+006	40918	41287	1952	2104	3.12075e+006	3.13338e+006	2.22036e+006	2.22955e+006	
254	5.26342e+006	5.27598e+006	7983	8638	8929	10120	4931	5330	3429	3691	2142	2317	981	1071	3.05242e+006	3.0658e+006	40988	41356	1886	2063	3.12276e+006	3.13531e+006	2.22205e+006	2.23119e+006	
255	5.26156e+006	5.27407e+006	7700	8319	8630	9796	4780	5164	3304	3570	2074	2240	951	1036	3.05527e+006	3.06854e+006	41048	41413	1811	1962	3.12467e+006	3.13718e+006	2.22369e+006	2.23277e+006	
256	5.25976e+006	5.27222e+006	7422	8009	8377	9523	4636	5013	3168	3429	2002	2161	924	1004	3.058e+006	3.07117e+006	41109	41475	1753	1899	3.12652e+006	3.13898e+006	2.22526e+006	2.2343e+006	
257	5.25801e+006	5.27042e+006	7172	7754	8097	9188	4465	4830	3086	3344	1923	2080	890	969	3.06067e+006	3.07375e+006	41167	41528	1702	1849	3.12832e+006	3.14073e+006	2.22677e+006	2.23577e+006	
258	5.25632e+006	5.26868e+006	6923	7482	7830	8890	4310	4669	2962	3220	1858	2012	861	939	3.06326e+006	3.07625e+006	41223	41581	1638	1790	3.13006e+006	3.14242e+006	2.22825e+006	2.23721e+006	
259	5.25473e+006	5.26703e+006	6669	7201	7592	8616	4170	4510	2843	3088	1788	1939	828	906	3.06574e+006	3.07864e+006	41280	41638	1556	1682	3.1317e+006	3.14401e+006	2.22965e+006	2.23857e+006	
260	5.25315e+006	5.26542e+006	6443	6967	7318	8305	4045	4377	2732	2977	1720	1863	791	865	3.06816e+006	3.08097e+006	41339	41695	1527	1666	3.13332e+006	3.14559e+006	2.231e+006	2.23988e+006	
261	5.25165e+006	5.26387e+006	6202	6709	7078	8022	3901	4222	2654	2889	1654	1795	761	832	3.07049e+006	3.08321e+006	41389	41742	1459	1593	3.13487e+006	3.14709e+006	2.23233e+006	2.24118e+006	
262	5.2502e+006	5.26236e+006	5974	6464	6833	7751	3755	4071	2567	2798	1602	1737	737	808	3.07274e+006	3.0854e+006	41438	41791	1411	1545	3.13637e+006	3.14854e+006	2.23361e+006	2.24242e+006	
263	5.24874e+006	5.26086e+006	5833	6327	6571	7460	3629	3931	2478	2695	1546	1679	709	778	3.07491e+006	3.0875e+006	41483	41835	1415	1545	3.13788e+006	3.15e+006	2.23481e+006	2.24359e+006	
264	5.24738e+006	5.25948e+006	5614	6087	6340	7183	3514	3799	2392	2596	1493	1624	684	750	3.07702e+006	3.08953e+006	41533	41882	1310	1424	3.13926e+006	3.15135e+006	2.23599e+006	2.24474e+006	
265	5.24606e+006	5.25812e+006	5433	5898	6125	6949	3379	3661	2322	2517	1442	1568	656	723	3.07902e+006	3.09148e+006	41575	41924	1278	1404	3.14062e+006	3.15267e+006	2.23713e+006	2.24585e+006	
266	5.24479e+006	5.25681e+006	5261	5699	5899	6713	3263	3542	2239	2425	1387	1510	630	693	3.08098e+006	3.09338e+006	41618	41966	1238	1346	3.14192e+006	3.15395e+006	2.23822e+006	2.2469e+006	
267	5.24354e+006	5.25554e+006	5050	5467	5713	6508	3167	3438	2139	2319	1352	1475	616	678	3.08287e+006	3.09523e+006	41659	42006	1203	1315	3.1432e+006	3.15519e+006	2.23931e+006	2.24797e+006	
268	5.24234e+006	5.2543e+006	4905	5322	5513	6269	3044	3306	2059	2242	1302	1422	596	655	3.08471e+006	3.097e+006	41699	42044	1164	1278	3.14444e+006	3.15639e+006	2.24033e+006	2.24897e+006	
269	5.24117e+006	5.25308e+006	4767	5165	5338	6091	2942	3205	1993	2171	1251	1367	573	631	3.08644e+006	3.09868e+006	41734	42079	1142	1246	3.14565e+006	3.15757e+006	2.24132e+006	2.24994e+006	
270	5.24007e+006	5.25196e+006	4587	4984	5151	5877	2843	3096	1926	2099	1214	1330	558	617	3.08813e+006	3.10033e+006	41770	42116	1060	1163	3.14678e+006	3.15867e+006	2.24228e+006	2.25088e+006	
271	5.239e+006	5.25084e+006	4430	4814	4964	5669	2774	3026	1858	2029	1178	1289	542	600	3.08975e+006	3.10191e+006	41805	42148	1044	1147	3.1479e+006	3.15974e+006	2.2432e+006	2.25177e+006	
272	5.23795e+006	5.24976e+006	4280	4653	4821	5500	2680	2920	1798	1967	1130	1238	524	579	3.09133e+006	3.10343e+006	41841	42183	1014	1117	3.14898e+006	3.16079e+006	2.24411e+006	2.25266e+006	
273	5.23694e+006	5.24873e+006	4108	4467	4653	5307	2579	2810	1750	1911	1096	1204	511	567	3.09288e+006	3.10494e+006	41874	42215	967	1063	3.15e+006	3.1618e+006	2.24499e+006	2.25353e+006	
274	5.23597e+006	5.24773e+006	3993	4337	4480	5121	2507	2729	1689	1838	1063	1171	499	554	3.09434e+006	3.10636e+006	41906	42246	947	1031	3.15101e+006	3.16277e+006	2.24581e+006	2.25432e+006	
275	5.23503e+006	5.24677e+006	3851	4183	4344	4959	2415	2628	1623	1771	1035	1140	487	538	3.09576e+006	3.10774e+006	41940	42281	903	992	3.15197e+006	3.1637e+006	2.24663e+006	2.25512e+006	
276	5.23414e+006	5.24585e+006	3702	4014	4201	4811	2335	2546	1566	1708	1001	1104	470	522	3.09713e+006	3.10908e+006	41972	42311	867	948	3.15289e+006	3.1646e+006	2.24743e+006	2.25589e+006	
277	5.23327e+006	5.24495e+006	3577	3878	4063	4651	2245	2446	1520	1659	956	1052	450	501	3.09847e+006	3.11039e+006	42003	42342	843	924	3.15379e+006	3.16547e+006	2.24817e+006	2.25662e+006	
278	5.23241e+006	5.24406e+006	3469	3762	3928	4490	2163	2360	1478	1615	929	1022	439	489	3.09976e+006	3.11163e+006	42028	42367	836	918	3.15468e+006	3.16633e+006	2.24892e+006	2.25735e+006	
279	5.23159e+006	5.24322e+006	3358	3642	3764	4312	2088	2284	1417	1554	904	996	426	475	3.10103e+006	3.11288e+006	42054	42391	791	873	3.15552e+006	3.16715e+006	2.24961e+006	2.25802e+006	
280	5.2308e+006	5.24241e+006	3248	3533	3653	4177	2011	2198	1373	1513	878	967	414	461	3.1022e+006	3.11402e+006	42079	42417	757	838	3.15633e+006	3.16794e+006	2.25028e+006	2.25868e+006	
281	5.23001e+006	5.24161e+006	3154	3437	3517	4018	1952	2130	1334	1471	841	930	397	442	3.10337e+006	3.11514e+006	42103	42442	747	831	3.15712e+006	3.16872e+006	2.25094e+006	2.25932e+006	
282	5.22927e+006	5.24085e+006	3037	3310	3409	3887	1886	2056	1280	1411	818	901	384	427	3.10451e+006	3.11626e+006	42127	42465	720	790	3.15789e+006	3.16947e+006	2.25159e+006	2.25995e+006	
283	5.22854e+006	5.24012e+006	2943	3202	3302	3769	1818	1984	1237	1360	786	865	366	408	3.1056e+006	3.11731e+006	42151	42487	696	765	3.15862e+006	3.17019e+006	2.25221e+006	2.26056e+006	
284	5.22786e+006	5.23941e+006	2843	3089	3186	3647	1748	1909	1186	1303	757	833	350	392	3.10666e+006	3.11835e+006	42177	42513	656	726	3.15932e+006	3.17088e+006	2.25281e+006	2.26114e+006	
285	5.22717e+006	5.23871e+006	2751	2992	3088	3537	1695	1854	1150	1258	733	809	341	384	3.10766e+006	3.11932e+006	42201	42537	659	731	3.16002e+006	3.17156e+006	2.25339e+006	2.26171e+006	
286	5.2265e+006	5.23802e+006	2679	2917	2992	3428	1648	1801	1111	1214	709	784	329	370	3.10863e+006	3.12026e+006	42220	42557	648	713	3.16071e+006	3.17224e+006	2.25394e+006	2.26225e+006	
287	5.22587e+006	5.23739e+006	2582	2818	2896	3318	1600	1748	1075	1175	689	763	317	359	3.10957e+006	3.12117e+006	42239	42576	600	666	3.16135e+006	3.17287e+006	2.25447e+006	2.26278e+006	
288	5.22524e+006	5.23675e+006	2528	2760	2776	3186	1542	1687	1051	1149	663	734	303	342	3.11049e+006	3.12206e+006	42262	42598	602	667	3.16199e+006	3.17349e+006	2.25499e+006	2.26329e+006	
289	5.22466e+006	5.23615e+006	2435	2651	2691	3092	1497	1636	1015	1111	639	707	293	331	3.11137e+006	3.12292e+006	42282	42618	564	624	3.16259e+006	3.17408e+006	2.2555e+006	2.26379e+006	
290	5.22408e+006	5.23555e+006	2341	2551	2610	2996	1471	1606	983	1077	610	677	280	317	3.11223e+006	3.12375e+006	42302	42637	556	613	3.16318e+006	3.17466e+006	2.25599e+006	2.26427e+006	
291	5.22351e+006	5.23497e+006	2286	2492	2517	2888	1418	1548	946	1036	595	661	274	309	3.11306e+006	3.12457e+006	42321	42656	547	605	3.16377e+006	3.17523e+006	2.25645e+006	2.26473e+006	
292	5.22297e+006	5.23442e+006	2200	2396	2437	2805	1380	1508	923	1012	574	638	263	297	3.11385e+006	3.12534e+006	42339	42673	514	573	3.16432e+006	3.17576e+006	2.25692e+006	2.26519e+006	
293	5.22244e+006	5.23388e+006	2141	2332	2353	2711	1335	1459	891	973	550	614	254	289	3.11463e+006	3.12611e+006	42355	42689	506	559	3.16485e+006	3.17629e+006	2.25736e+006	2.26562e+006	
294	5.22194e+006	5.23337e+006	2063	2258	2284	2631	1304	1424	861	944	526	586	241	273	3.11537e+006	3.12683e+006	42371	42706	478	538	3.16537e+006	3.17679e+006	2.25779e+006	2.26604e+006	
295	5.22143e+006	5.23285e+006	2003	2195	2214	2546	1265	1381	840	921	504	564	228	260	3.1161e+006	3.12755e+006	42388	42722	484	544	3.16589e+006	3.1773e+006	2.25822e+006	2.26646e+006	
296	5.22096e+006	5.23237e+006	1937	2127	2134	2458	1212	1329	817	894	487	545	221	252	3.11681e+006	3.12825e+006	42404	42738	450	504	3.16637e+006	3.17778e+006	2.25863e+006	2.26686e+006	
297	5.2205e+006	5.2319e+006	1873	2056	2082	2394	1172	1283	787	866	468	528	214	243	3.11749e+006	3.12891e+006	42418	42752	442	488	3.16684e+006	3.17824e+006	2.25902e+006	2.26724e+006	
298	5.22003e+006	5.23143e+006	1838	2005	2005	2314	1124	1235	753	833	457	516	208	239	3.11816e+006	3.12957e+006	42431	42765	444	486	3.1673e+006	3.1787e+006	2.2594e+006	2.26761e+006	
299	5.21961e+006	5.231e+006	1754	1917	1963	2269	1089	1197	720	803	446	500	202	231	3.11879e+006	3.13019e+006	42444	42777	402	455	3.16774e+006	3.17913e+006	2.25978e+006	2.26798e+006	
300	5.21918e+006	5.23056e+006	1712	1876	1901	2202	1047	1155	696	773	431	484	195	223	3.11942e+006	3.1308e+006	42456	42788	407	463	3.16818e+006	3.17956e+006	2.26014e+006	2.26834e+006	
301	5.21877e+006	5.23014e+006	1663	1824	1835	2126	1007	1115	672	746	419	471	188	215	3.12003e+006	3.13139e+006	42468	42800	393	437	3.16859e+006	3.17997e+006	2.26048e+006	2.26868e+006	
302	5.21837e+006	5.22973e+006	1602	1770	1781	2057	992	1095	637	708	407	455	183	208	3.12062e+006	3.13197e+006	42479	42810	384	430	3.16901e+006	3.18037e+006	2.26081e+006	2.269e+006	
303	5.21797e+006	5.22933e+006	1575	1735	1713	1988	957	1059	624	691	393	442	178	203	3.12117e+006	3.13251e+006	42490	42821	376	419	3.16941e+006	3.18076e+006	2.26113e+006	2.26931e+006	
304	5.2176e+006	5.22895e+006	1526	1669	1673	1944	927	1025	604	670	385	433	175	201	3.12171e+006	3.13303e+006	42501	42832	357	398	3.16979e+006	3.18114e+006	2.26145e+006	2.26963e+006	
305	5.21723e+006	5.22857e+006	1484	1626	1608	1869	899	996	591	654	371	417	168	193	3.12225e+006	3.13356e+006	42512	42842	349	396	3.17017e+006	3.18151e+006	2.26175e+006	2.26993e+006	
306	5.21688e+006	5.22822e+006	1431	1567	1560	1813	883	977	571	633	359	401	164	186	3.12275e+006	3.13405e+006	42523	42854	331	371	3.17052e+006	3.18185e+006	2.26205e+006	2.27021e+006	
307	5.21654e+006	5.22786e+006	1384	1517	1523	1772	856	946	554	613	350	392	160	182	3.12323e+006	3.13453e+006	42535	42866	330	368	3.17087e+006	3.1822e+006	2.26234e+006	2.27051e+006	
308	5.2162e+006	5.22753e+006	1343	1467	1478	1724	816	903	551	609	334	372	149	171	3.12371e+006	3.135e+006	42549	42879	315	349	3.17121e+006	3.18253e+006	2.26263e+006	2.27079e+006	
309	5.21587e+006	5.22719e+006	1313	1428	1447	1684	799	881	535	594	320	357	142	164	3.12416e+006	3.13545e+006	42559	42889	320	357	3.17155e+006	3.18287e+006	2.2629e+006	2.27106e+006	
310	5.21556e+006	5.22687e+006	1280	1394	1396	1617	776	854	520	580	313	349	139	159	3.12461e+006	3.13589e+006	42569	42898	298	336	3.17187e+006	3.18318e+006	2.26316e+006	2.27132e+006	
311	5.21525e+006	5.22655e+006	1242	1357	1359	1572	754	827	507	564	301	336	134	154	3.12505e+006	3.13632e+006	42579	42909	292	331	3.17218e+006	3.18349e+006	2.26342e+006	2.27157e+006	
312	5.21495e+006	5.22624e+006	1214	1330	1327	1525	719	790	500	558	291	327	129	150	3.12547e+006	3.13673e+006	42586	42917	289	321	3.17249e+006	3.18379e+006	2.26367e+006	2.27182e+006	
313	5.21465e+006	5.22594e+006	1180	1290	1289	1481	702	770	481	538	283	319	123	144	3.12589e+006	3.13714e+006	42594	42925	284	319	3.17279e+006	3.18409e+006	2.26392e+006	2.27207e+006	
314	5.21437e+006	5.22565e+006	1149	1257	1250	1442	682	748	466	521	270	307	118	139	3.12629e+006	3.13753e+006	42603	42935	267	303	3.17308e+006	3.18437e+006	2.26416e+006	2.2723e+006	
315	5.21409e+006	5.22538e+006	1114	1220	1214	1398	661	726	450	504	261	295	113	133	3.12668e+006	3.13792e+006	42613	42944	257	294	3.17336e+006	3.18464e+006	2.26439e+006	2.27252e+006	
316	5.21383e+006	5.22511e+006	1072	1177	1190	1365	645	706	434	486	257	293	109	129	3.12706e+006	3.13828e+006	42619	42950	248	277	3.17362e+006	3.18491e+006	2.26462e+006	2.27274e+006	
317	5.21356e+006	5.22484e+006	1043	1144	1156	1329	631	695	417	468	247	283	104	123	3.12743e+006	3.13865e+006	42628	42958	256	286	3.1739e+006	3.18518e+006	2.26483e+006	2.27296e+006	
318	5.2133e+006	5.22458e+006	1022	1115	1113	1288	625	691	398	445	245	281	104	123	3.12778e+006	3.13899e+006	42635	42966	246	274	3.17416e+006	3.18543e+006	2.26504e+006	2.27316e+006	
319	5.21306e+006	5.22434e+006	990	1078	1072	1248	602	669	384	429	240	275	101	120	3.12813e+006	3.13934e+006	42641	42972	226	254	3.1744e+006	3.18567e+006	2.26524e+006	2.27336e+006	
320	5.21282e+006	5.22409e+006	972	1066	1039	1205	587	651	365	409	234	269	99	118	3.12847e+006	3.13968e+006	42648	42978	229	267	3.17465e+006	3.18592e+006	2.26543e+006	2.27355e+006	
321	5.21258e+006	5.22384e+006	944	1034	1020	1177	573	631	361	402	226	258	94	110	3.1288e+006	3.13999e+006	42656	42986	226	256	3.17489e+006	3.18616e+006	2.26563e+006	2.27374e+006	
322	5.21235e+006	5.22361e+006	917	1007	991	1148	555	617	353	392	224	256	93	110	3.12911e+006	3.14029e+006	42662	42992	220	247	3.17513e+006	3.18639e+006	2.26582e+006	2.27393e+006	
323	5.21212e+006	5.22338e+006	906	996	956	1107	533	592	346	386	221	252	93	111	3.12941e+006	3.1406e+006	42669	42998	216	243	3.17536e+006	3.18661e+006	2.266e+006	2.27411e+006	
324	5.2119e+006	5.22315e+006	888	968	943	1092	510	569	344	385	212	240	90	106	3.12971e+006	3.14089e+006	42675	43003	210	238	3.17559e+006	3.18684e+006	2.26619e+006	2.27429e+006	
325	5.21169e+006	5.22294e+006	860	938	923	1065	501	555	337	379	207	234	88	104	3.13e+006	3.14117e+006	42680	43008	200	224	3.1758e+006	3.18705e+006	2.26636e+006	2.27447e+006	
326	5.21148e+006	5.22272e+006	839	918	904	1044	491	547	329	368	198	225	86	102	3.13027e+006	3.14144e+006	42688	43015	199	226	3.17601e+006	3.18726e+006	2.26653e+006	2.27463e+006	
327	5.21126e+006	5.2225e+006	829	908	869	1008	485	542	319	360	195	222	86	102	3.13055e+006	3.14171e+006	42693	43021	204	235	3.17624e+006	3.18748e+006	2.2667e+006	2.27479e+006	
328	5.21106e+006	5.2223e+006	805	879	843	981	477	531	314	355	187	213	82	98	3.13082e+006	3.14198e+006	42698	43025	187	209	3.17643e+006	3.18768e+006	2.26686e+006	2.27495e+006	
329	5.21087e+006	5.22211e+006	783	859	828	960	468	519	307	347	181	206	79	95	3.13107e+006	3.14223e+006	42703	43030	178	205	3.17663e+006	3.18786e+006	2.26702e+006	2.27511e+006	
330	5.21068e+006	5.22191e+006	767	846	808	931	459	507	297	334	172	199	75	91	3.13134e+006	3.14249e+006	42709	43035	185	211	3.17683e+006	3.18806e+006	2.26718e+006	2.27526e+006	
331	5.21048e+006	5.22171e+006	747	816	795	922	448	497	290	324	171	197	75	91	3.13158e+006	3.14273e+006	42713	43039	182	208	3.17702e+006	3.18825e+006	2.26734e+006	2.27543e+006	
332	5.21029e+006	5.22151e+006	745	816	779	900	432	480	286	319	160	185	69	85	3.13183e+006	3.14297e+006	42718	43045	183	209	3.17722e+006	3.18845e+006	2.26749e+006	2.27557e+006	
333	5.2101e+006	5.22132e+006	744	816	760	878	416	462	274	305	154	178	67	83	3.13208e+006	3.14321e+006	42724	43050	177	204	3.17741e+006	3.18864e+006	2.26763e+006	2.27571e+006	
334	5.20991e+006	5.22113e+006	734	808	746	864	403	449	264	296	157	182	67	83	3.13231e+006	3.14344e+006	42727	43053	175	203	3.1776e+006	3.18883e+006	2.26778e+006	2.27586e+006	
335	5.20974e+006	5.22096e+006	715	790	740	853	396	439	257	289	153	178	65	82	3.13253e+006	3.14366e+006	42731	43058	165	189	3.17778e+006	3.189e+006	2.26792e+006	2.276e+006	
336	5.20955e+006	5.22077e+006	706	778	724	839	394	439	253	285	148	172	64	79	3.13275e+006	3.14387e+006	42735	43062	174	198	3.17797e+006	3.18919e+006	2.26806e+006	2.27614e+006	
337	5.20938e+006	5.2206e+006	686	754	700	812	390	436	247	281	143	166	62	77	3.13297e+006	3.1441e+006	42742	43068	158	180	3.17814e+006	3.18935e+006	2.2682e+006	2.27627e+006	
338	5.20922e+006	5.22043e+006	661	729	690	805	389	436	241	273	137	160	61	75	3.13318e+006	3.1443e+006	42745	43072	152	175	3.1783e+006	3.18952e+006	2.26834e+006	2.27641e+006	
339	5.20905e+006	5.22027e+006	652	720	688	803	377	423	235	267	133	156	59	74	3.13338e+006	3.1445e+006	42749	43076	155	181	3.17847e+006	3.18968e+006	2.26847e+006	2.27654e+006	
340	5.20888e+006	5.2201e+006	634	702	681	790	377	419	226	256	131	153	59	73	3.13359e+006	3.1447e+006	42754	43080	156	180	3.17864e+006	3.18985e+006	2.26861e+006	2.27667e+006	
341	5.20873e+006	5.21994e+006	622	687	664	774	367	409	220	249	128	150	60	73	3.13379e+006	3.1449e+006	42757	43083	144	167	3.1788e+006	3.19001e+006	2.26873e+006	2.2768e+006	
342	5.20857e+006	5.21977e+006	626	691	645	756	352	396	211	239	129	151	60	72	3.13399e+006	3.1451e+006	42761	43087	155	179	3.17896e+006	3.19017e+006	2.26885e+006	2.27691e+006	
343	5.20841e+006	5.21962e+006	612	677	636	743	342	381	203	230	127	149	58	70	3.13419e+006	3.1453e+006	42765	43091	141	167	3.17912e+006	3.19033e+006	2.26897e+006	2.27704e+006	
344	5.20826e+006	5.21947e+006	598	665	629	731	331	369	203	231	117	138	54	66	3.13438e+006	3.14549e+006	42771	43096	143	166	3.17927e+006	3.19048e+006	2.2691e+006	2.27716e+006	
345	5.20809e+006	5.2193e+006	603	675	610	710	330	368	202	230	115	136	54	65	3.13456e+006	3.14567e+006	42774	43099	151	176	3.17943e+006	3.19064e+006	2.26921e+006	2.27727e+006	
346	5.20795e+006	5.21916e+006	584	652	600	702	320	359	200	229	109	129	50	62	3.13475e+006	3.14585e+006	42778	43103	135	157	3.17958e+006	3.19079e+006	2.26934e+006	2.27739e+006	
347	5.2078e+006	5.21901e+006	580	643	587	691	316	357	192	220	104	124	48	60	3.13493e+006	3.14603e+006	42780	43106	135	160	3.17973e+006	3.19094e+006	2.26945e+006	2.27751e+006	
348	5.20765e+006	5.21886e+006	571	638	582	683	314	354	188	217	105	124	48	60	3.1351e+006	3.14619e+006	42783	43109	136	161	3.17988e+006	3.19108e+006	2.26956e+006	2.27762e+006	
349	5.20751e+006	5.21872e+006	552	618	576	680	314	355	186	214	103	123	47	59	3.13527e+006	3.14636e+006	42786	43112	131	154	3.18002e+006	3.19123e+006	2.26968e+006	2.27773e+006	
350	5.20737e+006	5.21857e+006	547	614	555	658	313	355	184	211	101	121	45	57	3.13543e+006	3.14653e+006	42790	43115	132	152	3.18017e+006	3.19137e+006	2.26978e+006	2.27784e+006	
351	5.20723e+006	5.21843e+006	544	609	548	654	310	352	177	202	97	116	42	54	3.1356e+006	3.1467e+006	42793	43118	132	154	3.18031e+006	3.19151e+006	2.26989e+006	2.27794e+006	
352	5.2071e+006	5.21829e+006	531	594	537	642	303	345	174	198	92	111	39	51	3.13577e+006	3.14687e+006	42796	43121	123	145	3.18045e+006	3.19164e+006	2.27e+006	2.27805e+006	
353	5.20696e+006	5.21816e+006	526	584	535	637	297	336	175	200	89	108	39	51	3.13593e+006	3.14702e+006	42799	43124	125	146	3.18058e+006	3.19178e+006	2.2701e+006	2.27815e+006	
354	5.20683e+006	5.21802e+006	517	576	532	633	288	327	173	197	90	110	40	53	3.13608e+006	3.14717e+006	42801	43125	124	143	3.18072e+006	3.19191e+006	2.27021e+006	2.27826e+006	
355	5.20669e+006	5.21788e+006	517	575	521	620	280	319	174	199	88	108	38	51	3.13625e+006	3.14733e+006	42803	43127	131	154	3.18086e+006	3.19205e+006	2.27032e+006	2.27836e+006	
356	5.20656e+006	5.21775e+006	515	571	515	617	272	312	164	189	90	109	38	50	3.1364e+006	3.14749e+006	42805	43130	122	142	3.18099e+006	3.19218e+006	2.27042e+006	2.27846e+006	
357	5.20642e+006	5.21761e+006	513	573	508	605	271	309	168	194	89	108	37	49	3.13654e+006	3.14763e+006	42807	43132	124	147	3.18113e+006	3.19232e+006	2.27051e+006	2.27856e+006	
358	5.20628e+006	5.21747e+006	519	578	500	590	268	304	164	189	85	103	36	47	3.1367e+006	3.14778e+006	42809	43134	129	148	3.18127e+006	3.19246e+006	2.27061e+006	2.27865e+006	
359	5.20616e+006	5.21734e+006	504	563	498	587	271	305	163	186	83	101	35	46	3.13684e+006	3.14793e+006	42811	43136	117	139	3.1814e+006	3.19258e+006	2.27071e+006	2.27875e+006	
360	5.20603e+006	5.21721e+006	496	557	490	581	267	303	157	181	80	99	34	45	3.13699e+006	3.14807e+006	42815	43140	114	135	3.18152e+006	3.1927e+006	2.27081e+006	2.27885e+006	
361	5.20591e+006	5.21709e+006	488	547	487	578	263	299	153	176	81	99	37	47	3.13714e+006	3.14821e+006	42817	43143	117	137	3.18165e+006	3.19283e+006	2.27091e+006	2.27895e+006	
362	5.20578e+006	5.21696e+006	475	535	491	580	263	300	147	171	79	96	36	46	3.13728e+006	3.14835e+006	42820	43145	115	135	3.18178e+006	3.19296e+006	2.27101e+006	2.27905e+006	
363	5.20566e+006	5.21684e+006	469	530	486	577	259	297	144	169	79	96	37	47	3.13741e+006	3.14849e+006	42823	43147	112	133	3.1819e+006	3.19308e+006	2.2711e+006	2.27914e+006	
364	5.20553e+006	5.21671e+006	470	531	478	571	257	295	138	162	77	94	35	45	3.13755e+006	3.14863e+006	42826	43150	114	137	3.18203e+006	3.1932e+006	2.27119e+006	2.27922e+006	
