Day	Susceptible-LB	Susceptible-UB	Exposed-LB	Exposed-UB	Current Detected Mild Infections-LB	Current Detected Mild Infections-UB	Current Undetected Mild Infections-LB	Current Undetected Mild Infections-UB	Current Hospitalizations-LB	Current Hospitalizations-UB	Current ICU patients-LB	Current ICU patients-UB	ventilators-LB	ventilators-UB	Recovered-LB	Recovered-UB	Deaths-LB	Deaths-UB	new infections today-LB	new infections today-UB	total number of infections-LB	total number of infections-UB	Confirmed total number of infections-LB	Confirmed total number of infections-UB	
0	1.57623e+006	1.57623e+006	3	3	0	0	0	0	0	0	0	0	0	0	0	0	0	0	0	0	3	3	0	0	
1	1.57623e+006	1.57623e+006	9	9	0	0	0	0	0	0	0	0	0	0	0	0	0	0	6	6	9	9	0	0	
2	1.57622e+006	1.57622e+006	15	15	0	0	0	0	0	0	0	0	0	0	0	0	0	0	6	6	15	15	0	0	
3	1.57621e+006	1.57621e+006	25	26	0	0	0	0	0	0	0	0	0	0	0	0	0	0	10	11	25	26	0	0	
4	1.5762e+006	1.5762e+006	32	34	3	3	0	0	0	0	0	0	0	0	0	0	0	0	9	11	35	37	3	3	
5	1.57619e+006	1.57619e+006	39	41	7	8	1	2	0	0	0	0	0	0	0	0	0	0	12	14	48	50	7	8	
6	1.57617e+006	1.57617e+006	50	53	11	12	3	4	0	0	0	0	0	0	0	0	0	0	16	19	65	68	11	12	
7	1.57615e+006	1.57615e+006	60	65	19	21	5	6	0	0	0	0	0	0	0	0	0	0	20	23	85	90	19	21	
8	1.57612e+006	1.57613e+006	76	83	26	29	7	9	0	0	0	0	0	0	0	0	0	0	25	29	111	119	27	29	
9	1.57608e+006	1.57609e+006	94	102	36	39	10	13	0	0	0	0	0	0	0	0	0	0	30	34	142	152	36	39	
10	1.57604e+006	1.57605e+006	118	129	46	50	14	17	0	0	0	0	0	0	3	3	0	0	40	45	183	197	49	53	
11	1.57599e+006	1.576e+006	147	160	56	62	18	21	1	1	0	0	0	0	8	8	0	0	48	54	233	250	65	70	
12	1.57592e+006	1.57594e+006	182	199	71	79	24	27	2	3	0	0	0	0	12	13	0	0	60	67	294	316	85	91	
13	1.57584e+006	1.57586e+006	229	250	86	96	29	33	3	5	0	0	0	0	21	22	0	0	77	86	372	401	108	116	
14	1.57574e+006	1.57577e+006	279	304	109	123	36	41	5	7	0	0	0	0	28	30	0	0	90	100	463	500	140	150	
15	1.57562e+006	1.57566e+006	341	372	137	154	44	49	8	10	0	0	0	0	39	41	0	0	111	122	575	621	178	191	
16	1.57546e+006	1.57552e+006	421	461	169	190	56	62	11	13	0	0	0	0	53	56	0	0	141	157	717	777	224	241	
17	1.57528e+006	1.57535e+006	512	560	213	240	68	76	13	16	1	1	1	1	70	75	0	0	167	184	884	960	284	307	
18	1.57505e+006	1.57514e+006	630	688	262	295	84	93	18	21	2	2	2	2	90	97	0	0	209	228	1094	1187	354	383	
19	1.57477e+006	1.57489e+006	775	848	322	362	103	114	22	26	3	3	2	3	116	125	0	0	256	282	1351	1468	440	475	
20	1.57443e+006	1.57457e+006	947	1035	395	445	130	144	28	32	3	4	3	3	150	162	0	0	312	344	1665	1811	547	593	
21	1.57401e+006	1.57419e+006	1164	1269	483	545	159	175	36	41	4	5	3	4	191	206	0	0	383	419	2049	2228	676	734	
22	1.57349e+006	1.57371e+006	1432	1561	592	667	197	215	45	51	5	6	4	4	242	261	0	0	476	520	2527	2747	836	908	
23	1.57286e+006	1.57313e+006	1750	1907	723	816	242	265	57	64	6	8	4	5	307	331	0	0	574	629	3103	3374	1033	1123	
24	1.5721e+006	1.57243e+006	2138	2331	885	1001	299	328	70	78	8	9	5	6	383	414	0	0	700	767	3804	4140	1272	1385	
25	1.57115e+006	1.57157e+006	2618	2855	1085	1224	369	403	87	96	10	12	6	7	476	515	0	0	863	943	4669	5082	1567	1704	
26	1.57001e+006	1.57052e+006	3187	3482	1333	1500	453	495	107	118	12	14	7	8	595	646	0	0	1046	1146	5716	6227	1932	2100	
27	1.56862e+006	1.56924e+006	3893	4246	1629	1834	559	611	132	145	14	16	7	9	736	800	1	1	1279	1392	6996	7618	2369	2576	
28	1.56689e+006	1.56766e+006	4773	5204	1990	2244	683	747	160	176	17	20	8	10	913	992	1	2	1581	1726	8579	9343	2904	3160	
29	1.5648e+006	1.56574e+006	5828	6355	2434	2744	837	916	195	214	21	24	9	11	1131	1230	2	3	1918	2094	10498	11436	3561	3875	
30	1.56225e+006	1.56339e+006	7125	7762	2971	3351	1026	1120	242	264	25	29	11	14	1393	1517	3	3	2343	2554	12842	13988	4356	4745	
31	1.55912e+006	1.56052e+006	8717	9494	3633	4093	1249	1362	296	323	31	36	15	18	1716	1868	3	4	2871	3125	15715	17112	5334	5808	
32	1.55532e+006	1.55703e+006	10625	11572	4449	5014	1524	1661	363	397	39	44	18	21	2118	2304	3	4	3489	3803	19204	20914	6543	7127	
33	1.55071e+006	1.5528e+006	12940	14093	5446	6136	1854	2021	447	489	48	54	21	25	2601	2830	4	5	4233	4615	23438	25528	8014	8732	
34	1.54506e+006	1.54761e+006	15788	17194	6658	7497	2264	2467	545	597	60	66	27	31	3192	3475	4	5	5192	5655	28631	31181	9807	10684	
35	1.53823e+006	1.54132e+006	19198	20900	8140	9157	2766	3012	672	733	73	80	32	37	3916	4267	5	6	6282	6831	34914	38011	12002	13071	
36	1.52993e+006	1.53369e+006	23340	25389	9945	11182	3374	3674	817	894	91	100	41	46	4799	5230	5	6	7630	8293	42545	46302	14670	15979	
37	1.51987e+006	1.52442e+006	28376	30841	12117	13633	4116	4485	997	1090	112	123	51	57	5878	6402	6	7	9269	10067	51816	56368	17906	19504	
38	1.50767e+006	1.51318e+006	34421	37384	14784	16628	5014	5465	1214	1327	137	150	63	70	7217	7861	7	9	11236	12198	63054	68564	21882	23832	
39	1.49298e+006	1.49963e+006	41693	45245	18012	20240	6098	6641	1481	1617	169	185	77	86	8837	9627	8	10	13553	14692	76608	83254	26702	29071	
40	1.47535e+006	1.48334e+006	50355	54589	21920	24614	7414	8069	1812	1975	205	225	94	105	10812	11779	10	12	16292	17637	92901	100890	32550	35425	
41	1.45423e+006	1.46379e+006	60631	65644	26639	29894	9015	9809	2217	2415	251	276	116	128	13232	14410	12	14	19546	21122	112449	122010	39644	43123	
42	1.42905e+006	1.44045e+006	72735	78626	32947	36857	10393	11302	2700	2942	306	337	143	159	16181	17622	14	17	23339	25180	135790	147189	48798	53060	
43	1.39919e+006	1.4127e+006	86931	93794	40544	45220	12047	13085	3285	3580	371	407	175	194	19763	21524	17	20	27749	29859	163540	177046	59846	65037	
44	1.36399e+006	1.37988e+006	103455	111355	49593	55163	14015	15207	4008	4364	452	496	212	235	24148	26302	20	23	32816	35198	196358	212242	73134	79420	
45	1.32295e+006	1.34148e+006	122305	131275	60415	67029	16355	17735	4881	5311	552	605	258	284	29454	32071	24	27	38395	41043	234756	253282	89089	96653	
46	1.27535e+006	1.29677e+006	143668	153700	73253	81061	19115	20702	5943	6464	671	734	312	344	35899	39074	29	33	44703	47605	279462	300885	108154	117217	
47	1.22087e+006	1.24536e+006	167326	178323	88385	97524	22341	24154	7223	7856	822	899	382	419	43732	47577	35	40	51406	54483	330872	355363	130819	141599	
48	1.15931e+006	1.18694e+006	192928	204695	105481	116067	26673	28763	8768	9528	1002	1096	464	509	53236	57896	43	48	58417	61570	389297	416926	157499	170227	
49	1.09072e+006	1.12138e+006	220082	232250	125214	137335	31623	34005	10647	11560	1221	1333	566	619	64684	70305	53	59	65548	68600	454854	485517	188771	203669	
50	1.01576e+006	1.04922e+006	247531	259617	147802	161510	37279	39965	12862	13948	1491	1626	691	753	78481	85247	64	71	72150	74975	527018	560477	225206	242480	
51	935182	971016	274310	285730	173115	188349	43668	46644	15513	16804	1818	1983	839	914	95035	103139	78	87	78180	80600	605220	641054	267113	286904	
52	850455	888033	298846	308916	201045	217612	50674	53913	18635	20167	2217	2416	1019	1111	114839	124503	95	106	82945	84764	688203	725781	314795	337166	
53	763424	801853	319420	327403	231225	248745	58202	61612	22341	24137	2708	2950	1244	1355	138372	149836	115	128	86076	87134	774383	812812	368384	393277	
54	676227	714563	334443	339745	262649	280616	66060	69570	26656	28738	3293	3581	1510	1643	166264	179771	141	156	86923	87565	861673	900009	427418	454643	
55	591313	628498	341856	344531	294469	312188	74057	77522	31621	33997	3997	4345	1837	1997	198965	214756	170	188	84815	86163	947738	984923	491486	520721	
56	510753	545832	339205	342697	325167	341751	81739	84980	37314	40017	4839	5255	2225	2415	237099	255391	206	227	80512	82713	1.0304e+006	1.06548e+006	559656	590415	
57	436466	468649	326735	333426	353167	367564	88708	91521	43689	46701	5835	6327	2681	2908	281091	302062	253	278	74256	77213	1.10759e+006	1.13977e+006	630634	662198	
58	369895	398606	306197	316091	376512	387744	94508	96696	50726	53989	7025	7609	3224	3495	331232	354996	308	338	66551	70064	1.17763e+006	1.20634e+006	702778	734400	
59	311748	336709	279483	291870	393165	400463	98620	100043	58258	61709	8443	9133	3878	4199	387771	414269	376	412	58135	61909	1.23953e+006	1.26449e+006	774244	805082	
60	262125	283308	248576	262576	401461	405101	100553	101277	66136	69673	10107	10912	4648	5019	450311	479399	457	500	49615	53409	1.29293e+006	1.31411e+006	843290	872566	
61	220718	238325	215715	230357	397899	402925	99620	100638	74070	77552	12039	12963	5534	5962	518547	549940	555	609	41402	44988	1.33791e+006	1.35552e+006	908222	935257	
62	186882	201249	182992	197378	383089	392746	96114	98038	81730	84980	14266	15323	6559	7047	591519	624749	675	742	33832	37080	1.37499e+006	1.38935e+006	967519	991836	
63	159559	171089	152176	165632	359613	373705	90360	93141	88619	91431	16783	17976	7720	8269	668137	702521	824	904	27321	30162	1.40515e+006	1.41668e+006	1.02044e+006	1.04178e+006	
64	137881	147016	124237	136299	329229	346951	82844	86331	94365	96574	19628	20944	9029	9634	746646	781426	1002	1097	21677	24075	1.42922e+006	1.43836e+006	1.06662e+006	1.08493e+006	
65	120854	128021	99859	110310	294214	314323	74143	78088	98423	99877	22749	24177	10459	11119	825283	859602	1218	1333	17025	18997	1.44822e+006	1.45538e+006	1.10603e+006	1.12144e+006	
66	107548	113134	79330	88119	256730	277944	64815	68964	100393	101133	26109	27627	12005	12710	902230	935309	1475	1610	13304	14888	1.4631e+006	1.46869e+006	1.13899e+006	1.15172e+006	
67	97252	101567	62304	69525	222054	243119	52717	56576	99549	100549	29621	31183	13624	14348	975774	1.00694e+006	1790	1950	10295	11568	1.47467e+006	1.47898e+006	1.16919e+006	1.17927e+006	
68	89300	92628	48577	54391	188638	208539	41515	44912	95984	97866	33209	34760	15267	15983	1.04447e+006	1.07318e+006	2157	2346	7950	8940	1.48361e+006	1.48694e+006	1.19367e+006	1.20145e+006	
69	83195	85743	37655	42281	157799	175839	31554	34391	90258	93011	36695	38174	16868	17548	1.10727e+006	1.13319e+006	2600	2822	6103	6887	1.49049e+006	1.49304e+006	1.21325e+006	1.2191e+006	
70	78524	80478	29020	32661	130420	146191	22953	25188	82755	86237	39959	41301	18370	18987	1.16364e+006	1.18665e+006	3118	3377	4669	5267	1.49576e+006	1.49771e+006	1.22878e+006	1.23307e+006	
71	74960	76459	22287	25114	106880	120284	15707	17353	74066	78038	42824	43949	19694	20210	1.21334e+006	1.23347e+006	3720	4019	3562	4022	1.49978e+006	1.50128e+006	1.24101e+006	1.24402e+006	
72	72241	73383	17053	19252	87262	98366	9734	10840	64701	68880	45083	45925	20724	21113	1.2566e+006	1.27395e+006	4429	4774	2716	3078	1.50285e+006	1.504e+006	1.25054e+006	1.25255e+006	
73	70175	71053	13012	14699	68272	77309	7616	8514	55326	59470	46632	47145	21426	21673	1.29379e+006	1.3086e+006	5238	5632	2062	2334	1.50518e+006	1.50606e+006	1.25733e+006	1.2586e+006	
74	68608	69288	9905	11201	53061	60290	5913	6631	46336	50280	47238	47516	21690	21841	1.32544e+006	1.338e+006	6162	6603	1562	1770	1.50695e+006	1.50763e+006	1.26255e+006	1.26327e+006	
75	67418	67951	7526	8523	41001	46710	4587	5159	38141	41725	46717	47174	21450	21683	1.35219e+006	1.36279e+006	7187	7675	1184	1344	1.50829e+006	1.50882e+006	1.26647e+006	1.26687e+006	
76	66509	66931	5712	6472	31530	36013	3531	3984	30873	34004	45214	46024	20764	21157	1.37478e+006	1.38371e+006	8330	8862	902	1027	1.50931e+006	1.50973e+006	1.26937e+006	1.26976e+006	
77	65813	66159	4337	4919	24178	27653	2706	3054	24656	27317	42897	44045	19693	20240	1.39378e+006	1.40129e+006	9555	10120	687	782	1.51008e+006	1.51042e+006	1.27148e+006	1.27205e+006	
78	65283	65576	3296	3741	18466	21154	2072	2341	19500	21716	39849	41274	18305	18976	1.40978e+006	1.41612e+006	10858	11451	521	592	1.51066e+006	1.51095e+006	1.27306e+006	1.2738e+006	
79	64880	65138	2506	2845	14070	16132	1581	1786	15259	17069	36276	37911	16669	17436	1.42331e+006	1.42867e+006	12217	12824	393	448	1.5111e+006	1.51136e+006	1.27425e+006	1.27514e+006	
80	64572	64809	1902	2156	10703	12289	1206	1365	11868	13311	32328	34107	14851	15678	1.43476e+006	1.43931e+006	13592	14197	299	338	1.51143e+006	1.51166e+006	1.27517e+006	1.27616e+006	
81	64337	64561	1441	1633	8141	9360	912	1034	9180	10310	28246	30071	12974	13818	1.44445e+006	1.4483e+006	14960	15544	226	258	1.51168e+006	1.5119e+006	1.27586e+006	1.27695e+006	
82	64158	64373	1090	1238	6183	7109	690	783	7071	7957	24213	26007	11123	11952	1.45264e+006	1.4559e+006	16259	16809	171	196	1.51186e+006	1.51208e+006	1.27639e+006	1.27754e+006	
83	64020	64232	828	938	4689	5397	525	598	5425	6111	20363	22052	9352	10136	1.45956e+006	1.46229e+006	17471	17971	130	148	1.512e+006	1.51222e+006	1.27679e+006	1.27799e+006	
84	63918	64127	625	711	3560	4098	401	455	4144	4674	16846	18389	7748	8463	1.46532e+006	1.46761e+006	18571	19021	96	111	1.51211e+006	1.51232e+006	1.27709e+006	1.27832e+006	
85	63838	64046	474	540	2705	3115	304	347	3156	3561	13730	15086	6317	6943	1.47011e+006	1.47199e+006	19541	19935	75	87	1.51219e+006	1.5124e+006	1.27731e+006	1.27858e+006	
86	63776	63984	361	410	2053	2363	231	263	2401	2713	11027	12183	5067	5599	1.47404e+006	1.47557e+006	20381	20717	57	66	1.51225e+006	1.51246e+006	1.27749e+006	1.27878e+006	
87	63732	63940	270	309	1556	1790	175	199	1828	2071	8742	9709	4019	4463	1.47723e+006	1.47846e+006	21090	21372	40	48	1.5123e+006	1.5125e+006	1.27762e+006	1.27892e+006	
88	63698	63907	206	234	1174	1352	134	153	1383	1570	6877	7677	3160	3528	1.47976e+006	1.48076e+006	21674	21910	31	37	1.51233e+006	1.51254e+006	1.27772e+006	1.27903e+006	
89	63671	63879	156	178	890	1024	103	117	1043	1188	5366	6017	2459	2757	1.48177e+006	1.48258e+006	22144	22342	25	30	1.51236e+006	1.51257e+006	1.27779e+006	1.27912e+006	
90	63650	63858	117	135	676	781	76	88	795	905	4163	4684	1909	2146	1.48334e+006	1.484e+006	22516	22682	19	23	1.51238e+006	1.51259e+006	1.27785e+006	1.27918e+006	
91	63633	63842	91	106	510	589	59	68	604	689	3207	3617	1467	1657	1.48457e+006	1.48511e+006	22816	22960	15	18	1.51239e+006	1.5126e+006	1.27789e+006	1.27923e+006	
92	63622	63830	71	83	386	445	44	51	457	522	2464	2786	1129	1278	1.48553e+006	1.48597e+006	23042	23170	10	13	1.51241e+006	1.51261e+006	1.27792e+006	1.27927e+006	
93	63614	63821	53	62	291	338	33	39	346	394	1887	2137	864	980	1.48626e+006	1.48663e+006	23222	23339	7	9	1.51242e+006	1.51262e+006	1.27795e+006	1.2793e+006	
94	63608	63815	39	46	224	259	25	29	263	299	1436	1629	656	745	1.48682e+006	1.48715e+006	23360	23471	5	7	1.51242e+006	1.51263e+006	1.27797e+006	1.27932e+006	
95	63602	63810	28	34	171	198	18	22	200	228	1094	1240	500	568	1.48725e+006	1.48755e+006	23462	23569	4	6	1.51243e+006	1.51263e+006	1.27799e+006	1.27934e+006	
96	63598	63806	21	26	128	150	14	17	153	174	832	947	380	434	1.48757e+006	1.48785e+006	23542	23646	3	5	1.51243e+006	1.51264e+006	1.278e+006	1.27935e+006	
97	63595	63803	17	20	99	116	10	13	115	131	636	726	292	334	1.48781e+006	1.48808e+006	23598	23703	3	4	1.51243e+006	1.51264e+006	1.278e+006	1.27936e+006	
98	63593	63801	13	16	75	89	8	10	87	100	479	547	221	253	1.488e+006	1.48826e+006	23646	23750	1	2	1.51244e+006	1.51264e+006	1.27801e+006	1.27936e+006	
99	63592	63799	10	12	56	67	6	8	66	76	361	414	166	192	1.48814e+006	1.4884e+006	23681	23786	1	2	1.51244e+006	1.51264e+006	1.27802e+006	1.27937e+006	
100	63590	63798	7	9	42	51	5	6	49	57	274	314	126	146	1.48825e+006	1.4885e+006	23707	23812	1	2	1.51244e+006	1.51265e+006	1.27802e+006	1.27937e+006	
101	63589	63797	5	7	32	38	3	4	38	45	208	239	96	110	1.48833e+006	1.48858e+006	23728	23833	1	2	1.51244e+006	1.51265e+006	1.27802e+006	1.27938e+006	
102	63588	63796	4	6	23	28	2	3	29	34	157	180	73	84	1.48839e+006	1.48864e+006	23744	23849	0	1	1.51244e+006	1.51265e+006	1.27802e+006	1.27938e+006	
103	63587	63795	4	5	18	22	2	3	22	27	119	136	56	64	1.48844e+006	1.48868e+006	23755	23861	1	1	1.51244e+006	1.51265e+006	1.27803e+006	1.27938e+006	
104	63587	63794	3	4	14	17	1	2	17	21	90	104	42	49	1.48847e+006	1.48872e+006	23764	23869	0	1	1.51244e+006	1.51265e+006	1.27803e+006	1.27938e+006	
105	63586	63794	2	3	11	14	1	2	13	16	68	79	32	38	1.4885e+006	1.48874e+006	23770	23876	0	1	1.51244e+006	1.51265e+006	1.27803e+006	1.27938e+006	
106	63586	63794	2	3	8	10	1	1	10	13	51	60	24	29	1.48852e+006	1.48876e+006	23775	23881	0	0	1.51244e+006	1.51265e+006	1.27803e+006	1.27939e+006	
107	63586	63794	1	2	6	8	0	1	7	9	38	45	18	22	1.48853e+006	1.48878e+006	23779	23884	0	0	1.51244e+006	1.51265e+006	1.27803e+006	1.27939e+006	
108	63586	63793	1	2	5	7	0	1	5	7	28	34	13	16	1.48855e+006	1.48879e+006	23781	23887	0	0	1.51244e+006	1.51265e+006	1.27803e+006	1.27939e+006	
109	63586	63793	1	1	4	6	0	1	4	5	22	26	10	13	1.48855e+006	1.4888e+006	23783	23889	0	0	1.51244e+006	1.51265e+006	1.27803e+006	1.27939e+006	
110	63585	63793	1	1	3	5	0	0	3	4	16	19	7	10	1.48856e+006	1.48881e+006	23785	23891	0	1	1.51244e+006	1.51265e+006	1.27803e+006	1.27939e+006	
111	63585	63793	1	1	2	4	0	0	2	3	12	15	6	8	1.48857e+006	1.48881e+006	23786	23892	0	0	1.51244e+006	1.51265e+006	1.27803e+006	1.27939e+006	
112	63585	63792	1	1	2	3	0	0	1	2	9	11	4	6	1.48857e+006	1.48881e+006	23787	23893	0	0	1.51244e+006	1.51265e+006	1.27803e+006	1.27939e+006	
113	63585	63792	1	1	1	2	0	0	1	2	7	9	3	5	1.48857e+006	1.48882e+006	23787	23893	0	0	1.51244e+006	1.51265e+006	1.27803e+006	1.27939e+006	
114	63584	63792	0	1	1	2	-0	0	1	1	5	7	2	4	1.48858e+006	1.48882e+006	23788	23894	0	0	1.51244e+006	1.51265e+006	1.27803e+006	1.27939e+006	
115	63584	63792	0	1	1	2	-0	0	1	1	4	6	2	3	1.48858e+006	1.48882e+006	23788	23895	0	0	1.51244e+006	1.51265e+006	1.27803e+006	1.27939e+006	
116	63584	63792	0	1	1	2	-0	0	0	1	3	4	1	2	1.48858e+006	1.48882e+006	23789	23895	0	0	1.51244e+006	1.51265e+006	1.27803e+006	1.27939e+006	
117	63584	63792	0	1	1	2	-0	0	0	1	2	3	1	2	1.48858e+006	1.48882e+006	23789	23895	0	0	1.51244e+006	1.51265e+006	1.27803e+006	1.27939e+006	
118	63584	63791	0	1	1	2	-0	0	0	1	2	3	1	1	1.48858e+006	1.48882e+006	23789	23895	-0	0	1.51245e+006	1.51265e+006	1.27803e+006	1.27939e+006	
119	63584	63791	0	1	1	2	-0	0	0	1	1	2	1	1	1.48858e+006	1.48882e+006	23789	23896	0	0	1.51245e+006	1.51265e+006	1.27803e+006	1.27939e+006	
120	63583	63791	0	1	1	1	-0	0	0	0	1	2	0	1	1.48858e+006	1.48883e+006	23789	23896	0	0	1.51245e+006	1.51265e+006	1.27803e+006	1.27939e+006	
121	63583	63791	0	1	1	1	-0	0	0	0	0	1	0	1	1.48858e+006	1.48883e+006	23790	23896	-0	0	1.51245e+006	1.51265e+006	1.27803e+006	1.27939e+006	
122	63583	63791	0	1	1	1	-0	0	0	0	0	1	0	0	1.48858e+006	1.48883e+006	23790	23896	0	0	1.51245e+006	1.51265e+006	1.27803e+006	1.27939e+006	
123	63583	63791	0	1	1	1	-0	0	0	0	0	0	0	0	1.48858e+006	1.48883e+006	23790	23896	0	0	1.51245e+006	1.51265e+006	1.27803e+006	1.27939e+006	
124	63583	63791	0	1	1	1	-0	0	0	0	0	0	0	0	1.48858e+006	1.48883e+006	23790	23896	0	0	1.51245e+006	1.51265e+006	1.27803e+006	1.27939e+006	
125	63583	63790	0	1	1	1	-0	0	0	0	0	0	-0	0	1.48858e+006	1.48883e+006	23790	23896	0	0	1.51245e+006	1.51265e+006	1.27803e+006	1.27939e+006	
126	63583	63790	0	1	0	1	-0	0	0	0	0	0	-0	0	1.48858e+006	1.48883e+006	23790	23896	0	0	1.51245e+006	1.51265e+006	1.27803e+006	1.27939e+006	
127	63582	63790	0	1	0	1	-0	0	0	0	0	0	-0	0	1.48858e+006	1.48883e+006	23790	23896	0	0	1.51245e+006	1.51265e+006	1.27803e+006	1.27939e+006	
128	63582	63790	0	1	0	1	-0	0	0	0	-0	0	-0	0	1.48858e+006	1.48883e+006	23790	23896	-0	0	1.51245e+006	1.51265e+006	1.27803e+006	1.27939e+006	
129	63582	63790	0	1	0	1	0	0	0	0	-0	0	0	0	1.48858e+006	1.48883e+006	23790	23896	0	0	1.51245e+006	1.51265e+006	1.27803e+006	1.27939e+006	
130	63582	63790	0	1	0	1	0	0	0	0	-0	0	0	0	1.48858e+006	1.48883e+006	23790	23896	0	0	1.51245e+006	1.51265e+006	1.27803e+006	1.27939e+006	
131	63582	63790	0	1	0	1	0	0	-0	0	-0	0	-0	0	1.48858e+006	1.48883e+006	23790	23896	-0	0	1.51245e+006	1.51265e+006	1.27803e+006	1.27939e+006	
132	63582	63790	0	1	0	1	0	0	-0	0	-0	0	-0	0	1.48858e+006	1.48883e+006	23790	23896	0	0	1.51245e+006	1.51265e+006	1.27803e+006	1.27939e+006	
133	63582	63790	0	0	0	1	0	0	-0	0	-0	0	-0	0	1.48858e+006	1.48883e+006	23790	23896	0	0	1.51245e+006	1.51265e+006	1.27803e+006	1.27939e+006	
134	63582	63789	0	0	0	1	0	0	-0	0	-0	0	-0	0	1.48858e+006	1.48883e+006	23790	23896	-0	0	1.51245e+006	1.51265e+006	1.27803e+006	1.27939e+006	
135	63582	63789	0	1	0	1	-0	0	0	0	-0	0	-0	0	1.48858e+006	1.48883e+006	23790	23896	0	0	1.51245e+006	1.51265e+006	1.27803e+006	1.27939e+006	
136	63582	63789	0	1	0	1	-0	0	0	0	-0	0	-0	0	1.48858e+006	1.48883e+006	23790	23896	-0	0	1.51245e+006	1.51265e+006	1.27803e+006	1.27939e+006	
137	63581	63789	0	1	0	1	-0	0	0	0	-0	0	-0	0	1.48858e+006	1.48883e+006	23790	23896	0	0	1.51245e+006	1.51266e+006	1.27803e+006	1.27939e+006	
138	63581	63789	0	1	0	1	-0	0	0	0	-0	0	-0	0	1.48858e+006	1.48883e+006	23790	23896	0	0	1.51245e+006	1.51266e+006	1.27803e+006	1.27939e+006	
139	63581	63789	0	1	0	1	-0	0	0	0	-0	0	-0	0	1.48859e+006	1.48883e+006	23790	23896	0	0	1.51245e+006	1.51266e+006	1.27803e+006	1.27939e+006	
140	63581	63789	0	1	0	1	-0	0	0	0	-0	0	-0	0	1.48859e+006	1.48883e+006	23790	23896	-0	0	1.51245e+006	1.51266e+006	1.27803e+006	1.27939e+006	
141	63581	63789	0	1	0	1	-0	0	0	0	-0	0	-0	0	1.48859e+006	1.48883e+006	23790	23896	0	0	1.51245e+006	1.51266e+006	1.27804e+006	1.27939e+006	
142	63581	63788	0	1	0	1	-0	0	0	0	-0	0	-0	0	1.48859e+006	1.48883e+006	23790	23896	-0	0	1.51245e+006	1.51266e+006	1.27804e+006	1.27939e+006	
143	63581	63788	0	1	0	1	-0	0	-0	0	-0	0	-0	0	1.48859e+006	1.48883e+006	23790	23896	-0	0	1.51245e+006	1.51266e+006	1.27804e+006	1.27939e+006	
144	63581	63788	0	1	0	1	-0	0	-0	0	-0	0	-0	0	1.48859e+006	1.48883e+006	23790	23896	0	0	1.51245e+006	1.51266e+006	1.27804e+006	1.27939e+006	
145	63580	63788	0	1	0	1	-0	0	-0	0	-0	0	-0	0	1.48859e+006	1.48883e+006	23790	23896	0	0	1.51245e+006	1.51266e+006	1.27804e+006	1.27939e+006	
146	63580	63788	0	1	0	1	-0	0	0	0	-0	0	-0	0	1.48859e+006	1.48883e+006	23790	23896	-0	0	1.51245e+006	1.51266e+006	1.27804e+006	1.27939e+006	
147	63580	63788	0	1	0	1	-0	0	0	0	-0	0	-0	0	1.48859e+006	1.48883e+006	23790	23896	0	0	1.51245e+006	1.51266e+006	1.27804e+006	1.27939e+006	
148	63580	63788	0	1	0	1	-0	0	0	0	-0	0	-0	0	1.48859e+006	1.48883e+006	23790	23896	0	0	1.51245e+006	1.51266e+006	1.27804e+006	1.27939e+006	
149	63580	63787	0	1	0	1	-0	0	0	0	-0	0	-0	0	1.48859e+006	1.48883e+006	23790	23896	0	0	1.51245e+006	1.51266e+006	1.27804e+006	1.27939e+006	
150	63579	63787	1	1	0	1	-0	0	-0	0	-0	0	-0	0	1.48859e+006	1.48883e+006	23790	23896	0	0	1.51245e+006	1.51266e+006	1.27804e+006	1.27939e+006	
151	63579	63787	1	1	0	1	-0	0	-0	0	-0	0	-0	0	1.48859e+006	1.48883e+006	23790	23896	0	0	1.51245e+006	1.51266e+006	1.27804e+006	1.27939e+006	
152	63579	63787	0	1	0	1	-0	0	-0	0	-0	0	-0	0	1.48859e+006	1.48883e+006	23790	23896	0	0	1.51245e+006	1.51266e+006	1.27804e+006	1.27939e+006	
153	63579	63787	0	1	1	1	-0	0	-0	0	-0	0	-0	0	1.48859e+006	1.48883e+006	23790	23896	0	0	1.51245e+006	1.51266e+006	1.27804e+006	1.27939e+006	
154	63579	63787	0	1	1	1	-0	0	-0	0	-0	0	-0	0	1.48859e+006	1.48883e+006	23790	23896	0	0	1.51245e+006	1.51266e+006	1.27804e+006	1.27939e+006	
155	63579	63787	0	1	1	1	0	0	-0	0	-0	0	-0	0	1.48859e+006	1.48883e+006	23790	23896	-0	0	1.51245e+006	1.51266e+006	1.27804e+006	1.27939e+006	
156	63579	63786	0	1	1	1	0	0	-0	0	-0	0	-0	0	1.48859e+006	1.48883e+006	23790	23896	0	0	1.51245e+006	1.51266e+006	1.27804e+006	1.27939e+006	
157	63578	63786	0	1	1	1	0	0	-0	0	-0	0	-0	0	1.48859e+006	1.48883e+006	23790	23896	0	0	1.51245e+006	1.51266e+006	1.27804e+006	1.27939e+006	
158	63578	63786	0	1	1	1	0	0	-0	0	-0	0	-0	0	1.48859e+006	1.48883e+006	23790	23896	0	0	1.51245e+006	1.51266e+006	1.27804e+006	1.27939e+006	
159	63578	63786	1	1	0	1	0	0	0	0	-0	0	-0	0	1.48859e+006	1.48883e+006	23790	23896	0	0	1.51245e+006	1.51266e+006	1.27804e+006	1.27939e+006	
160	63578	63786	1	1	0	1	-0	0	0	0	-0	0	-0	0	1.48859e+006	1.48883e+006	23790	23896	0	0	1.51245e+006	1.51266e+006	1.27804e+006	1.27939e+006	
161	63578	63786	0	1	0	1	-0	0	0	0	-0	0	-0	0	1.48859e+006	1.48883e+006	23790	23896	-0	0	1.51245e+006	1.51266e+006	1.27804e+006	1.2794e+006	
162	63578	63785	0	1	1	1	-0	0	0	0	0	0	0	0	1.48859e+006	1.48883e+006	23790	23896	-0	0	1.51245e+006	1.51266e+006	1.27804e+006	1.2794e+006	
163	63577	63785	0	1	1	1	-0	0	0	0	0	0	0	0	1.48859e+006	1.48883e+006	23790	23896	0	0	1.51245e+006	1.51266e+006	1.27804e+006	1.2794e+006	
164	63577	63785	0	1	1	1	-0	0	0	0	0	0	0	0	1.48859e+006	1.48883e+006	23790	23896	0	0	1.51245e+006	1.51266e+006	1.27804e+006	1.2794e+006	
165	63577	63785	0	1	1	1	-0	0	-0	0	0	0	0	0	1.48859e+006	1.48883e+006	23790	23896	0	0	1.51245e+006	1.51266e+006	1.27804e+006	1.2794e+006	
166	63577	63785	0	1	1	1	-0	0	-0	0	0	0	0	0	1.48859e+006	1.48883e+006	23790	23896	-0	0	1.51245e+006	1.51266e+006	1.27804e+006	1.2794e+006	
167	63577	63785	0	1	1	1	-0	0	0	0	0	0	0	0	1.48859e+006	1.48883e+006	23790	23896	0	0	1.51245e+006	1.51266e+006	1.27804e+006	1.2794e+006	
168	63577	63785	0	1	0	1	-0	0	0	0	0	0	0	0	1.48859e+006	1.48883e+006	23790	23896	0	0	1.51245e+006	1.51266e+006	1.27804e+006	1.2794e+006	
169	63577	63784	0	1	0	1	-0	0	0	0	0	0	0	0	1.48859e+006	1.48883e+006	23790	23896	-0	0	1.51245e+006	1.51266e+006	1.27804e+006	1.2794e+006	
170	63576	63784	0	1	0	1	-0	0	0	1	-0	0	0	0	1.48859e+006	1.48883e+006	23790	23896	0	0	1.51245e+006	1.51266e+006	1.27804e+006	1.2794e+006	
171	63576	63784	1	1	0	1	-0	0	0	1	-0	0	0	0	1.48859e+006	1.48883e+006	23790	23896	0	0	1.51245e+006	1.51266e+006	1.27804e+006	1.2794e+006	
172	63576	63784	0	1	0	1	-0	0	0	1	-0	0	0	0	1.48859e+006	1.48883e+006	23790	23896	-0	0	1.51245e+006	1.51266e+006	1.27804e+006	1.2794e+006	
173	63576	63784	0	1	0	1	0	0	0	1	-0	0	0	0	1.48859e+006	1.48883e+006	23790	23896	0	0	1.51245e+006	1.51266e+006	1.27804e+006	1.2794e+006	
174	63576	63784	0	1	0	1	0	0	0	0	-0	0	0	0	1.48859e+006	1.48883e+006	23790	23896	0	0	1.51245e+006	1.51266e+006	1.27804e+006	1.2794e+006	
175	63576	63784	0	1	1	1	0	0	0	0	-0	0	0	0	1.48859e+006	1.48883e+006	23790	23896	-0	0	1.51245e+006	1.51266e+006	1.27804e+006	1.2794e+006	
176	63576	63784	0	0	1	1	0	0	0	0	-0	0	0	0	1.48859e+006	1.48883e+006	23790	23896	-0	0	1.51245e+006	1.51266e+006	1.27804e+006	1.2794e+006	
177	63576	63784	0	0	0	1	0	0	0	0	-0	0	0	0	1.48859e+006	1.48883e+006	23790	23896	-0	0	1.51245e+006	1.51266e+006	1.27804e+006	1.2794e+006	
178	63575	63783	0	0	0	1	0	0	0	0	-0	0	0	0	1.48859e+006	1.48883e+006	23790	23896	0	0	1.51245e+006	1.51266e+006	1.27804e+006	1.2794e+006	
179	63575	63783	0	1	0	1	0	0	0	0	-0	0	0	0	1.48859e+006	1.48883e+006	23790	23896	-0	0	1.51245e+006	1.51266e+006	1.27804e+006	1.2794e+006	
180	63575	63783	0	1	0	1	-0	0	0	0	-0	0	0	0	1.48859e+006	1.48883e+006	23790	23896	-0	0	1.51245e+006	1.51266e+006	1.27804e+006	1.2794e+006	
181	63575	63783	0	1	0	1	-0	0	0	0	-0	0	0	0	1.48859e+006	1.48883e+006	23790	23896	-0	0	1.51245e+006	1.51266e+006	1.27804e+006	1.2794e+006	
182	63575	63783	0	1	0	1	-0	0	0	0	-0	0	0	0	1.48859e+006	1.48884e+006	23790	23896	0	0	1.51245e+006	1.51266e+006	1.27804e+006	1.2794e+006	
183	63575	63783	0	1	0	1	-0	0	0	0	-0	0	0	0	1.48859e+006	1.48884e+006	23790	23896	0	0	1.51245e+006	1.51266e+006	1.27804e+006	1.2794e+006	
184	63575	63783	0	1	0	1	0	0	0	0	-0	0	0	0	1.48859e+006	1.48884e+006	23790	23896	0	0	1.51245e+006	1.51266e+006	1.27804e+006	1.2794e+006	
185	63575	63783	0	0	0	1	0	0	-0	0	-0	0	-0	0	1.48859e+006	1.48884e+006	23790	23896	-0	0	1.51245e+006	1.51266e+006	1.27804e+006	1.2794e+006	
186	63575	63783	0	0	0	1	0	0	-0	0	-0	0	-0	0	1.48859e+006	1.48884e+006	23790	23896	-0	0	1.51245e+006	1.51266e+006	1.27804e+006	1.2794e+006	
187	63574	63783	0	1	0	1	0	0	-0	0	-0	0	-0	0	1.48859e+006	1.48884e+006	23790	23896	0	1	1.51245e+006	1.51266e+006	1.27804e+006	1.2794e+006	
188	63574	63782	0	1	0	1	0	0	-0	0	-0	0	-0	0	1.48859e+006	1.48884e+006	23790	23896	0	0	1.51245e+006	1.51266e+006	1.27804e+006	1.2794e+006	
189	63574	63782	0	1	0	1	0	0	-0	0	-0	0	-0	0	1.48859e+006	1.48884e+006	23790	23896	-0	0	1.51245e+006	1.51266e+006	1.27804e+006	1.2794e+006	
190	63574	63782	0	1	0	1	0	0	-0	0	-0	0	-0	0	1.48859e+006	1.48884e+006	23790	23896	0	0	1.51245e+006	1.51266e+006	1.27804e+006	1.2794e+006	
191	63574	63782	0	1	0	1	-0	0	-0	0	-0	0	-0	0	1.48859e+006	1.48884e+006	23790	23896	0	0	1.51245e+006	1.51266e+006	1.27804e+006	1.2794e+006	
192	63574	63782	0	1	0	1	-0	0	0	0	-0	0	-0	0	1.48859e+006	1.48884e+006	23790	23896	-0	0	1.51245e+006	1.51266e+006	1.27804e+006	1.2794e+006	
193	63574	63782	0	1	0	1	-0	0	0	0	-0	0	-0	0	1.48859e+006	1.48884e+006	23790	23896	0	0	1.51245e+006	1.51266e+006	1.27804e+006	1.2794e+006	
194	63573	63782	0	1	0	1	-0	0	0	0	-0	0	-0	0	1.48859e+006	1.48884e+006	23790	23896	0	0	1.51245e+006	1.51266e+006	1.27804e+006	1.2794e+006	
195	63573	63781	0	1	1	1	0	0	0	0	-0	0	-0	0	1.48859e+006	1.48884e+006	23790	23896	-0	0	1.51246e+006	1.51266e+006	1.27804e+006	1.2794e+006	
196	63573	63781	0	1	1	1	0	0	0	0	-0	0	-0	0	1.48859e+006	1.48884e+006	23790	23896	-0	0	1.51246e+006	1.51266e+006	1.27804e+006	1.2794e+006	
197	63573	63781	0	1	0	1	-0	0	0	0	-0	0	-0	0	1.48859e+006	1.48884e+006	23790	23896	0	0	1.51246e+006	1.51266e+006	1.27804e+006	1.2794e+006	
198	63573	63781	0	1	0	1	-0	0	0	0	-0	0	-0	0	1.48859e+006	1.48884e+006	23790	23896	-0	0	1.51246e+006	1.51266e+006	1.27804e+006	1.2794e+006	
199	63573	63781	0	1	0	1	-0	0	0	0	-0	0	0	0	1.48859e+006	1.48884e+006	23790	23896	0	0	1.51246e+006	1.51266e+006	1.27804e+006	1.2794e+006	
200	63573	63781	0	1	0	1	-0	0	0	0	-0	0	0	0	1.48859e+006	1.48884e+006	23790	23896	0	0	1.51246e+006	1.51266e+006	1.27804e+006	1.2794e+006	
201	63573	63781	0	1	0	1	0	0	0	1	-0	0	0	0	1.48859e+006	1.48884e+006	23790	23896	0	0	1.51246e+006	1.51266e+006	1.27804e+006	1.2794e+006	
202	63572	63781	0	1	0	1	0	0	0	0	-0	0	0	0	1.48859e+006	1.48884e+006	23790	23896	0	0	1.51246e+006	1.51266e+006	1.27804e+006	1.2794e+006	
203	63572	63780	0	1	0	1	0	0	0	0	-0	0	0	0	1.48859e+006	1.48884e+006	23790	23896	0	0	1.51246e+006	1.51266e+006	1.27804e+006	1.2794e+006	
204	63572	63780	0	1	0	1	-0	0	0	1	-0	0	0	0	1.48859e+006	1.48884e+006	23790	23896	0	0	1.51246e+006	1.51266e+006	1.27804e+006	1.2794e+006	
205	63572	63780	0	1	0	1	-0	0	0	0	-0	0	0	0	1.48859e+006	1.48884e+006	23790	23896	-0	0	1.51246e+006	1.51266e+006	1.27804e+006	1.2794e+006	
206	63572	63780	0	1	1	1	-0	0	0	0	-0	0	0	0	1.48859e+006	1.48884e+006	23790	23896	0	0	1.51246e+006	1.51266e+006	1.27804e+006	1.2794e+006	
207	63572	63780	0	1	1	1	-0	0	0	0	-0	0	0	0	1.48859e+006	1.48884e+006	23790	23896	-0	0	1.51246e+006	1.51266e+006	1.27804e+006	1.2794e+006	
208	63572	63780	0	1	1	1	-0	0	0	0	-0	0	0	0	1.48859e+006	1.48884e+006	23790	23896	-0	0	1.51246e+006	1.51266e+006	1.27804e+006	1.2794e+006	
209	63571	63779	0	1	1	1	-0	0	0	0	-0	0	0	0	1.48859e+006	1.48884e+006	23790	23896	0	0	1.51246e+006	1.51267e+006	1.27804e+006	1.2794e+006	
210	63571	63779	0	1	1	1	-0	0	0	0	-0	0	-0	0	1.48859e+006	1.48884e+006	23790	23896	0	0	1.51246e+006	1.51267e+006	1.27804e+006	1.2794e+006	
211	63571	63779	0	1	1	1	-0	0	0	0	-0	0	-0	0	1.48859e+006	1.48884e+006	23790	23896	0	0	1.51246e+006	1.51267e+006	1.27804e+006	1.2794e+006	
212	63571	63779	1	1	0	1	-0	0	0	0	-0	0	-0	0	1.48859e+006	1.48884e+006	23790	23896	0	0	1.51246e+006	1.51267e+006	1.27804e+006	1.2794e+006	
213	63571	63779	0	1	0	1	-0	0	0	0	-0	0	-0	0	1.48859e+006	1.48884e+006	23790	23896	0	0	1.51246e+006	1.51267e+006	1.27804e+006	1.2794e+006	
214	63571	63779	0	1	0	1	-0	0	0	0	-0	0	-0	0	1.48859e+006	1.48884e+006	23790	23896	0	0	1.51246e+006	1.51267e+006	1.27804e+006	1.2794e+006	
215	63570	63779	0	1	0	1	-0	0	0	0	-0	0	-0	0	1.48859e+006	1.48884e+006	23790	23896	0	0	1.51246e+006	1.51267e+006	1.27804e+006	1.2794e+006	
216	63570	63778	0	1	1	1	-0	0	0	1	-0	0	-0	0	1.48859e+006	1.48884e+006	23790	23896	0	0	1.51246e+006	1.51267e+006	1.27804e+006	1.2794e+006	
217	63570	63778	0	1	1	1	-0	0	0	0	-0	0	-0	0	1.4886e+006	1.48884e+006	23790	23896	0	0	1.51246e+006	1.51267e+006	1.27804e+006	1.2794e+006	
218	63570	63778	0	1	1	1	-0	0	0	0	-0	0	-0	0	1.4886e+006	1.48884e+006	23790	23896	-0	0	1.51246e+006	1.51267e+006	1.27804e+006	1.2794e+006	
219	63570	63778	0	1	1	1	-0	0	0	0	-0	0	-0	0	1.4886e+006	1.48884e+006	23790	23896	0	0	1.51246e+006	1.51267e+006	1.27805e+006	1.2794e+006	
220	63570	63778	0	1	1	1	-0	0	0	0	-0	0	-0	0	1.4886e+006	1.48884e+006	23790	23896	-0	0	1.51246e+006	1.51267e+006	1.27805e+006	1.2794e+006	
221	63570	63778	0	1	1	1	-0	0	0	0	-0	0	-0	0	1.4886e+006	1.48884e+006	23790	23896	0	0	1.51246e+006	1.51267e+006	1.27805e+006	1.2794e+006	
222	63570	63778	0	1	0	1	-0	0	0	0	0	0	-0	0	1.4886e+006	1.48884e+006	23790	23896	0	0	1.51246e+006	1.51267e+006	1.27805e+006	1.2794e+006	
223	63570	63778	0	1	0	1	0	0	0	0	0	0	-0	0	1.4886e+006	1.48884e+006	23790	23896	0	0	1.51246e+006	1.51267e+006	1.27805e+006	1.2794e+006	
224	63569	63777	0	1	0	1	0	0	0	0	0	0	-0	0	1.4886e+006	1.48884e+006	23790	23896	-0	0	1.51246e+006	1.51267e+006	1.27805e+006	1.2794e+006	
225	63569	63777	0	1	0	1	-0	0	0	0	0	0	-0	0	1.4886e+006	1.48884e+006	23790	23896	-0	0	1.51246e+006	1.51267e+006	1.27805e+006	1.2794e+006	
226	63569	63777	0	1	0	1	-0	0	0	0	0	0	-0	0	1.4886e+006	1.48884e+006	23790	23896	0	0	1.51246e+006	1.51267e+006	1.27805e+006	1.2794e+006	
227	63569	63777	0	1	0	1	-0	0	0	0	0	0	-0	0	1.4886e+006	1.48884e+006	23790	23896	0	0	1.51246e+006	1.51267e+006	1.27805e+006	1.2794e+006	
228	63569	63777	0	1	0	1	-0	0	0	0	0	0	0	0	1.4886e+006	1.48884e+006	23790	23896	-0	0	1.51246e+006	1.51267e+006	1.27805e+006	1.2794e+006	
229	63569	63777	0	1	0	1	-0	0	0	0	0	0	0	0	1.4886e+006	1.48884e+006	23790	23896	0	0	1.51246e+006	1.51267e+006	1.27805e+006	1.2794e+006	
230	63569	63777	0	1	0	1	-0	0	0	0	-0	0	-0	0	1.4886e+006	1.48884e+006	23790	23896	0	0	1.51246e+006	1.51267e+006	1.27805e+006	1.2794e+006	
231	63569	63777	0	1	0	1	-0	0	0	0	0	0	-0	0	1.4886e+006	1.48884e+006	23790	23896	0	0	1.51246e+006	1.51267e+006	1.27805e+006	1.2794e+006	
232	63568	63776	0	1	0	1	-0	0	-0	0	0	0	-0	0	1.4886e+006	1.48884e+006	23790	23896	-0	0	1.51246e+006	1.51267e+006	1.27805e+006	1.2794e+006	
233	63568	63776	0	1	0	1	-0	0	-0	0	0	0	-0	0	1.4886e+006	1.48884e+006	23790	23896	0	0	1.51246e+006	1.51267e+006	1.27805e+006	1.2794e+006	
234	63568	63776	0	1	0	1	0	0	-0	0	0	0	-0	0	1.4886e+006	1.48884e+006	23790	23896	-0	0	1.51246e+006	1.51267e+006	1.27805e+006	1.2794e+006	
235	63568	63776	0	1	0	1	0	0	0	0	0	0	-0	0	1.4886e+006	1.48884e+006	23790	23896	0	0	1.51246e+006	1.51267e+006	1.27805e+006	1.2794e+006	
236	63568	63776	0	1	0	1	-0	0	0	0	0	0	-0	0	1.4886e+006	1.48884e+006	23790	23896	-0	0	1.51246e+006	1.51267e+006	1.27805e+006	1.2794e+006	
237	63568	63776	0	1	0	1	-0	0	0	0	0	0	-0	0	1.4886e+006	1.48884e+006	23790	23896	0	0	1.51246e+006	1.51267e+006	1.27805e+006	1.2794e+006	
238	63568	63776	0	1	0	1	0	0	0	0	-0	0	-0	0	1.4886e+006	1.48884e+006	23790	23896	-0	0	1.51246e+006	1.51267e+006	1.27805e+006	1.2794e+006	
239	63568	63776	0	1	0	1	-0	0	0	0	0	0	-0	0	1.4886e+006	1.48884e+006	23790	23896	0	0	1.51246e+006	1.51267e+006	1.27805e+006	1.2794e+006	
240	63568	63775	0	1	0	1	-0	0	0	0	0	0	-0	0	1.4886e+006	1.48884e+006	23790	23896	0	0	1.51246e+006	1.51267e+006	1.27805e+006	1.2794e+006	
241	63567	63775	0	1	0	1	-0	0	0	0	0	0	-0	0	1.4886e+006	1.48884e+006	23790	23896	0	0	1.51246e+006	1.51267e+006	1.27805e+006	1.2794e+006	
242	63567	63775	0	1	0	1	-0	0	0	0	-0	0	-0	0	1.4886e+006	1.48884e+006	23790	23897	0	0	1.51246e+006	1.51267e+006	1.27805e+006	1.2794e+006	
243	63567	63775	0	1	0	1	-0	0	0	0	-0	0	0	0	1.4886e+006	1.48884e+006	23790	23897	0	0	1.51246e+006	1.51267e+006	1.27805e+006	1.2794e+006	
244	63567	63775	0	1	0	1	-0	0	-0	0	-0	0	0	0	1.4886e+006	1.48884e+006	23790	23897	0	0	1.51246e+006	1.51267e+006	1.27805e+006	1.27941e+006	
245	63567	63775	0	1	0	1	-0	0	0	0	-0	0	0	0	1.4886e+006	1.48884e+006	23790	23897	0	0	1.51246e+006	1.51267e+006	1.27805e+006	1.27941e+006	
246	63567	63774	0	1	0	1	-0	0	0	0	-0	0	0	0	1.4886e+006	1.48884e+006	23790	23897	0	0	1.51246e+006	1.51267e+006	1.27805e+006	1.27941e+006	
247	63566	63774	0	1	1	1	-0	0	0	0	-0	0	0	0	1.4886e+006	1.48884e+006	23790	23897	0	0	1.51246e+006	1.51267e+006	1.27805e+006	1.27941e+006	
248	63566	63774	1	1	1	1	-0	0	0	0	-0	0	0	0	1.4886e+006	1.48884e+006	23790	23897	0	0	1.51246e+006	1.51267e+006	1.27805e+006	1.27941e+006	
249	63566	63774	0	1	1	1	-0	0	0	0	-0	0	0	0	1.4886e+006	1.48884e+006	23790	23897	-0	0	1.51246e+006	1.51267e+006	1.27805e+006	1.27941e+006	
250	63566	63774	0	1	1	1	-0	0	0	0	-0	0	0	0	1.4886e+006	1.48884e+006	23790	23897	0	0	1.51246e+006	1.51267e+006	1.27805e+006	1.27941e+006	
251	63566	63774	0	1	1	1	-0	0	-0	0	-0	0	0	0	1.4886e+006	1.48884e+006	23790	23897	0	0	1.51246e+006	1.51267e+006	1.27805e+006	1.27941e+006	
252	63566	63774	0	1	1	2	-0	0	-0	0	-0	0	0	0	1.4886e+006	1.48884e+006	23790	23897	-0	0	1.51246e+006	1.51267e+006	1.27805e+006	1.27941e+006	
253	63566	63773	0	1	1	1	-0	0	0	0	-0	0	0	0	1.4886e+006	1.48884e+006	23790	23897	0	0	1.51246e+006	1.51267e+006	1.27805e+006	1.27941e+006	
254	63565	63773	0	1	1	1	-0	0	0	0	-0	0	0	0	1.4886e+006	1.48884e+006	23790	23897	0	0	1.51246e+006	1.51267e+006	1.27805e+006	1.27941e+006	
255	63565	63773	0	1	1	1	-0	0	0	0	-0	0	0	0	1.4886e+006	1.48884e+006	23790	23897	-0	0	1.51246e+006	1.51267e+006	1.27805e+006	1.27941e+006	
256	63565	63773	0	1	0	1	-0	0	0	0	-0	0	0	0	1.4886e+006	1.48884e+006	23790	23897	-0	0	1.51246e+006	1.51267e+006	1.27805e+006	1.27941e+006	
257	63565	63773	0	1	0	1	-0	0	0	0	-0	0	0	0	1.4886e+006	1.48884e+006	23790	23897	0	0	1.51246e+006	1.51267e+006	1.27805e+006	1.27941e+006	
258	63565	63773	0	1	0	1	-0	0	0	0	-0	0	-0	0	1.4886e+006	1.48884e+006	23790	23897	0	0	1.51246e+006	1.51267e+006	1.27805e+006	1.27941e+006	
259	63565	63772	0	1	1	1	-0	0	-0	0	-0	0	-0	0	1.4886e+006	1.48884e+006	23790	23897	0	0	1.51246e+006	1.51267e+006	1.27805e+006	1.27941e+006	
260	63564	63772	0	1	0	1	-0	0	0	0	0	0	-0	0	1.4886e+006	1.48885e+006	23790	23897	0	0	1.51246e+006	1.51267e+006	1.27805e+006	1.27941e+006	
261	63564	63772	0	1	0	1	-0	0	0	0	-0	0	-0	0	1.4886e+006	1.48885e+006	23790	23897	0	0	1.51246e+006	1.51267e+006	1.27805e+006	1.27941e+006	
262	63564	63772	0	1	1	1	-0	0	0	0	-0	0	-0	0	1.4886e+006	1.48885e+006	23790	23897	0	0	1.51246e+006	1.51267e+006	1.27805e+006	1.27941e+006	
263	63564	63772	0	1	0	1	-0	0	0	0	-0	0	-0	0	1.4886e+006	1.48885e+006	23790	23897	-0	0	1.51246e+006	1.51267e+006	1.27805e+006	1.27941e+006	
264	63564	63772	0	1	0	1	-0	0	0	0	-0	0	-0	0	1.4886e+006	1.48885e+006	23790	23897	-0	0	1.51246e+006	1.51267e+006	1.27805e+006	1.27941e+006	
265	63564	63772	0	1	0	1	-0	0	0	0	-0	0	-0	0	1.4886e+006	1.48885e+006	23790	23897	0	0	1.51246e+006	1.51267e+006	1.27805e+006	1.27941e+006	
266	63564	63771	0	1	0	1	-0	0	-0	0	0	0	-0	0	1.4886e+006	1.48885e+006	23790	23897	0	0	1.51247e+006	1.51267e+006	1.27805e+006	1.27941e+006	
267	63563	63771	0	1	0	1	-0	0	-0	0	0	0	-0	0	1.4886e+006	1.48885e+006	23790	23897	0	0	1.51247e+006	1.51267e+006	1.27805e+006	1.27941e+006	
268	63563	63771	0	1	0	1	-0	0	-0	0	-0	0	-0	0	1.4886e+006	1.48885e+006	23790	23897	0	0	1.51247e+006	1.51267e+006	1.27805e+006	1.27941e+006	
269	63563	63771	0	1	0	1	-0	0	-0	0	-0	0	-0	0	1.4886e+006	1.48885e+006	23790	23897	0	0	1.51247e+006	1.51267e+006	1.27805e+006	1.27941e+006	
270	63563	63771	0	1	0	1	-0	0	-0	0	-0	0	0	0	1.4886e+006	1.48885e+006	23790	23897	0	0	1.51247e+006	1.51267e+006	1.27805e+006	1.27941e+006	
271	63563	63770	0	1	0	1	0	0	-0	0	-0	0	0	0	1.4886e+006	1.48885e+006	23790	23897	0	0	1.51247e+006	1.51267e+006	1.27805e+006	1.27941e+006	
272	63563	63770	0	1	0	1	0	0	-0	0	-0	0	0	0	1.4886e+006	1.48885e+006	23790	23897	0	0	1.51247e+006	1.51267e+006	1.27805e+006	1.27941e+006	
273	63563	63770	0	1	1	1	0	0	-0	0	-0	0	0	0	1.4886e+006	1.48885e+006	23790	23897	0	0	1.51247e+006	1.51267e+006	1.27805e+006	1.27941e+006	
274	63562	63770	0	1	1	1	0	0	-0	0	-0	0	0	0	1.4886e+006	1.48885e+006	23790	23897	0	0	1.51247e+006	1.51267e+006	1.27805e+006	1.27941e+006	
275	63562	63770	0	1	1	1	-0	0	-0	0	-0	0	0	0	1.4886e+006	1.48885e+006	23790	23897	0	0	1.51247e+006	1.51267e+006	1.27805e+006	1.27941e+006	
276	63562	63770	0	1	1	1	-0	0	0	0	-0	0	0	0	1.4886e+006	1.48885e+006	23790	23897	-0	0	1.51247e+006	1.51267e+006	1.27805e+006	1.27941e+006	
277	63562	63770	0	1	1	1	-0	0	0	0	-0	0	0	0	1.4886e+006	1.48885e+006	23790	23897	-0	0	1.51247e+006	1.51267e+006	1.27805e+006	1.27941e+006	
278	63562	63770	0	1	1	1	-0	0	0	0	-0	0	0	0	1.4886e+006	1.48885e+006	23790	23897	0	0	1.51247e+006	1.51267e+006	1.27805e+006	1.27941e+006	
279	63562	63769	0	1	1	1	-0	0	0	0	-0	0	0	0	1.4886e+006	1.48885e+006	23790	23897	0	0	1.51247e+006	1.51267e+006	1.27805e+006	1.27941e+006	
280	63562	63769	0	1	1	1	-0	0	0	0	-0	0	0	0	1.4886e+006	1.48885e+006	23790	23897	-0	0	1.51247e+006	1.51267e+006	1.27805e+006	1.27941e+006	
281	63562	63769	0	1	0	1	-0	0	0	0	-0	0	0	0	1.4886e+006	1.48885e+006	23790	23897	0	0	1.51247e+006	1.51267e+006	1.27805e+006	1.27941e+006	
282	63561	63769	0	1	0	1	-0	0	0	0	-0	0	0	0	1.4886e+006	1.48885e+006	23790	23897	-0	0	1.51247e+006	1.51268e+006	1.27805e+006	1.27941e+006	
283	63561	63769	0	1	1	1	0	0	0	0	-0	0	0	0	1.4886e+006	1.48885e+006	23790	23897	0	0	1.51247e+006	1.51268e+006	1.27805e+006	1.27941e+006	
284	63561	63769	0	1	0	1	0	0	0	0	0	0	0	0	1.4886e+006	1.48885e+006	23790	23897	0	0	1.51247e+006	1.51268e+006	1.27805e+006	1.27941e+006	
285	63561	63769	0	1	0	1	-0	0	0	1	0	0	0	0	1.4886e+006	1.48885e+006	23790	23897	-0	0	1.51247e+006	1.51268e+006	1.27805e+006	1.27941e+006	
286	63561	63769	0	1	0	1	-0	0	0	1	0	0	0	0	1.4886e+006	1.48885e+006	23790	23897	-0	0	1.51247e+006	1.51268e+006	1.27805e+006	1.27941e+006	
287	63561	63769	0	1	0	1	0	0	0	0	-0	0	-0	0	1.4886e+006	1.48885e+006	23790	23897	0	0	1.51247e+006	1.51268e+006	1.27805e+006	1.27941e+006	
288	63561	63768	0	1	0	1	0	0	0	0	-0	0	-0	0	1.48861e+006	1.48885e+006	23790	23897	-0	0	1.51247e+006	1.51268e+006	1.27805e+006	1.27941e+006	
289	63561	63768	0	1	0	1	0	0	0	0	-0	0	-0	0	1.48861e+006	1.48885e+006	23790	23897	0	0	1.51247e+006	1.51268e+006	1.27805e+006	1.27941e+006	
290	63561	63768	0	1	0	1	0	0	0	0	-0	0	-0	0	1.48861e+006	1.48885e+006	23790	23897	0	0	1.51247e+006	1.51268e+006	1.27805e+006	1.27941e+006	
291	63561	63768	0	1	0	1	-0	0	0	0	-0	0	-0	0	1.48861e+006	1.48885e+006	23790	23897	-0	0	1.51247e+006	1.51268e+006	1.27805e+006	1.27941e+006	
292	63560	63768	0	1	0	1	-0	0	0	0	-0	0	-0	0	1.48861e+006	1.48885e+006	23790	23897	0	0	1.51247e+006	1.51268e+006	1.27805e+006	1.27941e+006	
293	63560	63768	0	1	0	1	-0	0	0	0	-0	0	-0	0	1.48861e+006	1.48885e+006	23790	23897	0	0	1.51247e+006	1.51268e+006	1.27805e+006	1.27941e+006	
294	63560	63768	0	1	0	1	-0	0	0	0	-0	0	-0	0	1.48861e+006	1.48885e+006	23790	23897	-0	0	1.51247e+006	1.51268e+006	1.27805e+006	1.27941e+006	
295	63560	63768	0	1	0	1	-0	0	0	0	-0	0	-0	0	1.48861e+006	1.48885e+006	23790	23897	-0	0	1.51247e+006	1.51268e+006	1.27805e+006	1.27941e+006	
296	63560	63768	0	1	0	1	-0	0	-0	0	-0	0	-0	0	1.48861e+006	1.48885e+006	23790	23897	0	0	1.51247e+006	1.51268e+006	1.27805e+006	1.27941e+006	
297	63560	63768	0	1	0	1	-0	0	-0	0	-0	0	-0	0	1.48861e+006	1.48885e+006	23790	23897	-0	0	1.51247e+006	1.51268e+006	1.27805e+006	1.27941e+006	
298	63560	63767	0	1	0	1	-0	0	0	0	0	0	-0	0	1.48861e+006	1.48885e+006	23790	23897	-0	0	1.51247e+006	1.51268e+006	1.27805e+006	1.27941e+006	
299	63559	63767	0	1	0	1	-0	0	-0	0	0	0	-0	0	1.48861e+006	1.48885e+006	23790	23897	0	0	1.51247e+006	1.51268e+006	1.27806e+006	1.27941e+006	
300	63559	63767	0	1	0	1	-0	0	-0	0	0	0	-0	0	1.48861e+006	1.48885e+006	23790	23897	-0	0	1.51247e+006	1.51268e+006	1.27806e+006	1.27941e+006	
301	63559	63767	0	1	0	1	-0	0	-0	0	0	0	-0	0	1.48861e+006	1.48885e+006	23790	23897	-0	0	1.51247e+006	1.51268e+006	1.27806e+006	1.27941e+006	
302	63559	63767	0	1	0	1	-0	0	-0	0	0	0	-0	0	1.48861e+006	1.48885e+006	23790	23897	-0	0	1.51247e+006	1.51268e+006	1.27806e+006	1.27941e+006	
303	63559	63767	0	1	0	1	-0	0	-0	0	0	0	-0	0	1.48861e+006	1.48885e+006	23790	23897	0	0	1.51247e+006	1.51268e+006	1.27806e+006	1.27941e+006	
304	63559	63767	0	1	0	1	-0	0	-0	0	0	0	-0	0	1.48861e+006	1.48885e+006	23790	23897	-0	0	1.51247e+006	1.51268e+006	1.27806e+006	1.27941e+006	
305	63559	63767	0	1	0	1	-0	0	-0	0	0	0	-0	0	1.48861e+006	1.48885e+006	23790	23897	-0	0	1.51247e+006	1.51268e+006	1.27806e+006	1.27941e+006	
306	63559	63766	0	1	0	1	0	0	-0	0	-0	0	-0	0	1.48861e+006	1.48885e+006	23790	23897	0	0	1.51247e+006	1.51268e+006	1.27806e+006	1.27941e+006	
307	63559	63766	0	1	0	1	-0	0	-0	0	0	0	-0	0	1.48861e+006	1.48885e+006	23790	23897	-0	0	1.51247e+006	1.51268e+006	1.27806e+006	1.27941e+006	
308	63558	63766	0	1	0	1	-0	0	-0	0	-0	0	-0	0	1.48861e+006	1.48885e+006	23790	23897	0	0	1.51247e+006	1.51268e+006	1.27806e+006	1.27941e+006	
309	63558	63766	0	1	0	1	-0	0	0	0	-0	0	-0	0	1.48861e+006	1.48885e+006	23790	23897	0	0	1.51247e+006	1.51268e+006	1.27806e+006	1.27941e+006	
310	63558	63766	0	1	0	1	-0	0	0	0	-0	0	-0	0	1.48861e+006	1.48885e+006	23790	23897	0	0	1.51247e+006	1.51268e+006	1.27806e+006	1.27941e+006	
311	63558	63766	0	1	0	1	-0	0	0	0	-0	0	0	0	1.48861e+006	1.48885e+006	23790	23897	-0	0	1.51247e+006	1.51268e+006	1.27806e+006	1.27941e+006	
312	63558	63766	0	1	0	1	0	0	0	0	-0	0	0	0	1.48861e+006	1.48885e+006	23790	23897	-0	0	1.51247e+006	1.51268e+006	1.27806e+006	1.27941e+006	
313	63558	63766	0	1	0	1	-0	0	0	0	-0	0	0	0	1.48861e+006	1.48885e+006	23790	23897	-0	0	1.51247e+006	1.51268e+006	1.27806e+006	1.27941e+006	
314	63558	63765	0	1	0	1	-0	0	0	0	-0	0	0	0	1.48861e+006	1.48885e+006	23790	23897	0	0	1.51247e+006	1.51268e+006	1.27806e+006	1.27941e+006	
315	63557	63765	0	1	1	1	-0	0	0	0	-0	0	-0	0	1.48861e+006	1.48885e+006	23790	23897	0	0	1.51247e+006	1.51268e+006	1.27806e+006	1.27941e+006	
316	63557	63765	0	1	0	1	-0	0	0	0	-0	0	-0	0	1.48861e+006	1.48885e+006	23790	23897	0	0	1.51247e+006	1.51268e+006	1.27806e+006	1.27941e+006	
317	63557	63765	0	1	0	1	-0	0	0	0	-0	0	-0	0	1.48861e+006	1.48885e+006	23790	23897	0	0	1.51247e+006	1.51268e+006	1.27806e+006	1.27941e+006	
318	63557	63765	0	1	0	1	-0	0	0	0	-0	0	-0	0	1.48861e+006	1.48885e+006	23790	23897	0	0	1.51247e+006	1.51268e+006	1.27806e+006	1.27941e+006	
319	63557	63765	0	1	0	1	-0	0	0	0	-0	0	-0	0	1.48861e+006	1.48885e+006	23790	23897	0	0	1.51247e+006	1.51268e+006	1.27806e+006	1.27941e+006	
320	63557	63764	0	1	0	1	-0	0	0	0	-0	0	-0	0	1.48861e+006	1.48885e+006	23790	23897	0	0	1.51247e+006	1.51268e+006	1.27806e+006	1.27941e+006	
321	63556	63764	0	1	0	1	-0	0	0	0	-0	0	-0	0	1.48861e+006	1.48885e+006	23790	23897	0	0	1.51247e+006	1.51268e+006	1.27806e+006	1.27941e+006	
322	63556	63764	0	1	0	1	0	0	0	0	-0	0	-0	0	1.48861e+006	1.48885e+006	23790	23897	0	0	1.51247e+006	1.51268e+006	1.27806e+006	1.27941e+006	
323	63556	63764	0	1	0	1	0	0	0	0	0	0	-0	0	1.48861e+006	1.48885e+006	23790	23897	-0	0	1.51247e+006	1.51268e+006	1.27806e+006	1.27942e+006	
324	63556	63764	0	1	1	1	0	0	0	0	0	0	-0	0	1.48861e+006	1.48885e+006	23790	23897	-0	0	1.51247e+006	1.51268e+006	1.27806e+006	1.27942e+006	
325	63556	63764	0	1	0	1	0	0	0	0	-0	0	0	0	1.48861e+006	1.48885e+006	23790	23897	-0	0	1.51247e+006	1.51268e+006	1.27806e+006	1.27942e+006	
326	63556	63764	0	1	0	1	0	0	0	0	-0	0	0	0	1.48861e+006	1.48885e+006	23790	23897	-0	0	1.51247e+006	1.51268e+006	1.27806e+006	1.27942e+006	
327	63556	63764	0	1	0	1	-0	0	0	0	-0	0	0	0	1.48861e+006	1.48885e+006	23790	23897	0	0	1.51247e+006	1.51268e+006	1.27806e+006	1.27942e+006	
328	63556	63763	0	1	0	1	-0	0	0	0	-0	0	0	0	1.48861e+006	1.48885e+006	23790	23897	-0	0	1.51247e+006	1.51268e+006	1.27806e+006	1.27942e+006	
329	63556	63763	0	1	0	1	-0	0	0	0	-0	0	0	0	1.48861e+006	1.48885e+006	23790	23897	-0	0	1.51247e+006	1.51268e+006	1.27806e+006	1.27942e+006	
330	63556	63763	0	1	0	1	-0	0	0	0	-0	0	0	0	1.48861e+006	1.48885e+006	23790	23897	0	0	1.51247e+006	1.51268e+006	1.27806e+006	1.27942e+006	
331	63555	63763	0	0	0	1	-0	0	0	0	-0	0	0	0	1.48861e+006	1.48885e+006	23790	23897	-0	0	1.51247e+006	1.51268e+006	1.27806e+006	1.27942e+006	
332	63555	63763	0	1	0	1	-0	0	0	0	-0	0	0	0	1.48861e+006	1.48885e+006	23790	23897	0	0	1.51247e+006	1.51268e+006	1.27806e+006	1.27942e+006	
333	63555	63763	0	1	0	1	-0	0	0	0	-0	0	0	0	1.48861e+006	1.48885e+006	23790	23897	0	0	1.51247e+006	1.51268e+006	1.27806e+006	1.27942e+006	
334	63555	63763	0	1	0	1	-0	0	0	0	-0	0	0	0	1.48861e+006	1.48885e+006	23790	23897	0	0	1.51247e+006	1.51268e+006	1.27806e+006	1.27942e+006	
335	63555	63762	0	1	0	1	-0	0	0	0	-0	0	0	0	1.48861e+006	1.48885e+006	23790	23897	0	0	1.51247e+006	1.51268e+006	1.27806e+006	1.27942e+006	
336	63554	63762	1	1	0	1	-0	0	0	0	-0	0	0	0	1.48861e+006	1.48885e+006	23790	23897	0	0	1.51247e+006	1.51268e+006	1.27806e+006	1.27942e+006	
337	63554	63762	0	1	0	1	0	0	0	0	-0	0	0	0	1.48861e+006	1.48885e+006	23790	23897	-0	0	1.51247e+006	1.51268e+006	1.27806e+006	1.27942e+006	
338	63554	63762	0	1	0	1	-0	0	0	0	-0	0	0	0	1.48861e+006	1.48886e+006	23790	23897	-0	0	1.51247e+006	1.51268e+006	1.27806e+006	1.27942e+006	
339	63554	63762	0	1	1	1	-0	0	-0	0	-0	0	0	0	1.48861e+006	1.48886e+006	23790	23897	0	0	1.51247e+006	1.51268e+006	1.27806e+006	1.27942e+006	
340	63554	63762	0	1	1	1	0	0	0	0	-0	0	0	0	1.48861e+006	1.48886e+006	23790	23897	-0	0	1.51247e+006	1.51268e+006	1.27806e+006	1.27942e+006	
341	63554	63762	0	1	1	1	0	0	-0	0	-0	0	0	0	1.48861e+006	1.48886e+006	23790	23897	0	0	1.51247e+006	1.51268e+006	1.27806e+006	1.27942e+006	
342	63554	63762	0	1	0	1	0	0	0	0	-0	0	0	0	1.48861e+006	1.48886e+006	23790	23897	0	0	1.51247e+006	1.51268e+006	1.27806e+006	1.27942e+006	
343	63553	63761	0	1	0	1	0	0	0	0	-0	0	0	0	1.48861e+006	1.48886e+006	23790	23897	0	0	1.51248e+006	1.51268e+006	1.27806e+006	1.27942e+006	
344	63553	63761	0	1	0	1	0	0	0	0	-0	0	0	0	1.48861e+006	1.48886e+006	23790	23897	-0	0	1.51248e+006	1.51268e+006	1.27806e+006	1.27942e+006	
345	63553	63761	0	1	0	1	-0	0	0	0	-0	0	0	0	1.48861e+006	1.48886e+006	23790	23897	0	0	1.51248e+006	1.51268e+006	1.27806e+006	1.27942e+006	
346	63553	63761	0	1	0	1	-0	0	0	0	-0	0	0	0	1.48861e+006	1.48886e+006	23790	23897	0	0	1.51248e+006	1.51268e+006	1.27806e+006	1.27942e+006	
347	63553	63761	0	1	0	1	-0	0	0	0	-0	0	0	0	1.48861e+006	1.48886e+006	23790	23897	-0	0	1.51248e+006	1.51268e+006	1.27806e+006	1.27942e+006	
348	63553	63761	0	1	0	1	-0	0	0	0	-0	0	0	0	1.48861e+006	1.48886e+006	23790	23897	-0	0	1.51248e+006	1.51268e+006	1.27806e+006	1.27942e+006	
349	63553	63761	0	1	0	1	-0	0	0	0	-0	0	0	0	1.48861e+006	1.48886e+006	23790	23897	0	0	1.51248e+006	1.51268e+006	1.27806e+006	1.27942e+006	
350	63553	63761	0	1	0	1	-0	0	0	0	-0	0	-0	0	1.48861e+006	1.48886e+006	23790	23897	-0	0	1.51248e+006	1.51268e+006	1.27806e+006	1.27942e+006	
351	63553	63761	0	1	0	1	-0	0	0	0	0	0	-0	0	1.48861e+006	1.48886e+006	23790	23897	-0	0	1.51248e+006	1.51268e+006	1.27806e+006	1.27942e+006	
352	63553	63760	0	1	0	1	-0	0	0	0	0	0	0	0	1.48861e+006	1.48886e+006	23790	23897	0	0	1.51248e+006	1.51268e+006	1.27806e+006	1.27942e+006	
353	63552	63760	0	1	0	1	-0	0	0	0	0	0	0	0	1.48861e+006	1.48886e+006	23790	23897	0	0	1.51248e+006	1.51268e+006	1.27806e+006	1.27942e+006	
354	63552	63760	0	1	0	1	-0	0	0	0	0	0	0	0	1.48861e+006	1.48886e+006	23790	23897	0	0	1.51248e+006	1.51268e+006	1.27806e+006	1.27942e+006	
355	63552	63760	0	1	0	1	-0	0	0	0	0	0	0	0	1.48861e+006	1.48886e+006	23790	23897	-0	0	1.51248e+006	1.51268e+006	1.27806e+006	1.27942e+006	
356	63552	63760	0	1	0	1	-0	0	0	0	0	0	0	0	1.48861e+006	1.48886e+006	23790	23897	0	0	1.51248e+006	1.51268e+006	1.27806e+006	1.27942e+006	
357	63552	63760	0	1	0	1	0	0	0	0	0	0	0	0	1.48861e+006	1.48886e+006	23790	23897	0	0	1.51248e+006	1.51268e+006	1.27806e+006	1.27942e+006	
358	63552	63760	0	1	0	1	-0	0	0	0	0	0	0	0	1.48861e+006	1.48886e+006	23790	23897	0	0	1.51248e+006	1.51268e+006	1.27806e+006	1.27942e+006	
359	63552	63759	0	1	0	1	-0	0	0	0	0	0	0	0	1.48861e+006	1.48886e+006	23790	23897	-0	0	1.51248e+006	1.51268e+006	1.27806e+006	1.27942e+006	
360	63552	63759	0	1	0	1	-0	0	0	0	0	0	-0	0	1.48861e+006	1.48886e+006	23791	23897	-0	0	1.51248e+006	1.51268e+006	1.27806e+006	1.27942e+006	
361	63551	63759	0	1	0	1	-0	0	0	0	0	0	-0	0	1.48861e+006	1.48886e+006	23791	23897	-0	0	1.51248e+006	1.51269e+006	1.27806e+006	1.27942e+006	
362	63551	63759	0	1	0	1	-0	0	0	0	-0	0	-0	0	1.48861e+006	1.48886e+006	23791	23897	0	0	1.51248e+006	1.51269e+006	1.27806e+006	1.27942e+006	
363	63551	63759	0	1	0	1	-0	0	0	0	-0	0	-0	0	1.48861e+006	1.48886e+006	23791	23897	-0	0	1.51248e+006	1.51269e+006	1.27806e+006	1.27942e+006	
364	63551	63759	0	1	0	1	-0	0	0	0	0	0	-0	0	1.48861e+006	1.48886e+006	23791	23897	0	0	1.51248e+006	1.51269e+006	1.27806e+006	1.27942e+006	
