Day	Susceptible-LB	Susceptible-UB	Exposed-LB	Exposed-UB	Current Detected Mild Infections-LB	Current Detected Mild Infections-UB	Current Undetected Mild Infections-LB	Current Undetected Mild Infections-UB	Current Hospitalizations-LB	Current Hospitalizations-UB	Current ICU patients-LB	Current ICU patients-UB	ventilators-LB	ventilators-UB	Recovered-LB	Recovered-UB	Deaths-LB	Deaths-UB	new infections today-LB	new infections today-UB	total number of infections-LB	total number of infections-UB	Confirmed total number of infections-LB	Confirmed total number of infections-UB	
0	8.39872e+006	8.39872e+006	16	16	0	0	0	0	0	0	0	0	0	0	0	0	0	0	0	0	16	16	0	0	
1	8.39858e+006	8.39858e+006	160	160	0	0	0	0	0	0	0	0	0	0	0	0	0	0	144	144	160	160	0	0	
2	8.39843e+006	8.39843e+006	304	304	0	0	0	0	0	0	0	0	0	0	0	0	0	0	144	144	304	304	0	0	
3	8.39826e+006	8.39826e+006	473	478	0	0	0	0	0	0	0	0	0	0	0	0	0	0	169	174	473	478	0	0	
4	8.39796e+006	8.39798e+006	736	756	16	16	0	0	0	0	0	0	0	0	0	0	0	0	277	296	752	772	16	16	
5	8.39755e+006	8.39759e+006	982	1023	119	128	32	41	0	0	0	0	0	0	0	0	0	0	384	416	1142	1183	119	128	
6	8.397e+006	8.39707e+006	1367	1434	226	238	66	78	0	0	0	0	0	0	0	0	0	0	523	561	1671	1738	226	238	
7	8.39619e+006	8.3963e+006	1964	2066	353	368	108	122	0	0	0	0	0	0	0	0	0	0	760	813	2439	2542	353	368	
8	8.39504e+006	8.39519e+006	2786	2928	560	587	179	198	0	0	0	0	0	0	0	0	0	0	1095	1163	3543	3696	563	585	
9	8.39343e+006	8.39366e+006	3927	4133	856	903	272	295	0	0	0	0	0	0	0	0	0	0	1525	1621	5075	5310	861	897	
10	8.39114e+006	8.39147e+006	5588	5862	1234	1307	402	433	0	0	0	0	0	0	16	16	0	0	2180	2294	7266	7593	1259	1314	
11	8.38791e+006	8.38839e+006	7902	8291	1709	1820	546	586	24	32	0	0	0	0	128	136	0	0	3070	3247	10346	10829	1853	1936	
12	8.38343e+006	8.38412e+006	11073	11620	2417	2580	789	845	50	61	0	0	0	0	243	254	0	0	4262	4494	14621	15310	2679	2795	
13	8.37722e+006	8.37819e+006	15466	16213	3431	3678	1124	1200	82	95	0	0	0	0	381	394	0	0	5915	6217	20547	21516	3838	4014	
14	8.36841e+006	8.36979e+006	21677	22741	4863	5194	1588	1688	136	154	0	0	0	0	606	629	0	0	8390	8823	28949	30327	5503	5752	
15	8.35617e+006	8.35813e+006	30250	31751	6843	7317	2279	2411	214	233	0	0	0	0	919	959	0	0	11644	12257	40605	42571	7818	8182	
16	8.34083e+006	8.34353e+006	40575	42605	9606	10266	3236	3414	321	347	0	0	0	0	1339	1401	0	0	14588	15347	55204	57907	11026	11552	
17	8.32162e+006	8.3252e+006	52980	55608	13420	14330	4544	4787	446	477	14	18	13	16	1967	2058	0	0	18319	19222	73537	77115	15502	16236	
18	8.29828e+006	8.30292e+006	66859	70141	18822	20099	6398	6719	633	675	23	28	18	21	2874	3006	0	0	22271	23353	95819	100457	21840	22887	
19	8.2713e+006	8.27719e+006	80930	84873	26314	28115	8959	9403	884	944	31	38	22	26	4145	4343	0	0	25713	26991	121543	127436	30632	32126	
20	8.24157e+006	8.24889e+006	94633	99268	35526	37993	12064	12671	1264	1340	48	56	29	34	5939	6212	0	0	28293	29740	149847	157165	41681	43730	
21	8.21106e+006	8.21976e+006	105426	110567	46866	50076	15881	16655	1774	1877	69	80	40	47	8486	8890	0	0	29111	30521	178972	187672	55547	58268	
22	8.18251e+006	8.19256e+006	110343	115776	60282	64370	20351	21342	2499	2636	98	112	52	60	12005	12582	0	0	27187	28563	206172	216222	72467	75993	
23	8.15943e+006	8.17057e+006	106614	111880	75006	80104	25283	26523	3531	3709	141	158	72	83	16856	17669	0	0	21985	23093	228170	239303	92066	96542	
24	8.13241e+006	8.14474e+006	104140	109174	89801	95947	30250	31739	4945	5209	199	219	99	113	23786	24918	0	0	25818	27036	254000	266326	113684	119259	
25	8.10222e+006	8.11594e+006	103816	108858	102871	109826	34551	36220	6930	7295	280	305	137	154	33376	34991	0	0	28787	30204	282801	296516	136127	142794	
26	8.07031e+006	8.08547e+006	107083	112220	112229	119817	37713	39524	9361	9842	409	441	192	214	45414	47643	0	0	30457	31924	313270	328429	157257	164983	
27	8.03663e+006	8.05322e+006	117337	122819	114969	122776	38599	40477	12344	12962	561	606	254	283	60597	63553	13	16	32237	33693	345518	362110	174664	183231	
28	8.00109e+006	8.01927e+006	125458	131336	117574	125521	39517	41438	15859	16645	796	854	362	397	79126	82960	16	19	33938	35554	379471	397650	195085	204594	
29	7.96434e+006	7.98414e+006	131783	137895	119899	127988	40251	42200	19683	20645	1128	1202	517	560	100689	105591	19	22	35113	36761	414594	434401	217973	228573	
30	7.92656e+006	7.94803e+006	137428	143759	121506	129623	40784	42774	23536	24694	1583	1690	736	793	124682	130779	22	26	36102	37788	450710	472176	242174	253917	
31	7.88791e+006	7.91099e+006	142213	148734	123758	131930	41642	43654	26920	28240	2214	2351	1033	1106	149786	157075	26	32	37020	38670	487745	510831	267708	280599	
32	7.84824e+006	7.87305e+006	146203	152854	128773	137200	43327	45426	29372	30822	2986	3169	1389	1480	173752	182222	32	39	37925	39677	525685	550493	294530	308650	
33	7.8074e+006	7.83392e+006	150206	156952	138488	147466	46671	48896	30085	31596	3974	4210	1845	1958	194041	203473	42	51	39116	40860	564814	591340	321903	337300	
34	7.7641e+006	7.79239e+006	155619	162476	146191	155648	49193	51528	30750	32278	5171	5457	2400	2534	217994	228553	57	68	41517	43310	606346	634635	350282	366985	
35	7.71917e+006	7.74924e+006	161735	168749	152253	161960	51313	53732	31343	32927	6532	6874	3031	3193	244818	256659	75	90	43137	44942	649499	679562	379437	397393	
36	7.67296e+006	7.70482e+006	168209	175304	157859	167850	53145	55625	31798	33366	7988	8408	3713	3907	273345	286566	105	122	44398	46232	693913	725778	409368	428675	
37	7.62513e+006	7.65887e+006	175026	182293	163040	173329	54794	57362	32400	33971	9417	9916	4357	4584	303523	318088	147	167	45930	47852	739862	773611	440292	460951	
38	7.57583e+006	7.61142e+006	180953	188285	168721	179192	56667	59280	33643	35263	10716	11265	4947	5198	334874	350922	207	231	47439	49307	787318	822902	473091	495142	
39	7.52529e+006	7.56269e+006	186530	193900	174745	185382	58631	61307	36184	37892	11625	12224	5350	5628	366462	384000	290	319	48714	50558	836048	873443	507170	530616	
40	7.47312e+006	7.51241e+006	192389	199859	180887	191688	60741	63489	38183	39986	12600	13238	5793	6089	399481	418541	410	446	50256	52192	886324	925616	542235	567075	
41	7.41961e+006	7.46071e+006	198147	205535	187509	198578	63011	65799	39766	41599	13539	14221	6218	6537	433833	454428	573	618	51689	53526	938029	979126	578451	604781	
42	7.3648e+006	7.4077e+006	203691	211060	197081	208236	63005	65719	41281	43168	14449	15166	6643	6979	469158	491371	763	822	52985	54831	991033	1.03394e+006	618319	646197	
43	7.30844e+006	7.35314e+006	209522	216882	206735	217966	62996	65641	42603	44553	15203	15955	6996	7341	505963	529785	1009	1082	54543	56382	1.0456e+006	1.0903e+006	659212	688625	
44	7.25044e+006	7.29694e+006	215443	222708	215825	227169	62697	65267	44110	46071	15838	16624	7275	7636	545053	570581	1310	1394	56176	58018	1.10179e+006	1.1483e+006	701443	732450	
45	7.19132e+006	7.23961e+006	221065	228315	224867	236224	62260	64743	45683	47688	16372	17195	7510	7891	585747	612954	1660	1762	57304	59141	1.15912e+006	1.20741e+006	744904	777430	
46	7.13095e+006	7.18102e+006	226658	233875	234031	245376	61754	64118	47273	49309	16802	17630	7699	8096	627756	656718	2041	2162	58572	60396	1.21772e+006	1.26778e+006	789451	823507	
47	7.10009e+006	7.15096e+006	202154	208381	243377	254614	61083	63349	49021	51120	17266	18091	7925	8325	671110	701875	2422	2567	30036	30891	1.24778e+006	1.29865e+006	835386	870962	
48	7.06852e+006	7.12025e+006	176658	181956	250395	261604	62816	65055	50817	52954	17874	18719	8199	8612	715784	748303	2802	2967	30682	31591	1.27848e+006	1.33022e+006	882205	919322	
49	7.03635e+006	7.0889e+006	150680	155012	257266	268454	64539	66785	52727	54911	18815	19698	8638	9063	761366	795594	3100	3280	31329	32194	1.30984e+006	1.36239e+006	929961	968569	
50	7.00571e+006	7.05903e+006	121958	125274	263913	274980	66232	68438	54458	56673	19676	20593	9029	9473	808704	844741	3446	3648	29847	30661	1.33971e+006	1.39303e+006	978733	1.01885e+006	
51	6.97654e+006	7.03061e+006	120314	123575	246768	256813	61867	63829	56088	58317	20493	21429	9407	9864	857578	895368	3829	4051	28390	29194	1.36813e+006	1.42219e+006	1.00479e+006	1.04564e+006	
52	6.94888e+006	7.00361e+006	116609	119675	229038	238113	57410	59172	57764	59994	21262	22212	9746	10208	907708	947276	4258	4496	26975	27695	1.39513e+006	1.44986e+006	1.03136e+006	1.073e+006	
53	6.92288e+006	6.9782e+006	110654	113505	210542	218616	52812	54362	59453	61661	21999	22975	10066	10548	959420	1.00076e+006	4686	4941	25375	26023	1.42053e+006	1.47585e+006	1.05853e+006	1.10091e+006	
54	6.89895e+006	6.95476e+006	104218	106806	189537	196569	47580	48959	61134	63310	22779	23774	10432	10928	1.01271e+006	1.05585e+006	5131	5409	23411	23961	1.44397e+006	1.49978e+006	1.08457e+006	1.12764e+006	
55	6.877e+006	6.93324e+006	97321	99588	166506	172482	41816	42980	62820	64951	23535	24553	10799	11301	1.0671e+006	1.11203e+006	5621	5924	21492	21979	1.4655e+006	1.52173e+006	1.10953e+006	1.15328e+006	
56	6.85745e+006	6.91405e+006	89503	91478	141391	146234	35453	36408	64390	66510	24322	25356	11180	11683	1.12286e+006	1.16955e+006	6096	6422	19154	19587	1.48468e+006	1.54129e+006	1.13345e+006	1.1778e+006	
57	6.8404e+006	6.89727e+006	80881	82533	137683	142322	34502	35448	60182	62090	25146	26189	11566	12067	1.15581e+006	1.20348e+006	6596	6943	16746	17085	1.50147e+006	1.55833e+006	1.15498e+006	1.19982e+006	
58	6.824e+006	6.88111e+006	73599	75002	131931	136197	33021	33905	55919	57642	25965	27023	11963	12466	1.18943e+006	1.23812e+006	7115	7482	16125	16435	1.51762e+006	1.57474e+006	1.17496e+006	1.22022e+006	
59	6.80851e+006	6.86585e+006	67330	68552	124081	127956	31079	31885	51446	52983	26825	27896	12363	12883	1.22388e+006	1.27354e+006	7636	8024	15227	15524	1.53289e+006	1.59023e+006	1.1934e+006	1.23904e+006	
60	6.79416e+006	6.85171e+006	62278	63350	115591	119080	28914	29649	46285	47620	27672	28732	12756	13270	1.25751e+006	1.30812e+006	8195	8606	14099	14388	1.54702e+006	1.60457e+006	1.20995e+006	1.2559e+006	
61	6.78082e+006	6.83855e+006	58659	59640	106347	109340	26582	27212	40629	41776	28490	29564	13107	13627	1.29018e+006	1.3417e+006	8774	9203	13127	13375	1.56018e+006	1.61792e+006	1.22449e+006	1.27068e+006	
62	6.76846e+006	6.82635e+006	54701	55605	97718	100277	24414	24962	34516	35453	29285	30368	13478	14007	1.32189e+006	1.37425e+006	9387	9841	12168	12398	1.57239e+006	1.63028e+006	1.23849e+006	1.2849e+006	
63	6.75707e+006	6.8151e+006	50690	51511	89613	91809	22420	22882	33625	34533	28415	29412	13077	13564	1.34842e+006	1.40145e+006	10021	10504	11211	11435	1.58364e+006	1.64167e+006	1.25169e+006	1.29832e+006	
64	6.74666e+006	6.8048e+006	46849	47567	82185	84113	20563	20979	32129	32963	27489	28422	12664	13118	1.37363e+006	1.42728e+006	10669	11173	10247	10455	1.59394e+006	1.65208e+006	1.26391e+006	1.31072e+006	
65	6.73695e+006	6.79519e+006	43286	43945	75554	77245	18848	19223	30196	30935	26526	27385	12222	12636	1.39741e+006	1.45162e+006	11317	11847	9561	9756	1.60354e+006	1.66179e+006	1.27531e+006	1.32227e+006	
66	6.72807e+006	6.78639e+006	39868	40475	69974	71449	17468	17804	28154	28850	25363	26155	11652	12039	1.41911e+006	1.47379e+006	11997	12551	8743	8935	1.61234e+006	1.67067e+006	1.28583e+006	1.33293e+006	
67	6.71994e+006	6.77831e+006	36700	37219	66693	68043	15241	15534	25868	26463	24073	24815	11065	11428	1.43875e+006	1.49384e+006	12706	13283	8039	8183	1.62043e+006	1.6788e+006	1.29659e+006	1.34383e+006	
68	6.71223e+006	6.77064e+006	34068	34517	63049	64272	13040	13293	23738	24269	22616	23295	10375	10706	1.45778e+006	1.51322e+006	13423	14022	7616	7752	1.6281e+006	1.6865e+006	1.30649e+006	1.35384e+006	
69	6.70518e+006	6.76362e+006	31477	31864	59484	60593	10959	11185	21800	22243	20950	21551	9605	9895	1.47591e+006	1.53173e+006	14159	14779	6957	7116	1.63512e+006	1.69355e+006	1.31573e+006	1.36318e+006	
70	6.69869e+006	6.75713e+006	29162	29481	56104	57087	9017	9203	20052	20467	19080	19614	8741	9007	1.4929e+006	1.54901e+006	14914	15562	6427	6553	1.6416e+006	1.70005e+006	1.32421e+006	1.37174e+006	
71	6.69264e+006	6.7511e+006	27092	27406	52852	53706	7204	7370	18391	18760	17072	17522	7841	8069	1.50896e+006	1.56535e+006	15689	16362	5977	6099	1.64763e+006	1.70609e+006	1.332e+006	1.37957e+006	
72	6.68705e+006	6.74554e+006	24971	25313	49981	50726	5545	5680	17033	17343	14843	15223	6812	7009	1.52393e+006	1.58058e+006	16501	17205	5506	5649	1.6532e+006	1.71168e+006	1.33938e+006	1.38699e+006	
73	6.68199e+006	6.74049e+006	23007	23314	46207	46859	5090	5205	15946	16246	14117	14483	6484	6676	1.53661e+006	1.59343e+006	16889	17598	4999	5111	1.65825e+006	1.71675e+006	1.34593e+006	1.39358e+006	
74	6.6773e+006	6.7358e+006	21216	21506	42758	43315	4728	4836	14826	15091	13270	13614	6077	6260	1.54845e+006	1.60545e+006	17303	18016	4635	4747	1.66294e+006	1.72143e+006	1.35195e+006	1.39959e+006	
75	6.67289e+006	6.73137e+006	19590	19894	39546	40041	4354	4456	13680	13939	12348	12657	5641	5815	1.55969e+006	1.61682e+006	17734	18458	4358	4479	1.66737e+006	1.72584e+006	1.35759e+006	1.40525e+006	
76	6.6689e+006	6.72736e+006	18029	18304	36629	37095	4024	4125	12599	12832	11509	11792	5271	5431	1.57002e+006	1.62727e+006	18130	18867	3951	4052	1.67137e+006	1.72984e+006	1.36276e+006	1.41045e+006	
77	6.66513e+006	6.72359e+006	16747	17015	33890	34345	3716	3811	11588	11829	10653	10915	4863	5019	1.57957e+006	1.6369e+006	18509	19261	3718	3821	1.67515e+006	1.73361e+006	1.36745e+006	1.41516e+006	
78	6.66166e+006	6.7201e+006	15521	15820	31215	31650	3408	3502	10709	10929	9823	10060	4492	4634	1.58857e+006	1.64599e+006	18879	19641	3425	3535	1.67864e+006	1.73707e+006	1.37184e+006	1.41954e+006	
79	6.65851e+006	6.71691e+006	14289	14549	28822	29240	3193	3284	9920	10126	9045	9258	4138	4269	1.59681e+006	1.6543e+006	19220	19987	3118	3216	1.68183e+006	1.74022e+006	1.37595e+006	1.42363e+006	
80	6.65558e+006	6.71394e+006	13240	13502	26617	27025	2916	3006	9169	9358	8331	8521	3812	3933	1.60445e+006	1.66198e+006	19534	20310	2908	3000	1.6848e+006	1.74316e+006	1.37969e+006	1.42737e+006	
81	6.65285e+006	6.7112e+006	12208	12455	24557	24970	2705	2795	8476	8647	7650	7817	3496	3604	1.61158e+006	1.66914e+006	19819	20600	2688	2772	1.68753e+006	1.74589e+006	1.3832e+006	1.43087e+006	
82	6.65036e+006	6.70868e+006	11244	11474	22665	23059	2512	2596	7860	8023	7085	7247	3248	3353	1.61806e+006	1.67567e+006	20075	20861	2462	2554	1.69005e+006	1.74838e+006	1.38644e+006	1.43409e+006	
83	6.64806e+006	6.70637e+006	10384	10605	20970	21349	2330	2408	7286	7425	6606	6759	3036	3135	1.62395e+006	1.68158e+006	20298	21083	2264	2342	1.69237e+006	1.75067e+006	1.3894e+006	1.43702e+006	
84	6.64594e+006	6.70423e+006	9562	9783	19407	19791	2154	2231	6681	6824	6132	6273	2819	2913	1.6295e+006	1.68715e+006	20512	21300	2094	2170	1.6945e+006	1.7528e+006	1.39217e+006	1.43975e+006	
85	6.64398e+006	6.70225e+006	8803	9023	17927	18280	1963	2036	6170	6303	5676	5817	2611	2702	1.63469e+006	1.69233e+006	20713	21506	1933	2007	1.69649e+006	1.75476e+006	1.39473e+006	1.4423e+006	
86	6.64216e+006	6.70039e+006	8144	8343	16560	16913	1837	1907	5683	5808	5241	5365	2403	2489	1.63943e+006	1.69708e+006	20905	21696	1800	1877	1.69834e+006	1.75658e+006	1.39706e+006	1.4446e+006	
87	6.6405e+006	6.69871e+006	7515	7710	15263	15600	1678	1744	5268	5391	4822	4938	2215	2298	1.64385e+006	1.70151e+006	21091	21884	1636	1707	1.70003e+006	1.75824e+006	1.39922e+006	1.44675e+006	
88	6.63897e+006	6.69715e+006	6922	7123	14077	14391	1529	1591	4872	4997	4437	4551	2049	2126	1.64795e+006	1.70561e+006	21253	22045	1505	1579	1.70159e+006	1.75976e+006	1.40122e+006	1.44874e+006	
89	6.63755e+006	6.6957e+006	6391	6587	13008	13310	1410	1466	4536	4645	4113	4221	1899	1974	1.65165e+006	1.70928e+006	21404	22199	1402	1471	1.70303e+006	1.76119e+006	1.40307e+006	1.45056e+006	
90	6.63624e+006	6.69436e+006	5883	6069	11996	12294	1306	1367	4221	4328	3793	3890	1752	1820	1.65513e+006	1.71272e+006	21541	22338	1294	1358	1.70437e+006	1.7625e+006	1.40479e+006	1.45225e+006	
91	6.63501e+006	6.69312e+006	5453	5634	11037	11341	1202	1267	3890	4001	3498	3591	1616	1680	1.65835e+006	1.71594e+006	21674	22475	1211	1268	1.70562e+006	1.76373e+006	1.40635e+006	1.4538e+006	
92	6.6339e+006	6.69199e+006	5033	5204	10178	10469	1104	1165	3605	3714	3223	3306	1482	1538	1.66131e+006	1.71889e+006	21790	22593	1087	1148	1.70675e+006	1.76484e+006	1.4078e+006	1.45521e+006	
93	6.63287e+006	6.69094e+006	4642	4805	9385	9667	1034	1095	3317	3412	2992	3075	1367	1422	1.66404e+006	1.72161e+006	21896	22701	1013	1069	1.7078e+006	1.76587e+006	1.40914e+006	1.45653e+006	
94	6.63189e+006	6.68995e+006	4308	4453	8653	8929	965	1023	3035	3128	2753	2831	1257	1313	1.6666e+006	1.72415e+006	21998	22806	960	1004	1.70879e+006	1.76685e+006	1.41038e+006	1.45775e+006	
95	6.63099e+006	6.68903e+006	3979	4120	8000	8269	891	949	2794	2883	2540	2611	1157	1210	1.66895e+006	1.72648e+006	22083	22893	881	936	1.7097e+006	1.76775e+006	1.41155e+006	1.4589e+006	
96	6.62944e+006	6.68745e+006	4418	4579	7362	7620	817	867	2577	2671	2350	2419	1072	1123	1.67112e+006	1.72862e+006	22174	22983	1527	1607	1.71129e+006	1.76929e+006	1.4126e+006	1.45994e+006	
97	6.62802e+006	6.68598e+006	4813	4996	6793	7044	761	807	2378	2471	2180	2252	991	1044	1.67309e+006	1.73057e+006	22258	23066	1406	1488	1.71276e+006	1.77072e+006	1.41358e+006	1.4609e+006	
98	6.6267e+006	6.68462e+006	5151	5369	6312	6534	698	741	2194	2285	2019	2093	914	966	1.67492e+006	1.73237e+006	22329	23139	1298	1377	1.71412e+006	1.77204e+006	1.4145e+006	1.46181e+006	
99	6.6254e+006	6.68329e+006	5548	5790	5849	6059	641	680	2029	2114	1867	1936	849	899	1.67662e+006	1.73404e+006	22401	23213	1281	1354	1.71545e+006	1.77334e+006	1.41536e+006	1.46265e+006	
100	6.62404e+006	6.6819e+006	5361	5583	6054	6286	664	706	1877	1959	1737	1807	789	839	1.67818e+006	1.73557e+006	22463	23274	1338	1401	1.71683e+006	1.7747e+006	1.41682e+006	1.46406e+006	
101	6.62276e+006	6.68058e+006	5216	5439	6241	6494	675	717	1730	1807	1611	1679	725	774	1.67965e+006	1.73702e+006	22522	23333	1265	1340	1.71815e+006	1.77598e+006	1.41817e+006	1.46538e+006	
102	6.62147e+006	6.67925e+006	5192	5411	6425	6698	700	744	1592	1663	1499	1566	676	721	1.68098e+006	1.73833e+006	22570	23381	1272	1352	1.71949e+006	1.77727e+006	1.41941e+006	1.46659e+006	
103	6.62012e+006	6.67787e+006	5237	5461	6670	6964	719	766	1472	1540	1380	1439	629	667	1.68222e+006	1.73955e+006	22628	23438	1326	1404	1.72087e+006	1.77862e+006	1.42064e+006	1.46779e+006	
104	6.61876e+006	6.67645e+006	5241	5499	7011	7325	755	803	1358	1423	1279	1337	586	622	1.68338e+006	1.74069e+006	22675	23487	1344	1437	1.72229e+006	1.77998e+006	1.4219e+006	1.46903e+006	
105	6.61738e+006	6.67503e+006	5331	5593	7348	7685	798	852	1263	1318	1175	1231	533	570	1.68447e+006	1.74176e+006	22714	23525	1354	1436	1.7237e+006	1.78135e+006	1.4231e+006	1.4702e+006	
106	6.61597e+006	6.67357e+006	5454	5728	7127	7462	764	820	1308	1374	1073	1129	490	527	1.68606e+006	1.74332e+006	22755	23566	1394	1487	1.72517e+006	1.78277e+006	1.42434e+006	1.4714e+006	
107	6.6145e+006	6.67205e+006	5568	5863	7045	7383	761	819	1352	1422	981	1036	447	481	1.68754e+006	1.74476e+006	22791	23601	1439	1540	1.72668e+006	1.78423e+006	1.42562e+006	1.47264e+006	
108	6.61311e+006	6.67061e+006	5593	5891	7086	7435	768	825	1379	1450	900	953	410	443	1.68891e+006	1.7461e+006	22827	23636	1369	1463	1.72812e+006	1.78563e+006	1.42692e+006	1.47389e+006	
109	6.6117e+006	6.66914e+006	5629	5947	7147	7505	783	835	1432	1509	825	878	371	404	1.69023e+006	1.74739e+006	22858	23668	1394	1490	1.72959e+006	1.78704e+006	1.42822e+006	1.47515e+006	
110	6.61029e+006	6.66768e+006	5628	5945	7193	7584	790	843	1516	1598	759	806	337	367	1.69157e+006	1.7487e+006	22886	23696	1397	1481	1.73106e+006	1.78845e+006	1.42957e+006	1.47646e+006	
111	6.60885e+006	6.66618e+006	5606	5922	7356	7767	805	857	1574	1657	704	747	318	346	1.69286e+006	1.74996e+006	22913	23723	1418	1516	1.73256e+006	1.78989e+006	1.43096e+006	1.4778e+006	
112	6.60738e+006	6.66465e+006	5682	6012	7433	7859	825	877	1527	1607	689	733	315	346	1.69423e+006	1.75129e+006	22938	23747	1447	1552	1.73409e+006	1.79135e+006	1.43228e+006	1.47907e+006	
113	6.60592e+006	6.66312e+006	5735	6064	7494	7946	826	882	1509	1589	669	714	309	339	1.69562e+006	1.75265e+006	22963	23772	1444	1544	1.73562e+006	1.79282e+006	1.43363e+006	1.48038e+006	
114	6.60443e+006	6.66157e+006	5812	6155	7538	7986	831	890	1530	1613	656	700	300	330	1.69701e+006	1.75399e+006	22981	23790	1475	1572	1.73717e+006	1.79431e+006	1.43497e+006	1.48167e+006	
115	6.60298e+006	6.66004e+006	5830	6181	7595	8060	836	896	1540	1624	655	696	299	327	1.6984e+006	1.75533e+006	23001	23810	1434	1542	1.73869e+006	1.79576e+006	1.43635e+006	1.48299e+006	
116	6.60148e+006	6.65847e+006	5856	6219	7636	8119	844	906	1539	1634	663	704	300	328	1.69983e+006	1.75672e+006	23018	23827	1475	1589	1.74026e+006	1.79726e+006	1.43775e+006	1.48434e+006	
117	6.59998e+006	6.6569e+006	5893	6266	7643	8128	840	904	1586	1686	661	705	301	330	1.70128e+006	1.75813e+006	23035	23842	1482	1590	1.74183e+006	1.79876e+006	1.43916e+006	1.48568e+006	
118	6.59846e+006	6.65532e+006	5917	6298	7738	8234	846	911	1609	1706	677	727	309	340	1.70266e+006	1.75947e+006	23048	23855	1498	1604	1.74342e+006	1.80027e+006	1.44059e+006	1.48706e+006	
119	6.59693e+006	6.6537e+006	6000	6389	7767	8269	861	925	1608	1711	696	750	317	350	1.70409e+006	1.76084e+006	23065	23871	1521	1630	1.74503e+006	1.80181e+006	1.44198e+006	1.48838e+006	
120	6.59539e+006	6.6521e+006	6042	6424	7827	8361	875	946	1626	1731	720	775	326	359	1.70549e+006	1.7622e+006	23078	23884	1515	1626	1.74664e+006	1.80335e+006	1.44341e+006	1.48975e+006	
121	6.59384e+006	6.65048e+006	6087	6477	7880	8424	886	956	1633	1746	740	799	333	368	1.70694e+006	1.7636e+006	23090	23895	1527	1643	1.74826e+006	1.8049e+006	1.44485e+006	1.49113e+006	
122	6.59227e+006	6.64882e+006	6140	6543	7926	8475	889	959	1642	1755	723	782	327	361	1.70846e+006	1.76505e+006	23113	23917	1548	1673	1.74991e+006	1.80646e+006	1.44631e+006	1.49252e+006	
123	6.59069e+006	6.64716e+006	6179	6601	7990	8552	896	973	1644	1757	729	788	329	363	1.70995e+006	1.76649e+006	23134	23938	1560	1688	1.75158e+006	1.80805e+006	1.4478e+006	1.49394e+006	
124	6.58909e+006	6.64546e+006	6245	6690	8037	8609	892	968	1653	1765	737	793	332	365	1.71148e+006	1.76795e+006	23151	23955	1581	1715	1.75327e+006	1.80965e+006	1.44928e+006	1.49536e+006	
125	6.58751e+006	6.6438e+006	6279	6729	8118	8705	900	977	1676	1793	737	796	335	370	1.71296e+006	1.76936e+006	23167	23972	1559	1683	1.75494e+006	1.81123e+006	1.45077e+006	1.49679e+006	
126	6.5859e+006	6.64211e+006	6316	6770	8191	8783	902	981	1683	1801	741	803	337	373	1.71449e+006	1.77082e+006	23185	23989	1587	1712	1.75663e+006	1.81283e+006	1.45229e+006	1.49822e+006	
127	6.58427e+006	6.64039e+006	6363	6823	8266	8877	906	984	1693	1809	747	807	339	374	1.71603e+006	1.77229e+006	23203	24006	1609	1739	1.75835e+006	1.81446e+006	1.45382e+006	1.49968e+006	
128	6.58265e+006	6.63868e+006	6381	6845	8340	8975	917	995	1712	1828	746	809	338	373	1.71758e+006	1.77377e+006	23223	24025	1600	1736	1.76006e+006	1.81609e+006	1.45537e+006	1.50115e+006	
129	6.58101e+006	6.63696e+006	6440	6904	8369	9020	926	1004	1732	1850	748	814	343	379	1.71915e+006	1.77527e+006	23241	24045	1617	1743	1.76178e+006	1.81773e+006	1.4569e+006	1.50259e+006	
130	6.57939e+006	6.63524e+006	6447	6929	8424	9090	941	1022	1746	1873	760	825	351	389	1.7207e+006	1.77676e+006	23261	24064	1597	1735	1.76349e+006	1.81934e+006	1.45845e+006	1.50407e+006	
131	6.57773e+006	6.63349e+006	6479	6967	8501	9178	947	1029	1768	1896	762	827	350	389	1.72228e+006	1.77826e+006	23279	24081	1641	1776	1.76525e+006	1.82101e+006	1.46003e+006	1.50557e+006	
132	6.57603e+006	6.63169e+006	6559	7052	8553	9247	942	1028	1787	1915	772	838	352	394	1.72388e+006	1.77978e+006	23300	24102	1680	1822	1.76705e+006	1.82271e+006	1.46161e+006	1.50707e+006	
133	6.57434e+006	6.62989e+006	6606	7125	8602	9296	950	1033	1796	1931	775	840	355	396	1.72551e+006	1.78134e+006	23320	24121	1664	1815	1.76884e+006	1.82439e+006	1.46319e+006	1.50857e+006	
134	6.57265e+006	6.6281e+006	6679	7207	8622	9322	945	1030	1809	1954	788	854	363	402	1.72714e+006	1.7829e+006	23337	24139	1671	1816	1.77064e+006	1.82609e+006	1.46477e+006	1.51006e+006	
135	6.57093e+006	6.62629e+006	6731	7262	8695	9409	953	1037	1812	1955	801	869	368	406	1.72877e+006	1.78444e+006	23355	24157	1694	1831	1.77244e+006	1.8278e+006	1.46638e+006	1.51159e+006	
136	6.56921e+006	6.62445e+006	6754	7306	8776	9509	964	1047	1807	1947	808	873	369	405	1.73045e+006	1.78603e+006	23375	24175	1704	1865	1.77429e+006	1.82953e+006	1.46803e+006	1.51315e+006	
137	6.56747e+006	6.6226e+006	6803	7363	8832	9586	959	1049	1804	1952	825	892	381	417	1.73213e+006	1.78763e+006	23391	24191	1714	1871	1.77614e+006	1.83127e+006	1.46969e+006	1.51471e+006	
138	6.5657e+006	6.62072e+006	6877	7448	8899	9664	962	1053	1799	1955	835	904	383	421	1.73381e+006	1.78922e+006	23410	24208	1744	1903	1.77802e+006	1.83303e+006	1.47134e+006	1.51627e+006	
139	6.56395e+006	6.61885e+006	6914	7509	8959	9740	976	1069	1825	1977	848	917	387	427	1.73547e+006	1.79081e+006	23431	24228	1733	1890	1.77989e+006	1.83478e+006	1.47299e+006	1.51784e+006	
140	6.5622e+006	6.61697e+006	6944	7538	9049	9855	988	1086	1837	1981	853	924	387	428	1.73716e+006	1.79239e+006	23450	24246	1733	1895	1.78176e+006	1.83654e+006	1.47469e+006	1.51943e+006	
141	6.56043e+006	6.61508e+006	6980	7584	9120	9949	990	1087	1855	2000	859	932	390	433	1.73887e+006	1.79401e+006	23468	24264	1751	1916	1.78366e+006	1.83831e+006	1.47639e+006	1.52103e+006	
142	6.55864e+006	6.61317e+006	6999	7621	9172	10018	1000	1101	1890	2040	865	939	391	434	1.7406e+006	1.79565e+006	23489	24283	1764	1938	1.78557e+006	1.8401e+006	1.47811e+006	1.52265e+006	
143	6.55683e+006	6.61123e+006	7056	7684	9215	10068	1026	1126	1908	2061	871	947	392	436	1.74234e+006	1.79729e+006	23508	24303	1789	1954	1.78751e+006	1.84191e+006	1.47982e+006	1.52425e+006	
144	6.55501e+006	6.60927e+006	7128	7765	9254	10125	1046	1150	1932	2089	870	948	394	439	1.74409e+006	1.79894e+006	23530	24324	1804	1977	1.78946e+006	1.84373e+006	1.48153e+006	1.52585e+006	
145	6.55315e+006	6.60729e+006	7209	7860	9305	10208	1049	1156	1947	2111	879	957	399	446	1.74584e+006	1.80062e+006	23552	24344	1832	2012	1.79145e+006	1.84559e+006	1.48327e+006	1.52748e+006	
146	6.55132e+006	6.60532e+006	7255	7904	9344	10261	1069	1177	1963	2131	886	966	407	453	1.74763e+006	1.8023e+006	23574	24366	1809	1983	1.79341e+006	1.84741e+006	1.48502e+006	1.52911e+006	
147	6.5495e+006	6.60337e+006	7271	7928	9412	10337	1078	1182	1968	2140	888	967	401	446	1.74945e+006	1.80401e+006	23599	24388	1805	1978	1.79537e+006	1.84924e+006	1.4868e+006	1.53078e+006	
148	6.54762e+006	6.60133e+006	7323	8009	9468	10408	1082	1186	1972	2144	890	968	406	450	1.7513e+006	1.80574e+006	23623	24411	1857	2056	1.7974e+006	1.85112e+006	1.4886e+006	1.53245e+006	
149	6.54577e+006	6.59935e+006	7314	8007	9563	10524	1084	1193	1992	2161	897	975	408	449	1.75312e+006	1.80745e+006	23648	24435	1824	2009	1.79939e+006	1.85297e+006	1.49042e+006	1.53416e+006	
150	6.54388e+006	6.59731e+006	7378	8083	9630	10599	1096	1203	1989	2161	907	984	416	457	1.75496e+006	1.80917e+006	23674	24458	1872	2059	1.80143e+006	1.85486e+006	1.49221e+006	1.53582e+006	
151	6.54196e+006	6.59524e+006	7459	8196	9685	10661	1095	1204	1992	2170	920	998	422	463	1.75681e+006	1.8109e+006	23696	24478	1888	2090	1.80349e+006	1.85677e+006	1.49401e+006	1.5375e+006	
152	6.54006e+006	6.59319e+006	7485	8213	9776	10780	1093	1207	2006	2194	928	1007	427	470	1.75867e+006	1.81265e+006	23714	24497	1881	2076	1.80554e+006	1.85868e+006	1.49588e+006	1.53923e+006	
153	6.53817e+006	6.59116e+006	7523	8263	9802	10826	1101	1216	2028	2220	931	1011	429	470	1.76055e+006	1.81441e+006	23739	24519	1863	2057	1.80758e+006	1.86056e+006	1.4977e+006	1.54093e+006	
154	6.53626e+006	6.58909e+006	7543	8294	9863	10903	1104	1226	2059	2252	943	1027	427	470	1.76243e+006	1.81618e+006	23760	24540	1894	2089	1.80965e+006	1.86248e+006	1.49957e+006	1.54267e+006	
155	6.5343e+006	6.58696e+006	7588	8354	9921	10984	1101	1224	2080	2271	946	1034	425	468	1.76437e+006	1.81799e+006	23783	24562	1933	2149	1.81177e+006	1.86443e+006	1.50148e+006	1.54444e+006	
156	6.53234e+006	6.58484e+006	7641	8423	9995	11079	1098	1223	2124	2319	942	1030	421	464	1.76627e+006	1.81975e+006	23810	24588	1936	2144	1.81389e+006	1.86639e+006	1.50336e+006	1.54619e+006	
157	6.53041e+006	6.58274e+006	7689	8489	10043	11155	1101	1233	2134	2336	945	1035	420	467	1.76818e+006	1.82154e+006	23833	24609	1908	2125	1.81599e+006	1.86833e+006	1.50523e+006	1.54793e+006	
158	6.52841e+006	6.58059e+006	7765	8574	10088	11192	1097	1225	2146	2347	954	1049	423	471	1.77017e+006	1.82338e+006	23855	24631	1970	2175	1.81814e+006	1.87032e+006	1.50714e+006	1.54969e+006	
159	6.52641e+006	6.57842e+006	7809	8629	10178	11316	1111	1245	2143	2347	960	1053	422	470	1.77212e+006	1.82519e+006	23881	24655	1978	2202	1.82032e+006	1.87233e+006	1.50909e+006	1.55149e+006	
160	6.52443e+006	6.57627e+006	7832	8659	10232	11393	1120	1254	2145	2357	963	1056	423	471	1.77413e+006	1.82706e+006	23904	24677	1959	2175	1.82247e+006	1.87431e+006	1.51104e+006	1.55329e+006	
161	6.52242e+006	6.57409e+006	7900	8744	10246	11422	1125	1260	2148	2365	975	1068	425	472	1.77615e+006	1.82894e+006	23926	24698	1976	2209	1.82465e+006	1.87632e+006	1.51297e+006	1.55507e+006	
162	6.52045e+006	6.57196e+006	7883	8725	10332	11520	1129	1261	2145	2361	977	1073	424	472	1.77817e+006	1.83082e+006	23949	24720	1953	2156	1.82678e+006	1.87829e+006	1.51495e+006	1.55691e+006	
163	6.51844e+006	6.56977e+006	7886	8737	10436	11650	1142	1274	2158	2379	985	1083	427	476	1.78016e+006	1.83266e+006	23975	24744	1981	2214	1.82897e+006	1.8803e+006	1.51695e+006	1.55875e+006	
164	6.5164e+006	6.56755e+006	7943	8804	10477	11712	1164	1299	2156	2383	988	1088	436	486	1.78219e+006	1.83455e+006	23999	24767	2015	2243	1.83119e+006	1.88234e+006	1.51892e+006	1.56057e+006	
165	6.51435e+006	6.56532e+006	7986	8846	10519	11773	1164	1301	2197	2437	988	1088	436	486	1.78425e+006	1.83644e+006	24020	24787	2018	2252	1.83341e+006	1.88438e+006	1.52092e+006	1.56241e+006	
166	6.51227e+006	6.56305e+006	8095	8989	10526	11775	1176	1309	2233	2477	1006	1108	444	496	1.78628e+006	1.83833e+006	24045	24810	2064	2296	1.83569e+006	1.88647e+006	1.52288e+006	1.56422e+006	
167	6.51022e+006	6.56082e+006	8135	9036	10591	11855	1184	1319	2239	2486	1012	1117	455	508	1.78834e+006	1.84022e+006	24071	24834	2023	2260	1.83792e+006	1.88852e+006	1.52489e+006	1.56607e+006	
168	6.50813e+006	6.55854e+006	8173	9100	10623	11911	1194	1333	2252	2501	1022	1130	456	514	1.79043e+006	1.84217e+006	24098	24859	2053	2308	1.8402e+006	1.8906e+006	1.52692e+006	1.56794e+006	
169	6.50604e+006	6.55626e+006	8217	9157	10651	11948	1207	1345	2277	2532	1022	1133	455	515	1.79255e+006	1.84412e+006	24129	24887	2063	2308	1.84248e+006	1.89269e+006	1.52896e+006	1.56982e+006	
170	6.50397e+006	6.554e+006	8202	9146	10754	12070	1208	1346	2296	2551	1028	1142	458	518	1.79464e+006	1.84605e+006	24157	24914	2048	2287	1.84474e+006	1.89477e+006	1.53106e+006	1.57174e+006	
171	6.50186e+006	6.55168e+006	8263	9225	10802	12122	1206	1346	2284	2538	1026	1142	460	521	1.79681e+006	1.84804e+006	24187	24942	2084	2337	1.84705e+006	1.89687e+006	1.53312e+006	1.57363e+006	
172	6.49974e+006	6.54935e+006	8310	9274	10896	12269	1208	1353	2264	2514	1044	1161	473	533	1.79892e+006	1.84999e+006	24211	24965	2100	2356	1.84938e+006	1.899e+006	1.5352e+006	1.57555e+006	
173	6.49761e+006	6.54703e+006	8349	9320	10970	12358	1216	1358	2287	2539	1052	1168	480	539	1.80105e+006	1.85195e+006	24236	24989	2101	2355	1.85171e+006	1.90113e+006	1.5373e+006	1.57747e+006	
174	6.49545e+006	6.54465e+006	8432	9440	10997	12396	1222	1364	2316	2567	1055	1173	483	542	1.80321e+006	1.85393e+006	24263	25014	2133	2405	1.85409e+006	1.90329e+006	1.53938e+006	1.57938e+006	
175	6.49329e+006	6.54228e+006	8476	9496	11071	12490	1214	1356	2329	2581	1066	1188	492	554	1.80538e+006	1.85593e+006	24287	25037	2128	2394	1.85645e+006	1.90545e+006	1.54152e+006	1.58133e+006	
176	6.49112e+006	6.5399e+006	8521	9547	11102	12544	1216	1364	2353	2601	1062	1182	493	554	1.8076e+006	1.85797e+006	24320	25066	2145	2407	1.85884e+006	1.90762e+006	1.54367e+006	1.58329e+006	
177	6.48894e+006	6.5375e+006	8571	9621	11170	12631	1224	1376	2356	2612	1074	1199	498	559	1.80978e+006	1.85998e+006	24348	25092	2152	2428	1.86124e+006	1.9098e+006	1.5458e+006	1.58525e+006	
178	6.48678e+006	6.53512e+006	8575	9626	11243	12724	1228	1384	2372	2639	1076	1199	502	562	1.812e+006	1.86201e+006	24378	25120	2137	2410	1.86362e+006	1.91196e+006	1.54799e+006	1.58724e+006	
179	6.48459e+006	6.53272e+006	8612	9658	11284	12785	1247	1412	2381	2652	1078	1204	505	566	1.81424e+006	1.86407e+006	24406	25147	2164	2427	1.86602e+006	1.91415e+006	1.55015e+006	1.58922e+006	
180	6.48237e+006	6.53029e+006	8657	9713	11369	12895	1257	1426	2374	2652	1083	1212	506	567	1.81647e+006	1.86611e+006	24433	25173	2191	2461	1.86845e+006	1.91637e+006	1.55234e+006	1.59121e+006	
181	6.48016e+006	6.52785e+006	8687	9747	11416	12967	1275	1447	2391	2675	1083	1211	509	572	1.81873e+006	1.86818e+006	24463	25199	2180	2465	1.87089e+006	1.91858e+006	1.55455e+006	1.59321e+006	
182	6.47789e+006	6.52536e+006	8785	9855	11452	13019	1278	1447	2405	2695	1083	1211	512	575	1.82101e+006	1.87026e+006	24493	25227	2235	2518	1.87337e+006	1.92084e+006	1.55674e+006	1.59521e+006	
183	6.47565e+006	6.52289e+006	8828	9930	11495	13072	1294	1469	2433	2724	1085	1216	509	573	1.82328e+006	1.87233e+006	24521	25255	2206	2502	1.87584e+006	1.92309e+006	1.55893e+006	1.59722e+006	
184	6.47341e+006	6.52043e+006	8852	9963	11541	13115	1309	1479	2456	2750	1087	1225	502	570	1.82559e+006	1.87444e+006	24547	25279	2214	2495	1.87831e+006	1.92533e+006	1.56116e+006	1.59925e+006	
185	6.47115e+006	6.51794e+006	8895	10016	11603	13191	1304	1468	2466	2766	1092	1228	503	570	1.82792e+006	1.87656e+006	24572	25303	2224	2516	1.88079e+006	1.92758e+006	1.5634e+006	1.60129e+006	
186	6.46887e+006	6.51544e+006	8910	10031	11691	13302	1306	1468	2496	2803	1103	1242	507	577	1.83022e+006	1.87866e+006	24601	25329	2250	2533	1.8833e+006	1.92986e+006	1.56569e+006	1.60337e+006	
187	6.46662e+006	6.51295e+006	8930	10055	11738	13367	1310	1480	2491	2807	1117	1255	514	583	1.83257e+006	1.8808e+006	24630	25357	2226	2527	1.88579e+006	1.93212e+006	1.56795e+006	1.60543e+006	
188	6.46427e+006	6.51035e+006	9029	10185	11794	13429	1331	1503	2485	2805	1121	1263	516	587	1.83492e+006	1.88294e+006	24658	25381	2315	2624	1.88838e+006	1.93447e+006	1.57021e+006	1.60748e+006	
189	6.46196e+006	6.5078e+006	9087	10258	11849	13512	1339	1508	2483	2804	1137	1280	523	593	1.83728e+006	1.8851e+006	24685	25405	2281	2590	1.89094e+006	1.93678e+006	1.57248e+006	1.60956e+006	
190	6.45966e+006	6.50526e+006	9103	10294	11899	13575	1345	1519	2492	2810	1145	1291	530	603	1.83966e+006	1.88727e+006	24715	25433	2267	2568	1.89348e+006	1.93908e+006	1.57477e+006	1.61164e+006	
191	6.45731e+006	6.50266e+006	9188	10394	11923	13618	1363	1543	2509	2825	1160	1313	535	611	1.84203e+006	1.88943e+006	24742	25458	2313	2625	1.89607e+006	1.94142e+006	1.57705e+006	1.61371e+006	
192	6.45497e+006	6.50006e+006	9184	10409	11987	13709	1377	1558	2526	2841	1171	1326	541	617	1.84446e+006	1.89163e+006	24775	25490	2311	2638	1.89868e+006	1.94377e+006	1.57943e+006	1.61587e+006	
193	6.4526e+006	6.49743e+006	9236	10481	12055	13788	1388	1564	2542	2859	1182	1340	550	629	1.84686e+006	1.89382e+006	24804	25517	2332	2664	1.9013e+006	1.94614e+006	1.58178e+006	1.61799e+006	
194	6.45024e+006	6.49481e+006	9298	10571	12109	13867	1383	1561	2556	2885	1193	1351	558	637	1.84926e+006	1.89601e+006	24836	25545	2328	2658	1.90393e+006	1.9485e+006	1.58411e+006	1.62011e+006	
195	6.44786e+006	6.49218e+006	9327	10611	12194	13972	1386	1566	2591	2931	1196	1356	557	638	1.85167e+006	1.8982e+006	24866	25573	2342	2665	1.90656e+006	1.95087e+006	1.58649e+006	1.62226e+006	
196	6.44545e+006	6.48951e+006	9394	10677	12266	14090	1373	1555	2594	2940	1202	1361	553	632	1.85413e+006	1.90043e+006	24900	25604	2378	2705	1.90923e+006	1.95329e+006	1.5889e+006	1.62444e+006	
197	6.44306e+006	6.48686e+006	9416	10698	12368	14222	1377	1560	2599	2952	1198	1359	551	630	1.85658e+006	1.90266e+006	24932	25633	2356	2683	1.91187e+006	1.95568e+006	1.59131e+006	1.62661e+006	
198	6.4407e+006	6.48424e+006	9411	10698	12373	14249	1381	1572	2601	2957	1207	1368	549	631	1.85913e+006	1.90496e+006	24962	25662	2322	2658	1.91449e+006	1.95804e+006	1.59371e+006	1.62878e+006	
199	6.43829e+006	6.48157e+006	9438	10739	12426	14318	1386	1581	2619	2976	1214	1376	553	638	1.86163e+006	1.90723e+006	24991	25687	2368	2707	1.91716e+006	1.96045e+006	1.59612e+006	1.63096e+006	
200	6.4359e+006	6.47892e+006	9414	10721	12533	14450	1389	1586	2635	2992	1213	1375	552	637	1.86412e+006	1.90948e+006	25024	25717	2353	2687	1.91982e+006	1.96283e+006	1.59859e+006	1.63319e+006	
201	6.43345e+006	6.47619e+006	9475	10810	12565	14496	1398	1600	2651	3004	1216	1376	551	635	1.86666e+006	1.91178e+006	25058	25749	2418	2772	1.92255e+006	1.96529e+006	1.60101e+006	1.63539e+006	
202	6.43101e+006	6.47347e+006	9555	10904	12566	14506	1409	1610	2662	3030	1218	1379	550	633	1.86921e+006	1.91407e+006	25094	25781	2402	2753	1.92527e+006	1.96773e+006	1.60342e+006	1.63757e+006	
203	6.42858e+006	6.47076e+006	9578	10949	12597	14547	1410	1615	2690	3062	1217	1379	547	629	1.87176e+006	1.91638e+006	25130	25814	2391	2752	1.92798e+006	1.97016e+006	1.60587e+006	1.63978e+006	
204	6.4261e+006	6.468e+006	9670	11057	12635	14587	1401	1601	2696	3072	1220	1385	545	628	1.87434e+006	1.91871e+006	25162	25843	2445	2794	1.93074e+006	1.97264e+006	1.60832e+006	1.64198e+006	
205	6.42364e+006	6.46527e+006	9667	11051	12715	14697	1395	1599	2695	3076	1237	1403	553	636	1.87692e+006	1.92104e+006	25192	25871	2414	2766	1.93346e+006	1.97509e+006	1.61083e+006	1.64425e+006	
206	6.42121e+006	6.46256e+006	9655	11048	12727	14731	1405	1616	2722	3105	1241	1414	557	644	1.87952e+006	1.92339e+006	25223	25899	2390	2750	1.93617e+006	1.97752e+006	1.61332e+006	1.64649e+006	
207	6.41875e+006	6.45982e+006	9693	11080	12772	14812	1391	1608	2733	3118	1247	1422	563	649	1.88212e+006	1.92573e+006	25254	25928	2430	2784	1.93892e+006	1.97999e+006	1.61582e+006	1.64875e+006	
208	6.41627e+006	6.45705e+006	9685	11087	12884	14937	1402	1619	2750	3137	1251	1430	568	654	1.88468e+006	1.92804e+006	25286	25957	2438	2801	1.94168e+006	1.98247e+006	1.61836e+006	1.65104e+006	
209	6.41376e+006	6.45427e+006	9736	11152	12935	15000	1398	1614	2761	3153	1257	1440	572	657	1.88729e+006	1.9304e+006	25323	25992	2467	2828	1.94447e+006	1.98498e+006	1.62086e+006	1.6533e+006	
210	6.41125e+006	6.45146e+006	9820	11252	12951	15041	1417	1638	2766	3160	1270	1450	572	656	1.88989e+006	1.93273e+006	25358	26025	2474	2851	1.94728e+006	1.98749e+006	1.62334e+006	1.65553e+006	
211	6.40873e+006	6.44865e+006	9866	11322	12950	15043	1429	1649	2775	3175	1274	1455	575	659	1.89257e+006	1.93515e+006	25390	26054	2474	2854	1.95009e+006	1.99001e+006	1.62586e+006	1.6578e+006	
212	6.40619e+006	6.44582e+006	9923	11391	12988	15095	1426	1647	2765	3163	1275	1459	579	665	1.89526e+006	1.93757e+006	25423	26084	2495	2870	1.95291e+006	1.99255e+006	1.6284e+006	1.66009e+006	
213	6.40363e+006	6.44299e+006	9969	11440	13045	15154	1446	1662	2767	3181	1290	1474	587	671	1.89791e+006	1.93994e+006	25459	26115	2513	2878	1.95575e+006	1.9951e+006	1.63096e+006	1.6624e+006	
214	6.40108e+006	6.44016e+006	10002	11465	13071	15207	1449	1665	2788	3197	1291	1477	593	678	1.90061e+006	1.94238e+006	25494	26146	2509	2874	1.95858e+006	1.99766e+006	1.63355e+006	1.66472e+006	
215	6.39854e+006	6.43732e+006	10027	11488	13123	15287	1458	1673	2773	3182	1299	1487	595	681	1.90331e+006	1.94481e+006	25526	26176	2499	2877	1.96142e+006	2.0002e+006	1.63612e+006	1.66704e+006	
216	6.39598e+006	6.43446e+006	10050	11524	13216	15397	1468	1686	2778	3190	1307	1497	600	687	1.90596e+006	1.94719e+006	25564	26211	2518	2907	1.96428e+006	2.00276e+006	1.63871e+006	1.66937e+006	
217	6.39342e+006	6.4316e+006	10051	11545	13286	15477	1483	1698	2807	3223	1311	1505	603	694	1.90863e+006	1.94959e+006	25602	26247	2513	2899	1.96713e+006	2.00532e+006	1.64131e+006	1.67172e+006	
218	6.39079e+006	6.42868e+006	10127	11636	13347	15542	1491	1708	2836	3251	1312	1505	606	697	1.91133e+006	1.95201e+006	25634	26276	2585	2965	1.97005e+006	2.00795e+006	1.64391e+006	1.67408e+006	
219	6.38822e+006	6.42582e+006	10149	11670	13374	15584	1494	1715	2845	3253	1314	1511	609	701	1.91408e+006	1.95447e+006	25672	26310	2520	2910	1.97292e+006	2.01051e+006	1.64651e+006	1.67642e+006	
220	6.3856e+006	6.42289e+006	10208	11738	13399	15624	1507	1737	2858	3269	1320	1521	615	708	1.91683e+006	1.95693e+006	25707	26342	2577	2976	1.97584e+006	2.01314e+006	1.64912e+006	1.67878e+006	
221	6.38299e+006	6.41997e+006	10260	11800	13440	15671	1503	1738	2890	3310	1321	1522	617	710	1.91956e+006	1.95938e+006	25741	26374	2566	2961	1.97876e+006	2.01574e+006	1.65175e+006	1.68115e+006	
222	6.38038e+006	6.41706e+006	10243	11794	13527	15764	1505	1741	2911	3337	1323	1525	610	702	1.92232e+006	1.96186e+006	25776	26407	2568	2959	1.98168e+006	2.01836e+006	1.65443e+006	1.68357e+006	
223	6.37776e+006	6.41414e+006	10294	11857	13536	15797	1501	1742	2915	3342	1332	1539	614	709	1.9251e+006	1.96437e+006	25814	26441	2572	2973	1.9846e+006	2.02098e+006	1.65705e+006	1.68594e+006	
224	6.37516e+006	6.41123e+006	10267	11839	13592	15888	1512	1755	2917	3343	1344	1553	623	718	1.92789e+006	1.96687e+006	25848	26472	2550	2957	1.98751e+006	2.02358e+006	1.65973e+006	1.68835e+006	
225	6.37251e+006	6.40826e+006	10306	11888	13646	15959	1522	1770	2915	3343	1342	1550	621	717	1.93069e+006	1.96938e+006	25887	26508	2604	3010	1.99047e+006	2.02623e+006	1.66241e+006	1.69075e+006	
226	6.36989e+006	6.40534e+006	10313	11898	13707	16020	1516	1757	2923	3360	1348	1555	624	721	1.9335e+006	1.97189e+006	25921	26539	2575	2969	1.9934e+006	2.02885e+006	1.66509e+006	1.69317e+006	
227	6.36723e+006	6.40237e+006	10349	11945	13756	16086	1527	1763	2921	3360	1351	1559	625	722	1.93631e+006	1.97442e+006	25959	26573	2609	3019	1.99637e+006	2.03151e+006	1.66778e+006	1.69559e+006	
228	6.36457e+006	6.3994e+006	10404	12012	13732	16090	1515	1753	2949	3384	1363	1570	631	727	1.93916e+006	1.97698e+006	25990	26603	2606	3024	1.99934e+006	2.03417e+006	1.67045e+006	1.698e+006	
229	6.36192e+006	6.39644e+006	10396	12015	13808	16181	1522	1763	2948	3382	1367	1572	631	727	1.94199e+006	1.97951e+006	26026	26635	2596	3013	2.0023e+006	2.03682e+006	1.67316e+006	1.70045e+006	
230	6.35928e+006	6.39349e+006	10409	12039	13802	16171	1524	1766	2954	3403	1375	1582	639	736	1.94485e+006	1.98208e+006	26066	26673	2587	2993	2.00524e+006	2.03945e+006	1.67584e+006	1.70286e+006	
231	6.35661e+006	6.39051e+006	10420	12057	13850	16235	1524	1758	2990	3441	1385	1594	643	744	1.94768e+006	1.98461e+006	26101	26705	2621	3036	2.00823e+006	2.04212e+006	1.67856e+006	1.70532e+006	
232	6.35395e+006	6.38754e+006	10427	12052	13867	16280	1540	1782	2991	3439	1394	1608	654	758	1.95055e+006	1.98718e+006	26137	26738	2612	3019	2.01119e+006	2.04479e+006	1.68128e+006	1.70776e+006	
233	6.35127e+006	6.38455e+006	10447	12085	13892	16322	1537	1782	3013	3456	1398	1614	653	760	1.95341e+006	1.98974e+006	26172	26771	2616	3047	2.01418e+006	2.04746e+006	1.684e+006	1.71022e+006	
234	6.34862e+006	6.38158e+006	10460	12118	13912	16340	1554	1801	2998	3447	1402	1617	651	758	1.9563e+006	1.99232e+006	26208	26803	2601	3026	2.01716e+006	2.05011e+006	1.68669e+006	1.71264e+006	
235	6.34595e+006	6.3786e+006	10457	12110	13923	16362	1558	1807	3008	3462	1404	1624	651	759	1.9592e+006	1.99493e+006	26242	26834	2617	3029	2.02013e+006	2.05278e+006	1.68942e+006	1.71511e+006	
236	6.34331e+006	6.37566e+006	10436	12091	13953	16407	1565	1812	3025	3480	1410	1633	655	765	1.96206e+006	1.99749e+006	26280	26869	2591	3001	2.02308e+006	2.05543e+006	1.69213e+006	1.71756e+006	
237	6.3406e+006	6.37264e+006	10472	12110	13954	16428	1567	1822	3016	3483	1419	1645	655	764	1.96498e+006	2.00011e+006	26315	26900	2652	3066	2.0261e+006	2.05813e+006	1.69487e+006	1.72003e+006	
238	6.3379e+006	6.36962e+006	10521	12163	13955	16435	1560	1818	3028	3495	1414	1643	649	761	1.96791e+006	2.00273e+006	26350	26933	2650	3080	2.02912e+006	2.06084e+006	1.69759e+006	1.72249e+006	
239	6.33517e+006	6.36658e+006	10571	12234	13956	16431	1580	1837	3025	3501	1427	1651	654	765	1.97082e+006	2.00534e+006	26385	26965	2667	3100	2.03215e+006	2.06357e+006	1.70031e+006	1.72495e+006	
240	6.3325e+006	6.36362e+006	10595	12257	13965	16442	1576	1831	3026	3494	1421	1644	648	761	1.97375e+006	2.00795e+006	26420	26996	2613	3024	2.03512e+006	2.06624e+006	1.70301e+006	1.7274e+006	
241	6.32978e+006	6.36061e+006	10596	12259	13993	16466	1582	1834	3035	3502	1419	1645	648	758	1.97669e+006	2.01058e+006	26457	27031	2653	3069	2.03813e+006	2.06895e+006	1.70576e+006	1.72989e+006	
242	6.3271e+006	6.35762e+006	10568	12224	14040	16537	1572	1825	3046	3510	1425	1653	648	760	1.9796e+006	2.01319e+006	26496	27066	2621	3044	2.04111e+006	2.07164e+006	1.70854e+006	1.7324e+006	
243	6.3244e+006	6.35461e+006	10541	12201	14091	16589	1573	1825	3050	3516	1430	1659	648	759	1.98254e+006	2.01582e+006	26533	27099	2641	3076	2.04413e+006	2.07434e+006	1.71132e+006	1.73493e+006	
244	6.32166e+006	6.35156e+006	10601	12284	14102	16583	1578	1824	3046	3513	1433	1663	648	761	1.98547e+006	2.01844e+006	26571	27134	2674	3106	2.04717e+006	2.07707e+006	1.71404e+006	1.73739e+006	
245	6.31895e+006	6.34856e+006	10600	12289	14131	16616	1584	1834	3036	3496	1437	1665	655	769	1.98843e+006	2.02108e+006	26606	27167	2652	3072	2.05018e+006	2.07979e+006	1.71679e+006	1.7399e+006	
246	6.31627e+006	6.34558e+006	10596	12287	14156	16653	1591	1838	3035	3511	1429	1651	652	763	1.99133e+006	2.0237e+006	26648	27205	2617	3042	2.05316e+006	2.08247e+006	1.71951e+006	1.74238e+006	
247	6.31355e+006	6.34256e+006	10599	12299	14140	16660	1592	1846	3043	3524	1435	1658	655	767	1.99429e+006	2.02635e+006	26689	27242	2644	3089	2.05618e+006	2.08518e+006	1.72225e+006	1.74488e+006	
248	6.31085e+006	6.33956e+006	10568	12256	14153	16676	1599	1861	3042	3525	1452	1674	664	773	1.99725e+006	2.02901e+006	26726	27277	2643	3063	2.05918e+006	2.08789e+006	1.72503e+006	1.74741e+006	
249	6.30817e+006	6.33658e+006	10525	12231	14137	16650	1597	1863	3049	3534	1453	1678	666	774	2.00024e+006	2.03169e+006	26766	27313	2610	3048	2.06216e+006	2.09057e+006	1.72777e+006	1.74992e+006	
250	6.30544e+006	6.33356e+006	10566	12271	14139	16667	1597	1866	3052	3536	1455	1679	667	772	2.00317e+006	2.03432e+006	26803	27346	2657	3084	2.06517e+006	2.0933e+006	1.7305e+006	1.75241e+006	
251	6.3027e+006	6.33052e+006	10592	12297	14151	16710	1574	1845	3084	3573	1460	1685	669	776	2.00609e+006	2.03696e+006	26844	27383	2669	3115	2.06822e+006	2.09604e+006	1.73328e+006	1.75494e+006	
252	6.29998e+006	6.32751e+006	10600	12318	14173	16728	1576	1844	3105	3591	1457	1685	666	773	2.00901e+006	2.03959e+006	26886	27423	2650	3086	2.07123e+006	2.09876e+006	1.73601e+006	1.75745e+006	
253	6.29725e+006	6.32448e+006	10644	12373	14155	16713	1563	1830	3094	3576	1456	1684	672	781	2.01201e+006	2.04227e+006	26925	27459	2654	3103	2.07425e+006	2.10149e+006	1.73873e+006	1.75993e+006	
254	6.29455e+006	6.3215e+006	10604	12347	14140	16690	1565	1826	3099	3581	1460	1691	674	785	2.015e+006	2.04495e+006	26968	27499	2618	3058	2.07723e+006	2.10419e+006	1.74148e+006	1.76246e+006	
255	6.2918e+006	6.31847e+006	10604	12345	14156	16730	1567	1828	3116	3604	1464	1702	675	788	2.01794e+006	2.04761e+006	27008	27534	2671	3111	2.08027e+006	2.10694e+006	1.74426e+006	1.765e+006	
256	6.2891e+006	6.3155e+006	10575	12311	14193	16774	1564	1825	3119	3615	1481	1719	682	794	2.02086e+006	2.05023e+006	27042	27566	2621	3052	2.08324e+006	2.10963e+006	1.74701e+006	1.76754e+006	
257	6.28637e+006	6.31249e+006	10567	12301	14183	16770	1582	1846	3107	3613	1483	1725	682	796	2.02384e+006	2.05291e+006	27084	27604	2646	3092	2.08624e+006	2.11237e+006	1.74976e+006	1.77006e+006	
258	6.28361e+006	6.30945e+006	10624	12370	14159	16766	1576	1849	3099	3606	1479	1722	680	797	2.02681e+006	2.05559e+006	27123	27639	2675	3127	2.08928e+006	2.11513e+006	1.75247e+006	1.77257e+006	
259	6.28089e+006	6.30647e+006	10588	12331	14213	16822	1584	1854	3100	3610	1476	1722	675	795	2.02974e+006	2.05823e+006	27167	27678	2633	3074	2.09227e+006	2.11785e+006	1.75524e+006	1.77513e+006	
260	6.27813e+006	6.30343e+006	10645	12397	14183	16796	1579	1848	3087	3601	1479	1726	671	791	2.03273e+006	2.06093e+006	27205	27713	2679	3117	2.09531e+006	2.12061e+006	1.75795e+006	1.77764e+006	
261	6.2754e+006	6.30044e+006	10631	12391	14168	16783	1571	1838	3066	3570	1488	1736	675	796	2.03575e+006	2.06365e+006	27245	27749	2632	3085	2.09829e+006	2.12334e+006	1.76069e+006	1.78019e+006	
262	6.27266e+006	6.29745e+006	10598	12347	14193	16826	1572	1836	3079	3582	1492	1738	676	798	2.03871e+006	2.06632e+006	27287	27787	2642	3082	2.10128e+006	2.12607e+006	1.76346e+006	1.78277e+006	
263	6.26995e+006	6.29449e+006	10592	12320	14180	16804	1565	1828	3086	3589	1487	1736	668	789	2.04169e+006	2.069e+006	27331	27827	2627	3048	2.10424e+006	2.12879e+006	1.76618e+006	1.7853e+006	
264	6.2672e+006	6.29149e+006	10560	12307	14239	16860	1571	1827	3079	3585	1479	1728	668	789	2.04464e+006	2.07167e+006	27374	27868	2647	3103	2.10725e+006	2.13154e+006	1.76894e+006	1.78787e+006	
265	6.26444e+006	6.2885e+006	10589	12310	14198	16831	1572	1832	3102	3607	1472	1719	662	783	2.04762e+006	2.07436e+006	27419	27908	2661	3088	2.11024e+006	2.13429e+006	1.77165e+006	1.79041e+006	
266	6.26169e+006	6.28551e+006	10599	12310	14207	16851	1580	1846	3101	3607	1468	1719	663	787	2.05055e+006	2.07702e+006	27460	27945	2652	3083	2.11322e+006	2.13704e+006	1.77436e+006	1.79295e+006	
267	6.25897e+006	6.28257e+006	10590	12315	14181	16803	1583	1855	3116	3624	1460	1708	661	783	2.05352e+006	2.0797e+006	27501	27983	2618	3052	2.11617e+006	2.13977e+006	1.77705e+006	1.79548e+006	
268	6.25618e+006	6.27956e+006	10623	12327	14149	16776	1586	1859	3101	3618	1464	1715	664	784	2.05652e+006	2.08243e+006	27547	28024	2680	3115	2.11918e+006	2.14255e+006	1.77977e+006	1.79804e+006	
269	6.25343e+006	6.27657e+006	10606	12330	14172	16783	1593	1865	3077	3583	1467	1714	666	783	2.05949e+006	2.08514e+006	27589	28062	2644	3090	2.12217e+006	2.1453e+006	1.78248e+006	1.80061e+006	
270	6.25066e+006	6.27358e+006	10624	12349	14153	16757	1584	1856	3090	3594	1462	1712	667	784	2.06247e+006	2.08785e+006	27634	28105	2671	3101	2.12516e+006	2.14808e+006	1.7852e+006	1.80318e+006	
271	6.24789e+006	6.2706e+006	10655	12385	14149	16733	1579	1843	3080	3589	1466	1715	666	782	2.06542e+006	2.09054e+006	27676	28144	2650	3087	2.12813e+006	2.15084e+006	1.78787e+006	1.80572e+006	
272	6.24515e+006	6.26765e+006	10604	12339	14189	16768	1580	1839	3085	3599	1456	1700	664	777	2.06838e+006	2.09324e+006	27720	28184	2629	3071	2.13109e+006	2.15359e+006	1.7906e+006	1.80833e+006	
273	6.24235e+006	6.26464e+006	10647	12370	14189	16795	1592	1858	3062	3580	1458	1699	664	776	2.07132e+006	2.09593e+006	27763	28222	2687	3121	2.1341e+006	2.15639e+006	1.79328e+006	1.81089e+006	
274	6.23958e+006	6.26169e+006	10620	12344	14216	16797	1595	1849	3076	3590	1467	1708	667	779	2.07427e+006	2.09861e+006	27804	28259	2644	3076	2.13705e+006	2.15915e+006	1.796e+006	1.81349e+006	
275	6.23685e+006	6.25876e+006	10585	12294	14206	16798	1592	1849	3084	3602	1472	1712	672	782	2.07721e+006	2.10132e+006	27840	28293	2616	3037	2.13997e+006	2.16188e+006	1.79868e+006	1.81607e+006	
276	6.23413e+006	6.25585e+006	10562	12263	14172	16774	1602	1862	3085	3600	1475	1714	671	781	2.08016e+006	2.10403e+006	27879	28330	2605	3039	2.14289e+006	2.16461e+006	1.80135e+006	1.81863e+006	
277	6.23137e+006	6.25291e+006	10501	12212	14233	16838	1607	1869	3077	3595	1479	1718	677	785	2.08307e+006	2.10671e+006	27919	28366	2625	3072	2.14583e+006	2.16737e+006	1.80406e+006	1.82125e+006	
278	6.22857e+006	6.24992e+006	10522	12260	14184	16786	1619	1882	3092	3609	1480	1720	680	793	2.08603e+006	2.10944e+006	27960	28405	2665	3123	2.14882e+006	2.17017e+006	1.80671e+006	1.82383e+006	
279	6.22584e+006	6.24703e+006	10506	12245	14182	16758	1595	1854	3089	3612	1476	1719	683	798	2.08897e+006	2.11215e+006	28002	28445	2600	3021	2.15171e+006	2.1729e+006	1.80937e+006	1.82639e+006	
280	6.22308e+006	6.24409e+006	10529	12269	14116	16694	1592	1859	3067	3577	1484	1727	694	811	2.09196e+006	2.11491e+006	28039	28479	2627	3065	2.15465e+006	2.17565e+006	1.81199e+006	1.82895e+006	
281	6.22035e+006	6.2412e+006	10505	12223	14089	16678	1593	1861	3083	3602	1477	1718	697	814	2.09489e+006	2.11762e+006	28078	28516	2600	3026	2.15754e+006	2.17839e+006	1.81464e+006	1.83154e+006	
282	6.21762e+006	6.23831e+006	10429	12121	14123	16729	1593	1864	3079	3604	1482	1727	699	818	2.0978e+006	2.12032e+006	28112	28547	2588	3023	2.16042e+006	2.18111e+006	1.81732e+006	1.83417e+006	
283	6.21486e+006	6.23541e+006	10444	12147	14038	16629	1591	1865	3092	3609	1473	1724	693	815	2.10077e+006	2.12308e+006	28153	28586	2615	3048	2.16333e+006	2.18387e+006	1.81993e+006	1.83672e+006	
284	6.21217e+006	6.23258e+006	10370	12053	14030	16626	1581	1858	3075	3583	1474	1723	693	816	2.10371e+006	2.12582e+006	28193	28622	2554	2970	2.16616e+006	2.18656e+006	1.82256e+006	1.8393e+006	
285	6.20951e+006	6.22978e+006	10287	11968	13997	16596	1600	1876	3069	3576	1465	1719	690	819	2.10661e+006	2.12852e+006	28235	28662	2518	2940	2.16895e+006	2.18923e+006	1.82515e+006	1.84186e+006	
286	6.20676e+006	6.22692e+006	10285	11971	13996	16593	1586	1859	3062	3570	1453	1704	681	808	2.10951e+006	2.13122e+006	28275	28701	2587	3024	2.17182e+006	2.19197e+006	1.82776e+006	1.84443e+006	
287	6.20401e+006	6.22404e+006	10270	11952	13992	16574	1581	1853	3049	3556	1455	1708	681	808	2.11243e+006	2.13395e+006	28315	28739	2600	3029	2.1747e+006	2.19473e+006	1.83037e+006	1.84702e+006	
288	6.20131e+006	6.22122e+006	10269	11950	13894	16434	1572	1837	3066	3577	1450	1702	674	798	2.11536e+006	2.13669e+006	28359	28779	2552	2968	2.17751e+006	2.19743e+006	1.83292e+006	1.84954e+006	
289	6.1986e+006	6.21841e+006	10301	11979	13815	16355	1573	1830	3057	3562	1453	1701	673	795	2.11824e+006	2.13938e+006	28398	28814	2550	2970	2.18033e+006	2.20013e+006	1.83541e+006	1.85204e+006	
290	6.19585e+006	6.21556e+006	10299	11970	13799	16338	1551	1805	3052	3565	1453	1696	671	792	2.12114e+006	2.14211e+006	28439	28852	2584	3015	2.18318e+006	2.20288e+006	1.83801e+006	1.85464e+006	
291	6.19314e+006	6.21276e+006	10243	11901	13811	16355	1538	1792	3062	3564	1447	1690	665	786	2.124e+006	2.1448e+006	28477	28887	2544	2961	2.18597e+006	2.20559e+006	1.84059e+006	1.85723e+006	
292	6.19043e+006	6.20996e+006	10232	11911	13760	16289	1553	1803	3084	3596	1442	1684	662	782	2.12683e+006	2.14746e+006	28520	28928	2543	2976	2.18878e+006	2.2083e+006	1.84312e+006	1.85977e+006	
293	6.18776e+006	6.2072e+006	10190	11863	13699	16213	1549	1802	3074	3585	1442	1684	672	792	2.1297e+006	2.15019e+006	28559	28966	2508	2922	2.19154e+006	2.21098e+006	1.84564e+006	1.86231e+006	
294	6.18505e+006	6.20441e+006	10150	11809	13724	16253	1552	1810	3039	3546	1447	1688	671	790	2.13254e+006	2.15287e+006	28597	29001	2544	2961	2.19433e+006	2.21369e+006	1.84819e+006	1.8649e+006	
295	6.18237e+006	6.20167e+006	10111	11759	13755	16280	1541	1809	3014	3528	1450	1688	661	776	2.13531e+006	2.15552e+006	28633	29037	2505	2910	2.19707e+006	2.21637e+006	1.8507e+006	1.86745e+006	
296	6.17966e+006	6.19891e+006	10092	11727	13705	16228	1544	1817	3015	3530	1459	1700	665	781	2.13814e+006	2.15821e+006	28670	29072	2525	2945	2.19983e+006	2.21907e+006	1.85322e+006	1.87001e+006	
297	6.17697e+006	6.19615e+006	10108	11731	13626	16134	1531	1802	3004	3519	1455	1690	663	778	2.14099e+006	2.16093e+006	28713	29113	2523	2927	2.20258e+006	2.22177e+006	1.8557e+006	1.87253e+006	
298	6.17431e+006	6.19344e+006	10057	11653	13629	16139	1521	1789	2978	3486	1455	1688	666	778	2.14381e+006	2.16363e+006	28750	29148	2493	2882	2.2053e+006	2.22443e+006	1.85821e+006	1.87509e+006	
299	6.17164e+006	6.19073e+006	10035	11633	13592	16088	1514	1780	2975	3472	1445	1679	664	776	2.14661e+006	2.16631e+006	28789	29186	2484	2889	2.20801e+006	2.22709e+006	1.86066e+006	1.87762e+006	
300	6.16896e+006	6.18801e+006	10001	11594	13531	16016	1517	1780	2991	3486	1435	1675	654	769	2.14942e+006	2.16902e+006	28823	29219	2491	2906	2.21073e+006	2.22977e+006	1.86314e+006	1.88016e+006	
301	6.16631e+006	6.18532e+006	9947	11540	13520	15991	1509	1768	2992	3483	1435	1678	652	765	2.15218e+006	2.17168e+006	28859	29254	2469	2873	2.21342e+006	2.23243e+006	1.86562e+006	1.88271e+006	
302	6.16369e+006	6.18269e+006	9891	11478	13472	15898	1512	1762	2975	3464	1440	1683	654	768	2.15497e+006	2.17437e+006	28898	29292	2436	2821	2.21605e+006	2.23505e+006	1.86805e+006	1.88521e+006	
303	6.16102e+006	6.18002e+006	9880	11454	13444	15863	1515	1766	2976	3455	1439	1682	651	765	2.15769e+006	2.17701e+006	28935	29327	2472	2866	2.21872e+006	2.23772e+006	1.87048e+006	1.88771e+006	
304	6.1584e+006	6.17739e+006	9818	11371	13397	15814	1507	1762	2985	3470	1432	1673	647	759	2.16044e+006	2.17968e+006	28973	29364	2428	2824	2.22135e+006	2.24034e+006	1.87292e+006	1.89024e+006	
305	6.15575e+006	6.17473e+006	9801	11348	13365	15780	1505	1756	2971	3458	1428	1671	652	769	2.16317e+006	2.18233e+006	29009	29398	2453	2849	2.224e+006	2.24299e+006	1.87533e+006	1.89273e+006	
306	6.1531e+006	6.17208e+006	9821	11371	13297	15676	1489	1733	2963	3447	1427	1671	655	771	2.16591e+006	2.185e+006	29048	29435	2456	2844	2.22665e+006	2.24564e+006	1.8777e+006	1.89521e+006	
307	6.15048e+006	6.16948e+006	9762	11314	13243	15611	1490	1737	2958	3435	1420	1666	651	767	2.16865e+006	2.18767e+006	29089	29474	2414	2808	2.22926e+006	2.24825e+006	1.88009e+006	1.89771e+006	
308	6.1479e+006	6.16691e+006	9716	11255	13194	15568	1474	1722	2955	3425	1411	1660	650	768	2.17134e+006	2.1903e+006	29128	29513	2382	2766	2.23182e+006	2.25084e+006	1.88246e+006	1.90018e+006	
309	6.14528e+006	6.16432e+006	9671	11209	13161	15524	1479	1724	2928	3405	1412	1657	649	763	2.17404e+006	2.19294e+006	29168	29555	2408	2802	2.23442e+006	2.25345e+006	1.88483e+006	1.90267e+006	
310	6.14269e+006	6.16176e+006	9598	11135	13116	15452	1488	1734	2922	3394	1421	1665	659	772	2.17673e+006	2.19558e+006	29203	29588	2382	2770	2.23698e+006	2.25605e+006	1.88721e+006	1.90515e+006	
311	6.14008e+006	6.15919e+006	9586	11107	13067	15394	1483	1728	2912	3383	1422	1661	657	770	2.17939e+006	2.19821e+006	29240	29624	2404	2779	2.23955e+006	2.25865e+006	1.88955e+006	1.90762e+006	
312	6.13745e+006	6.1566e+006	9627	11143	13028	15354	1469	1711	2881	3342	1415	1656	654	766	2.18203e+006	2.20083e+006	29279	29661	2421	2803	2.24214e+006	2.26129e+006	1.89186e+006	1.91005e+006	
313	6.13483e+006	6.15403e+006	9614	11134	12963	15290	1470	1711	2886	3344	1415	1651	649	760	2.18467e+006	2.20346e+006	29315	29695	2394	2794	2.24471e+006	2.26391e+006	1.89418e+006	1.9125e+006	
314	6.13225e+006	6.15151e+006	9594	11104	12921	15241	1466	1707	2872	3333	1405	1639	646	755	2.1873e+006	2.20606e+006	29354	29733	2362	2742	2.24723e+006	2.26649e+006	1.89649e+006	1.91495e+006	
315	6.12965e+006	6.14897e+006	9561	11085	12887	15188	1450	1690	2879	3334	1405	1639	646	752	2.18991e+006	2.20866e+006	29389	29768	2370	2760	2.24976e+006	2.26909e+006	1.89881e+006	1.9174e+006	
316	6.12707e+006	6.14646e+006	9494	11018	12862	15154	1440	1684	2858	3310	1402	1633	640	746	2.19256e+006	2.21129e+006	29428	29806	2356	2735	2.25228e+006	2.27167e+006	1.90114e+006	1.91988e+006	
317	6.12454e+006	6.14398e+006	9419	10912	12846	15145	1436	1678	2843	3298	1397	1627	638	743	2.19516e+006	2.21389e+006	29461	29840	2317	2688	2.25475e+006	2.2742e+006	1.90345e+006	1.92233e+006	
318	6.12201e+006	6.14153e+006	9365	10851	12824	15115	1440	1682	2854	3315	1391	1615	636	738	2.19768e+006	2.21642e+006	29500	29878	2309	2680	2.25721e+006	2.27673e+006	1.90572e+006	1.92476e+006	
319	6.11945e+006	6.13907e+006	9308	10799	12804	15091	1424	1662	2837	3305	1395	1622	635	739	2.20025e+006	2.21901e+006	29537	29912	2313	2708	2.25967e+006	2.27929e+006	1.908e+006	1.9272e+006	
320	6.11691e+006	6.13662e+006	9261	10741	12787	15064	1415	1654	2815	3277	1387	1615	629	735	2.20281e+006	2.22159e+006	29579	29951	2309	2677	2.26212e+006	2.28183e+006	1.91027e+006	1.92963e+006	
321	6.11437e+006	6.13417e+006	9260	10729	12709	14979	1410	1644	2798	3252	1386	1616	632	740	2.20537e+006	2.22417e+006	29620	29991	2317	2676	2.26457e+006	2.28437e+006	1.9125e+006	1.932e+006	
322	6.11184e+006	6.13173e+006	9249	10722	12611	14873	1397	1626	2789	3239	1382	1613	632	740	2.20795e+006	2.22678e+006	29655	30027	2298	2672	2.26701e+006	2.2869e+006	1.91472e+006	1.93437e+006	
323	6.10931e+006	6.12931e+006	9229	10666	12535	14790	1395	1622	2795	3244	1375	1611	634	745	2.21048e+006	2.22936e+006	29693	30064	2295	2651	2.26943e+006	2.28942e+006	1.91692e+006	1.93677e+006	
324	6.10679e+006	6.12689e+006	9205	10641	12496	14740	1381	1607	2779	3222	1374	1612	631	744	2.21299e+006	2.23192e+006	29731	30100	2284	2653	2.27184e+006	2.29195e+006	1.91914e+006	1.93916e+006	
325	6.10428e+006	6.12449e+006	9160	10600	12430	14645	1393	1619	2769	3202	1370	1611	630	745	2.21551e+006	2.23449e+006	29763	30132	2271	2635	2.27424e+006	2.29445e+006	1.92133e+006	1.94152e+006	
326	6.10184e+006	6.12216e+006	9078	10490	12375	14586	1390	1614	2766	3197	1360	1597	628	744	2.21801e+006	2.23704e+006	29801	30170	2215	2563	2.27658e+006	2.2969e+006	1.92354e+006	1.9439e+006	
327	6.09936e+006	6.1198e+006	9018	10441	12362	14559	1380	1604	2764	3199	1355	1592	626	743	2.22045e+006	2.23955e+006	29836	30205	2235	2601	2.27894e+006	2.29938e+006	1.92574e+006	1.94627e+006	
328	6.0969e+006	6.11746e+006	8960	10357	12341	14535	1378	1600	2751	3188	1348	1583	620	736	2.2229e+006	2.24206e+006	29865	30233	2227	2569	2.28127e+006	2.30183e+006	1.92792e+006	1.94863e+006	
329	6.09444e+006	6.11514e+006	8903	10291	12308	14472	1370	1588	2740	3179	1334	1565	614	728	2.22536e+006	2.2446e+006	29906	30273	2215	2568	2.2836e+006	2.30429e+006	1.93009e+006	1.95098e+006	
330	6.09201e+006	6.11284e+006	8881	10267	12221	14363	1365	1582	2730	3166	1329	1556	611	723	2.22779e+006	2.24712e+006	29942	30310	2195	2538	2.2859e+006	2.30672e+006	1.9322e+006	1.95327e+006	
331	6.08956e+006	6.1105e+006	8870	10224	12169	14319	1336	1551	2718	3160	1323	1546	609	718	2.23023e+006	2.24964e+006	29978	30347	2221	2561	2.28823e+006	2.30917e+006	1.93434e+006	1.95559e+006	
332	6.08714e+006	6.1082e+006	8842	10190	12095	14214	1341	1551	2713	3154	1314	1533	601	709	2.23265e+006	2.25214e+006	30017	30386	2197	2536	2.29054e+006	2.3116e+006	1.93646e+006	1.95788e+006	
333	6.08469e+006	6.10588e+006	8837	10172	12015	14130	1342	1550	2711	3149	1317	1529	596	700	2.23505e+006	2.25463e+006	30050	30419	2210	2551	2.29286e+006	2.31404e+006	1.93856e+006	1.96018e+006	
334	6.08229e+006	6.10362e+006	8802	10143	11928	14018	1338	1549	2699	3132	1322	1537	603	707	2.23744e+006	2.25712e+006	30086	30455	2159	2510	2.29512e+006	2.31645e+006	1.94064e+006	1.96245e+006	
335	6.07989e+006	6.10137e+006	8735	10074	11878	13944	1337	1549	2682	3105	1323	1533	605	707	2.23983e+006	2.25961e+006	30123	30492	2154	2492	2.29737e+006	2.31884e+006	1.94275e+006	1.96473e+006	
336	6.07755e+006	6.09915e+006	8661	9973	11858	13916	1340	1550	2659	3084	1323	1533	602	704	2.24216e+006	2.26204e+006	30153	30523	2122	2436	2.29959e+006	2.32118e+006	1.94483e+006	1.96699e+006	
337	6.07522e+006	6.09695e+006	8550	9853	11837	13863	1340	1549	2634	3053	1321	1533	600	703	2.24452e+006	2.2645e+006	30188	30558	2101	2429	2.30178e+006	2.32352e+006	1.94693e+006	1.96927e+006	
338	6.07285e+006	6.09474e+006	8518	9796	11776	13810	1330	1546	2616	3026	1332	1542	601	702	2.24684e+006	2.26694e+006	30219	30590	2126	2454	2.304e+006	2.32589e+006	1.94898e+006	1.97151e+006	
339	6.07048e+006	6.09251e+006	8505	9765	11717	13736	1325	1546	2595	3001	1334	1542	605	703	2.24916e+006	2.26939e+006	30251	30623	2142	2460	2.30622e+006	2.32826e+006	1.95102e+006	1.97373e+006	
340	6.06815e+006	6.09033e+006	8477	9739	11670	13656	1304	1520	2572	2972	1324	1531	597	693	2.25146e+006	2.27182e+006	30288	30660	2094	2411	2.30841e+006	2.33058e+006	1.95304e+006	1.97592e+006	
341	6.06584e+006	6.08816e+006	8461	9709	11575	13549	1281	1492	2563	2961	1313	1519	590	686	2.25378e+006	2.27425e+006	30322	30695	2086	2398	2.31058e+006	2.3329e+006	1.95504e+006	1.97811e+006	
342	6.06354e+006	6.086e+006	8409	9637	11514	13475	1272	1482	2557	2948	1310	1514	593	688	2.25606e+006	2.27666e+006	30357	30730	2074	2381	2.31274e+006	2.33519e+006	1.95705e+006	1.98031e+006	
343	6.06124e+006	6.08385e+006	8337	9560	11457	13400	1262	1465	2551	2934	1296	1502	586	683	2.25837e+006	2.2791e+006	30389	30762	2070	2383	2.31489e+006	2.33749e+006	1.95908e+006	1.98253e+006	
344	6.05897e+006	6.08173e+006	8282	9503	11404	13311	1255	1451	2550	2935	1274	1475	576	670	2.26063e+006	2.28149e+006	30424	30797	2041	2352	2.31701e+006	2.33977e+006	1.96106e+006	1.9847e+006	
345	6.0567e+006	6.07961e+006	8241	9446	11347	13229	1246	1437	2537	2922	1262	1461	571	665	2.26287e+006	2.28387e+006	30456	30831	2045	2341	2.31912e+006	2.34204e+006	1.96304e+006	1.98685e+006	
346	6.05447e+006	6.07753e+006	8176	9376	11287	13163	1256	1450	2553	2940	1247	1442	564	658	2.26506e+006	2.28618e+006	30490	30865	2009	2312	2.32121e+006	2.34427e+006	1.96499e+006	1.98897e+006	
347	6.05221e+006	6.07542e+006	8135	9331	11252	13115	1258	1453	2540	2924	1242	1433	561	650	2.26724e+006	2.2885e+006	30525	30900	2027	2339	2.32332e+006	2.34653e+006	1.96694e+006	1.99111e+006	
348	6.04998e+006	6.07334e+006	8098	9276	11171	13018	1254	1448	2544	2931	1225	1416	558	648	2.26944e+006	2.29083e+006	30560	30938	2004	2297	2.32539e+006	2.34876e+006	1.96887e+006	1.99323e+006	
349	6.04775e+006	6.07127e+006	8059	9233	11079	12905	1249	1442	2537	2924	1215	1411	552	640	2.27165e+006	2.29318e+006	30596	30975	2005	2298	2.32747e+006	2.35098e+006	1.9708e+006	1.99534e+006	
350	6.04556e+006	6.06922e+006	8022	9186	10997	12811	1245	1438	2522	2909	1217	1413	553	642	2.27382e+006	2.29548e+006	30626	31006	1972	2265	2.32951e+006	2.35318e+006	1.97269e+006	1.99741e+006	
351	6.04338e+006	6.06718e+006	7966	9103	10954	12766	1229	1424	2498	2876	1210	1407	553	645	2.27599e+006	2.29779e+006	30664	31045	1971	2256	2.33155e+006	2.35536e+006	1.97462e+006	1.99952e+006	
352	6.04119e+006	6.06516e+006	7923	9050	10903	12702	1211	1403	2462	2832	1212	1406	551	642	2.27816e+006	2.3001e+006	30690	31072	1961	2244	2.33358e+006	2.35754e+006	1.97651e+006	2.00159e+006	
353	6.03904e+006	6.06315e+006	7850	8974	10855	12630	1200	1385	2442	2810	1208	1401	551	642	2.2803e+006	2.30239e+006	30720	31104	1933	2222	2.33558e+006	2.35969e+006	1.97841e+006	2.00367e+006	
354	6.03689e+006	6.06115e+006	7820	8929	10803	12559	1187	1365	2402	2764	1210	1402	551	640	2.28243e+006	2.30468e+006	30752	31137	1943	2220	2.33759e+006	2.36185e+006	1.98028e+006	2.00571e+006	
355	6.03474e+006	6.05915e+006	7784	8888	10733	12478	1181	1364	2388	2749	1206	1394	550	636	2.28454e+006	2.30694e+006	30781	31166	1935	2215	2.33959e+006	2.364e+006	1.98214e+006	2.00774e+006	
356	6.03262e+006	6.05718e+006	7730	8824	10695	12421	1174	1351	2371	2719	1207	1395	550	637	2.28662e+006	2.30916e+006	30812	31197	1907	2181	2.34156e+006	2.36612e+006	1.98399e+006	2.00977e+006	
357	6.03051e+006	6.05522e+006	7692	8771	10607	12310	1169	1342	2382	2734	1190	1375	540	628	2.2887e+006	2.31139e+006	30844	31232	1895	2168	2.34352e+006	2.36822e+006	1.98582e+006	2.01177e+006	
358	6.02842e+006	6.05326e+006	7643	8711	10544	12229	1174	1344	2371	2730	1187	1371	538	626	2.29076e+006	2.31359e+006	30876	31266	1893	2160	2.34548e+006	2.37032e+006	1.98764e+006	2.01376e+006	
359	6.02631e+006	6.0513e+006	7614	8669	10473	12147	1172	1343	2369	2727	1176	1357	536	621	2.29282e+006	2.3158e+006	30907	31297	1906	2173	2.34744e+006	2.37243e+006	1.98946e+006	2.01576e+006	
360	6.02424e+006	6.04938e+006	7563	8613	10407	12061	1175	1344	2369	2719	1165	1345	530	615	2.29485e+006	2.31798e+006	30937	31327	1856	2125	2.34936e+006	2.37449e+006	1.99125e+006	2.01772e+006	
361	6.02218e+006	6.04747e+006	7523	8556	10338	11981	1169	1335	2341	2688	1162	1341	525	609	2.29689e+006	2.32017e+006	30967	31358	1854	2112	2.35127e+006	2.37655e+006	1.99303e+006	2.01967e+006	
362	6.02011e+006	6.04555e+006	7489	8527	10281	11907	1157	1326	2333	2684	1148	1329	520	605	2.29891e+006	2.32233e+006	30999	31389	1858	2131	2.35319e+006	2.37862e+006	1.99482e+006	2.02162e+006	
363	6.0181e+006	6.04368e+006	7393	8425	10271	11877	1138	1309	2308	2656	1146	1326	521	606	2.30091e+006	2.32448e+006	31028	31419	1810	2071	2.35505e+006	2.38063e+006	1.99664e+006	2.0236e+006	
364	6.01608e+006	6.0418e+006	7364	8379	10212	11808	1114	1281	2311	2647	1137	1319	519	604	2.30289e+006	2.32662e+006	31064	31456	1829	2078	2.35694e+006	2.38266e+006	1.9984e+006	2.02552e+006	
