Day	Susceptible-LB	Susceptible-UB	Exposed-LB	Exposed-UB	Current Detected Mild Infections-LB	Current Detected Mild Infections-UB	Current Undetected Mild Infections-LB	Current Undetected Mild Infections-UB	Current Hospitalizations-LB	Current Hospitalizations-UB	Current ICU patients-LB	Current ICU patients-UB	ventilators-LB	ventilators-UB	Recovered-LB	Recovered-UB	Deaths-LB	Deaths-UB	new infections today-LB	new infections today-UB	total number of infections-LB	total number of infections-UB	Confirmed total number of infections-LB	Confirmed total number of infections-UB	
0	8.39872e+006	8.39872e+006	16	16	0	0	0	0	0	0	0	0	0	0	0	0	0	0	0	0	16	16	0	0	
1	8.39858e+006	8.39858e+006	160	160	0	0	0	0	0	0	0	0	0	0	0	0	0	0	144	144	160	160	0	0	
2	8.39843e+006	8.39843e+006	304	304	0	0	0	0	0	0	0	0	0	0	0	0	0	0	144	144	304	304	0	0	
3	8.39826e+006	8.39826e+006	473	478	0	0	0	0	0	0	0	0	0	0	0	0	0	0	169	174	473	478	0	0	
4	8.39796e+006	8.39798e+006	736	756	16	16	0	0	0	0	0	0	0	0	0	0	0	0	277	296	752	772	16	16	
5	8.39755e+006	8.39759e+006	982	1023	119	128	32	41	0	0	0	0	0	0	0	0	0	0	384	416	1142	1183	119	128	
6	8.397e+006	8.39707e+006	1367	1434	226	238	66	78	0	0	0	0	0	0	0	0	0	0	523	561	1671	1738	226	238	
7	8.39619e+006	8.3963e+006	1964	2066	353	368	108	122	0	0	0	0	0	0	0	0	0	0	760	813	2439	2542	353	368	
8	8.39504e+006	8.39519e+006	2786	2928	560	587	179	198	0	0	0	0	0	0	0	0	0	0	1095	1163	3543	3696	563	585	
9	8.39356e+006	8.39379e+006	3795	3995	856	903	272	295	0	0	0	0	0	0	0	0	0	0	1393	1483	4943	5172	861	897	
10	8.39172e+006	8.39203e+006	5031	5282	1234	1307	402	433	0	0	0	0	0	0	16	16	0	0	1754	1853	6709	7013	1259	1314	
11	8.38942e+006	8.38983e+006	6460	6781	1709	1820	546	586	24	32	0	0	0	0	128	136	0	0	2185	2316	8904	9318	1853	1936	
12	8.38674e+006	8.38727e+006	7917	8311	2417	2580	789	845	50	61	0	0	0	0	243	254	0	0	2551	2694	11465	12001	2679	2795	
13	8.38377e+006	8.38443e+006	9352	9806	3331	3572	1093	1168	82	95	0	0	0	0	381	394	0	0	2823	2983	14302	14970	3737	3909	
14	8.38068e+006	8.38148e+006	10542	11052	4447	4756	1449	1545	136	154	0	0	0	0	606	629	0	0	2946	3097	17258	18058	5086	5316	
15	8.37773e+006	8.37866e+006	11160	11699	5775	6178	1915	2029	214	233	0	0	0	0	919	959	0	0	2806	2959	20073	21009	6740	7054	
16	8.37528e+006	8.37633e+006	10932	11464	7283	7784	2427	2565	321	347	0	0	0	0	1339	1401	0	0	2323	2459	22410	23454	8682	9090	
17	8.3724e+006	8.37358e+006	10842	11379	8799	9396	2969	3128	446	477	14	18	13	16	1967	2058	0	0	2737	2893	25156	26338	10834	11348	
18	8.36914e+006	8.37047e+006	10995	11543	10166	10850	3441	3621	633	675	23	28	18	21	2874	3006	0	0	3095	3266	28263	29592	13105	13719	
19	8.36566e+006	8.36717e+006	11486	12073	11215	11964	3793	3995	857	917	31	38	22	26	4039	4232	0	0	3296	3490	31568	33072	15288	16001	
20	8.36211e+006	8.36378e+006	12533	13183	11617	12399	3957	4169	1160	1230	48	56	29	34	5486	5742	0	0	3374	3565	34954	36626	17109	17902	
21	8.35828e+006	8.36013e+006	13440	14124	12015	12834	4101	4322	1495	1585	69	80	40	47	7323	7670	0	0	3639	3839	38606	40452	19249	20152	
22	8.35425e+006	8.35629e+006	14169	14907	12413	13260	4248	4466	1888	1992	98	112	52	60	9459	9917	0	0	3826	4046	42443	44487	21673	22693	
23	8.3501e+006	8.35233e+006	14821	15580	12765	13654	4358	4590	2292	2413	141	158	72	83	11851	12419	0	0	3950	4161	46406	48635	24278	25437	
24	8.3458e+006	8.34823e+006	15539	16328	13087	14011	4464	4701	2662	2804	199	219	99	113	14377	15055	0	0	4089	4316	50507	52939	26953	28255	
25	8.34127e+006	8.34392e+006	16195	17035	13704	14670	4680	4921	2955	3103	273	298	134	150	16825	17629	0	0	4298	4544	54817	57471	29827	31265	
26	8.33653e+006	8.33939e+006	16883	17739	14828	15890	5038	5310	3048	3204	376	405	178	198	18965	19866	0	0	4513	4752	59343	62210	32828	34410	
27	8.3315e+006	8.33459e+006	17727	18620	15757	16865	5321	5604	3147	3311	473	511	214	240	21498	22526	13	16	4792	5043	64149	67240	35934	37658	
28	8.32619e+006	8.32953e+006	18688	19626	16509	17680	5552	5851	3245	3425	620	664	280	309	24358	25507	16	19	5053	5319	69210	72551	39171	41059	
29	8.32065e+006	8.32425e+006	19650	20633	17237	18469	5816	6126	3321	3509	769	821	347	380	27436	28744	19	22	5260	5550	74483	78088	42538	44606	
30	8.31482e+006	8.3187e+006	20684	21716	18108	19385	6078	6403	3399	3597	924	980	421	456	30583	32049	22	26	5545	5837	80041	83912	46107	48346	
31	8.30875e+006	8.31289e+006	21682	22758	18947	20272	6387	6724	3558	3774	1056	1123	482	522	33938	35550	26	32	5792	6083	85845	89984	49870	52287	
32	8.30235e+006	8.30678e+006	22733	23852	19868	21242	6692	7028	3864	4091	1152	1228	528	573	37368	39155	32	39	6102	6415	91957	96389	53867	56490	
33	8.29566e+006	8.30042e+006	23821	25002	20833	22288	7026	7382	4117	4350	1254	1337	575	620	40965	42924	42	51	6350	6697	98318	103075	58009	60836	
34	8.28871e+006	8.29376e+006	24918	26132	21912	23432	7393	7770	4329	4564	1371	1464	632	681	44724	46871	57	68	6640	6970	104974	110029	62390	65419	
35	8.28135e+006	8.28675e+006	26131	27413	23068	24638	7723	8112	4541	4779	1478	1578	688	741	48697	51055	73	88	6999	7370	111988	117385	66983	70223	
36	8.27359e+006	8.27936e+006	27405	28769	24239	25885	8134	8534	4759	5003	1573	1677	734	792	52885	55444	98	115	7376	7771	119376	125144	71787	75261	
37	8.26549e+006	8.27165e+006	28754	30182	25400	27149	8515	8940	5004	5248	1659	1768	777	836	57332	60111	124	142	7699	8111	127087	133242	76793	80522	
38	8.25694e+006	8.26348e+006	30264	31787	26581	28386	8916	9360	5221	5475	1719	1832	809	869	62080	65092	160	182	8152	8573	135254	141801	82034	85993	
39	8.24805e+006	8.25502e+006	31713	33321	27857	29743	9365	9837	5479	5759	1780	1896	837	898	66994	70240	199	223	8450	8902	143718	150688	87537	91759	
40	8.24336e+006	8.25055e+006	28787	30254	29213	31208	9824	10321	5758	6050	1838	1961	862	927	72176	75669	237	264	4450	4703	148182	155379	93351	97863	
41	8.2385e+006	8.24592e+006	25707	27014	30606	32719	10323	10852	6065	6362	1919	2046	897	962	77553	81302	277	306	4620	4870	152815	160236	99411	104228	
42	8.23337e+006	8.24102e+006	22446	23590	32559	34774	10414	10961	6365	6684	2039	2167	950	1019	83212	87231	309	338	4893	5147	157720	165371	106251	111393	
43	8.22839e+006	8.23625e+006	18750	19678	34575	36893	10498	11047	6667	7015	2161	2296	1005	1079	89114	93421	345	375	4753	4991	162485	170350	113347	118848	
44	8.22353e+006	8.23162e+006	18927	19841	33162	35405	9735	10254	6995	7360	2264	2401	1052	1124	95296	99880	387	421	4626	4868	167121	175207	117235	122936	
45	8.21884e+006	8.22713e+006	18777	19675	31656	33775	8890	9356	7328	7701	2374	2518	1097	1168	101823	106735	428	466	4469	4707	171607	179896	121288	127186	
46	8.2144e+006	8.22289e+006	18106	18981	30073	32042	8022	8434	7678	8064	2490	2637	1157	1230	108698	113961	476	517	4222	4452	175844	184334	125573	131673	
47	8.21017e+006	8.21886e+006	17374	18231	28134	29927	7041	7403	8043	8457	2630	2779	1217	1294	115849	121461	533	578	4023	4239	179878	188562	129763	136054	
48	8.20616e+006	8.21503e+006	16568	17390	25325	26937	6348	6664	8429	8869	2760	2914	1273	1352	123447	129415	587	635	3820	4026	183710	192576	133777	140269	
49	8.20245e+006	8.21149e+006	15621	16412	22182	23569	5537	5808	8826	9277	2905	3067	1334	1416	131315	137687	640	690	3524	3726	187248	196289	137719	144399	
50	8.19918e+006	8.20838e+006	14490	15237	21992	23351	5505	5770	8377	8816	3050	3216	1409	1492	136026	142632	694	749	3092	3277	190353	199552	141266	148122	
51	8.19592e+006	8.20528e+006	13558	14271	21497	22823	5405	5664	7920	8349	3207	3379	1483	1571	140902	147736	749	809	3088	3275	193456	202812	144664	151686	
52	8.1928e+006	8.20228e+006	12718	13389	20633	21914	5196	5452	7454	7869	3373	3553	1558	1650	146046	153115	810	872	2979	3145	196452	205941	147921	155097	
53	8.18981e+006	8.19944e+006	12025	12664	19635	20878	4973	5216	6892	7264	3543	3726	1637	1729	151142	158455	874	939	2831	3000	199295	208929	150917	158248	
54	8.18697e+006	8.19675e+006	11613	12233	18426	19615	4653	4884	6230	6564	3717	3910	1722	1821	156193	163756	944	1013	2683	2844	201987	211765	153598	161069	
55	8.18429e+006	8.19419e+006	11074	11649	17316	18458	4382	4609	5451	5736	3905	4107	1803	1907	161198	168997	1019	1091	2548	2692	204549	214442	156265	163864	
56	8.18178e+006	8.19179e+006	10471	11030	16360	17434	4097	4324	5407	5688	3846	4048	1765	1867	165466	173468	1090	1166	2378	2525	206943	216952	158846	166549	
57	8.17938e+006	8.1895e+006	9925	10442	15421	16448	3850	4066	5285	5555	3762	3966	1731	1834	169627	177830	1169	1247	2283	2415	209238	219354	161274	169100	
58	8.17711e+006	8.18732e+006	9413	9884	14509	15497	3622	3839	5048	5308	3689	3890	1698	1799	173686	182079	1251	1335	2165	2292	211418	221630	163568	171509	
59	8.17496e+006	8.18528e+006	8889	9352	13761	14684	3404	3606	4810	5063	3588	3782	1661	1758	177481	186054	1336	1423	2024	2160	213457	223775	165767	173814	
60	8.17288e+006	8.18329e+006	8486	8926	13176	14063	3276	3474	4487	4734	3469	3667	1595	1690	180937	189670	1424	1518	1976	2098	215448	225859	167796	175941	
61	8.17093e+006	8.18143e+006	8050	8477	12535	13367	3118	3303	4225	4461	3328	3524	1527	1620	184348	193240	1521	1620	1849	1963	217310	227809	169759	177997	
62	8.16907e+006	8.17966e+006	7641	8060	11871	12658	2976	3150	4012	4235	3147	3338	1442	1533	187640	196681	1619	1722	1759	1872	219080	229669	171620	179935	
63	8.16733e+006	8.178e+006	7265	7648	11245	11993	2801	2968	3771	3989	2938	3117	1343	1431	190822	200019	1731	1837	1647	1750	220739	231407	173375	181780	
64	8.16569e+006	8.17642e+006	6852	7209	10686	11385	2665	2819	3552	3762	2702	2866	1224	1305	193867	203222	1834	1946	1563	1658	222316	233051	175061	183546	
65	8.16407e+006	8.17489e+006	6521	6872	10113	10782	2543	2690	3346	3542	2431	2574	1100	1174	196794	206287	1947	2070	1520	1624	223848	234663	176644	185207	
66	8.1626e+006	8.17348e+006	6156	6481	9616	10255	2420	2563	3215	3404	2348	2486	1066	1137	199336	208961	2009	2134	1395	1480	225254	236132	178149	186787	
67	8.16119e+006	8.17214e+006	5840	6158	9270	9885	2133	2266	3064	3246	2263	2397	1022	1093	201803	211551	2069	2199	1333	1425	226596	237548	179735	188446	
68	8.15982e+006	8.17083e+006	5576	5880	8963	9550	1842	1964	2887	3058	2164	2297	977	1045	204197	214045	2133	2267	1299	1380	227910	238913	181249	190022	
69	8.15854e+006	8.1696e+006	5264	5551	8709	9263	1601	1706	2730	2896	2058	2186	930	995	206435	216396	2197	2334	1208	1295	229133	240194	182705	191553	
70	8.15732e+006	8.16843e+006	5032	5307	8402	8918	1335	1425	2605	2761	1945	2067	882	946	208599	218668	2259	2403	1161	1238	230306	241419	184052	192964	
71	8.15614e+006	8.16729e+006	4823	5078	8135	8633	1087	1170	2462	2613	1832	1949	831	894	210664	220825	2313	2460	1124	1196	231444	242601	185336	194313	
72	8.15504e+006	8.16624e+006	4561	4809	7907	8370	865	931	2340	2483	1732	1840	785	846	212603	222864	2369	2519	1040	1108	232497	243696	186586	195614	
73	8.15399e+006	8.16524e+006	4343	4574	7515	7965	817	884	2207	2342	1634	1741	742	802	214437	224785	2423	2576	991	1060	233501	244743	187725	196805	
74	8.15301e+006	8.16429e+006	4108	4340	7143	7577	788	850	2102	2230	1541	1642	696	755	216157	226583	2478	2634	927	1003	234442	245731	188806	197934	
75	8.15208e+006	8.1634e+006	3864	4086	6790	7192	747	805	2019	2137	1447	1548	654	715	217815	228329	2528	2688	880	943	235336	246660	189860	199029	
76	8.15118e+006	8.16254e+006	3672	3890	6469	6851	714	773	1903	2012	1396	1494	629	688	219351	229935	2567	2728	848	911	236194	247560	190832	200039	
77	8.15033e+006	8.16174e+006	3476	3684	6164	6521	679	735	1809	1917	1324	1419	593	650	220817	231475	2610	2773	796	854	237001	248403	191764	201009	
78	8.14953e+006	8.16096e+006	3312	3499	5827	6188	640	696	1719	1826	1252	1340	560	613	222249	232967	2652	2817	763	817	237776	249207	192636	201923	
79	8.14878e+006	8.16024e+006	3139	3318	5537	5873	605	654	1635	1742	1189	1273	529	579	223582	234357	2690	2858	707	761	238495	249957	193472	202791	
80	8.14805e+006	8.15955e+006	2969	3148	5258	5585	570	617	1541	1644	1134	1212	502	548	224870	235703	2726	2896	678	741	239182	250689	194267	203625	
81	8.14735e+006	8.15889e+006	2831	3006	4961	5275	538	584	1460	1559	1073	1149	475	517	226120	237001	2755	2928	657	713	239851	251390	195015	204406	
82	8.14671e+006	8.15827e+006	2672	2847	4712	5013	511	556	1401	1488	1026	1097	453	494	227253	238187	2783	2958	606	655	240471	252031	195733	205150	
83	8.14608e+006	8.15766e+006	2557	2727	4457	4745	483	524	1329	1409	978	1048	431	473	228343	239328	2815	2993	590	643	241075	252661	196399	205846	
84	8.14547e+006	8.15708e+006	2446	2597	4230	4505	461	503	1261	1341	926	991	411	451	229376	240411	2844	3023	565	613	241652	253262	197034	206520	
85	8.14492e+006	8.15656e+006	2299	2451	4026	4295	440	484	1198	1275	886	948	392	432	230344	241424	2870	3051	515	562	242177	253814	197658	207174	
86	8.14439e+006	8.15605e+006	2191	2336	3809	4064	416	459	1146	1224	826	884	363	402	231286	242409	2899	3081	495	543	242687	254342	198233	207769	
87	8.14388e+006	8.15556e+006	2079	2220	3627	3874	396	435	1077	1150	785	841	347	385	232179	243343	2923	3106	482	524	243179	254856	198793	208351	
88	8.14339e+006	8.15509e+006	1965	2106	3454	3695	371	410	1012	1085	747	799	331	366	233036	244229	2945	3130	454	496	243643	255342	199331	208910	
89	8.14294e+006	8.15466e+006	1877	2006	3275	3514	355	393	963	1028	705	755	311	346	233826	245053	2967	3153	424	465	244078	255796	199816	209420	
90	8.1425e+006	8.15425e+006	1784	1910	3117	3336	334	371	916	979	671	719	302	336	234574	245846	2990	3176	403	445	244491	256232	200289	209909	
91	8.14208e+006	8.15384e+006	1699	1819	2951	3165	322	356	862	924	646	689	293	326	235302	246611	3010	3198	396	433	244900	256652	200744	210385	
92	8.14167e+006	8.15344e+006	1627	1747	2817	3026	304	336	808	865	609	653	277	308	235993	247327	3029	3218	384	424	245294	257066	201175	210837	
93	8.14129e+006	8.15307e+006	1560	1679	2664	2864	289	322	769	825	572	614	260	287	236650	248017	3049	3240	357	395	245662	257451	201575	211255	
94	8.14092e+006	8.15272e+006	1498	1610	2512	2710	277	310	737	792	544	585	250	276	237271	248664	3065	3258	340	377	246014	257816	201954	211655	
95	8.14058e+006	8.1524e+006	1413	1529	2410	2592	264	295	698	755	510	547	233	257	237849	249272	3083	3276	312	352	246338	258156	202333	212045	
96	8.14026e+006	8.15209e+006	1327	1435	2310	2490	251	280	668	720	490	527	225	249	238396	249839	3097	3292	298	331	246646	258476	202699	212430	
97	8.13994e+006	8.15179e+006	1264	1367	2194	2370	242	272	636	690	467	501	213	237	238928	250396	3111	3306	294	328	246949	258795	203036	212782	
98	8.13964e+006	8.1515e+006	1201	1298	2086	2256	237	266	610	665	437	470	198	221	239431	250920	3127	3324	277	308	247236	259092	203359	213117	
99	8.13935e+006	8.15122e+006	1157	1252	1989	2158	222	251	578	634	417	450	191	214	239906	251413	3139	3337	270	304	247516	259386	203661	213432	
100	8.13908e+006	8.15096e+006	1111	1204	1900	2059	207	233	539	597	396	427	176	196	240366	251892	3154	3352	252	282	247777	259659	203948	213731	
101	8.13881e+006	8.1507e+006	1062	1154	1807	1963	198	224	511	568	373	404	161	180	240815	252353	3165	3363	247	275	248033	259926	204227	214025	
102	8.13856e+006	8.15047e+006	1011	1103	1706	1854	192	216	486	538	359	388	156	173	241238	252799	3177	3375	226	258	248270	260173	204489	214298	
103	8.138e+006	8.14993e+006	1263	1375	1629	1775	181	204	456	503	342	373	148	166	241641	253221	3188	3388	522	575	248808	260733	204748	214571	
104	8.13747e+006	8.14942e+006	1505	1638	1550	1692	171	194	438	483	328	360	140	158	242015	253609	3198	3398	492	547	249316	261262	204989	214823	
105	8.13697e+006	8.14894e+006	1729	1883	1487	1621	167	190	420	464	313	345	136	153	242364	253974	3206	3407	471	521	249801	261769	205223	215068	
106	8.13643e+006	8.14842e+006	2008	2177	1419	1552	163	187	401	437	296	329	129	146	242701	254326	3216	3416	504	554	250320	262307	205441	215294	
107	8.13585e+006	8.14786e+006	2028	2200	1619	1775	189	214	380	414	285	316	127	145	243030	254672	3224	3424	543	598	250878	262890	205925	215799	
108	8.13522e+006	8.14726e+006	2116	2297	1815	1993	208	235	361	394	272	303	123	141	243342	254993	3231	3433	581	642	251476	263516	206390	216282	
109	8.13454e+006	8.14661e+006	2284	2472	1995	2190	227	256	346	379	258	289	113	131	243645	255310	3237	3439	636	698	252129	264197	206831	216742	
110	8.13382e+006	8.14591e+006	2456	2659	2224	2434	250	283	327	360	244	274	110	127	243931	255610	3244	3446	676	740	252824	264919	207305	217233	
111	8.13304e+006	8.14517e+006	2632	2854	2495	2731	274	310	313	346	228	256	107	124	244210	255900	3251	3454	716	796	253563	265692	207816	217766	
112	8.13217e+006	8.14433e+006	2870	3108	2824	3089	299	338	299	333	212	238	100	116	244468	256168	3261	3464	819	897	254403	266567	208367	218345	
113	8.1312e+006	8.14341e+006	3138	3403	2934	3205	302	345	351	387	197	222	94	110	244961	256681	3269	3472	905	991	255331	267535	208969	218971	
114	8.13021e+006	8.14244e+006	3400	3683	3096	3378	324	366	390	431	189	213	90	105	245430	257171	3275	3479	939	1021	256296	268530	209600	219626	
115	8.12915e+006	8.14144e+006	3664	3967	3320	3629	346	389	431	477	180	203	86	100	245877	257638	3280	3485	980	1078	257300	269585	210275	220334	
116	8.12801e+006	8.14034e+006	3916	4240	3600	3934	381	427	480	529	172	195	82	96	246347	258128	3285	3491	1071	1171	258400	270727	211039	221130	
117	8.12679e+006	8.13916e+006	4156	4502	3921	4285	421	471	535	592	164	188	75	91	246850	258652	3291	3497	1143	1254	259574	271950	211883	222009	
118	8.12544e+006	8.13788e+006	4468	4864	4232	4617	465	520	603	668	156	178	72	86	247382	259210	3295	3502	1252	1382	260858	273300	212760	222914	
119	8.12398e+006	8.13647e+006	4853	5284	4541	4966	498	555	624	686	171	194	79	94	247997	259850	3299	3506	1365	1499	262263	274759	213679	223879	
120	8.12241e+006	8.13495e+006	5270	5725	4898	5358	534	594	664	728	179	200	81	95	248639	260519	3303	3510	1485	1614	263791	276331	214685	224923	
121	8.12075e+006	8.13337e+006	5669	6158	5289	5776	573	632	710	777	190	212	86	99	249315	261228	3307	3515	1545	1684	265368	277983	215760	226047	
122	8.11894e+006	8.13162e+006	6115	6636	5673	6214	618	682	772	842	203	227	91	104	250077	262018	3312	3520	1698	1860	267112	279797	216926	227274	
123	8.11699e+006	8.12975e+006	6577	7135	6085	6672	665	734	839	914	219	245	98	113	250919	262892	3315	3524	1828	1997	268983	281751	218205	228602	
124	8.11488e+006	8.12773e+006	7075	7668	6584	7216	712	783	917	994	231	259	102	117	251786	263793	3318	3527	1981	2148	271010	283853	219608	230046	
125	8.11261e+006	8.12555e+006	7660	8308	7080	7754	777	855	985	1071	256	287	113	130	252689	264743	3322	3531	2131	2324	273190	286130	221040	231546	
126	8.11012e+006	8.12318e+006	8281	8981	7631	8369	847	936	1064	1159	276	309	125	143	253683	265777	3325	3534	2319	2533	275559	288612	222622	233191	
127	8.10747e+006	8.12064e+006	8939	9688	8238	9039	920	1013	1154	1251	298	335	138	158	254740	266879	3329	3537	2485	2706	278097	291265	224332	234975	
128	8.10466e+006	8.11794e+006	9594	10409	8900	9734	985	1086	1240	1346	335	375	153	175	255895	268093	3333	3541	2638	2867	280792	294075	226185	236892	
129	8.10159e+006	8.115e+006	10349	11213	9586	10480	1063	1168	1339	1458	355	394	164	186	257167	269418	3341	3549	2885	3129	283735	297145	228172	238969	
130	8.09832e+006	8.11186e+006	11109	12010	10332	11314	1144	1260	1448	1579	384	427	179	204	258550	270832	3346	3555	3079	3331	286874	300416	230338	241245	
131	8.09481e+006	8.1085e+006	11925	12880	11184	12246	1228	1352	1552	1689	413	460	192	219	259987	272335	3353	3562	3302	3575	290238	303928	232661	243676	
132	8.091e+006	8.10485e+006	12863	13893	12045	13173	1305	1435	1670	1825	445	494	208	237	261568	273977	3361	3570	3576	3880	293884	307738	235131	246251	
133	8.08691e+006	8.10094e+006	13822	14925	12976	14181	1422	1568	1807	1981	478	529	223	253	263256	275738	3368	3577	3843	4162	297797	311830	237805	249043	
134	8.08252e+006	8.09674e+006	14867	16054	13957	15249	1534	1687	1952	2135	522	576	243	275	265081	277632	3377	3587	4125	4459	301998	316213	240669	252027	
135	8.07775e+006	8.09219e+006	16048	17319	15008	16379	1652	1808	2085	2280	559	616	266	296	267079	279716	3386	3597	4484	4838	306546	320986	243737	255240	
136	8.07264e+006	8.08734e+006	17258	18613	16120	17583	1790	1958	2248	2459	603	664	281	312	269226	281967	3396	3608	4785	5175	311401	326092	247057	258712	
137	8.06714e+006	8.08211e+006	18566	20028	17342	18903	1921	2099	2423	2646	648	712	300	332	271532	284377	3405	3617	5150	5578	316628	331593	250637	262454	
138	8.06124e+006	8.07648e+006	19981	21565	18669	20335	2076	2264	2597	2825	699	767	324	360	273991	286937	3419	3631	5538	5998	322259	337498	254464	266454	
139	8.05491e+006	8.07045e+006	21442	23136	20110	21885	2234	2423	2810	3049	759	834	348	388	276645	289710	3430	3643	5942	6412	328289	343822	258609	270814	
140	8.04808e+006	8.06397e+006	23055	24873	21639	23553	2404	2606	3015	3266	812	893	368	409	279510	292695	3443	3657	6401	6909	334764	350657	263041	275477	
141	8.04082e+006	8.05709e+006	24706	26638	23286	25355	2598	2816	3257	3526	865	951	396	438	282562	295881	3455	3670	6802	7343	341651	357915	267798	280494	
142	8.03296e+006	8.04963e+006	26529	28589	25045	27268	2796	3025	3489	3778	943	1037	432	476	285877	299344	3470	3685	7362	7948	349103	365772	272926	285878	
143	8.02448e+006	8.0416e+006	28531	30752	26916	29284	3022	3262	3768	4076	1017	1117	465	513	289417	303047	3485	3700	7945	8573	357137	374256	278422	291653	
144	8.0154e+006	8.03301e+006	30623	33012	28956	31501	3247	3506	4046	4369	1081	1183	498	548	293255	307055	3503	3720	8492	9170	365723	383332	284337	297900	
145	8.00567e+006	8.02382e+006	32935	35484	31043	33776	3465	3749	4337	4687	1170	1282	534	589	297402	311397	3520	3737	9111	9819	374918	393066	290621	304534	
146	7.99522e+006	8.01392e+006	35384	38081	33343	36277	3727	4035	4666	5049	1256	1373	574	633	301827	316029	3538	3756	9811	10545	384820	403520	297408	311705	
147	7.98401e+006	8.00337e+006	37891	40811	35845	38981	4003	4343	5021	5439	1356	1477	618	681	306572	321019	3559	3778	10451	11304	395369	414726	304728	319439	
148	7.97201e+006	7.99204e+006	40634	43733	38494	41852	4293	4659	5411	5871	1461	1590	671	738	311677	326361	3583	3803	11236	12091	406700	426722	312562	327728	
149	7.95911e+006	7.97986e+006	43608	46914	41329	44924	4616	5006	5805	6294	1564	1701	721	791	317176	332124	3613	3834	12086	12998	418880	439627	320946	336610	
150	7.94529e+006	7.96685e+006	46714	50287	44376	48192	4973	5379	6272	6810	1683	1831	784	856	323036	338289	3639	3862	12918	13917	431890	453451	329969	346149	
151	7.93048e+006	7.95288e+006	50143	53879	47638	51766	5344	5780	6723	7277	1825	1986	850	932	329304	344897	3665	3890	13878	14897	445857	468260	339578	356372	
152	7.9146e+006	7.93792e+006	53775	57758	51134	55534	5710	6170	7219	7812	1959	2134	916	1005	336086	352041	3698	3925	14867	15972	460814	484141	349928	367347	
153	7.89767e+006	7.92199e+006	57526	61775	54860	59544	6116	6593	7726	8352	2108	2297	985	1080	343434	359793	3729	3955	15835	17018	476744	501064	361038	379143	
154	7.8796e+006	7.90499e+006	61524	66023	58829	63832	6562	7064	8292	8942	2277	2489	1059	1167	351246	368051	3765	3994	16917	18164	493749	519139	372904	391774	
155	7.86015e+006	7.88672e+006	65818	70665	63134	68450	7012	7535	8926	9623	2438	2663	1129	1243	359604	376880	3810	4041	18171	19540	512012	538587	385668	405328	
156	7.83931e+006	7.86713e+006	70461	75625	67681	73372	7499	8062	9591	10334	2639	2878	1223	1342	368598	386369	3851	4082	19509	20931	531609	559431	399327	419845	
157	7.81711e+006	7.84625e+006	75425	80884	72522	78539	8027	8624	10299	11111	2835	3085	1318	1436	378196	396543	3897	4129	20798	22278	552490	581627	413869	435306	
158	7.79342e+006	7.82396e+006	80710	86492	77591	84002	8611	9262	11040	11900	3040	3311	1407	1533	388531	407475	3946	4181	22203	23772	574772	605319	429388	451808	
159	7.76818e+006	7.80024e+006	86178	92275	83036	89904	9225	9928	11875	12776	3246	3539	1499	1635	399620	419219	3998	4235	23638	25322	598494	630558	446045	469558	
160	7.74114e+006	7.77482e+006	92005	98466	88939	96229	9892	10639	12747	13715	3488	3795	1607	1754	411458	431785	4058	4296	25338	27121	623914	657598	463919	488590	
161	7.71249e+006	7.74781e+006	98128	104924	95141	102893	10589	11378	13661	14682	3749	4071	1724	1876	424183	445283	4122	4365	26922	28736	650922	686248	482997	508890	
162	7.68213e+006	7.71925e+006	104418	111586	101732	109952	11309	12144	14664	15730	4024	4365	1839	1997	437799	459747	4189	4437	28494	30432	679490	716606	503353	530545	
163	7.64973e+006	7.68872e+006	111232	118738	108750	117473	12073	12948	15717	16850	4321	4683	1974	2140	452316	475155	4257	4509	30451	32475	710018	749004	525039	553639	
164	7.61534e+006	7.65631e+006	118225	126089	116256	125519	12956	13892	16814	18030	4637	5010	2123	2297	467833	491637	4336	4591	32329	34475	742427	783399	548194	578281	
165	7.5787e+006	7.62171e+006	125837	134059	124130	133838	13810	14792	18010	19325	4974	5358	2275	2455	484485	509363	4413	4671	34533	36707	777031	820034	572877	604481	
166	7.53988e+006	7.58504e+006	133938	142522	132185	142419	14698	15754	19304	20714	5334	5745	2440	2632	502339	528338	4503	4763	36597	38894	813698	858859	598978	632217	
167	7.49886e+006	7.54631e+006	142149	151132	140816	151599	15688	16803	20658	22164	5740	6182	2623	2831	521370	548554	4593	4856	38663	41084	852431	899872	626847	661815	
168	7.45534e+006	7.50511e+006	150944	160257	149913	161274	16684	17864	22051	23644	6192	6652	2812	3034	541706	570185	4695	4967	41126	43598	893630	943398	656482	693266	
169	7.40921e+006	7.4614e+006	160052	169737	159640	171494	17816	19064	23581	25268	6642	7129	3028	3263	563346	593211	4800	5076	43641	46185	937332	989522	688060	726708	
170	7.36066e+006	7.41534e+006	169464	179456	169805	182177	18882	20181	25252	27028	7109	7628	3236	3486	586517	617870	4911	5195	46007	48616	983398	1.03808e+006	721568	762196	
171	7.30934e+006	7.36664e+006	179434	189761	180294	193273	20105	21461	26938	28801	7594	8144	3450	3715	611234	644100	5035	5324	48631	51391	1.0321e+006	1.0894e+006	756925	799649	
172	7.25532e+006	7.31528e+006	189593	200251	191654	205169	21350	22758	28613	30560	8141	8730	3714	3996	637447	671968	5170	5466	51283	54089	1.08345e+006	1.14342e+006	794554	839419	
173	7.19854e+006	7.26128e+006	199890	210904	203468	217509	22705	24151	30522	32587	8736	9361	3986	4286	665336	701553	5309	5617	53936	56841	1.13745e+006	1.2002e+006	834437	881542	
174	7.13908e+006	7.20459e+006	210509	221815	215761	230270	24060	25559	32496	34683	9368	10033	4279	4597	694991	733025	5457	5772	56625	59528	1.19415e+006	1.25966e+006	876557	925953	
175	7.07669e+006	7.14496e+006	221441	232883	228435	243527	25462	27009	34570	36863	10026	10741	4594	4934	726698	766596	5624	5948	59561	62461	1.25378e+006	1.32205e+006	921049	972848	
176	7.01127e+006	7.08236e+006	232689	244286	241637	257232	26936	28509	36762	39142	10712	11464	4901	5255	760313	802232	5800	6132	62526	65497	1.31638e+006	1.38747e+006	967984	1.02224e+006	
177	6.94305e+006	7.01702e+006	244023	255736	255437	271515	28386	30007	39036	41534	11422	12216	5238	5606	795874	839907	5986	6329	65267	68293	1.38172e+006	1.45569e+006	1.01738e+006	1.07418e+006	
178	6.87168e+006	6.94853e+006	255811	267646	269395	285901	29905	31573	41513	44141	12145	12994	5593	5984	833653	879818	6204	6559	68410	71440	1.45021e+006	1.52705e+006	1.06923e+006	1.12857e+006	
179	6.79743e+006	6.87719e+006	267527	279505	283695	300550	31499	33224	44017	46727	12969	13873	5971	6390	873817	922249	6418	6785	71278	74320	1.52155e+006	1.6013e+006	1.12369e+006	1.18556e+006	
180	6.72035e+006	6.80294e+006	279170	291160	298545	315754	33169	34902	46736	49529	13833	14789	6360	6803	916075	966837	6648	7030	74168	77153	1.59579e+006	1.67838e+006	1.18096e+006	1.24544e+006	
181	6.64026e+006	6.72565e+006	291118	303036	313557	331028	34777	36546	49552	52481	14753	15777	6796	7269	960798	1.01397e+006	6886	7279	77214	80170	1.67309e+006	1.75847e+006	1.24074e+006	1.30788e+006	
182	6.55762e+006	6.64567e+006	302616	314309	328956	346640	36499	38292	52398	55431	15705	16765	7234	7733	1.00809e+006	1.06377e+006	7155	7567	79905	82717	1.75307e+006	1.84112e+006	1.30338e+006	1.37317e+006	
183	6.47239e+006	6.56299e+006	313941	325299	344523	362338	38276	40070	55401	58545	16685	17806	7689	8215	1.05782e+006	1.11608e+006	7444	7874	82604	85309	1.83575e+006	1.92635e+006	1.36865e+006	1.44113e+006	
184	6.38442e+006	6.47758e+006	325103	336193	360238	378137	40096	41905	58464	61688	17713	18905	8171	8733	1.11012e+006	1.17098e+006	7738	8187	85324	88054	1.92116e+006	2.01431e+006	1.43652e+006	1.51161e+006	
185	6.29399e+006	6.38944e+006	335923	346565	376201	394148	41789	43601	61544	64854	18838	20078	8684	9267	1.16523e+006	1.22869e+006	8065	8529	88029	90547	2.0093e+006	2.10475e+006	1.50728e+006	1.58496e+006	
186	6.20153e+006	6.29906e+006	346291	356404	391834	409619	43524	45359	64695	68102	20052	21360	9258	9871	1.22312e+006	1.28922e+006	8403	8889	90262	92567	2.09967e+006	2.1972e+006	1.58051e+006	1.66064e+006	
187	6.10709e+006	6.20648e+006	356148	365660	407425	424887	45293	47083	67870	71285	21296	22651	9829	10467	1.28368e+006	1.35259e+006	8765	9275	92461	94565	2.19225e+006	2.29165e+006	1.6562e+006	1.7387e+006	
188	6.01087e+006	6.11204e+006	365136	373951	422695	439840	46959	48722	71270	74752	22597	24006	10428	11092	1.34706e+006	1.4187e+006	9165	9701	94312	96345	2.2867e+006	2.38786e+006	1.73444e+006	1.81928e+006	
189	5.91286e+006	6.0155e+006	373480	381577	437811	454412	48622	50349	74660	78143	23927	25381	11045	11735	1.41328e+006	1.48774e+006	9577	10142	96359	98187	2.38323e+006	2.48587e+006	1.81514e+006	1.90211e+006	
190	5.81349e+006	5.91745e+006	381103	388547	452457	468347	50123	51774	78019	81526	25302	26799	11698	12403	1.48236e+006	1.55956e+006	10013	10603	97869	99553	2.48129e+006	2.58524e+006	1.89803e+006	1.98694e+006	
191	5.71321e+006	5.8182e+006	387713	394449	466240	481262	51650	53190	81456	84956	26696	28218	12324	13051	1.55435e+006	1.6343e+006	10482	11105	99043	100494	2.58054e+006	2.68553e+006	1.98287e+006	2.07355e+006	
192	5.61204e+006	5.71773e+006	393654	399492	479249	493466	53100	54563	84826	88293	28151	29711	12959	13697	1.62902e+006	1.7116e+006	10965	11614	100237	101404	2.68101e+006	2.7867e+006	2.06943e+006	2.16176e+006	
193	5.51037e+006	5.61649e+006	398241	403272	491676	504967	54496	55872	88202	91616	29598	31184	13627	14373	1.70637e+006	1.79149e+006	11482	12158	100913	102001	2.78225e+006	2.88837e+006	2.1579e+006	2.25162e+006	
194	5.40836e+006	5.51468e+006	401809	406099	502971	515180	55820	57083	91463	94826	31155	32760	14317	15078	1.78642e+006	1.8741e+006	12022	12733	101410	102406	2.88406e+006	2.99038e+006	2.24778e+006	2.34276e+006	
195	5.30627e+006	5.41235e+006	404541	408250	512858	523929	57050	58179	94737	98024	32703	34335	15006	15798	1.86913e+006	1.95915e+006	12616	13361	101689	102731	2.98639e+006	3.09247e+006	2.33873e+006	2.4347e+006	
196	5.20463e+006	5.31035e+006	405589	409198	521822	531681	58159	59167	97942	101056	34224	35873	15706	16517	1.95412e+006	2.04637e+006	13257	14038	101290	102346	3.08839e+006	3.19411e+006	2.43086e+006	2.52751e+006	
197	5.10377e+006	5.2088e+006	405252	409031	529506	538221	59012	59977	100942	103883	35789	37444	16422	17231	2.04146e+006	2.13571e+006	13926	14744	100595	101815	3.18994e+006	3.29496e+006	2.52378e+006	2.62085e+006	
198	5.0037e+006	5.10765e+006	403675	408007	535984	543526	59759	60607	103769	106588	37367	39015	17146	17941	2.13079e+006	2.22693e+006	14624	15486	99873	101343	3.29108e+006	3.39504e+006	2.61724e+006	2.71456e+006	
199	4.90497e+006	5.00763e+006	400506	405509	541024	547430	60271	61025	106340	108993	38936	40570	17852	18628	2.22243e+006	2.32023e+006	15355	16253	98558	100195	3.3911e+006	3.49377e+006	2.71125e+006	2.80836e+006	
200	4.80788e+006	4.90902e+006	396099	401977	544324	549948	60494	61198	108719	111155	40494	42114	18547	19321	2.31576e+006	2.4151e+006	16127	17059	96924	98772	3.48971e+006	3.59086e+006	2.80507e+006	2.9019e+006	
201	4.71217e+006	4.8114e+006	391070	397925	545803	551157	60596	61282	110839	113065	42105	43707	19293	20059	2.41045e+006	2.51107e+006	16929	17901	95589	97742	3.58734e+006	3.68656e+006	2.89838e+006	2.99461e+006	
202	4.61866e+006	4.71578e+006	384602	392310	545411	551093	60608	61301	112778	114803	43603	45193	20012	20766	2.50662e+006	2.60817e+006	17764	18771	93420	95712	3.68296e+006	3.78008e+006	2.99135e+006	3.08662e+006	
203	4.52717e+006	4.62198e+006	377417	386037	543087	549522	60454	61189	114383	116207	45122	46674	20730	21465	2.60383e+006	2.70607e+006	18647	19694	91391	93905	3.77676e+006	3.87157e+006	3.08328e+006	3.17742e+006	
204	4.43797e+006	4.5303e+006	369578	379056	538926	546462	59973	60769	115837	117389	46577	48073	21398	22101	2.70176e+006	2.80458e+006	19570	20655	89109	91766	3.86844e+006	3.96076e+006	3.17407e+006	3.26685e+006	
205	4.35144e+006	4.44117e+006	360436	370532	533305	542078	59359	60300	116999	118355	47945	49372	22045	22701	2.80052e+006	2.90346e+006	20536	21667	86453	89212	3.95757e+006	4.0473e+006	3.26393e+006	3.355e+006	
206	4.26747e+006	4.35436e+006	350917	361696	525981	536151	58669	59737	117719	118867	49236	50584	22618	23229	2.89941e+006	3.00243e+006	21542	22706	83898	86880	4.04437e+006	4.13127e+006	3.35196e+006	3.44112e+006	
207	4.18626e+006	4.27018e+006	340669	352041	517644	529223	57666	58890	118082	119196	50490	51766	23172	23757	2.99816e+006	3.10085e+006	22582	23779	81145	84247	4.12856e+006	4.21248e+006	3.43839e+006	3.52547e+006	
208	4.10793e+006	4.18883e+006	329824	341684	507929	520759	56523	57871	117958	119089	51620	52825	23690	24247	3.09698e+006	3.19904e+006	23683	24918	78267	81406	4.20991e+006	4.2908e+006	3.52289e+006	3.60772e+006	
209	4.03277e+006	4.11054e+006	318455	330835	497081	511091	55186	56637	117537	118849	52612	53717	24151	24679	3.19506e+006	3.29628e+006	24773	26044	75089	78359	4.28819e+006	4.36596e+006	3.6051e+006	3.68758e+006	
210	3.9606e+006	4.03518e+006	306665	319386	485222	500423	53935	55497	116542	118088	53572	54564	24620	25091	3.29228e+006	3.39238e+006	25916	27227	72111	75429	4.36356e+006	4.43814e+006	3.68513e+006	3.76502e+006	
211	3.89143e+006	3.96287e+006	294629	307508	472203	488371	52449	54115	115348	117102	54326	55208	24967	25371	3.38888e+006	3.48748e+006	27107	28444	69115	72362	4.43586e+006	4.50731e+006	3.76284e+006	3.84004e+006	
212	3.82513e+006	3.89342e+006	282608	295608	458577	475591	50880	52631	113785	115800	55018	55781	25311	25664	3.48385e+006	3.5808e+006	28316	29685	66246	69506	4.50532e+006	4.5736e+006	3.83793e+006	3.91238e+006	
213	3.76202e+006	3.82718e+006	270573	283550	443798	461596	49297	51139	111800	114141	55543	56219	25514	25843	3.57749e+006	3.67264e+006	29551	30941	63058	66296	4.57156e+006	4.63672e+006	3.91015e+006	3.98177e+006	
214	3.70198e+006	3.76397e+006	258449	271381	428449	446925	47613	49508	109792	112340	55864	56486	25677	25993	3.66932e+006	3.76236e+006	30817	32227	59989	63258	4.63477e+006	4.69676e+006	3.97975e+006	4.04843e+006	
215	3.64493e+006	3.70381e+006	246333	259230	412750	431734	45935	47887	107408	110169	56031	56651	25745	26068	3.75906e+006	3.84988e+006	32119	33545	57002	60209	4.69493e+006	4.75381e+006	4.04653e+006	4.11236e+006	
216	3.59083e+006	3.6467e+006	234134	246883	396856	416128	44149	46146	104978	107981	56000	56643	25743	26071	3.84665e+006	3.93505e+006	33445	34902	54048	57156	4.75204e+006	4.8079e+006	4.11071e+006	4.17364e+006	
217	3.53971e+006	3.59259e+006	222143	234747	380507	399925	42411	44401	102205	105443	55757	56455	25670	26016	3.93216e+006	4.018e+006	34775	36245	51071	54159	4.80615e+006	4.85902e+006	4.17193e+006	4.23197e+006	
218	3.49137e+006	3.54137e+006	210455	222758	363968	383521	40661	42667	99206	102566	55304	56074	25475	25854	4.01537e+006	4.09848e+006	36118	37596	48300	51269	4.85737e+006	4.90737e+006	4.23033e+006	4.28748e+006	
219	3.44563e+006	3.49279e+006	199140	211181	347683	367187	38868	40842	96126	99604	54823	55698	25273	25690	4.09561e+006	4.17585e+006	37481	38965	45691	48628	4.90595e+006	4.95311e+006	4.28593e+006	4.34024e+006	
220	3.40255e+006	3.44699e+006	188117	199871	331411	350718	37058	39057	92728	96347	54157	55140	24940	25406	4.17341e+006	4.25073e+006	38845	40340	43025	45846	4.95174e+006	4.99619e+006	4.33871e+006	4.39028e+006	
221	3.36208e+006	3.40396e+006	177456	188810	315180	334329	35272	37216	89358	93082	53316	54389	24574	25072	4.24836e+006	4.32277e+006	40207	41694	40411	43095	4.99478e+006	5.03665e+006	4.38879e+006	4.43759e+006	
222	3.32402e+006	3.36342e+006	167154	178142	299049	317903	33473	35390	85825	89583	52374	53555	24121	24664	4.32073e+006	4.39215e+006	41612	43093	38000	40599	5.03532e+006	5.07472e+006	4.43618e+006	4.48233e+006	
223	3.28826e+006	3.32535e+006	157180	167630	283418	301986	31740	33634	82262	86004	51243	52536	23596	24195	4.39015e+006	4.45857e+006	43024	44494	35716	38117	5.07339e+006	5.11048e+006	4.48114e+006	4.5247e+006	
224	3.2548e+006	3.28965e+006	147562	157534	268238	286358	29982	31825	78815	82567	49946	51312	22977	23623	4.45664e+006	4.522e+006	44397	45850	33409	35748	5.10909e+006	5.14394e+006	4.52359e+006	4.56467e+006	
225	3.2233e+006	3.25599e+006	138601	148142	253377	270973	28283	30066	75287	79037	48563	50037	22376	23054	4.52023e+006	4.58262e+006	45761	47200	31447	33707	5.14275e+006	5.17543e+006	4.5635e+006	4.60222e+006	
226	3.19392e+006	3.22464e+006	129924	138950	238961	256048	26693	28393	71846	75536	47152	48705	21743	22466	4.58083e+006	4.64026e+006	47092	48518	29325	31405	5.17409e+006	5.20482e+006	4.60107e+006	4.6375e+006	
227	3.1665e+006	3.19533e+006	121566	130203	225172	241579	25146	26801	68362	72013	45662	47293	21023	21785	4.63855e+006	4.69505e+006	48420	49827	27361	29367	5.2034e+006	5.23223e+006	4.63635e+006	4.67067e+006	
228	3.14087e+006	3.16789e+006	113733	121956	211778	227552	23682	25274	64872	68457	44208	45875	20336	21119	4.69346e+006	4.74709e+006	49698	51082	25577	27500	5.23085e+006	5.25786e+006	4.66943e+006	4.7017e+006	
229	3.11693e+006	3.14227e+006	106168	113930	199054	214140	22203	23723	61609	65134	42649	44340	19590	20393	4.74562e+006	4.79642e+006	50967	52320	23883	25679	5.25647e+006	5.28181e+006	4.7007e+006	4.73098e+006	
230	3.0946e+006	3.11832e+006	99116	106528	186728	201073	20871	22308	58283	61769	40974	42694	18823	19632	4.79517e+006	4.84328e+006	52217	53542	22269	24006	5.28042e+006	5.30414e+006	4.72977e+006	4.75825e+006	
231	3.07391e+006	3.09616e+006	92385	99384	175082	188750	19503	20867	55016	58399	39354	41113	18081	18919	4.84196e+006	4.88746e+006	53419	54719	20628	22226	5.30258e+006	5.32483e+006	4.75705e+006	4.78379e+006	
232	3.05437e+006	3.07523e+006	86280	92883	163954	176947	18235	19543	51895	55198	37623	39384	17278	18119	4.88624e+006	4.92923e+006	54601	55867	19474	20997	5.32351e+006	5.34437e+006	4.78254e+006	4.80762e+006	
233	3.03626e+006	3.05585e+006	80432	86659	153385	165774	17003	18247	48848	52023	35957	37717	16513	17349	4.92803e+006	4.96862e+006	55721	56948	18037	19454	5.34289e+006	5.36248e+006	4.80636e+006	4.8299e+006	
234	3.01945e+006	3.03787e+006	74890	80709	143426	155207	15854	17041	45935	49017	34352	36119	15789	16624	4.96727e+006	5.00556e+006	56791	57986	16730	18054	5.36087e+006	5.37929e+006	4.82861e+006	4.85067e+006	
235	3.00377e+006	3.02108e+006	69867	75354	133715	144826	14783	15903	43089	46064	32781	34523	15051	15880	5.00441e+006	5.04047e+006	57847	58999	15605	16871	5.37766e+006	5.39497e+006	4.84921e+006	4.86994e+006	
236	2.98915e+006	3.00545e+006	64935	70068	124906	135461	13774	14828	40474	43282	31125	32854	14276	15092	5.0392e+006	5.07315e+006	58854	59968	14543	15709	5.39329e+006	5.40959e+006	4.86867e+006	4.88812e+006	
237	2.97562e+006	2.99097e+006	60355	65167	116461	126425	12921	13924	37908	40557	29545	31228	13564	14357	5.07188e+006	5.10377e+006	59831	60913	13455	14555	5.40777e+006	5.42312e+006	4.88662e+006	4.90492e+006	
238	2.96302e+006	2.97754e+006	56133	60633	108571	117933	11999	12934	35487	37989	27986	29646	12852	13629	5.10255e+006	5.13249e+006	60758	61806	12506	13523	5.4212e+006	5.43572e+006	4.90335e+006	4.92058e+006	
239	2.9513e+006	2.96507e+006	52148	56328	101095	109927	11218	12111	33245	35651	26416	28043	12137	12895	5.13121e+006	5.15938e+006	61660	62669	11619	12567	5.43367e+006	5.44743e+006	4.91893e+006	4.93516e+006	
240	2.94042e+006	2.95346e+006	48393	52316	94191	102456	10423	11257	31126	33409	24923	26517	11469	12216	5.15807e+006	5.18449e+006	62521	63497	10790	11695	5.44527e+006	5.45832e+006	4.93346e+006	4.94878e+006	
241	2.93037e+006	2.94276e+006	44889	48568	87745	95513	9713	10511	29064	31206	23466	25018	10783	11496	5.18313e+006	5.20793e+006	63331	64262	9952	10806	5.45598e+006	5.46837e+006	4.94691e+006	4.96138e+006	
242	2.92096e+006	2.93276e+006	41698	45140	81510	88763	9018	9751	27136	29165	22132	23637	10173	10861	5.20675e+006	5.23004e+006	64058	64960	9316	10093	5.46598e+006	5.47778e+006	4.95941e+006	4.97313e+006	
243	2.91226e+006	2.92355e+006	38681	41876	75798	82571	8346	9022	25393	27325	20803	22244	9565	10226	5.22865e+006	5.25053e+006	64778	65642	8602	9303	5.47518e+006	5.48648e+006	4.97101e+006	4.98405e+006	
244	2.90418e+006	2.91499e+006	35867	38852	70428	76784	7794	8430	23663	25480	19542	20913	8956	9587	5.24912e+006	5.26967e+006	65465	66294	7974	8673	5.48375e+006	5.49456e+006	4.98177e+006	4.99418e+006	
245	2.8967e+006	2.9071e+006	33287	36038	65371	71316	7221	7811	22045	23733	18318	19628	8389	8986	5.26829e+006	5.28756e+006	66132	66927	7375	7991	5.49164e+006	5.50203e+006	4.99172e+006	5.00355e+006	
246	2.88979e+006	2.89981e+006	30773	33334	60664	66220	6723	7269	20510	22089	17207	18448	7881	8452	5.28613e+006	5.30424e+006	66743	67507	6804	7387	5.49892e+006	5.50894e+006	5.00099e+006	5.01231e+006	
247	2.88334e+006	2.89302e+006	28521	30937	56308	61458	6256	6749	19078	20560	16112	17306	7382	7935	5.3027e+006	5.31975e+006	67327	68060	6350	6905	5.50572e+006	5.5154e+006	5.00954e+006	5.02041e+006	
248	2.87732e+006	2.88671e+006	26463	28677	52234	57066	5805	6283	17687	19073	15066	16187	6900	7415	5.31819e+006	5.33427e+006	67874	68575	5917	6411	5.51203e+006	5.52142e+006	5.01749e+006	5.02795e+006	
249	2.87178e+006	2.88093e+006	24512	26575	48411	52917	5399	5842	16425	17727	14099	15160	6457	6947	5.33253e+006	5.34773e+006	68380	69057	5421	5892	5.51781e+006	5.52695e+006	5.02482e+006	5.03492e+006	
250	2.86664e+006	2.87557e+006	22742	24655	44853	49039	4981	5402	15244	16471	13183	14166	6033	6486	5.3459e+006	5.36025e+006	68864	69512	5034	5467	5.52317e+006	5.53209e+006	5.03159e+006	5.04136e+006	
251	2.86189e+006	2.87062e+006	21039	22805	41631	45514	4620	5006	14130	15306	12313	13227	5629	6055	5.35827e+006	5.37186e+006	69305	69929	4646	5055	5.52811e+006	5.53685e+006	5.0379e+006	5.04739e+006	
252	2.85745e+006	2.86599e+006	19457	21129	38576	42178	4289	4647	13149	14242	11440	12306	5221	5630	5.36983e+006	5.38272e+006	69729	70338	4336	4736	5.53274e+006	5.54129e+006	5.04376e+006	5.05299e+006	
253	2.85337e+006	2.86176e+006	18019	19566	35733	39103	3963	4300	12191	13206	10682	11493	4889	5264	5.3805e+006	5.39277e+006	70119	70707	3983	4329	5.53697e+006	5.54537e+006	5.04913e+006	5.05815e+006	
254	2.84962e+006	2.85788e+006	16639	18075	33080	36185	3693	3996	11339	12307	9919	10692	4558	4921	5.3904e+006	5.4021e+006	70492	71061	3652	3977	5.54085e+006	5.54912e+006	5.0541e+006	5.06293e+006	
255	2.8461e+006	2.85425e+006	15410	16754	30629	33525	3423	3712	10533	11453	9194	9917	4219	4566	5.39957e+006	5.41077e+006	70839	71393	3417	3736	5.54449e+006	5.55264e+006	5.05869e+006	5.06736e+006	
256	2.84283e+006	2.8509e+006	14239	15467	28411	31119	3188	3450	9764	10637	8543	9213	3917	4235	5.40806e+006	5.4188e+006	71159	71694	3163	3449	5.54784e+006	5.5559e+006	5.06298e+006	5.0715e+006	
257	2.83984e+006	2.84781e+006	13165	14311	26290	28789	2948	3199	9078	9877	7937	8567	3633	3931	5.41595e+006	5.42627e+006	71461	71978	2907	3175	5.55092e+006	5.5589e+006	5.06692e+006	5.07532e+006	
258	2.83707e+006	2.84498e+006	12195	13259	24273	26598	2709	2948	8380	9125	7376	7966	3375	3656	5.42334e+006	5.43328e+006	71736	72242	2682	2926	5.55376e+006	5.56167e+006	5.07052e+006	5.07882e+006	
259	2.83445e+006	2.8423e+006	11308	12295	22474	24647	2507	2739	7768	8465	6832	7384	3125	3388	5.43009e+006	5.43971e+006	72006	72499	2532	2769	5.55644e+006	5.56429e+006	5.0739e+006	5.08211e+006	
260	2.83207e+006	2.83987e+006	10438	11354	20802	22823	2315	2538	7170	7808	6344	6874	2905	3157	5.43638e+006	5.44572e+006	72241	72723	2294	2508	5.55887e+006	5.56667e+006	5.077e+006	5.08514e+006	
261	2.82982e+006	2.83758e+006	9699	10560	19240	21119	2146	2353	6610	7197	5875	6379	2695	2934	5.44221e+006	5.45128e+006	72466	72941	2169	2379	5.56116e+006	5.56892e+006	5.07986e+006	5.08793e+006	
262	2.82775e+006	2.83548e+006	9010	9802	17752	19469	1990	2185	6151	6697	5456	5930	2509	2734	5.44758e+006	5.45641e+006	72675	73139	1995	2166	5.56326e+006	5.57099e+006	5.08248e+006	5.09051e+006	
263	2.82586e+006	2.83355e+006	8305	9029	16451	18059	1843	2030	5697	6202	5058	5503	2314	2530	5.45253e+006	5.46116e+006	72867	73323	1826	1996	5.56518e+006	5.57288e+006	5.08498e+006	5.09296e+006	
264	2.8241e+006	2.83176e+006	7708	8374	15229	16729	1712	1887	5271	5740	4702	5119	2146	2347	5.45707e+006	5.46553e+006	73044	73495	1698	1853	5.56697e+006	5.57464e+006	5.08724e+006	5.09517e+006	
265	2.82248e+006	2.83011e+006	7097	7707	14104	15496	1595	1759	4870	5310	4369	4763	1996	2182	5.46131e+006	5.46963e+006	73215	73659	1560	1711	5.56862e+006	5.57626e+006	5.08936e+006	5.09727e+006	
266	2.82096e+006	2.82858e+006	6557	7137	13075	14353	1464	1610	4541	4956	4058	4433	1853	2033	5.46519e+006	5.4734e+006	73364	73802	1453	1597	5.57016e+006	5.57778e+006	5.09132e+006	5.0992e+006	
267	2.81957e+006	2.82717e+006	6063	6605	12126	13309	1336	1471	4198	4586	3754	4097	1712	1872	5.46882e+006	5.47691e+006	73510	73943	1332	1464	5.57157e+006	5.57916e+006	5.09312e+006	5.10098e+006	
268	2.81827e+006	2.82586e+006	5613	6113	11256	12352	1228	1348	3861	4212	3470	3792	1582	1734	5.47219e+006	5.48019e+006	73642	74071	1246	1362	5.57288e+006	5.58046e+006	5.09479e+006	5.10262e+006	
269	2.81708e+006	2.82465e+006	5203	5654	10386	11399	1132	1238	3567	3901	3217	3526	1463	1610	5.47533e+006	5.48325e+006	73758	74185	1148	1254	5.57408e+006	5.58166e+006	5.09633e+006	5.10414e+006	
270	2.81597e+006	2.82353e+006	4808	5226	9630	10567	1053	1153	3302	3612	2968	3249	1342	1477	5.47819e+006	5.48603e+006	73878	74302	1060	1168	5.5752e+006	5.58277e+006	5.09775e+006	5.10555e+006	
271	2.81494e+006	2.82249e+006	4464	4851	8883	9745	966	1056	3071	3358	2736	2999	1238	1367	5.48087e+006	5.48867e+006	73976	74400	988	1089	5.57624e+006	5.5838e+006	5.09906e+006	5.10684e+006	
272	2.81397e+006	2.82152e+006	4142	4498	8201	9005	903	990	2825	3089	2538	2780	1146	1265	5.48334e+006	5.4911e+006	74073	74494	925	1008	5.57722e+006	5.58476e+006	5.10027e+006	5.10805e+006	
273	2.81308e+006	2.82062e+006	3853	4181	7578	8317	849	935	2634	2880	2340	2570	1066	1178	5.48559e+006	5.4933e+006	74164	74584	857	940	5.57812e+006	5.58565e+006	5.10139e+006	5.10916e+006	
274	2.81227e+006	2.8198e+006	3568	3860	7005	7693	785	872	2436	2666	2165	2380	988	1094	5.48769e+006	5.49536e+006	74247	74666	774	847	5.57893e+006	5.58646e+006	5.10243e+006	5.11018e+006	
275	2.81152e+006	2.81903e+006	3301	3575	6492	7130	729	810	2244	2455	2003	2206	913	1014	5.48964e+006	5.49728e+006	74322	74739	722	804	5.5797e+006	5.58722e+006	5.1034e+006	5.11115e+006	
276	2.81081e+006	2.81832e+006	3048	3316	6022	6602	673	747	2089	2288	1860	2042	847	936	5.49142e+006	5.49903e+006	74397	74812	675	747	5.58042e+006	5.58792e+006	5.1043e+006	5.11204e+006	
277	2.81017e+006	2.81767e+006	2804	3056	5606	6134	616	689	1913	2095	1731	1903	793	880	5.49308e+006	5.50067e+006	74462	74874	615	678	5.58107e+006	5.58857e+006	5.10515e+006	5.11288e+006	
278	2.80957e+006	2.81707e+006	2597	2842	5189	5672	566	630	1768	1936	1596	1756	729	811	5.49462e+006	5.5022e+006	74527	74938	568	631	5.58166e+006	5.58917e+006	5.10591e+006	5.11364e+006	
279	2.80902e+006	2.81651e+006	2402	2619	4809	5268	521	582	1634	1785	1475	1624	677	752	5.49604e+006	5.5036e+006	74586	74996	526	582	5.58222e+006	5.58972e+006	5.10662e+006	5.11434e+006	
280	2.8085e+006	2.81599e+006	2220	2428	4458	4884	489	543	1527	1677	1363	1506	627	696	5.49734e+006	5.50488e+006	74636	75046	495	554	5.58275e+006	5.59024e+006	5.10728e+006	5.11499e+006	
281	2.80804e+006	2.81552e+006	2046	2234	4120	4509	457	504	1409	1549	1269	1404	581	646	5.49856e+006	5.50609e+006	74680	75089	439	485	5.58322e+006	5.5907e+006	5.10789e+006	5.11559e+006	
282	2.8076e+006	2.81507e+006	1893	2077	3797	4169	423	467	1302	1426	1167	1294	536	599	5.4997e+006	5.50723e+006	74726	75133	415	473	5.58366e+006	5.59114e+006	5.10844e+006	5.11615e+006	
283	2.80717e+006	2.81465e+006	1766	1949	3492	3840	397	439	1216	1327	1079	1198	492	552	5.50076e+006	5.50826e+006	74765	75171	401	452	5.58409e+006	5.59157e+006	5.10895e+006	5.11666e+006	
284	2.80677e+006	2.81425e+006	1643	1814	3240	3577	369	409	1126	1227	1000	1110	455	510	5.50171e+006	5.50921e+006	74802	75209	372	419	5.58449e+006	5.59196e+006	5.10944e+006	5.11714e+006	
285	2.80642e+006	2.8139e+006	1536	1697	2988	3291	339	376	1038	1132	928	1030	424	476	5.50262e+006	5.5101e+006	74835	75242	332	368	5.58484e+006	5.59231e+006	5.10988e+006	5.11757e+006	
286	2.8061e+006	2.81357e+006	1430	1575	2768	3059	299	335	942	1032	862	960	395	445	5.50347e+006	5.51094e+006	74865	75271	309	352	5.58517e+006	5.59264e+006	5.1103e+006	5.11799e+006	
287	2.8058e+006	2.81326e+006	1312	1444	2577	2855	277	312	868	952	796	885	361	408	5.50423e+006	5.5117e+006	74896	75301	282	321	5.58547e+006	5.59294e+006	5.11069e+006	5.11838e+006	
288	2.80552e+006	2.81299e+006	1196	1318	2398	2660	262	293	800	881	738	821	338	383	5.50494e+006	5.51241e+006	74923	75327	257	293	5.58575e+006	5.59322e+006	5.11106e+006	5.11874e+006	
289	2.80526e+006	2.81273e+006	1106	1226	2225	2471	241	270	743	820	687	760	312	351	5.50558e+006	5.51304e+006	74951	75354	242	276	5.58601e+006	5.59347e+006	5.11139e+006	5.11907e+006	
290	2.80503e+006	2.81249e+006	1013	1127	2055	2284	225	255	691	767	639	708	286	324	5.50619e+006	5.51364e+006	74975	75380	217	251	5.58624e+006	5.59371e+006	5.11169e+006	5.11938e+006	
291	2.80481e+006	2.81228e+006	932	1033	1912	2135	210	240	638	711	588	653	266	303	5.50675e+006	5.51419e+006	74995	75400	200	228	5.58646e+006	5.59392e+006	5.11197e+006	5.11965e+006	
292	2.80461e+006	2.81208e+006	865	959	1762	1964	201	231	597	668	540	602	243	277	5.50726e+006	5.5147e+006	75013	75418	191	218	5.58666e+006	5.59413e+006	5.11223e+006	5.11991e+006	
293	2.80442e+006	2.81188e+006	802	894	1620	1804	185	214	564	631	506	559	227	258	5.50775e+006	5.51518e+006	75031	75434	179	211	5.58686e+006	5.59432e+006	5.11247e+006	5.12015e+006	
294	2.80425e+006	2.81171e+006	741	827	1485	1656	166	193	520	583	469	521	212	240	5.50821e+006	5.51564e+006	75048	75451	157	184	5.58703e+006	5.59449e+006	5.11269e+006	5.12036e+006	
295	2.80409e+006	2.81155e+006	690	771	1365	1529	154	182	481	541	429	477	195	221	5.50863e+006	5.51606e+006	75065	75468	149	172	5.58719e+006	5.59465e+006	5.11289e+006	5.12056e+006	
296	2.80394e+006	2.8114e+006	636	713	1259	1411	139	167	445	499	393	438	180	204	5.50902e+006	5.51645e+006	75084	75487	138	159	5.58734e+006	5.5948e+006	5.11308e+006	5.12075e+006	
297	2.8038e+006	2.81126e+006	584	651	1166	1310	131	157	422	476	361	407	165	189	5.50936e+006	5.51679e+006	75096	75499	126	149	5.58748e+006	5.59493e+006	5.11326e+006	5.12093e+006	
298	2.80367e+006	2.81113e+006	544	609	1078	1213	121	143	388	437	336	383	151	176	5.50969e+006	5.51712e+006	75108	75510	119	140	5.58761e+006	5.59506e+006	5.11342e+006	5.12109e+006	
299	2.80355e+006	2.811e+006	511	572	996	1120	111	132	352	396	315	360	142	167	5.51e+006	5.51742e+006	75118	75520	116	136	5.58773e+006	5.59519e+006	5.11357e+006	5.12124e+006	
300	2.80343e+006	2.81089e+006	478	538	923	1036	103	124	326	369	289	333	132	156	5.51027e+006	5.5177e+006	75131	75533	105	125	5.58785e+006	5.5953e+006	5.11371e+006	5.12137e+006	
301	2.80332e+006	2.81078e+006	450	509	856	965	97	115	302	339	271	312	119	142	5.51052e+006	5.51795e+006	75141	75544	99	119	5.58796e+006	5.59541e+006	5.11383e+006	5.1215e+006	
302	2.80323e+006	2.81069e+006	419	474	792	897	89	106	275	312	259	295	112	132	5.51076e+006	5.51818e+006	75149	75550	88	105	5.58805e+006	5.59551e+006	5.11396e+006	5.12163e+006	
303	2.80313e+006	2.81059e+006	387	443	739	832	79	95	249	286	242	277	103	122	5.51099e+006	5.51841e+006	75159	75560	84	104	5.58815e+006	5.59561e+006	5.11408e+006	5.12175e+006	
304	2.80305e+006	2.8105e+006	359	411	692	783	71	87	227	262	223	258	95	113	5.5112e+006	5.51861e+006	75167	75568	76	94	5.58823e+006	5.59569e+006	5.11418e+006	5.12185e+006	
305	2.80297e+006	2.81042e+006	335	383	644	733	68	84	210	241	210	243	89	106	5.51139e+006	5.5188e+006	75176	75576	76	91	5.58832e+006	5.59577e+006	5.11428e+006	5.12195e+006	
306	2.80289e+006	2.81035e+006	312	358	600	685	63	78	194	223	193	225	82	100	5.51156e+006	5.51897e+006	75184	75584	65	80	5.58839e+006	5.59584e+006	5.11437e+006	5.12204e+006	
307	2.80282e+006	2.81028e+006	291	336	565	647	57	71	175	204	180	209	77	94	5.51173e+006	5.51914e+006	75189	75590	65	81	5.58846e+006	5.59592e+006	5.11446e+006	5.12213e+006	
308	2.80275e+006	2.81021e+006	273	316	525	603	54	68	164	191	162	186	70	84	5.51188e+006	5.51929e+006	75196	75597	59	74	5.58853e+006	5.59598e+006	5.11454e+006	5.12221e+006	
309	2.80269e+006	2.81015e+006	253	297	487	563	51	65	154	177	146	170	63	76	5.51203e+006	5.51944e+006	75204	75603	56	72	5.58859e+006	5.59605e+006	5.11462e+006	5.12229e+006	
310	2.80263e+006	2.81009e+006	242	284	453	523	46	59	148	171	132	155	56	69	5.51216e+006	5.51957e+006	75209	75609	53	67	5.58865e+006	5.59611e+006	5.11468e+006	5.12236e+006	
311	2.80258e+006	2.81003e+006	225	263	424	491	41	52	141	163	122	143	52	65	5.51228e+006	5.51969e+006	75214	75614	48	60	5.58871e+006	5.59616e+006	5.11475e+006	5.12243e+006	
312	2.80252e+006	2.80997e+006	216	252	399	465	37	47	131	154	110	130	47	59	5.51239e+006	5.51981e+006	75219	75618	50	62	5.58876e+006	5.59622e+006	5.11482e+006	5.12249e+006	
313	2.80247e+006	2.80993e+006	202	233	371	435	35	46	125	149	98	118	43	55	5.5125e+006	5.51992e+006	75223	75622	42	53	5.58881e+006	5.59626e+006	5.11488e+006	5.12255e+006	
314	2.80243e+006	2.80988e+006	188	217	350	411	33	44	116	139	92	110	41	52	5.5126e+006	5.52001e+006	75227	75626	39	50	5.58886e+006	5.59631e+006	5.11493e+006	5.1226e+006	
315	2.80239e+006	2.80984e+006	176	205	325	382	30	41	106	128	86	103	37	49	5.5127e+006	5.52011e+006	75230	75629	36	48	5.5889e+006	5.59635e+006	5.11498e+006	5.12265e+006	
316	2.80235e+006	2.8098e+006	163	190	310	366	30	40	98	120	81	98	34	45	5.51278e+006	5.52019e+006	75233	75633	36	48	5.58894e+006	5.59639e+006	5.11504e+006	5.1227e+006	
317	2.80231e+006	2.80976e+006	153	181	287	339	29	41	90	111	77	94	34	44	5.51286e+006	5.52027e+006	75236	75636	33	43	5.58898e+006	5.59643e+006	5.11508e+006	5.12275e+006	
318	2.80227e+006	2.80972e+006	145	174	271	317	27	37	84	103	75	91	33	44	5.51293e+006	5.52035e+006	75238	75638	32	43	5.58902e+006	5.59647e+006	5.11512e+006	5.12279e+006	
319	2.80224e+006	2.80968e+006	140	167	254	296	25	34	79	98	71	87	30	41	5.51301e+006	5.52042e+006	75241	75641	31	41	5.58905e+006	5.5965e+006	5.11516e+006	5.12283e+006	
320	2.8022e+006	2.80965e+006	133	159	238	280	23	32	72	88	67	83	29	39	5.51308e+006	5.52049e+006	75243	75643	29	39	5.58909e+006	5.59654e+006	5.1152e+006	5.12287e+006	
321	2.80217e+006	2.80962e+006	126	150	223	266	21	31	68	85	63	79	28	39	5.51314e+006	5.52055e+006	75245	75645	25	35	5.58912e+006	5.59657e+006	5.11524e+006	5.1229e+006	
322	2.80214e+006	2.80959e+006	122	146	207	247	21	30	63	79	59	74	26	36	5.5132e+006	5.52061e+006	75246	75646	28	39	5.58915e+006	5.5966e+006	5.11527e+006	5.12294e+006	
323	2.80211e+006	2.80956e+006	115	137	198	237	19	27	58	74	56	71	24	34	5.51326e+006	5.52066e+006	75248	75648	24	32	5.58918e+006	5.59663e+006	5.1153e+006	5.12297e+006	
324	2.80208e+006	2.80953e+006	108	130	189	228	18	25	54	69	51	65	22	31	5.51331e+006	5.52072e+006	75250	75649	23	32	5.58921e+006	5.59665e+006	5.11534e+006	5.123e+006	
325	2.80206e+006	2.8095e+006	105	127	179	215	17	25	51	64	47	61	21	29	5.51336e+006	5.52076e+006	75251	75652	23	31	5.58923e+006	5.59668e+006	5.11537e+006	5.12303e+006	
326	2.80203e+006	2.80948e+006	96	117	173	207	16	23	48	62	42	54	19	27	5.51341e+006	5.52081e+006	75253	75653	20	28	5.58926e+006	5.59671e+006	5.1154e+006	5.12306e+006	
327	2.80201e+006	2.80946e+006	91	112	163	196	16	23	43	55	39	50	17	25	5.51345e+006	5.52086e+006	75254	75654	19	27	5.58928e+006	5.59673e+006	5.11542e+006	5.12309e+006	
328	2.80199e+006	2.80944e+006	83	101	155	188	15	22	39	51	35	46	15	22	5.5135e+006	5.5209e+006	75255	75655	15	21	5.5893e+006	5.59675e+006	5.11545e+006	5.12311e+006	
329	2.80197e+006	2.80941e+006	78	98	147	178	14	21	38	50	33	43	14	21	5.51354e+006	5.52094e+006	75255	75655	19	27	5.58932e+006	5.59677e+006	5.11547e+006	5.12314e+006	
330	2.80195e+006	2.80939e+006	76	94	137	168	14	22	37	49	30	39	12	19	5.51358e+006	5.52098e+006	75257	75657	17	25	5.58934e+006	5.59679e+006	5.11549e+006	5.12316e+006	
331	2.80193e+006	2.80937e+006	74	93	131	161	14	21	36	47	28	36	11	17	5.51361e+006	5.52101e+006	75258	75658	17	25	5.58936e+006	5.59681e+006	5.11552e+006	5.12318e+006	
332	2.8019e+006	2.80935e+006	76	94	118	146	13	20	35	46	25	34	11	16	5.51364e+006	5.52105e+006	75259	75660	17	24	5.58938e+006	5.59683e+006	5.11553e+006	5.1232e+006	
333	2.80189e+006	2.80933e+006	72	88	113	142	12	19	34	44	24	32	10	15	5.51367e+006	5.52108e+006	75260	75661	15	21	5.5894e+006	5.59685e+006	5.11555e+006	5.12322e+006	
334	2.80187e+006	2.80931e+006	72	86	108	134	13	19	33	44	22	29	9	14	5.5137e+006	5.52111e+006	75261	75662	17	24	5.58942e+006	5.59687e+006	5.11557e+006	5.12324e+006	
335	2.80185e+006	2.8093e+006	68	81	103	130	11	17	28	39	19	27	8	13	5.51374e+006	5.52114e+006	75262	75663	13	20	5.58944e+006	5.59689e+006	5.11559e+006	5.12326e+006	
336	2.80183e+006	2.80928e+006	64	77	100	125	11	17	25	35	18	26	7	12	5.51376e+006	5.52117e+006	75263	75663	13	19	5.58945e+006	5.5969e+006	5.11561e+006	5.12328e+006	
337	2.80181e+006	2.80926e+006	64	78	96	119	11	17	25	34	16	23	6	10	5.51379e+006	5.52119e+006	75263	75664	15	22	5.58947e+006	5.59692e+006	5.11562e+006	5.12329e+006	
338	2.8018e+006	2.80925e+006	60	74	98	121	11	16	23	31	16	23	7	11	5.51381e+006	5.52122e+006	75264	75664	13	20	5.58949e+006	5.59694e+006	5.11564e+006	5.12331e+006	
339	2.80178e+006	2.80923e+006	59	73	95	115	9	14	23	32	14	20	6	10	5.51383e+006	5.52124e+006	75265	75666	12	18	5.5895e+006	5.59695e+006	5.11566e+006	5.12333e+006	
340	2.80177e+006	2.80922e+006	59	72	90	109	9	14	22	30	14	20	6	10	5.51386e+006	5.52126e+006	75266	75666	12	19	5.58952e+006	5.59697e+006	5.11567e+006	5.12334e+006	
341	2.80175e+006	2.8092e+006	56	69	88	107	9	15	23	32	13	19	5	9	5.51388e+006	5.52128e+006	75266	75667	12	18	5.58954e+006	5.59698e+006	5.11569e+006	5.12336e+006	
342	2.80174e+006	2.80919e+006	54	67	86	104	7	13	21	30	12	18	5	9	5.5139e+006	5.5213e+006	75266	75667	11	17	5.58955e+006	5.597e+006	5.1157e+006	5.12337e+006	
343	2.80172e+006	2.80917e+006	53	66	84	102	7	12	21	29	12	17	5	9	5.51392e+006	5.52132e+006	75267	75667	11	17	5.58956e+006	5.59701e+006	5.11572e+006	5.12339e+006	
344	2.80171e+006	2.80916e+006	52	66	80	98	7	12	21	29	11	17	5	9	5.51394e+006	5.52134e+006	75267	75668	12	18	5.58958e+006	5.59703e+006	5.11573e+006	5.1234e+006	
345	2.80169e+006	2.80914e+006	52	65	79	97	6	11	19	25	11	17	5	9	5.51396e+006	5.52136e+006	75268	75669	13	18	5.58959e+006	5.59704e+006	5.11575e+006	5.12342e+006	
346	2.80168e+006	2.80913e+006	53	66	77	96	7	11	18	25	10	16	5	8	5.51397e+006	5.52138e+006	75269	75669	12	18	5.58961e+006	5.59706e+006	5.11576e+006	5.12343e+006	
347	2.80166e+006	2.80912e+006	52	65	73	90	7	11	17	24	10	15	5	8	5.51399e+006	5.5214e+006	75269	75669	11	16	5.58962e+006	5.59707e+006	5.11577e+006	5.12344e+006	
348	2.80165e+006	2.8091e+006	53	66	71	89	7	12	18	25	8	14	4	7	5.51401e+006	5.52141e+006	75269	75670	13	20	5.58964e+006	5.59709e+006	5.11579e+006	5.12346e+006	
349	2.80163e+006	2.80909e+006	50	64	71	90	7	12	17	23	8	14	4	7	5.51402e+006	5.52143e+006	75270	75671	10	16	5.58965e+006	5.5971e+006	5.1158e+006	5.12347e+006	
350	2.80162e+006	2.80907e+006	50	64	69	87	8	13	16	23	8	14	4	8	5.51404e+006	5.52145e+006	75271	75672	12	18	5.58966e+006	5.59712e+006	5.11581e+006	5.12348e+006	
351	2.8016e+006	2.80906e+006	51	66	67	85	9	13	16	23	8	14	4	7	5.51405e+006	5.52146e+006	75271	75672	12	18	5.58968e+006	5.59713e+006	5.11582e+006	5.1235e+006	
352	2.80159e+006	2.80904e+006	50	65	70	88	8	12	16	23	8	13	4	7	5.51407e+006	5.52148e+006	75271	75672	11	18	5.58969e+006	5.59715e+006	5.11584e+006	5.12351e+006	
353	2.80157e+006	2.80903e+006	54	67	68	88	7	12	16	23	7	12	3	7	5.51408e+006	5.52149e+006	75272	75672	14	19	5.58971e+006	5.59716e+006	5.11585e+006	5.12352e+006	
354	2.80156e+006	2.80901e+006	54	68	69	88	6	11	16	23	8	13	3	7	5.5141e+006	5.52151e+006	75272	75673	12	18	5.58972e+006	5.59718e+006	5.11587e+006	5.12354e+006	
355	2.80154e+006	2.809e+006	54	69	68	87	7	12	16	23	7	12	3	6	5.51411e+006	5.52152e+006	75272	75673	12	19	5.58974e+006	5.59719e+006	5.11588e+006	5.12355e+006	
356	2.80153e+006	2.80899e+006	53	66	69	89	5	10	14	21	7	12	3	6	5.51413e+006	5.52154e+006	75272	75673	10	16	5.58975e+006	5.59721e+006	5.11589e+006	5.12357e+006	
357	2.80152e+006	2.80897e+006	51	64	73	93	5	9	14	21	7	12	3	6	5.51414e+006	5.52155e+006	75272	75673	11	17	5.58977e+006	5.59722e+006	5.11591e+006	5.12358e+006	
358	2.8015e+006	2.80896e+006	50	64	72	92	4	9	14	21	7	12	3	6	5.51416e+006	5.52157e+006	75273	75673	12	18	5.58978e+006	5.59724e+006	5.11592e+006	5.1236e+006	
359	2.80149e+006	2.80894e+006	50	63	74	94	5	9	13	20	7	12	3	6	5.51417e+006	5.52158e+006	75273	75674	12	18	5.5898e+006	5.59725e+006	5.11594e+006	5.12361e+006	
360	2.80147e+006	2.80893e+006	54	68	72	92	5	9	13	20	6	11	3	6	5.51419e+006	5.5216e+006	75273	75674	14	20	5.58981e+006	5.59727e+006	5.11595e+006	5.12362e+006	
361	2.80146e+006	2.80891e+006	53	65	72	92	4	8	14	21	6	11	3	6	5.5142e+006	5.52161e+006	75274	75674	10	15	5.58982e+006	5.59728e+006	5.11596e+006	5.12364e+006	
362	2.80144e+006	2.8089e+006	50	62	73	91	4	8	14	21	6	11	3	6	5.51421e+006	5.52163e+006	75274	75675	10	14	5.58984e+006	5.59729e+006	5.11598e+006	5.12365e+006	
363	2.80143e+006	2.80889e+006	49	61	70	90	5	9	13	21	6	11	2	5	5.51423e+006	5.52164e+006	75274	75675	11	16	5.58985e+006	5.59731e+006	5.11599e+006	5.12366e+006	
364	2.80142e+006	2.80887e+006	46	59	72	92	5	9	12	20	6	10	2	5	5.51425e+006	5.52166e+006	75275	75675	12	18	5.58986e+006	5.59732e+006	5.116e+006	5.12368e+006	
