Day	Susceptible-LB	Susceptible-UB	Exposed-LB	Exposed-UB	Current Detected Mild Infections-LB	Current Detected Mild Infections-UB	Current Undetected Mild Infections-LB	Current Undetected Mild Infections-UB	Current Hospitalizations-LB	Current Hospitalizations-UB	Current ICU patients-LB	Current ICU patients-UB	ventilators-LB	ventilators-UB	Recovered-LB	Recovered-UB	Deaths-LB	Deaths-UB	new infections today-LB	new infections today-UB	total number of infections-LB	total number of infections-UB	Confirmed total number of infections-LB	Confirmed total number of infections-UB	
0	8.39872e+006	8.39872e+006	16	16	0	0	0	0	0	0	0	0	0	0	0	0	0	0	0	0	16	16	0	0	
1	8.39858e+006	8.39858e+006	160	160	0	0	0	0	0	0	0	0	0	0	0	0	0	0	144	144	160	160	0	0	
2	8.39843e+006	8.39843e+006	304	304	0	0	0	0	0	0	0	0	0	0	0	0	0	0	144	144	304	304	0	0	
3	8.39827e+006	8.39827e+006	465	467	0	0	0	0	0	0	0	0	0	0	0	0	0	0	161	163	465	467	0	0	
4	8.3981e+006	8.3981e+006	616	625	16	16	0	0	0	0	0	0	0	0	0	0	0	0	166	174	632	641	16	16	
5	8.3979e+006	8.39791e+006	665	679	119	128	32	41	0	0	0	0	0	0	0	0	0	0	190	202	825	839	119	128	
6	8.39767e+006	8.39769e+006	741	760	226	238	66	78	0	0	0	0	0	0	0	0	0	0	216	229	1045	1064	226	238	
7	8.39743e+006	8.39745e+006	820	845	347	361	105	119	0	0	0	0	0	0	0	0	0	0	237	252	1286	1311	347	361	
8	8.39715e+006	8.39718e+006	920	953	471	489	148	164	0	0	0	0	0	0	0	0	0	0	264	284	1555	1591	471	490	
9	8.39683e+006	8.39688e+006	1027	1069	616	639	195	214	0	0	0	0	0	0	0	0	0	0	296	318	1856	1904	617	638	
10	8.39647e+006	8.39653e+006	1158	1208	767	794	248	268	0	0	0	0	0	0	16	16	0	0	345	370	2207	2267	784	809	
11	8.39608e+006	8.39615e+006	1295	1355	843	876	269	290	24	32	0	0	0	0	128	136	0	0	374	399	2588	2661	976	1004	
12	8.39565e+006	8.39573e+006	1441	1503	940	982	297	319	50	61	0	0	0	0	243	254	0	0	408	434	3003	3088	1182	1217	
13	8.39519e+006	8.39528e+006	1588	1654	1039	1093	334	361	80	92	0	0	0	0	374	386	0	0	442	470	3453	3550	1409	1453	
14	8.39467e+006	8.39479e+006	1735	1805	1187	1252	367	396	111	126	0	0	0	0	509	527	0	0	491	521	3950	4064	1691	1744	
15	8.39414e+006	8.39427e+006	1870	1946	1325	1401	413	445	149	167	0	0	0	0	664	684	0	0	507	543	4465	4599	1991	2051	
16	8.39358e+006	8.39373e+006	1999	2081	1466	1549	466	500	190	210	0	0	0	0	842	867	0	0	537	569	5011	5159	2306	2378	
17	8.39296e+006	8.39313e+006	2141	2239	1616	1709	521	559	210	230	14	18	13	16	1048	1077	0	0	585	627	5603	5780	2654	2736	
18	8.39227e+006	8.39247e+006	2303	2411	1780	1881	582	625	236	258	23	28	18	21	1283	1318	0	0	650	695	6262	6466	3038	3130	
19	8.39155e+006	8.39177e+006	2492	2596	1940	2052	633	679	264	287	31	37	22	26	1548	1593	0	0	693	732	6966	7186	3440	3546	
20	8.3909e+006	8.39114e+006	2571	2690	2076	2191	692	737	303	330	40	48	25	30	1849	1905	0	0	615	664	7592	7839	3867	3981	
21	8.3902e+006	8.39048e+006	2641	2766	2233	2363	746	792	338	364	50	60	30	36	2184	2253	0	0	655	704	8257	8534	4336	4475	
22	8.38946e+006	8.38977e+006	2691	2821	2420	2567	798	852	381	412	62	73	37	44	2542	2621	0	0	698	751	8966	9274	4865	5026	
23	8.38866e+006	8.389e+006	2754	2903	2615	2769	856	910	423	457	75	87	43	50	2935	3026	0	0	756	813	9732	10078	5420	5595	
24	8.38782e+006	8.3882e+006	2934	3093	2715	2880	883	938	463	500	89	102	48	57	3375	3485	0	0	797	852	10539	10919	5916	6111	
25	8.38695e+006	8.38736e+006	3106	3271	2823	2997	924	983	500	541	105	119	56	65	3837	3963	0	0	826	883	11376	11791	6437	6653	
26	8.38603e+006	8.38649e+006	3268	3440	2940	3133	969	1029	527	567	125	141	65	76	4336	4474	0	0	860	922	12246	12702	6992	7237	
27	8.38507e+006	8.38556e+006	3429	3601	3058	3266	1020	1083	574	613	127	143	57	70	4868	5029	13	16	916	975	13172	13668	7586	7859	
28	8.38407e+006	8.3846e+006	3583	3761	3159	3375	1066	1130	617	659	145	163	65	79	5464	5645	16	19	949	1014	14132	14670	8217	8515	
29	8.383e+006	8.38359e+006	3761	3958	3243	3477	1113	1181	663	708	161	180	74	88	6103	6298	18	21	1008	1075	15150	15736	8862	9184	
30	8.38193e+006	8.38257e+006	3910	4119	3422	3668	1176	1250	679	727	178	198	83	97	6692	6912	21	24	1011	1081	16170	16808	9542	9896	
31	8.38082e+006	8.3815e+006	4047	4266	3615	3875	1240	1320	712	761	196	218	91	106	7302	7551	23	27	1051	1123	17232	17920	10263	10645	
32	8.37963e+006	8.38037e+006	4221	4450	3805	4076	1300	1382	747	798	214	237	96	111	7956	8232	26	31	1122	1199	18364	19108	11015	11432	
33	8.3784e+006	8.3792e+006	4374	4615	3990	4271	1365	1451	775	826	236	260	106	123	8670	8979	29	35	1160	1243	19536	20339	11799	12252	
34	8.37712e+006	8.37798e+006	4571	4823	4150	4446	1418	1506	802	853	259	285	116	134	9422	9767	32	39	1208	1290	20753	21619	12595	13087	
35	8.37576e+006	8.37669e+006	4803	5074	4323	4639	1464	1559	831	886	282	308	124	144	10203	10578	36	43	1282	1374	22048	22981	13429	13960	
36	8.37434e+006	8.37534e+006	5018	5306	4513	4848	1531	1632	884	940	295	323	130	149	11002	11414	41	49	1336	1432	23397	24400	14315	14887	
37	8.37288e+006	8.37396e+006	5223	5533	4704	5056	1585	1690	938	993	311	340	139	159	11855	12302	46	54	1367	1467	24774	25857	15243	15859	
38	8.37133e+006	8.37249e+006	5478	5803	4888	5259	1657	1767	986	1045	324	354	144	165	12747	13233	52	62	1463	1560	26246	27407	16194	16861	
39	8.36973e+006	8.37098e+006	5695	6039	5089	5485	1725	1843	1048	1113	339	370	151	172	13682	14206	58	69	1500	1609	27757	29006	17205	17926	
40	8.36804e+006	8.36938e+006	5945	6306	5329	5746	1811	1933	1097	1164	360	394	160	182	14626	15197	64	75	1587	1697	29354	30693	18263	19038	
41	8.36628e+006	8.36771e+006	6239	6615	5556	6003	1898	2021	1140	1214	378	416	169	192	15618	16234	70	82	1661	1775	31026	32457	19344	20184	
42	8.36445e+006	8.36599e+006	6488	6890	5884	6350	1913	2034	1199	1275	395	432	177	200	16670	17338	76	87	1712	1835	32749	34282	20576	21483	
43	8.36254e+006	8.36417e+006	6793	7211	6204	6701	1929	2054	1248	1329	412	448	184	206	17764	18489	85	98	1807	1929	34566	36201	21839	22819	
44	8.36055e+006	8.3623e+006	7064	7506	6573	7098	1939	2066	1307	1388	423	463	191	215	18900	19686	96	109	1859	1992	36435	38182	23181	24234	
45	8.35847e+006	8.36032e+006	7369	7828	6937	7485	1953	2080	1354	1440	443	485	203	227	20115	20968	105	119	1964	2099	38413	40268	24570	25699	
46	8.35631e+006	8.35828e+006	7687	8163	7311	7890	1954	2079	1415	1503	472	514	218	242	21364	22283	115	130	2031	2169	40453	42428	26013	27225	
47	8.35406e+006	8.35617e+006	7988	8493	7723	8328	1976	2110	1469	1566	496	540	225	252	22657	23641	123	138	2109	2259	42570	44678	27520	28816	
48	8.35171e+006	8.35395e+006	8332	8858	8032	8672	2058	2202	1534	1634	523	565	236	261	24031	25083	134	150	2202	2357	44785	47022	29067	30452	
49	8.34928e+006	8.35165e+006	8655	9207	8406	9071	2146	2295	1598	1702	548	589	246	272	25443	26575	145	162	2291	2445	47086	49457	30712	32185	
50	8.34674e+006	8.34925e+006	9015	9586	8756	9456	2230	2391	1663	1777	566	610	256	282	26946	28156	156	173	2390	2549	49488	51994	32402	33971	
51	8.34408e+006	8.34674e+006	9406	10005	9130	9871	2299	2464	1742	1862	591	638	269	298	28504	29796	166	185	2499	2677	51998	54660	34167	35849	
52	8.34127e+006	8.34408e+006	9850	10459	9519	10291	2395	2571	1811	1938	623	674	285	316	30116	31497	176	196	2645	2812	54653	57463	36011	37798	
53	8.33838e+006	8.34134e+006	10293	10920	9916	10720	2481	2659	1904	2037	651	703	301	332	31797	33276	190	209	2732	2909	57398	60359	37926	39827	
54	8.33539e+006	8.3385e+006	10726	11375	10337	11166	2591	2770	1982	2122	684	740	321	353	33544	35125	200	221	2823	3004	60234	63350	39912	41927	
55	8.33221e+006	8.33551e+006	11211	11885	10755	11634	2701	2889	2074	2223	710	769	331	364	35386	37066	214	238	2981	3191	63226	66528	41997	44142	
56	8.32893e+006	8.33241e+006	11656	12364	11255	12160	2817	3003	2165	2318	738	799	342	376	37294	39085	229	253	3091	3290	66328	69807	44216	46486	
57	8.3255e+006	8.32919e+006	12129	12894	11740	12669	2953	3146	2258	2413	774	839	365	401	39266	41186	244	268	3206	3438	69544	73235	46490	48886	
58	8.32198e+006	8.32585e+006	12633	13421	12235	13185	3081	3275	2358	2519	809	876	383	421	41330	43370	260	286	3325	3534	72882	76756	48848	51375	
59	8.3183e+006	8.32238e+006	13111	13922	12791	13790	3213	3418	2445	2609	848	922	402	442	43488	45653	276	302	3461	3688	76353	80435	51340	54023	
60	8.31447e+006	8.31875e+006	13637	14475	13365	14409	3337	3542	2549	2714	886	962	419	460	45730	48026	294	321	3616	3843	79982	84265	53923	56760	
61	8.31046e+006	8.31495e+006	14219	15061	13945	15037	3462	3677	2660	2828	922	1000	436	478	48073	50523	313	340	3789	4022	83783	88275	56612	59623	
62	8.30628e+006	8.31102e+006	14817	15720	14471	15603	3611	3837	2765	2933	961	1043	460	504	50564	53159	331	360	3927	4190	87720	92456	59384	62548	
63	8.30197e+006	8.30695e+006	15416	16346	15058	16245	3749	3979	2876	3053	1002	1085	476	522	53139	55875	348	378	4057	4318	91788	96762	62274	65622	
64	8.29745e+006	8.30266e+006	16078	17035	15694	16926	3903	4141	2997	3176	1040	1123	491	537	55797	58682	369	399	4279	4531	96078	101283	65295	68803	
65	8.29274e+006	8.29821e+006	16724	17733	16331	17591	4066	4315	3130	3315	1086	1170	513	557	58591	61651	391	421	4433	4721	100522	105993	68459	72133	
66	8.28784e+006	8.29359e+006	17412	18453	16983	18315	4238	4504	3253	3448	1125	1209	527	574	61509	64734	412	444	4612	4913	105148	110892	71729	75604	
67	8.28278e+006	8.2888e+006	18128	19216	18067	19423	4016	4265	3398	3606	1164	1250	539	585	64517	67938	436	470	4773	5081	109933	115961	75509	79606	
68	8.27744e+006	8.28377e+006	18873	20032	19270	20669	3774	4009	3550	3770	1206	1292	554	600	67638	71228	459	495	5023	5348	114968	121297	79497	83811	
69	8.27187e+006	8.27852e+006	19676	20895	20494	21948	3526	3758	3692	3925	1257	1343	578	625	70889	74673	485	523	5239	5582	120217	126869	83634	88189	
70	8.26612e+006	8.2731e+006	20475	21742	21758	23281	3268	3485	3842	4084	1319	1404	611	657	74280	78255	512	552	5413	5759	125640	132618	87938	92746	
71	8.26018e+006	8.26749e+006	21301	22608	23033	24623	2992	3189	4019	4267	1381	1476	639	690	77810	81979	543	584	5600	5945	131251	138552	92397	97474	
72	8.25394e+006	8.26159e+006	22161	23515	24428	26075	2701	2885	4201	4459	1433	1529	656	709	81482	85882	573	617	5880	6257	137144	144797	97087	102444	
73	8.2475e+006	8.25551e+006	22991	24384	25492	27224	2814	3006	4335	4599	1498	1600	687	741	85322	89943	604	649	6067	6453	143224	151237	101891	107544	
74	8.24076e+006	8.24914e+006	23936	25377	26499	28325	2934	3139	4541	4812	1557	1666	711	770	89312	94152	637	683	6356	6754	149595	157975	106853	112805	
75	8.23374e+006	8.24253e+006	24938	26469	27553	29441	3042	3252	4733	5023	1624	1742	740	803	93467	98544	667	715	6604	7036	156211	165000	111999	118249	
76	8.22649e+006	8.23567e+006	25900	27475	28681	30643	3183	3393	4921	5226	1701	1821	783	846	97799	103127	697	748	6845	7260	163067	172249	117381	123954	
77	8.21895e+006	8.22853e+006	26956	28573	29828	31867	3328	3544	5106	5426	1781	1905	825	889	102285	107876	732	784	7121	7553	170205	179785	122936	129842	
78	8.21114e+006	8.22117e+006	27951	29645	31017	33127	3471	3691	5286	5617	1867	1998	868	935	107023	112895	762	816	7351	7826	177570	187596	128762	136007	
79	8.20295e+006	8.21344e+006	29061	30809	32237	34436	3614	3837	5508	5850	1944	2077	899	968	111936	118118	799	855	7709	8204	185294	195787	134819	142438	
80	8.19454e+006	8.20549e+006	30160	31967	33529	35798	3752	3979	5693	6060	2025	2161	933	1004	117056	123531	837	895	7944	8419	193251	204192	141092	149073	
81	8.18578e+006	8.1972e+006	31307	33196	34875	37224	3925	4164	5941	6313	2108	2246	975	1046	122295	129084	877	940	8270	8780	201534	212959	147612	155954	
82	8.17661e+006	8.18854e+006	32601	34551	36210	38660	4052	4304	6209	6595	2190	2339	1015	1091	127797	134911	917	982	8647	9178	210195	222123	154367	163115	
83	8.16717e+006	8.17963e+006	33792	35805	37705	40259	4194	4461	6452	6864	2278	2425	1052	1132	133499	140951	962	1029	8902	9458	219109	231569	161446	170613	
84	8.15737e+006	8.17037e+006	35096	37200	39122	41755	4357	4638	6743	7172	2376	2525	1098	1177	139439	147233	1006	1076	9246	9814	228370	241368	168731	178306	
85	8.14717e+006	8.16072e+006	36461	38633	40628	43339	4512	4803	7025	7485	2464	2617	1143	1225	145637	153799	1056	1128	9634	10214	238019	251568	176323	186345	
86	8.13663e+006	8.15075e+006	37767	40003	42257	45086	4674	4985	7301	7782	2564	2719	1182	1267	152068	160598	1103	1181	9950	10551	247985	262103	184271	194748	
87	8.12563e+006	8.14033e+006	39271	41567	43878	46835	4830	5145	7572	8080	2656	2818	1225	1313	158790	167689	1153	1232	10406	11021	258407	273109	192443	203410	
88	8.11425e+006	8.12958e+006	40763	43144	45566	48616	5032	5358	7842	8380	2770	2939	1274	1363	165720	175024	1205	1287	10741	11389	269161	284485	200916	212374	
89	8.10242e+006	8.11841e+006	42280	44770	47276	50413	5242	5576	8159	8706	2878	3058	1333	1425	172964	182714	1257	1343	11151	11840	280324	296312	209732	221695	
90	8.09026e+006	8.1069e+006	43824	46400	49067	52328	5449	5800	8480	9038	2993	3183	1382	1477	180419	190591	1324	1416	11499	12177	291836	308476	218842	231320	
91	8.07759e+006	8.0949e+006	45402	48065	50982	54349	5662	6029	8824	9393	3097	3300	1416	1516	188193	198817	1387	1482	11984	12688	303834	321148	228399	241406	
92	8.06454e+006	8.08252e+006	47028	49741	52873	56357	5861	6237	9171	9750	3221	3434	1467	1571	196322	207422	1449	1550	12367	13064	316213	334201	238271	251849	
93	8.05093e+006	8.06962e+006	48768	51524	54878	58499	6093	6489	9500	10099	3361	3591	1536	1646	204699	216290	1517	1621	12891	13623	329118	347810	248489	262681	
94	8.0369e+006	8.05633e+006	50544	53387	56890	60624	6329	6731	9875	10492	3486	3733	1591	1711	213394	225489	1582	1688	13273	14042	342407	361836	259022	273812	
95	8.02245e+006	8.04259e+006	52285	55167	59020	62880	6541	6955	10242	10896	3632	3883	1655	1778	222462	235064	1649	1760	13723	14468	356145	376289	270020	285429	
96	8.00737e+006	8.02828e+006	54220	57190	61207	65168	6767	7184	10612	11290	3776	4031	1722	1847	231838	244975	1726	1840	14303	15086	370460	391363	281357	297387	
97	7.99177e+006	8.01348e+006	56109	59179	63424	67502	7035	7451	10974	11649	3935	4204	1796	1928	241668	255379	1796	1911	14780	15613	385255	406962	293162	309838	
98	7.97581e+006	7.99834e+006	57968	61117	65675	69873	7308	7741	11419	12105	4078	4353	1861	1996	251754	266065	1875	1996	15131	15980	400400	422927	305337	322677	
99	7.95918e+006	7.98252e+006	60043	63291	67986	72241	7562	8009	11870	12580	4226	4508	1921	2062	262236	277171	1958	2087	15794	16647	416214	439554	317925	335922	
100	7.94202e+006	7.96623e+006	62022	65376	70512	74873	7833	8294	12312	13032	4394	4686	1995	2142	273049	288616	2045	2177	16278	17175	432508	456714	331028	349710	
101	7.92418e+006	7.94927e+006	64187	67626	72997	77482	8141	8614	12804	13525	4578	4872	2081	2234	284289	300521	2127	2266	16945	17862	449469	474560	344565	363985	
102	7.90601e+006	7.93199e+006	66318	69829	75479	80113	8418	8903	13247	13988	4749	5051	2165	2318	295955	312831	2223	2370	17262	18183	466749	492725	358434	378612	
103	7.88718e+006	7.91403e+006	68461	72031	78105	82852	8693	9191	13763	14542	4918	5224	2241	2399	308071	325608	2323	2478	17938	18849	484706	511555	372930	393853	
104	7.86771e+006	7.89552e+006	70679	74347	80821	85694	8984	9480	14231	15042	5130	5437	2346	2504	320586	338820	2417	2580	18492	19494	503217	531031	387864	409588	
105	7.84763e+006	7.87639e+006	72843	76579	83698	88739	9326	9832	14706	15514	5317	5635	2426	2588	333556	352488	2524	2695	19110	20093	522345	551106	403365	425912	
106	7.82682e+006	7.85655e+006	75396	79228	86359	91532	9624	10137	15217	16047	5516	5850	2522	2689	347059	366706	2627	2802	19818	20828	542182	571915	419189	442550	
107	7.80546e+006	7.83621e+006	77776	81765	89232	94477	9904	10431	15751	16623	5725	6065	2632	2803	360996	381393	2741	2922	20320	21385	562524	593278	435654	459818	
108	7.78366e+006	7.8154e+006	80078	84086	92238	97636	10245	10801	16292	17190	5926	6274	2724	2898	375285	396457	2856	3047	20794	21815	583339	615072	452608	477647	
109	7.76116e+006	7.79396e+006	82383	86512	95182	100720	10605	11175	16891	17823	6160	6517	2835	3010	390148	412087	2973	3171	21415	22521	604773	637574	470118	496032	
110	7.73794e+006	7.77175e+006	84764	88921	98363	104017	10953	11542	17488	18448	6375	6746	2939	3124	405503	428262	3097	3302	22195	23241	626987	660795	488306	515107	
111	7.71415e+006	7.74897e+006	87197	91350	101430	107230	11251	11861	18118	19114	6599	6978	3051	3238	421481	445066	3229	3445	22755	23811	649763	684585	506965	534708	
112	7.68971e+006	7.72556e+006	89798	93992	104584	110484	11616	12254	18702	19718	6834	7229	3155	3352	437811	462239	3359	3583	23394	24458	673174	709027	526017	554641	
113	7.66458e+006	7.7015e+006	92421	96626	107693	113796	11968	12628	19335	20360	7094	7513	3269	3469	454730	479993	3501	3734	24041	25151	697238	734155	545683	575280	
114	7.63883e+006	7.67682e+006	94887	99150	111055	117200	12311	12969	20018	21063	7306	7733	3351	3558	472194	498388	3653	3893	24656	25771	721919	759902	566056	596579	
115	7.6125e+006	7.65153e+006	97398	101693	114327	120549	12673	13348	20670	21729	7590	8027	3483	3695	490241	517346	3799	4049	25264	26354	747203	786236	586922	618368	
116	7.58538e+006	7.62549e+006	100024	104373	117540	123809	13030	13723	21326	22417	7866	8314	3610	3825	508992	537014	3955	4213	26020	27139	773246	813352	608396	640777	
117	7.55755e+006	7.59873e+006	102719	107076	120853	127169	13431	14138	22024	23158	8138	8594	3722	3942	528202	557183	4120	4383	26733	27857	800005	841183	630449	663799	
118	7.52916e+006	7.5714e+006	105371	109719	124346	130750	13804	14510	22708	23868	8403	8875	3838	4074	547903	577813	4283	4557	27309	28412	827337	869572	653064	687387	
119	7.50001e+006	7.54331e+006	108174	112545	127836	134225	14168	14864	23361	24554	8702	9187	3967	4211	568218	599137	4454	4735	28068	29179	855428	898730	676271	711563	
120	7.47026e+006	7.51461e+006	110827	115175	131263	137719	14563	15271	24030	25246	9004	9489	4088	4333	589271	621166	4643	4934	28673	29769	884124	928475	700144	736414	
121	7.43977e+006	7.48518e+006	113496	117836	134875	141393	14930	15641	24683	25936	9328	9818	4242	4489	610887	643753	4821	5121	29401	30520	913555	958964	724694	761947	
122	7.40877e+006	7.4552e+006	116145	120448	138355	144918	15357	16080	25443	26691	9664	10172	4402	4664	633015	666890	5009	5316	29959	31024	943535	989967	749742	787951	
123	7.37712e+006	7.42456e+006	118692	122943	141986	148546	15753	16479	26132	27375	9974	10491	4552	4818	655870	690792	5220	5539	30612	31678	974174	1.02162e+006	775486	814665	
124	7.3449e+006	7.39335e+006	121205	125423	145596	152135	16169	16879	26898	28161	10289	10825	4712	4980	679266	715203	5424	5755	31185	32250	1.00539e+006	1.05384e+006	801777	841923	
125	7.31188e+006	7.36137e+006	123751	127952	149265	155831	16629	17356	27630	28897	10567	11118	4849	5128	703332	740291	5630	5974	31950	33044	1.03737e+006	1.08686e+006	828732	869846	
126	7.27825e+006	7.3287e+006	126437	130578	152820	159332	17023	17729	28449	29741	10864	11416	4965	5247	728032	766033	5853	6210	32639	33657	1.07003e+006	1.12048e+006	856230	898290	
127	7.24405e+006	7.29552e+006	128978	133127	156314	162764	17415	18111	29241	30518	11192	11758	5116	5398	753444	792504	6081	6449	33147	34232	1.10322e+006	1.15468e+006	884334	927329	
128	7.20934e+006	7.26179e+006	131491	135628	159848	166256	17772	18441	29919	31202	11565	12134	5288	5569	779495	819598	6309	6687	33693	34756	1.13695e+006	1.1894e+006	912959	956889	
129	7.17409e+006	7.22747e+006	133829	137858	163336	169721	18174	18832	30696	31985	11878	12456	5441	5722	806243	847385	6559	6955	34289	35274	1.17126e+006	1.22465e+006	942269	987151	
130	7.13834e+006	7.19263e+006	135991	139990	166949	173246	18537	19186	31514	32791	12222	12817	5615	5898	833520	875700	6815	7220	34803	35786	1.20611e+006	1.26039e+006	972238	1.01801e+006	
131	7.10205e+006	7.15718e+006	138244	142101	170358	176614	18877	19528	32296	33573	12543	13154	5740	6028	861586	904801	7076	7490	35392	36352	1.24155e+006	1.29669e+006	1.00269e+006	1.04938e+006	
132	7.06526e+006	7.12121e+006	140485	144165	173700	179943	19275	19925	33036	34316	12856	13478	5882	6179	890250	934459	7342	7767	35933	36821	1.27752e+006	1.33347e+006	1.03361e+006	1.08122e+006	
133	7.02803e+006	7.08477e+006	142602	146156	176993	183152	19671	20301	33737	35036	13216	13837	6062	6362	919542	964731	7626	8067	36402	37269	1.31396e+006	1.3707e+006	1.06506e+006	1.11354e+006	
134	6.99031e+006	7.04786e+006	144669	148136	180251	186319	20031	20671	34542	35854	13600	14226	6238	6548	949290	995453	7902	8360	36873	37764	1.35088e+006	1.40843e+006	1.09704e+006	1.14634e+006	
135	6.95206e+006	7.01042e+006	146671	150079	183405	189310	20342	20964	35300	36605	13970	14600	6424	6731	979847	1.02705e+006	8193	8660	37390	38299	1.38832e+006	1.44668e+006	1.12957e+006	1.17967e+006	
136	6.91362e+006	6.97267e+006	148439	151750	186366	192147	20672	21294	36085	37361	14372	15011	6629	6937	1.01102e+006	1.05919e+006	8498	8979	37689	38504	1.42607e+006	1.48512e+006	1.1626e+006	1.21345e+006	
137	6.87462e+006	6.93439e+006	150274	153529	189306	194861	21004	21599	36837	38109	14748	15391	6803	7117	1.04277e+006	1.09194e+006	8806	9302	38234	39050	1.46435e+006	1.52412e+006	1.19605e+006	1.24763e+006	
138	6.83533e+006	6.89572e+006	152012	155108	192200	197584	21291	21882	37605	38861	15078	15730	6961	7275	1.07509e+006	1.12524e+006	9115	9628	38606	39348	1.50302e+006	1.56341e+006	1.22994e+006	1.28226e+006	
139	6.79581e+006	6.85679e+006	153479	156402	195017	200306	21587	22174	38349	39565	15445	16093	7124	7435	1.10797e+006	1.15908e+006	9445	9972	38862	39589	1.54195e+006	1.60293e+006	1.26429e+006	1.31737e+006	
140	6.75595e+006	6.81749e+006	155030	157824	197654	202751	21870	22413	39073	40254	15810	16466	7295	7611	1.14137e+006	1.19342e+006	9784	10323	39230	39935	1.58125e+006	1.64279e+006	1.29898e+006	1.35271e+006	
141	6.71588e+006	6.7779e+006	156322	158908	200177	205131	22193	22727	39737	40866	16193	16850	7496	7808	1.17542e+006	1.22836e+006	10133	10684	39508	40154	1.62084e+006	1.68286e+006	1.3341e+006	1.38849e+006	
142	6.67553e+006	6.73797e+006	157570	159979	202603	207385	22452	22987	40325	41442	16597	17245	7688	7990	1.21006e+006	1.26381e+006	10477	11048	39840	40432	1.66077e+006	1.72321e+006	1.36964e+006	1.42459e+006	
143	6.63514e+006	6.69789e+006	158679	160881	204806	209438	22719	23244	40970	42022	16955	17607	7836	8140	1.24512e+006	1.2997e+006	10852	11441	39969	40493	1.70084e+006	1.76359e+006	1.40537e+006	1.46087e+006	
144	6.59448e+006	6.65756e+006	159669	161723	206960	211380	22945	23451	41555	42581	17329	17985	8018	8322	1.28071e+006	1.33611e+006	11216	11818	40219	40778	1.74117e+006	1.80426e+006	1.44149e+006	1.49751e+006	
145	6.55393e+006	6.61732e+006	160304	162223	208868	212990	23186	23664	42196	43228	17664	18300	8138	8435	1.3168e+006	1.37302e+006	11587	12206	40134	40662	1.78142e+006	1.84481e+006	1.47783e+006	1.53431e+006	
146	6.51328e+006	6.57684e+006	160800	162584	210791	214672	23432	23892	42761	43763	17982	18613	8287	8590	1.35328e+006	1.41022e+006	11970	12600	40327	40802	1.8219e+006	1.88546e+006	1.51449e+006	1.57136e+006	
147	6.4725e+006	6.53624e+006	161269	163029	212408	215966	23575	24016	43342	44338	18312	18917	8436	8729	1.39025e+006	1.44793e+006	12369	13014	40413	40963	1.8625e+006	1.92624e+006	1.55132e+006	1.60849e+006	
148	6.43173e+006	6.49562e+006	161516	163182	213920	217262	23713	24113	43871	44821	18653	19231	8589	8872	1.42766e+006	1.48601e+006	12758	13423	40479	40918	1.90312e+006	1.96701e+006	1.58841e+006	1.6459e+006	
149	6.39103e+006	6.45496e+006	161857	163406	215135	218238	23806	24174	44332	45265	18972	19534	8736	9021	1.46539e+006	1.52437e+006	13168	13844	40472	40890	1.94378e+006	2.00771e+006	1.62541e+006	1.68318e+006	
150	6.35039e+006	6.41429e+006	161980	163461	216138	218978	23921	24281	44711	45617	19274	19817	8873	9151	1.50359e+006	1.56317e+006	13588	14279	40421	40886	1.98445e+006	2.04835e+006	1.66259e+006	1.72053e+006	
151	6.31002e+006	6.37385e+006	161757	163109	216989	219706	23984	24354	45105	45952	19569	20104	8994	9274	1.54205e+006	1.60218e+006	14019	14726	40180	40622	2.02489e+006	2.08871e+006	1.6999e+006	1.75799e+006	
152	6.26979e+006	6.33345e+006	161335	162770	217556	220128	24057	24416	45482	46288	19846	20376	9099	9375	1.58086e+006	1.64145e+006	14471	15192	40074	40560	2.06528e+006	2.12895e+006	1.73725e+006	1.79547e+006	
153	6.22966e+006	6.29316e+006	160822	162345	218043	220442	24103	24468	45801	46549	20122	20623	9218	9483	1.61989e+006	1.68088e+006	14911	15656	39969	40455	2.10558e+006	2.16908e+006	1.77463e+006	1.83288e+006	
154	6.18984e+006	6.25308e+006	160105	161654	218202	220464	24176	24525	46079	46815	20383	20858	9321	9579	1.65923e+006	1.72058e+006	15362	16125	39705	40193	2.14566e+006	2.2089e+006	1.81199e+006	1.87021e+006	
155	6.15028e+006	6.21323e+006	159333	161027	218248	220397	24198	24529	46345	47022	20677	21151	9465	9725	1.69845e+006	1.76017e+006	15820	16593	39434	39969	2.18551e+006	2.24845e+006	1.84919e+006	1.90735e+006	
156	6.11128e+006	6.17389e+006	158165	159903	218078	220197	24138	24465	46601	47241	20889	21353	9558	9813	1.73795e+006	1.79994e+006	16302	17084	38905	39438	2.22485e+006	2.28746e+006	1.88639e+006	1.94441e+006	
157	6.07225e+006	6.13447e+006	157110	158987	217673	219756	24088	24408	46802	47436	21102	21549	9657	9902	1.77764e+006	1.83987e+006	16768	17560	38936	39517	2.26427e+006	2.32649e+006	1.92345e+006	1.98134e+006	
158	6.03376e+006	6.0955e+006	155795	157863	216962	219147	23987	24332	46947	47565	21365	21799	9781	10023	1.81735e+006	1.87981e+006	17244	18047	38396	39064	2.30324e+006	2.36498e+006	1.96031e+006	2.01798e+006	
159	5.99572e+006	6.05697e+006	154301	156523	216018	218364	23865	24221	47078	47662	21534	21971	9855	10095	1.85721e+006	1.91976e+006	17731	18547	37947	38622	2.34177e+006	2.40301e+006	1.99698e+006	2.0544e+006	
160	5.95812e+006	6.01882e+006	152913	155319	214611	217055	23727	24111	47105	47636	21724	22154	9945	10184	1.89714e+006	1.95976e+006	18231	19053	37522	38229	2.37992e+006	2.44062e+006	2.03317e+006	2.09027e+006	
161	5.92089e+006	5.98102e+006	151140	153666	213430	216071	23635	24020	47150	47679	21863	22266	10021	10253	1.93684e+006	1.9995e+006	18735	19574	37167	37860	2.41772e+006	2.47785e+006	2.06941e+006	2.12617e+006	
162	5.88429e+006	5.9438e+006	149280	151889	211863	214703	23513	23902	47176	47649	21961	22345	10078	10301	1.97658e+006	2.03916e+006	19255	20105	36541	37280	2.45494e+006	2.51445e+006	2.10527e+006	2.16161e+006	
163	5.84813e+006	5.90693e+006	147427	150210	210069	213143	23258	23655	47045	47502	22105	22474	10150	10363	2.01631e+006	2.0788e+006	19784	20641	36103	36934	2.49181e+006	2.55061e+006	2.14081e+006	2.19669e+006	
164	5.81257e+006	5.87069e+006	145382	148294	208088	211405	23035	23450	46863	47334	22172	22538	10173	10387	2.05591e+006	2.11824e+006	20318	21181	35490	36301	2.52804e+006	2.58617e+006	2.17592e+006	2.23132e+006	
165	5.77747e+006	5.83487e+006	143264	146311	206044	209540	22794	23224	46661	47171	22231	22579	10200	10398	2.0953e+006	2.15744e+006	20853	21721	35047	35878	2.56387e+006	2.62127e+006	2.21074e+006	2.26561e+006	
166	5.74313e+006	5.79979e+006	141010	144165	203863	207599	22571	23047	46483	47010	22310	22635	10240	10430	2.13417e+006	2.19606e+006	21378	22258	34290	35132	2.59895e+006	2.65561e+006	2.24496e+006	2.29928e+006	
167	5.70923e+006	5.76507e+006	138753	142004	201267	205269	22315	22814	46207	46754	22331	22649	10261	10439	2.17326e+006	2.23484e+006	21912	22797	33848	34770	2.63367e+006	2.68951e+006	2.27888e+006	2.33258e+006	
168	5.67587e+006	5.73091e+006	136556	139922	198609	202785	22053	22549	45862	46442	22324	22637	10257	10427	2.21197e+006	2.27317e+006	22462	23352	33295	34217	2.66782e+006	2.72287e+006	2.31223e+006	2.3653e+006	
169	5.64315e+006	5.6973e+006	134173	137718	195907	200262	21831	22352	45471	46100	22367	22676	10280	10449	2.25025e+006	2.31103e+006	22996	23890	32674	33665	2.70144e+006	2.75559e+006	2.34517e+006	2.3976e+006	
170	5.61126e+006	5.66445e+006	131716	135490	192921	197422	21588	22093	45106	45753	22320	22631	10264	10444	2.2882e+006	2.34852e+006	23548	24453	31832	32904	2.73429e+006	2.78747e+006	2.37745e+006	2.42919e+006	
171	5.57999e+006	5.6323e+006	129099	132915	189912	194657	21252	21794	44637	45342	22316	22621	10242	10421	2.32586e+006	2.3857e+006	24086	24995	31233	32193	2.76644e+006	2.81875e+006	2.40947e+006	2.46045e+006	
172	5.54922e+006	5.60058e+006	126523	130461	187019	191956	20894	21437	44147	44893	22270	22567	10226	10401	2.36301e+006	2.42233e+006	24628	25538	30727	31756	2.79816e+006	2.84952e+006	2.44094e+006	2.4912e+006	
173	5.51915e+006	5.56958e+006	123868	127847	183943	189055	20530	21080	43608	44408	22162	22456	10161	10337	2.39991e+006	2.4586e+006	25182	26100	30021	31049	2.82916e+006	2.87958e+006	2.47193e+006	2.52137e+006	
174	5.48985e+006	5.53931e+006	121290	125255	180595	185976	20201	20781	43054	43894	22041	22366	10110	10298	2.4362e+006	2.49427e+006	25730	26652	29260	30307	2.85942e+006	2.90888e+006	2.50216e+006	2.55071e+006	
175	5.46122e+006	5.5097e+006	118645	122715	177186	182706	19796	20365	42508	43375	21908	22257	10056	10257	2.47211e+006	2.52951e+006	26273	27197	28588	29653	2.88904e+006	2.93751e+006	2.53182e+006	2.57956e+006	
176	5.43323e+006	5.48071e+006	115868	119991	174047	179765	19350	19953	41830	42743	21806	22160	9999	10203	2.50737e+006	2.5641e+006	26809	27732	27948	29034	2.91802e+006	2.96551e+006	2.56109e+006	2.60797e+006	
177	5.40592e+006	5.45241e+006	113116	117287	170539	176376	19021	19629	41172	42129	21680	22038	9922	10127	2.54227e+006	2.59826e+006	27351	28268	27268	28346	2.94633e+006	2.99281e+006	2.58965e+006	2.63567e+006	
178	5.37935e+006	5.42481e+006	110390	114620	166898	172885	18602	19235	40510	41510	21486	21852	9835	10042	2.57669e+006	2.63194e+006	27892	28808	26530	27642	2.97393e+006	3.01939e+006	2.61755e+006	2.6627e+006	
179	5.35334e+006	5.39779e+006	107770	112031	163218	169278	18204	18822	39794	40812	21279	21664	9740	9950	2.61062e+006	2.66505e+006	28447	29362	25972	27060	3.00095e+006	3.0454e+006	2.64485e+006	2.68908e+006	
180	5.32809e+006	5.37147e+006	105024	109361	159774	165852	17757	18384	39067	40109	21039	21463	9611	9846	2.64383e+006	2.69737e+006	28989	29898	25211	26356	3.02727e+006	3.07065e+006	2.67159e+006	2.7149e+006	
181	5.30349e+006	5.34589e+006	102307	106640	156192	162389	17373	18001	38345	39432	20791	21225	9504	9739	2.67634e+006	2.72907e+006	29543	30448	24550	25625	3.05285e+006	3.09524e+006	2.69772e+006	2.7401e+006	
182	5.27959e+006	5.32097e+006	99644	103953	152377	158659	16986	17623	37667	38770	20546	21000	9379	9617	2.70841e+006	2.76023e+006	30072	30972	23869	24955	3.07777e+006	3.11914e+006	2.72315e+006	2.7646e+006	
183	5.25637e+006	5.29672e+006	96852	101176	148741	155089	16564	17213	36938	38042	20268	20743	9271	9518	2.73986e+006	2.79078e+006	30608	31504	23183	24280	3.10201e+006	3.14237e+006	2.74808e+006	2.78859e+006	
184	5.23379e+006	5.27315e+006	94179	98434	145094	151538	16159	16817	36130	37264	19998	20483	9142	9391	2.77064e+006	2.82065e+006	31129	32018	22539	23613	3.12559e+006	3.16494e+006	2.77236e+006	2.81191e+006	
185	5.21197e+006	5.25035e+006	91409	95653	141519	147978	15683	16362	35372	36535	19704	20211	9016	9270	2.80073e+006	2.84982e+006	31647	32532	21781	22843	3.14839e+006	3.18677e+006	2.79601e+006	2.83467e+006	
186	5.19053e+006	5.22794e+006	88940	93149	137849	144324	15268	15943	34560	35755	19352	19867	8859	9109	2.83033e+006	2.87846e+006	32163	33043	21398	22452	3.1708e+006	3.2082e+006	2.81903e+006	2.85674e+006	
187	5.16996e+006	5.20637e+006	86285	90472	134142	140647	14876	15568	33685	34898	19032	19554	8710	8973	2.8593e+006	2.90646e+006	32668	33545	20526	21605	3.19236e+006	3.22877e+006	2.84139e+006	2.87816e+006	
188	5.14991e+006	5.18533e+006	83765	87945	130554	137027	14470	15161	32871	34103	18711	19241	8566	8831	2.8875e+006	2.93369e+006	33165	34033	20021	21084	3.21341e+006	3.24883e+006	2.86315e+006	2.89902e+006	
189	5.13052e+006	5.16501e+006	81329	85459	126779	133225	14054	14746	32058	33314	18350	18879	8404	8669	2.91517e+006	2.96038e+006	33672	34533	19347	20355	3.23372e+006	3.26822e+006	2.88418e+006	2.91916e+006	
190	5.11173e+006	5.1453e+006	78672	82768	123335	129685	13698	14369	31270	32550	17992	18502	8247	8491	2.94213e+006	2.98632e+006	34152	35001	18744	19758	3.25344e+006	3.287e+006	2.90486e+006	2.93893e+006	
191	5.0935e+006	5.1262e+006	76340	80298	119670	126029	13339	14006	30464	31751	17615	18153	8076	8336	2.96839e+006	3.01162e+006	34630	35475	18196	19134	3.27254e+006	3.30524e+006	2.92479e+006	2.95793e+006	
192	5.07582e+006	5.10764e+006	73953	77818	116192	122532	12968	13633	29716	30994	17251	17802	7923	8187	2.99394e+006	3.03618e+006	35097	35933	17633	18605	3.2911e+006	3.32291e+006	2.94421e+006	2.97645e+006	
193	5.05886e+006	5.08978e+006	71528	75362	112762	119012	12568	13221	29040	30348	16862	17420	7748	8022	3.01875e+006	3.06001e+006	35563	36390	16922	17898	3.30896e+006	3.33987e+006	2.96299e+006	2.99438e+006	
194	5.04234e+006	5.07242e+006	69257	73011	109356	115550	12181	12826	28244	29558	16505	17075	7607	7885	3.04299e+006	3.08329e+006	36027	36844	16474	17405	3.32632e+006	3.35639e+006	2.9812e+006	3.01173e+006	
195	5.02638e+006	5.05564e+006	66990	70694	106176	112250	11780	12414	27467	28758	16137	16725	7419	7703	3.06649e+006	3.10582e+006	36475	37283	15929	16816	3.3431e+006	3.37236e+006	2.99886e+006	3.0286e+006	
196	5.01094e+006	5.03938e+006	64743	68399	102782	108780	11401	12044	26779	28037	15780	16383	7252	7541	3.08953e+006	3.12787e+006	36910	37711	15386	16311	3.35936e+006	3.38779e+006	3.01599e+006	3.04493e+006	
197	4.99616e+006	5.02378e+006	62564	66146	99535	105436	11044	11681	26034	27295	15371	15984	7083	7368	3.11178e+006	3.14917e+006	37354	38144	14743	15645	3.37496e+006	3.40258e+006	3.03248e+006	3.0606e+006	
198	4.98171e+006	5.00858e+006	60488	63978	96316	102085	10725	11345	25263	26523	14986	15620	6909	7206	3.13354e+006	3.16997e+006	37780	38560	14398	15238	3.39015e+006	3.41702e+006	3.04849e+006	3.07582e+006	
199	4.96782e+006	4.9939e+006	58413	61879	93237	98883	10397	10999	24480	25715	14655	15298	6752	7054	3.15456e+006	3.19006e+006	38202	38975	13854	14718	3.40483e+006	3.43092e+006	3.06397e+006	3.09055e+006	
200	4.95441e+006	4.97977e+006	56387	59751	90203	95760	10074	10674	23719	24934	14297	14951	6588	6893	3.17501e+006	3.20958e+006	38595	39360	13363	14180	3.41897e+006	3.44433e+006	3.07898e+006	3.1048e+006	
201	4.94153e+006	4.96618e+006	54478	57748	87047	92573	9775	10373	23012	24231	13927	14569	6417	6720	3.19479e+006	3.2285e+006	38999	39748	12836	13640	3.43256e+006	3.45721e+006	3.09336e+006	3.11844e+006	
202	4.92905e+006	4.95301e+006	52516	55717	84139	89531	9460	10037	22237	23454	13554	14185	6236	6537	3.21413e+006	3.24695e+006	39384	40122	12440	13203	3.44572e+006	3.46969e+006	3.10738e+006	3.13176e+006	
203	4.91697e+006	4.94028e+006	50701	53780	81408	86683	9136	9690	21510	22699	13207	13829	6071	6362	3.23271e+006	3.26462e+006	39764	40491	12037	12783	3.45846e+006	3.48177e+006	3.12097e+006	3.14462e+006	
204	4.9053e+006	4.928e+006	48961	51922	78636	83801	8802	9341	20858	22017	12833	13459	5890	6188	3.25076e+006	3.2818e+006	40137	40857	11622	12322	3.47074e+006	3.49344e+006	3.13404e+006	3.15701e+006	
205	4.8941e+006	4.91619e+006	47285	50135	75859	80943	8491	9017	20164	21301	12445	13065	5728	6023	3.26828e+006	3.29849e+006	40502	41210	11161	11851	3.48255e+006	3.50464e+006	3.14659e+006	3.16891e+006	
206	4.88334e+006	4.90482e+006	45556	48347	73223	78149	8190	8695	19561	20687	12076	12685	5569	5857	3.28518e+006	3.31456e+006	40859	41553	10710	11417	3.49392e+006	3.5154e+006	3.15875e+006	3.18044e+006	
207	4.87293e+006	4.89383e+006	43881	46597	70828	75596	7893	8371	18896	20000	11750	12359	5406	5695	3.30146e+006	3.33001e+006	41194	41876	10361	11034	3.5049e+006	3.52581e+006	3.17054e+006	3.19162e+006	
208	4.86286e+006	4.88318e+006	42289	44972	68344	72978	7603	8072	18300	19384	11390	11983	5231	5522	3.31729e+006	3.34507e+006	41543	42210	10032	10695	3.51555e+006	3.53588e+006	3.18188e+006	3.2024e+006	
209	4.8532e+006	4.873e+006	40734	43352	65896	70359	7362	7820	17711	18746	10996	11588	5056	5343	3.33266e+006	3.35963e+006	41880	42532	9606	10231	3.52574e+006	3.54553e+006	3.19278e+006	3.21274e+006	
210	4.84394e+006	4.86322e+006	39239	41766	63519	67864	7094	7545	17087	18102	10667	11247	4912	5192	3.34747e+006	3.37369e+006	42194	42831	9214	9833	3.53552e+006	3.5548e+006	3.20329e+006	3.22268e+006	
211	4.83508e+006	4.85385e+006	37692	40144	61309	65523	6839	7271	16502	17492	10313	10895	4747	5025	3.36172e+006	3.38721e+006	42503	43130	8813	9412	3.54489e+006	3.56366e+006	3.21346e+006	3.23231e+006	
212	4.82651e+006	4.84479e+006	36185	38561	59157	63275	6589	7004	15923	16877	9984	10564	4587	4869	3.37554e+006	3.40032e+006	42795	43408	8525	9112	3.55395e+006	3.57223e+006	3.22333e+006	3.24164e+006	
213	4.81826e+006	4.83608e+006	34774	37085	56962	60953	6364	6763	15382	16304	9657	10229	4438	4714	3.38889e+006	3.41298e+006	43091	43695	8197	8752	3.56265e+006	3.58048e+006	3.23273e+006	3.25056e+006	
214	4.81028e+006	4.82764e+006	33490	35743	54826	58736	6095	6488	14816	15709	9344	9906	4285	4556	3.4018e+006	3.42525e+006	43376	43969	7931	8490	3.5711e+006	3.58845e+006	3.24179e+006	3.25915e+006	
215	4.80261e+006	4.81952e+006	32310	34495	52729	56549	5847	6233	14277	15144	9066	9604	4157	4413	3.41421e+006	3.43702e+006	43644	44226	7631	8166	3.57922e+006	3.59613e+006	3.25046e+006	3.26735e+006	
216	4.79526e+006	4.81177e+006	31079	33188	50745	54445	5652	6025	13791	14644	8775	9288	4029	4275	3.42612e+006	3.44831e+006	43906	44479	7293	7807	3.58697e+006	3.60348e+006	3.25881e+006	3.27525e+006	
217	4.78819e+006	4.80429e+006	29899	31963	48787	52371	5448	5816	13307	14130	8476	8972	3895	4131	3.43768e+006	3.45925e+006	44163	44726	7015	7530	3.59445e+006	3.61055e+006	3.26684e+006	3.28286e+006	
218	4.78137e+006	4.79707e+006	28736	30740	46902	50381	5237	5597	12826	13634	8189	8672	3759	3987	3.44888e+006	3.46985e+006	44419	44969	6767	7268	3.60166e+006	3.61736e+006	3.27465e+006	3.29024e+006	
219	4.77488e+006	4.79024e+006	27545	29460	45149	48535	5017	5376	12344	13137	7918	8374	3624	3844	3.45961e+006	3.48003e+006	44658	45196	6443	6883	3.6085e+006	3.62385e+006	3.28217e+006	3.29736e+006	
220	4.76865e+006	4.78365e+006	26437	28292	43415	46694	4841	5180	11889	12665	7647	8095	3493	3713	3.46991e+006	3.48979e+006	44895	45427	6186	6638	3.61509e+006	3.63009e+006	3.28933e+006	3.30415e+006	
221	4.76264e+006	4.77731e+006	25379	27145	41788	44979	4676	5007	11473	12245	7386	7832	3378	3600	3.47974e+006	3.49911e+006	45121	45644	5958	6382	3.62143e+006	3.63609e+006	3.29623e+006	3.31068e+006	
222	4.75681e+006	4.77117e+006	24393	26074	40250	43351	4462	4784	11016	11773	7128	7566	3276	3484	3.48933e+006	3.50818e+006	45333	45849	5784	6194	3.62757e+006	3.64193e+006	3.30292e+006	3.31699e+006	
223	4.75124e+006	4.76528e+006	23469	25125	38695	41682	4267	4579	10611	11343	6872	7298	3161	3367	3.49851e+006	3.51688e+006	45554	46059	5518	5935	3.63345e+006	3.6475e+006	3.30926e+006	3.32302e+006	
224	4.74592e+006	4.75966e+006	22553	24154	37099	39980	4119	4429	10201	10917	6627	7039	3053	3251	3.50744e+006	3.52532e+006	45758	46254	5271	5667	3.63907e+006	3.65281e+006	3.31534e+006	3.32877e+006	
225	4.74084e+006	4.75429e+006	21618	23208	35575	38349	3982	4262	9814	10512	6379	6778	2931	3127	3.51603e+006	3.53345e+006	45950	46439	5022	5435	3.64445e+006	3.65789e+006	3.3212e+006	3.33432e+006	
226	4.73596e+006	4.74911e+006	20673	22237	34214	36890	3833	4108	9436	10092	6137	6541	2814	3014	3.52425e+006	3.54124e+006	46132	46618	4838	5225	3.64962e+006	3.66278e+006	3.32687e+006	3.33971e+006	
227	4.73123e+006	4.74414e+006	19821	21339	32869	35446	3682	3957	9066	9701	5917	6311	2721	2922	3.53216e+006	3.54872e+006	46321	46800	4669	5033	3.6546e+006	3.66751e+006	3.3323e+006	3.34486e+006	
228	4.72666e+006	4.73933e+006	19061	20531	31527	34002	3530	3798	8741	9339	5701	6090	2618	2818	3.53977e+006	3.55591e+006	46500	46975	4511	4858	3.6594e+006	3.67207e+006	3.33751e+006	3.34978e+006	
229	4.72232e+006	4.73476e+006	18336	19712	30245	32695	3392	3658	8404	8975	5506	5892	2549	2745	3.54699e+006	3.56277e+006	46676	47143	4295	4618	3.66398e+006	3.67641e+006	3.34248e+006	3.35448e+006	
230	4.71818e+006	4.73039e+006	17591	18906	29065	31449	3230	3484	8066	8618	5278	5660	2445	2636	3.55401e+006	3.56941e+006	46840	47299	4088	4423	3.66835e+006	3.68055e+006	3.34727e+006	3.35902e+006	
231	4.71414e+006	4.72613e+006	16911	18188	27906	30232	3100	3352	7750	8282	5088	5459	2364	2546	3.56072e+006	3.57577e+006	46998	47455	3992	4313	3.67261e+006	3.6846e+006	3.35186e+006	3.36339e+006	
232	4.71027e+006	4.72207e+006	16217	17439	26770	29033	2970	3210	7461	7996	4904	5256	2277	2451	3.5672e+006	3.58193e+006	47147	47595	3815	4111	3.67666e+006	3.68847e+006	3.3563e+006	3.36761e+006	
233	4.70656e+006	4.71818e+006	15570	16768	25688	27857	2838	3060	7166	7683	4717	5064	2185	2361	3.57344e+006	3.58784e+006	47297	47740	3649	3947	3.68055e+006	3.69218e+006	3.36053e+006	3.37163e+006	
234	4.70301e+006	4.71445e+006	14979	16131	24605	26704	2747	2961	6874	7370	4523	4860	2095	2263	3.57943e+006	3.59351e+006	47441	47878	3499	3784	3.68428e+006	3.69573e+006	3.36455e+006	3.37543e+006	
235	4.69958e+006	4.71085e+006	14366	15469	23674	25684	2649	2857	6589	7091	4346	4670	2020	2178	3.58514e+006	3.59892e+006	47576	48013	3378	3652	3.68789e+006	3.69915e+006	3.36849e+006	3.37918e+006	
236	4.69637e+006	4.70748e+006	13722	14771	22745	24659	2561	2763	6318	6797	4201	4514	1948	2102	3.59062e+006	3.6041e+006	47710	48143	3171	3413	3.69125e+006	3.70237e+006	3.37223e+006	3.38275e+006	
237	4.69325e+006	4.70423e+006	13129	14137	21832	23681	2457	2652	6069	6542	4028	4333	1860	2006	3.5959e+006	3.60912e+006	47845	48272	3056	3313	3.69451e+006	3.70548e+006	3.37583e+006	3.38618e+006	
238	4.69024e+006	4.70108e+006	12592	13550	20916	22700	2363	2555	5798	6251	3875	4168	1799	1941	3.60104e+006	3.61399e+006	47970	48392	2964	3194	3.69765e+006	3.7085e+006	3.37927e+006	3.38946e+006	
239	4.68739e+006	4.69811e+006	12015	12914	20082	21817	2283	2468	5542	5978	3697	3980	1704	1838	3.60595e+006	3.61865e+006	48088	48509	2801	3017	3.70062e+006	3.71135e+006	3.38259e+006	3.39261e+006	
240	4.68463e+006	4.69522e+006	11561	12435	19276	20923	2173	2352	5291	5719	3572	3837	1649	1770	3.61061e+006	3.62306e+006	48197	48612	2717	2934	3.70351e+006	3.71411e+006	3.3857e+006	3.3956e+006	
241	4.682e+006	4.69247e+006	11087	11922	18446	20026	2074	2243	5087	5490	3429	3683	1574	1692	3.61514e+006	3.62734e+006	48312	48723	2585	2798	3.70627e+006	3.71674e+006	3.38872e+006	3.39848e+006	
242	4.67942e+006	4.68979e+006	10654	11450	17692	19208	1979	2142	4910	5299	3279	3523	1507	1620	3.61945e+006	3.63144e+006	48415	48823	2529	2723	3.70894e+006	3.71931e+006	3.39163e+006	3.40129e+006	
243	4.67698e+006	4.68724e+006	10253	11031	16931	18368	1894	2049	4706	5073	3144	3386	1442	1550	3.6236e+006	3.63539e+006	48510	48918	2400	2598	3.71149e+006	3.72176e+006	3.39438e+006	3.40392e+006	
244	4.67465e+006	4.68482e+006	9813	10570	16242	17611	1804	1953	4527	4885	3013	3247	1391	1496	3.62757e+006	3.63916e+006	48603	49009	2278	2472	3.71392e+006	3.72408e+006	3.39705e+006	3.40648e+006	
245	4.67241e+006	4.68248e+006	9424	10152	15532	16841	1720	1871	4363	4717	2893	3122	1339	1442	3.63137e+006	3.64278e+006	48696	49100	2196	2380	3.71625e+006	3.72633e+006	3.39959e+006	3.40891e+006	
246	4.67025e+006	4.68025e+006	9011	9703	14957	16220	1655	1800	4194	4542	2762	2978	1278	1373	3.63497e+006	3.64621e+006	48783	49187	2114	2275	3.71849e+006	3.72848e+006	3.40207e+006	3.41129e+006	
247	4.6682e+006	4.67812e+006	8616	9288	14350	15556	1607	1746	4002	4338	2651	2859	1231	1324	3.63846e+006	3.64956e+006	48863	49265	2007	2182	3.72062e+006	3.73054e+006	3.40441e+006	3.41355e+006	
248	4.66623e+006	4.67606e+006	8276	8908	13738	14907	1535	1672	3819	4140	2538	2731	1181	1268	3.64184e+006	3.65279e+006	48947	49347	1937	2094	3.72268e+006	3.73251e+006	3.40667e+006	3.41571e+006	
249	4.66432e+006	4.67408e+006	7942	8552	13193	14328	1478	1611	3664	3975	2439	2628	1136	1221	3.645e+006	3.65582e+006	49023	49419	1861	2025	3.72466e+006	3.73442e+006	3.40881e+006	3.41778e+006	
250	4.66253e+006	4.67222e+006	7567	8183	12642	13721	1430	1556	3524	3818	2327	2514	1088	1173	3.64808e+006	3.65876e+006	49105	49499	1742	1904	3.72652e+006	3.7362e+006	3.41087e+006	3.41976e+006	
251	4.6608e+006	4.67042e+006	7255	7844	12131	13175	1366	1482	3370	3640	2230	2412	1045	1128	3.65103e+006	3.66158e+006	49177	49569	1695	1843	3.72832e+006	3.73794e+006	3.41285e+006	3.42167e+006	
252	4.65916e+006	4.66872e+006	6915	7493	11609	12613	1299	1411	3228	3489	2151	2329	1006	1091	3.65387e+006	3.66431e+006	49244	49635	1597	1741	3.73002e+006	3.73958e+006	3.41475e+006	3.4235e+006	
253	4.65756e+006	4.66707e+006	6605	7158	11139	12109	1231	1341	3097	3340	2066	2237	968	1052	3.6566e+006	3.66691e+006	49308	49697	1552	1690	3.73167e+006	3.74117e+006	3.41658e+006	3.42527e+006	
254	4.65601e+006	4.66546e+006	6378	6906	10646	11585	1189	1297	2973	3206	1986	2152	922	1007	3.65917e+006	3.66937e+006	49378	49766	1514	1653	3.73327e+006	3.74273e+006	3.41829e+006	3.42691e+006	
255	4.65455e+006	4.66397e+006	6093	6604	10206	11109	1130	1233	2853	3079	1914	2073	883	965	3.66165e+006	3.67175e+006	49437	49825	1410	1541	3.73477e+006	3.74418e+006	3.41996e+006	3.42852e+006	
256	4.65315e+006	4.66251e+006	5862	6360	9749	10636	1072	1169	2719	2938	1838	1992	851	929	3.66405e+006	3.67406e+006	49493	49880	1366	1496	3.73623e+006	3.74559e+006	3.42153e+006	3.43004e+006	
257	4.65181e+006	4.66111e+006	5613	6103	9332	10182	1037	1129	2616	2831	1763	1912	814	891	3.66631e+006	3.67624e+006	49553	49937	1303	1433	3.73763e+006	3.74693e+006	3.42305e+006	3.43151e+006	
258	4.65049e+006	4.65974e+006	5380	5856	8946	9776	1003	1092	2521	2718	1692	1837	775	850	3.66849e+006	3.67833e+006	49607	49991	1281	1407	3.73899e+006	3.74825e+006	3.42453e+006	3.43296e+006	
259	4.64923e+006	4.65845e+006	5193	5653	8544	9345	953	1039	2427	2625	1634	1775	751	824	3.67057e+006	3.68033e+006	49663	50045	1222	1337	3.74029e+006	3.74951e+006	3.42592e+006	3.43431e+006	
260	4.64805e+006	4.65722e+006	4970	5415	8217	8987	902	992	2324	2520	1571	1708	719	790	3.67255e+006	3.68224e+006	49710	50092	1142	1259	3.74151e+006	3.75069e+006	3.42728e+006	3.43561e+006	
261	4.64691e+006	4.65605e+006	4779	5191	7858	8610	869	959	2220	2411	1509	1638	686	754	3.67449e+006	3.68411e+006	49754	50133	1112	1209	3.74269e+006	3.75183e+006	3.42856e+006	3.43685e+006	
262	4.64582e+006	4.65493e+006	4551	4935	7575	8306	841	925	2131	2312	1437	1556	655	718	3.67633e+006	3.68587e+006	49794	50173	1053	1151	3.74381e+006	3.75292e+006	3.42982e+006	3.43807e+006	
263	4.64478e+006	4.65385e+006	4336	4707	7286	7991	803	882	2035	2211	1374	1487	626	687	3.67809e+006	3.68757e+006	49844	50222	1008	1108	3.74488e+006	3.75396e+006	3.43102e+006	3.43924e+006	
264	4.64375e+006	4.65279e+006	4188	4539	6943	7627	774	852	1949	2122	1320	1426	602	660	3.67981e+006	3.68924e+006	49880	50258	996	1090	3.74594e+006	3.75499e+006	3.43214e+006	3.44033e+006	
265	4.64279e+006	4.6518e+006	4005	4356	6663	7314	758	833	1853	2020	1257	1364	575	633	3.68143e+006	3.69082e+006	49920	50297	931	1024	3.74694e+006	3.75595e+006	3.43322e+006	3.44138e+006	
266	4.64185e+006	4.65083e+006	3857	4210	6381	7000	729	801	1788	1942	1203	1310	546	603	3.68298e+006	3.6923e+006	49962	50337	905	1006	3.74791e+006	3.75688e+006	3.43426e+006	3.44238e+006	
267	4.64099e+006	4.64993e+006	3686	4027	6122	6712	694	763	1724	1874	1146	1250	515	571	3.68446e+006	3.69373e+006	49999	50374	837	924	3.74881e+006	3.75775e+006	3.43525e+006	3.44336e+006	
268	4.64012e+006	4.64903e+006	3532	3864	5875	6433	657	723	1661	1810	1098	1198	494	548	3.68591e+006	3.69513e+006	50031	50406	841	928	3.7497e+006	3.75862e+006	3.43624e+006	3.44431e+006	
269	4.63931e+006	4.6482e+006	3382	3703	5609	6149	629	696	1595	1734	1043	1140	471	524	3.6873e+006	3.69648e+006	50068	50440	780	864	3.75054e+006	3.75943e+006	3.43716e+006	3.4452e+006	
270	4.63854e+006	4.6474e+006	3221	3524	5407	5934	594	658	1524	1662	1005	1096	453	502	3.6886e+006	3.69774e+006	50099	50471	743	827	3.75134e+006	3.7602e+006	3.43806e+006	3.44608e+006	
271	4.63779e+006	4.64663e+006	3103	3396	5164	5685	560	624	1472	1601	958	1049	436	485	3.68986e+006	3.69896e+006	50130	50500	719	797	3.75211e+006	3.76095e+006	3.43889e+006	3.44688e+006	
272	4.63706e+006	4.64588e+006	2958	3244	4966	5472	549	610	1408	1531	929	1017	419	469	3.69106e+006	3.70011e+006	50153	50523	697	776	3.75285e+006	3.76168e+006	3.43971e+006	3.44767e+006	
273	4.63639e+006	4.6452e+006	2819	3095	4761	5249	529	588	1335	1455	892	978	406	456	3.69221e+006	3.70124e+006	50183	50551	641	716	3.75354e+006	3.76234e+006	3.44048e+006	3.44842e+006	
274	4.63574e+006	4.64453e+006	2701	2962	4533	5011	505	561	1276	1392	853	939	386	434	3.69334e+006	3.70234e+006	50209	50577	625	692	3.75421e+006	3.763e+006	3.44122e+006	3.44914e+006	
275	4.63509e+006	4.64386e+006	2605	2858	4345	4806	482	539	1218	1333	817	900	368	413	3.69441e+006	3.70337e+006	50235	50603	625	692	3.75487e+006	3.76364e+006	3.44192e+006	3.44983e+006	
276	4.63449e+006	4.64324e+006	2486	2736	4155	4594	464	520	1172	1284	784	861	354	399	3.69544e+006	3.70437e+006	50256	50624	578	653	3.7555e+006	3.76425e+006	3.44262e+006	3.4505e+006	
277	4.63391e+006	4.64264e+006	2397	2636	3985	4410	440	493	1121	1228	756	829	346	390	3.6964e+006	3.70529e+006	50278	50647	553	616	3.75609e+006	3.76482e+006	3.44325e+006	3.45113e+006	
278	4.63335e+006	4.64207e+006	2312	2545	3800	4207	409	460	1075	1179	731	803	333	376	3.69735e+006	3.70621e+006	50303	50673	539	601	3.75667e+006	3.76539e+006	3.44387e+006	3.45174e+006	
279	4.63281e+006	4.64151e+006	2205	2428	3661	4051	394	442	1033	1138	700	768	320	359	3.69824e+006	3.70707e+006	50325	50693	518	575	3.75722e+006	3.76593e+006	3.44449e+006	3.45234e+006	
280	4.63228e+006	4.64097e+006	2132	2339	3508	3892	382	428	980	1087	671	735	307	345	3.6991e+006	3.7079e+006	50347	50716	505	565	3.75776e+006	3.76646e+006	3.44507e+006	3.4529e+006	
281	4.63179e+006	4.64047e+006	2048	2251	3360	3730	365	408	938	1043	644	704	292	328	3.69992e+006	3.7087e+006	50368	50736	469	527	3.75827e+006	3.76695e+006	3.44561e+006	3.45343e+006	
282	4.63131e+006	4.63998e+006	1963	2161	3223	3577	343	387	894	991	616	675	282	319	3.70073e+006	3.70948e+006	50386	50754	455	511	3.75876e+006	3.76743e+006	3.44615e+006	3.45395e+006	
283	4.63085e+006	4.63951e+006	1884	2081	3112	3449	332	374	849	948	586	643	268	303	3.70147e+006	3.71021e+006	50405	50773	440	494	3.75923e+006	3.76789e+006	3.44666e+006	3.45445e+006	
284	4.63042e+006	4.63906e+006	1794	1982	2997	3326	327	368	801	894	565	619	258	293	3.7022e+006	3.71091e+006	50423	50791	416	465	3.75968e+006	3.76832e+006	3.44715e+006	3.45494e+006	
285	4.62999e+006	4.63863e+006	1724	1908	2859	3178	311	351	773	861	542	594	249	283	3.7029e+006	3.7116e+006	50438	50806	399	454	3.76011e+006	3.76874e+006	3.44762e+006	3.45539e+006	
286	4.62958e+006	4.6382e+006	1670	1842	2741	3044	305	344	738	822	521	574	240	274	3.70357e+006	3.71224e+006	50456	50823	399	446	3.76053e+006	3.76916e+006	3.44806e+006	3.45583e+006	
287	4.62919e+006	4.63781e+006	1604	1763	2638	2934	294	332	712	789	497	550	229	262	3.7042e+006	3.71286e+006	50471	50837	373	415	3.76093e+006	3.76955e+006	3.4485e+006	3.45625e+006	
288	4.6288e+006	4.63742e+006	1551	1707	2520	2803	289	326	681	755	469	519	220	253	3.70482e+006	3.71347e+006	50489	50856	364	409	3.76132e+006	3.76993e+006	3.44891e+006	3.45665e+006	
289	4.62844e+006	4.63704e+006	1498	1644	2412	2696	276	315	659	735	449	499	208	241	3.7054e+006	3.71404e+006	50502	50869	345	392	3.76169e+006	3.7703e+006	3.44931e+006	3.45704e+006	
290	4.6281e+006	4.6367e+006	1417	1561	2320	2589	264	300	638	712	420	469	195	226	3.70598e+006	3.7146e+006	50517	50884	320	361	3.76204e+006	3.77063e+006	3.4497e+006	3.45743e+006	
291	4.62776e+006	4.63635e+006	1365	1513	2235	2487	252	291	605	678	405	453	190	221	3.70652e+006	3.71513e+006	50530	50897	322	366	3.76239e+006	3.77098e+006	3.45007e+006	3.45779e+006	
292	4.62744e+006	4.63603e+006	1303	1448	2153	2396	244	280	577	649	385	432	178	207	3.70705e+006	3.71564e+006	50541	50909	300	344	3.76271e+006	3.7713e+006	3.45042e+006	3.45814e+006	
293	4.62713e+006	4.63571e+006	1256	1392	2068	2302	234	272	554	624	374	420	170	198	3.70755e+006	3.71613e+006	50552	50921	299	336	3.76303e+006	3.77161e+006	3.45076e+006	3.45848e+006	
294	4.62683e+006	4.63541e+006	1216	1349	1981	2209	225	261	533	598	353	397	162	189	3.70803e+006	3.71659e+006	50565	50934	279	318	3.76333e+006	3.77191e+006	3.45108e+006	3.45879e+006	
295	4.62655e+006	4.63512e+006	1156	1288	1911	2125	221	255	508	572	342	380	158	181	3.70849e+006	3.71704e+006	50575	50944	263	303	3.76362e+006	3.77219e+006	3.4514e+006	3.4591e+006	
296	4.62627e+006	4.63483e+006	1118	1244	1822	2036	210	243	495	552	322	361	151	174	3.70894e+006	3.71748e+006	50587	50955	263	301	3.7639e+006	3.77247e+006	3.4517e+006	3.4594e+006	
297	4.62601e+006	4.63457e+006	1069	1191	1754	1966	203	234	480	535	312	351	143	166	3.70935e+006	3.71789e+006	50597	50965	248	284	3.76417e+006	3.77273e+006	3.45199e+006	3.4597e+006	
298	4.62574e+006	4.6343e+006	1040	1160	1683	1887	191	222	469	526	299	337	138	160	3.70976e+006	3.71829e+006	50608	50975	251	287	3.76444e+006	3.773e+006	3.45227e+006	3.45997e+006	
299	4.6255e+006	4.63405e+006	1003	1121	1611	1810	180	211	452	506	288	325	135	156	3.71015e+006	3.71867e+006	50616	50982	226	265	3.76469e+006	3.77324e+006	3.45254e+006	3.46023e+006	
300	4.62527e+006	4.63381e+006	961	1073	1561	1757	173	203	427	480	280	318	129	152	3.71052e+006	3.71903e+006	50623	50989	220	252	3.76493e+006	3.77347e+006	3.4528e+006	3.46048e+006	
301	4.62504e+006	4.63357e+006	924	1039	1498	1686	163	192	414	465	264	302	121	143	3.71089e+006	3.7194e+006	50632	50997	213	249	3.76517e+006	3.7737e+006	3.45305e+006	3.46073e+006	
302	4.62482e+006	4.63335e+006	882	988	1453	1633	159	188	391	442	258	294	120	141	3.71124e+006	3.71974e+006	50641	51007	208	236	3.76539e+006	3.77392e+006	3.45329e+006	3.46098e+006	
303	4.6246e+006	4.63313e+006	855	958	1393	1574	147	174	377	425	244	278	113	134	3.71158e+006	3.72007e+006	50649	51015	200	234	3.76561e+006	3.77413e+006	3.45353e+006	3.4612e+006	
304	4.6244e+006	4.63293e+006	821	925	1344	1518	138	163	359	403	237	271	111	132	3.7119e+006	3.72039e+006	50655	51021	186	219	3.76581e+006	3.77434e+006	3.45375e+006	3.46142e+006	
305	4.6242e+006	4.63272e+006	800	895	1303	1472	130	154	344	385	222	259	105	127	3.71221e+006	3.72069e+006	50663	51029	192	219	3.76602e+006	3.77454e+006	3.45397e+006	3.46164e+006	
306	4.62401e+006	4.63253e+006	766	858	1253	1412	126	149	340	380	213	246	97	117	3.71251e+006	3.72098e+006	50669	51034	173	200	3.76621e+006	3.77472e+006	3.45418e+006	3.46184e+006	
307	4.62382e+006	4.63234e+006	740	830	1205	1369	122	146	324	363	204	235	93	112	3.7128e+006	3.72126e+006	50676	51041	175	205	3.7664e+006	3.77491e+006	3.45438e+006	3.46204e+006	
308	4.62365e+006	4.63216e+006	717	802	1149	1307	115	139	313	350	196	227	89	106	3.71308e+006	3.72154e+006	50683	51048	164	191	3.76658e+006	3.77509e+006	3.45457e+006	3.46223e+006	
309	4.62348e+006	4.63199e+006	683	771	1115	1260	116	139	295	334	188	218	85	102	3.71335e+006	3.7218e+006	50687	51052	158	187	3.76675e+006	3.77526e+006	3.45476e+006	3.46241e+006	
310	4.62331e+006	4.63182e+006	665	753	1070	1210	114	136	281	318	182	210	85	101	3.71361e+006	3.72206e+006	50692	51058	156	182	3.76692e+006	3.77543e+006	3.45493e+006	3.46258e+006	
311	4.62315e+006	4.63166e+006	638	718	1029	1165	117	137	275	313	174	200	82	97	3.71385e+006	3.72229e+006	50697	51063	146	171	3.76708e+006	3.77559e+006	3.45511e+006	3.46276e+006	
312	4.623e+006	4.63151e+006	615	689	991	1126	111	131	260	299	163	189	76	92	3.71409e+006	3.72254e+006	50702	51068	140	163	3.76723e+006	3.77574e+006	3.45527e+006	3.46292e+006	
313	4.62285e+006	4.63135e+006	595	667	954	1083	107	125	252	292	160	186	75	90	3.71431e+006	3.72276e+006	50708	51073	139	164	3.76738e+006	3.77589e+006	3.45543e+006	3.46308e+006	
314	4.6227e+006	4.63121e+006	568	641	925	1049	104	124	242	280	153	177	70	85	3.71453e+006	3.72297e+006	50714	51079	131	156	3.76753e+006	3.77603e+006	3.45559e+006	3.46323e+006	
315	4.62256e+006	4.63107e+006	551	621	885	1006	100	118	239	274	147	172	66	81	3.71475e+006	3.72318e+006	50718	51083	129	150	3.76767e+006	3.77617e+006	3.45573e+006	3.46338e+006	
316	4.62243e+006	4.63094e+006	533	599	857	975	94	112	231	265	143	166	66	80	3.71494e+006	3.72337e+006	50722	51087	120	142	3.7678e+006	3.7763e+006	3.45588e+006	3.46352e+006	
317	4.62231e+006	4.63081e+006	507	570	828	941	87	105	218	248	139	161	64	79	3.71515e+006	3.72358e+006	50726	51091	113	135	3.76792e+006	3.77643e+006	3.45602e+006	3.46366e+006	
318	4.62218e+006	4.63068e+006	498	559	798	907	85	103	210	239	133	156	61	76	3.71534e+006	3.72376e+006	50730	51095	123	144	3.76806e+006	3.77656e+006	3.45615e+006	3.46379e+006	
319	4.62206e+006	4.63056e+006	479	536	771	874	82	100	200	230	128	152	60	74	3.71552e+006	3.72394e+006	50735	51100	109	128	3.76818e+006	3.77668e+006	3.45628e+006	3.46392e+006	
320	4.62194e+006	4.63044e+006	466	521	743	841	76	91	195	225	122	145	55	70	3.7157e+006	3.72412e+006	50738	51103	108	127	3.76829e+006	3.77679e+006	3.4564e+006	3.46405e+006	
321	4.62183e+006	4.63033e+006	452	505	713	808	73	88	179	208	119	141	55	68	3.71588e+006	3.7243e+006	50740	51105	99	119	3.7684e+006	3.7769e+006	3.45652e+006	3.46416e+006	
322	4.62172e+006	4.63022e+006	434	486	696	791	72	88	174	204	113	134	52	64	3.71604e+006	3.72445e+006	50745	51110	106	123	3.76852e+006	3.77702e+006	3.45664e+006	3.46428e+006	
323	4.62162e+006	4.63011e+006	420	473	670	757	68	85	168	197	106	126	49	60	3.7162e+006	3.72461e+006	50749	51114	95	115	3.76863e+006	3.77712e+006	3.45675e+006	3.46439e+006	
324	4.62151e+006	4.63001e+006	405	456	650	734	65	81	166	194	99	118	44	55	3.71635e+006	3.72476e+006	50753	51117	93	110	3.76873e+006	3.77722e+006	3.45686e+006	3.4645e+006	
325	4.62141e+006	4.62991e+006	398	446	623	704	62	78	159	186	96	115	42	54	3.7165e+006	3.72491e+006	50756	51121	93	109	3.76883e+006	3.77732e+006	3.45696e+006	3.4646e+006	
326	4.62132e+006	4.62981e+006	376	427	607	686	63	79	153	177	94	114	41	53	3.71664e+006	3.72505e+006	50758	51123	84	103	3.76892e+006	3.77742e+006	3.45707e+006	3.46471e+006	
327	4.62123e+006	4.62972e+006	366	414	589	667	62	78	152	176	86	106	37	49	3.71677e+006	3.72518e+006	50761	51126	85	102	3.76902e+006	3.77751e+006	3.45716e+006	3.4648e+006	
328	4.62114e+006	4.62963e+006	354	402	559	633	63	78	151	175	83	101	35	46	3.7169e+006	3.72531e+006	50764	51129	81	98	3.76911e+006	3.7776e+006	3.45725e+006	3.46489e+006	
329	4.62106e+006	4.62954e+006	339	389	543	616	62	76	147	172	79	96	33	43	3.71703e+006	3.72544e+006	50766	51132	78	96	3.7692e+006	3.77768e+006	3.45735e+006	3.46499e+006	
330	4.62097e+006	4.62945e+006	331	378	522	596	59	73	140	163	78	96	32	42	3.71715e+006	3.72556e+006	50768	51134	75	92	3.76928e+006	3.77777e+006	3.45743e+006	3.46507e+006	
331	4.62089e+006	4.62937e+006	324	371	508	578	60	73	134	155	75	92	30	40	3.71727e+006	3.72568e+006	50771	51137	79	95	3.76937e+006	3.77785e+006	3.45752e+006	3.46516e+006	
332	4.6208e+006	4.62928e+006	319	364	487	557	57	69	136	158	73	90	29	39	3.71738e+006	3.72579e+006	50772	51139	75	92	3.76946e+006	3.77793e+006	3.45761e+006	3.46524e+006	
333	4.62073e+006	4.62921e+006	307	349	468	538	57	70	132	154	73	88	29	39	3.71749e+006	3.72589e+006	50774	51140	67	80	3.76953e+006	3.77801e+006	3.45768e+006	3.46532e+006	
334	4.62065e+006	4.62913e+006	301	342	455	524	53	65	124	145	72	87	31	40	3.7176e+006	3.726e+006	50776	51142	70	84	3.76961e+006	3.77808e+006	3.45776e+006	3.46539e+006	
335	4.62059e+006	4.62906e+006	283	324	443	512	51	63	121	141	70	84	30	39	3.71771e+006	3.72611e+006	50778	51144	61	76	3.76968e+006	3.77815e+006	3.45784e+006	3.46547e+006	
336	4.62051e+006	4.62898e+006	280	319	434	501	51	63	120	142	66	79	28	37	3.71781e+006	3.7262e+006	50780	51145	72	88	3.76976e+006	3.77823e+006	3.45792e+006	3.46555e+006	
337	4.62044e+006	4.62891e+006	277	318	421	485	46	57	117	138	65	78	28	37	3.7179e+006	3.7263e+006	50781	51147	65	79	3.76983e+006	3.7783e+006	3.45799e+006	3.46562e+006	
338	4.62037e+006	4.62884e+006	264	308	411	473	44	56	108	128	64	78	29	37	3.718e+006	3.72639e+006	50783	51148	58	74	3.7699e+006	3.77837e+006	3.45806e+006	3.46569e+006	
339	4.6203e+006	4.62877e+006	269	309	398	458	40	51	106	126	61	76	28	37	3.7181e+006	3.72648e+006	50785	51150	65	78	3.76997e+006	3.77844e+006	3.45813e+006	3.46575e+006	
340	4.62024e+006	4.62871e+006	251	290	393	454	41	52	105	125	59	71	27	36	3.71818e+006	3.72657e+006	50787	51152	55	68	3.77003e+006	3.7785e+006	3.4582e+006	3.46582e+006	
341	4.62018e+006	4.62864e+006	242	280	379	439	40	52	101	121	56	70	25	34	3.71827e+006	3.72666e+006	50788	51153	55	69	3.77009e+006	3.77856e+006	3.45827e+006	3.46589e+006	
342	4.62012e+006	4.62858e+006	239	274	363	422	38	50	96	115	57	71	26	35	3.71836e+006	3.72674e+006	50790	51155	55	68	3.77016e+006	3.77862e+006	3.45833e+006	3.46595e+006	
343	4.62006e+006	4.62852e+006	227	263	359	417	42	52	92	112	55	68	25	35	3.71844e+006	3.72682e+006	50792	51157	54	66	3.77022e+006	3.77868e+006	3.4584e+006	3.46601e+006	
344	4.62e+006	4.62846e+006	222	259	343	402	41	52	89	108	54	68	25	34	3.71852e+006	3.7269e+006	50793	51158	50	64	3.77028e+006	3.77873e+006	3.45845e+006	3.46607e+006	
345	4.61995e+006	4.6284e+006	219	254	339	396	40	50	86	105	51	65	24	32	3.71859e+006	3.72697e+006	50794	51160	52	65	3.77033e+006	3.77879e+006	3.45851e+006	3.46613e+006	
346	4.61989e+006	4.62834e+006	216	253	326	380	37	47	82	102	50	63	23	31	3.71868e+006	3.72706e+006	50795	51161	52	67	3.77039e+006	3.77885e+006	3.45857e+006	3.46618e+006	
347	4.61983e+006	4.62828e+006	214	251	315	369	35	45	79	99	48	62	22	30	3.71875e+006	3.72713e+006	50798	51163	51	65	3.77045e+006	3.77891e+006	3.45862e+006	3.46624e+006	
348	4.61978e+006	4.62823e+006	210	248	310	361	33	42	78	97	47	60	21	29	3.71882e+006	3.7272e+006	50800	51165	47	60	3.77051e+006	3.77896e+006	3.45868e+006	3.46629e+006	
349	4.61972e+006	4.62817e+006	208	245	298	349	32	41	77	97	47	59	20	28	3.71889e+006	3.72727e+006	50800	51166	50	62	3.77056e+006	3.77902e+006	3.45873e+006	3.46634e+006	
350	4.61966e+006	4.62812e+006	206	242	296	349	30	40	74	93	46	59	19	27	3.71896e+006	3.72733e+006	50801	51167	50	64	3.77062e+006	3.77907e+006	3.45879e+006	3.4664e+006	
351	4.61962e+006	4.62807e+006	199	234	293	343	31	41	71	88	46	58	19	27	3.71902e+006	3.7274e+006	50803	51168	45	56	3.77067e+006	3.77912e+006	3.45884e+006	3.46645e+006	
352	4.61956e+006	4.62801e+006	201	235	284	337	30	40	68	84	43	54	17	24	3.71909e+006	3.72746e+006	50805	51170	48	61	3.77073e+006	3.77917e+006	3.45889e+006	3.4665e+006	
353	4.61951e+006	4.62796e+006	194	228	279	333	31	40	68	84	42	53	16	23	3.71915e+006	3.72752e+006	50806	51171	44	55	3.77078e+006	3.77922e+006	3.45894e+006	3.46655e+006	
354	4.61946e+006	4.62791e+006	190	222	279	333	31	40	66	80	41	52	16	23	3.71921e+006	3.72758e+006	50808	51173	46	58	3.77083e+006	3.77928e+006	3.459e+006	3.4666e+006	
355	4.61941e+006	4.62785e+006	192	226	274	326	29	39	64	79	41	52	16	23	3.71927e+006	3.72764e+006	50809	51174	47	59	3.77088e+006	3.77933e+006	3.45904e+006	3.46665e+006	
356	4.61936e+006	4.62781e+006	185	217	268	318	31	40	62	77	39	51	15	23	3.71933e+006	3.7277e+006	50809	51175	40	53	3.77093e+006	3.77937e+006	3.45909e+006	3.46669e+006	
357	4.61931e+006	4.62776e+006	183	217	263	312	29	37	62	76	39	50	16	23	3.71939e+006	3.72775e+006	50811	51176	43	54	3.77098e+006	3.77942e+006	3.45914e+006	3.46674e+006	
358	4.61927e+006	4.62771e+006	177	209	262	311	28	37	62	77	37	48	15	22	3.71945e+006	3.7278e+006	50813	51178	40	51	3.77102e+006	3.77947e+006	3.45919e+006	3.46679e+006	
359	4.61923e+006	4.62767e+006	169	200	259	308	28	37	58	73	35	46	14	21	3.71951e+006	3.72786e+006	50814	51180	40	50	3.77107e+006	3.77951e+006	3.45923e+006	3.46683e+006	
360	4.61918e+006	4.62762e+006	169	198	249	296	29	38	58	73	34	46	14	22	3.71957e+006	3.72792e+006	50815	51181	40	50	3.77112e+006	3.77956e+006	3.45928e+006	3.46688e+006	
361	4.61914e+006	4.62758e+006	167	196	247	295	28	37	56	72	32	43	14	20	3.71962e+006	3.72797e+006	50816	51181	40	53	3.77116e+006	3.7796e+006	3.45932e+006	3.46692e+006	
362	4.61909e+006	4.62753e+006	167	200	243	289	24	33	57	71	32	43	14	21	3.71967e+006	3.72803e+006	50816	51182	40	54	3.77121e+006	3.77965e+006	3.45937e+006	3.46696e+006	
363	4.61905e+006	4.62748e+006	163	197	239	283	25	33	58	72	31	41	14	20	3.71972e+006	3.72808e+006	50817	51182	36	48	3.77125e+006	3.77969e+006	3.45941e+006	3.467e+006	
364	4.61901e+006	4.62744e+006	161	193	234	277	23	32	54	69	29	38	12	19	3.71978e+006	3.72813e+006	50818	51183	37	47	3.77129e+006	3.77973e+006	3.45945e+006	3.46704e+006	
