Day	Susceptible-LB	Susceptible-UB	Exposed-LB	Exposed-UB	Current Detected Mild Infections-LB	Current Detected Mild Infections-UB	Current Undetected Mild Infections-LB	Current Undetected Mild Infections-UB	Current Hospitalizations-LB	Current Hospitalizations-UB	Current ICU patients-LB	Current ICU patients-UB	ventilators-LB	ventilators-UB	Recovered-LB	Recovered-UB	Deaths-LB	Deaths-UB	new infections today-LB	new infections today-UB	total number of infections-LB	total number of infections-UB	Confirmed total number of infections-LB	Confirmed total number of infections-UB	
0	8.39872e+006	8.39872e+006	16	16	0	0	0	0	0	0	0	0	0	0	0	0	0	0	0	0	16	16	0	0	
1	8.39858e+006	8.39858e+006	160	160	0	0	0	0	0	0	0	0	0	0	0	0	0	0	144	144	160	160	0	0	
2	8.39843e+006	8.39843e+006	304	304	0	0	0	0	0	0	0	0	0	0	0	0	0	0	144	144	304	304	0	0	
3	8.39826e+006	8.39826e+006	473	478	0	0	0	0	0	0	0	0	0	0	0	0	0	0	169	174	473	478	0	0	
4	8.39796e+006	8.39798e+006	736	756	16	16	0	0	0	0	0	0	0	0	0	0	0	0	277	296	752	772	16	16	
5	8.39755e+006	8.39759e+006	982	1023	119	128	32	41	0	0	0	0	0	0	0	0	0	0	384	416	1142	1183	119	128	
6	8.397e+006	8.39707e+006	1367	1434	226	238	66	78	0	0	0	0	0	0	0	0	0	0	523	561	1671	1738	226	238	
7	8.39619e+006	8.3963e+006	1964	2066	353	368	108	122	0	0	0	0	0	0	0	0	0	0	760	813	2439	2542	353	368	
8	8.39504e+006	8.39519e+006	2786	2928	560	587	179	198	0	0	0	0	0	0	0	0	0	0	1095	1163	3543	3696	563	585	
9	8.39356e+006	8.39379e+006	3795	3995	856	903	272	295	0	0	0	0	0	0	0	0	0	0	1393	1483	4943	5172	861	897	
10	8.39172e+006	8.39203e+006	5031	5282	1234	1307	402	433	0	0	0	0	0	0	16	16	0	0	1754	1853	6709	7013	1259	1314	
11	8.38942e+006	8.38983e+006	6460	6781	1709	1820	546	586	24	32	0	0	0	0	128	136	0	0	2185	2316	8904	9318	1853	1936	
12	8.38674e+006	8.38727e+006	7917	8311	2417	2580	789	845	50	61	0	0	0	0	243	254	0	0	2551	2694	11465	12001	2679	2795	
13	8.38377e+006	8.38443e+006	9352	9806	3331	3572	1093	1168	82	95	0	0	0	0	381	394	0	0	2823	2983	14302	14970	3737	3909	
14	8.38068e+006	8.38148e+006	10542	11052	4447	4756	1449	1545	136	154	0	0	0	0	606	629	0	0	2946	3097	17258	18058	5086	5316	
15	8.37773e+006	8.37866e+006	11160	11699	5775	6178	1915	2029	214	233	0	0	0	0	919	959	0	0	2806	2959	20073	21009	6740	7054	
16	8.37528e+006	8.37633e+006	10932	11464	7283	7784	2427	2565	321	347	0	0	0	0	1339	1401	0	0	2323	2459	22410	23454	8682	9090	
17	8.3724e+006	8.37358e+006	10842	11379	8799	9396	2969	3128	446	477	14	18	13	16	1967	2058	0	0	2737	2893	25156	26338	10834	11348	
18	8.36914e+006	8.37047e+006	10995	11543	10166	10850	3441	3621	633	675	23	28	18	21	2874	3006	0	0	3095	3266	28263	29592	13105	13719	
19	8.36566e+006	8.36717e+006	11486	12073	11215	11964	3793	3995	857	917	31	38	22	26	4039	4232	0	0	3296	3490	31568	33072	15288	16001	
20	8.36211e+006	8.36378e+006	12533	13183	11617	12399	3957	4169	1160	1230	48	56	29	34	5486	5742	0	0	3374	3565	34954	36626	17109	17902	
21	8.35828e+006	8.36013e+006	13440	14124	12015	12834	4101	4322	1495	1585	69	80	40	47	7323	7670	0	0	3639	3839	38606	40452	19249	20152	
22	8.35425e+006	8.35629e+006	14169	14907	12413	13260	4248	4466	1888	1992	98	112	52	60	9459	9917	0	0	3826	4046	42443	44487	21673	22693	
23	8.3501e+006	8.35233e+006	14821	15580	12765	13654	4358	4590	2292	2413	141	158	72	83	11851	12419	0	0	3950	4161	46406	48635	24278	25437	
24	8.3458e+006	8.34823e+006	15539	16328	13087	14011	4464	4701	2662	2804	199	219	99	113	14377	15055	0	0	4089	4316	50507	52939	26953	28255	
25	8.34127e+006	8.34392e+006	16195	17035	13704	14670	4680	4921	2955	3103	273	298	134	150	16825	17629	0	0	4298	4544	54817	57471	29827	31265	
26	8.33653e+006	8.33939e+006	16883	17739	14828	15890	5038	5310	3048	3204	376	405	178	198	18965	19866	0	0	4513	4752	59343	62210	32828	34410	
27	8.3315e+006	8.33459e+006	17727	18620	15757	16865	5321	5604	3147	3311	473	511	214	240	21498	22526	13	16	4792	5043	64149	67240	35934	37658	
28	8.32619e+006	8.32953e+006	18688	19626	16509	17680	5552	5851	3245	3425	620	664	280	309	24358	25507	16	19	5053	5319	69210	72551	39171	41059	
29	8.32065e+006	8.32425e+006	19650	20633	17237	18469	5816	6126	3321	3509	769	821	347	380	27436	28744	19	22	5260	5550	74483	78088	42538	44606	
30	8.31482e+006	8.3187e+006	20684	21716	18108	19385	6078	6403	3399	3597	924	980	421	456	30583	32049	22	26	5545	5837	80041	83912	46107	48346	
31	8.30875e+006	8.31289e+006	21682	22758	18947	20272	6387	6724	3558	3774	1056	1123	482	522	33938	35550	26	32	5792	6083	85845	89984	49870	52287	
32	8.30235e+006	8.30678e+006	22733	23852	19868	21242	6692	7028	3864	4091	1152	1228	528	573	37368	39155	32	39	6102	6415	91957	96389	53867	56490	
33	8.29566e+006	8.30042e+006	23821	25002	20833	22288	7026	7382	4117	4350	1254	1337	575	620	40965	42924	42	51	6350	6697	98318	103075	58009	60836	
34	8.28871e+006	8.29376e+006	24918	26132	21912	23432	7393	7770	4329	4564	1371	1464	632	681	44724	46871	57	68	6640	6970	104974	110029	62390	65419	
35	8.28135e+006	8.28675e+006	26131	27413	23068	24638	7723	8112	4541	4779	1478	1578	688	741	48697	51055	73	88	6999	7370	111988	117385	66983	70223	
36	8.27359e+006	8.27936e+006	27405	28769	24239	25885	8134	8534	4759	5003	1573	1677	734	792	52885	55444	98	115	7376	7771	119376	125144	71787	75261	
37	8.26549e+006	8.27165e+006	28754	30182	25400	27149	8515	8940	5004	5248	1659	1768	777	836	57332	60111	124	142	7699	8111	127087	133242	76793	80522	
38	8.25694e+006	8.26348e+006	30264	31787	26581	28386	8916	9360	5221	5475	1719	1832	809	869	62080	65092	160	182	8152	8573	135254	141801	82034	85993	
39	8.24805e+006	8.25502e+006	31713	33321	27857	29743	9365	9837	5479	5759	1780	1896	837	898	66994	70240	199	223	8450	8902	143718	150688	87537	91759	
40	8.24336e+006	8.25055e+006	28787	30254	29213	31208	9824	10321	5758	6050	1838	1961	862	927	72176	75669	237	264	4450	4703	148182	155379	93351	97863	
41	8.2385e+006	8.24592e+006	25707	27014	30606	32719	10323	10852	6065	6362	1919	2046	897	962	77553	81302	277	306	4620	4870	152815	160236	99411	104228	
42	8.23337e+006	8.24102e+006	22446	23590	32559	34774	10414	10961	6365	6684	2039	2167	950	1019	83212	87231	309	338	4893	5147	157720	165371	106251	111393	
43	8.22839e+006	8.23625e+006	18750	19678	34575	36893	10498	11047	6667	7015	2161	2296	1005	1079	89114	93421	345	375	4753	4991	162485	170350	113347	118848	
44	8.22353e+006	8.23162e+006	18927	19841	33162	35405	9735	10254	6995	7360	2264	2401	1052	1124	95296	99880	387	421	4626	4868	167121	175207	117235	122936	
45	8.21884e+006	8.22713e+006	18777	19675	31656	33775	8890	9356	7328	7701	2374	2518	1097	1168	101823	106735	428	466	4469	4707	171607	179896	121288	127186	
46	8.2144e+006	8.22289e+006	18106	18981	30073	32042	8022	8434	7678	8064	2490	2637	1157	1230	108698	113961	476	517	4222	4452	175844	184334	125573	131673	
47	8.21017e+006	8.21886e+006	17374	18231	28134	29927	7041	7403	8043	8457	2630	2779	1217	1294	115849	121461	533	578	4023	4239	179878	188562	129763	136054	
48	8.20616e+006	8.21503e+006	16568	17390	25325	26937	6348	6664	8429	8869	2760	2914	1273	1352	123447	129415	587	635	3820	4026	183710	192576	133777	140269	
49	8.20245e+006	8.21149e+006	15621	16412	22182	23569	5537	5808	8826	9277	2905	3067	1334	1416	131315	137687	640	690	3524	3726	187248	196289	137719	144399	
50	8.19918e+006	8.20838e+006	14490	15237	21992	23351	5505	5770	8377	8816	3050	3216	1409	1492	136026	142632	694	749	3092	3277	190353	199552	141266	148122	
51	8.19592e+006	8.20528e+006	13558	14271	21497	22823	5405	5664	7920	8349	3207	3379	1483	1571	140902	147736	749	809	3088	3275	193456	202812	144664	151686	
52	8.1928e+006	8.20228e+006	12718	13389	20633	21914	5196	5452	7454	7869	3373	3553	1558	1650	146046	153115	810	872	2979	3145	196452	205941	147921	155097	
53	8.18981e+006	8.19944e+006	12025	12664	19635	20878	4973	5216	6892	7264	3543	3726	1637	1729	151142	158455	874	939	2831	3000	199295	208929	150917	158248	
54	8.18697e+006	8.19675e+006	11613	12233	18426	19615	4653	4884	6230	6564	3717	3910	1722	1821	156193	163756	944	1013	2683	2844	201987	211765	153598	161069	
55	8.18429e+006	8.19419e+006	11074	11649	17316	18458	4382	4609	5451	5736	3905	4107	1803	1907	161198	168997	1019	1091	2548	2692	204549	214442	156265	163864	
56	8.18178e+006	8.19179e+006	10471	11030	16360	17434	4097	4324	5407	5688	3846	4048	1765	1867	165466	173468	1090	1166	2378	2525	206943	216952	158846	166549	
57	8.17938e+006	8.1895e+006	9925	10442	15421	16448	3850	4066	5285	5555	3762	3966	1731	1834	169627	177830	1169	1247	2283	2415	209238	219354	161274	169100	
58	8.17711e+006	8.18732e+006	9413	9884	14509	15497	3622	3839	5048	5308	3689	3890	1698	1799	173686	182079	1251	1335	2165	2292	211418	221630	163568	171509	
59	8.17496e+006	8.18528e+006	8889	9352	13761	14684	3404	3606	4810	5063	3588	3782	1661	1758	177481	186054	1336	1423	2024	2160	213457	223775	165767	173814	
60	8.17288e+006	8.18329e+006	8486	8926	13176	14063	3276	3474	4487	4734	3469	3667	1595	1690	180937	189670	1424	1518	1976	2098	215448	225859	167796	175941	
61	8.17093e+006	8.18143e+006	8050	8477	12535	13367	3118	3303	4225	4461	3328	3524	1527	1620	184348	193240	1521	1620	1849	1963	217310	227809	169759	177997	
62	8.16907e+006	8.17966e+006	7641	8060	11871	12658	2976	3150	4012	4235	3147	3338	1442	1533	187640	196681	1619	1722	1759	1872	219080	229669	171620	179935	
63	8.16733e+006	8.178e+006	7265	7648	11245	11993	2801	2968	3771	3989	2938	3117	1343	1431	190822	200019	1731	1837	1647	1750	220739	231407	173375	181780	
64	8.16569e+006	8.17642e+006	6852	7209	10686	11385	2665	2819	3552	3762	2702	2866	1224	1305	193867	203222	1834	1946	1563	1658	222316	233051	175061	183546	
65	8.16407e+006	8.17489e+006	6521	6872	10113	10782	2543	2690	3346	3542	2431	2574	1100	1174	196794	206287	1947	2070	1520	1624	223848	234663	176644	185207	
66	8.1626e+006	8.17348e+006	6156	6481	9616	10255	2420	2563	3215	3404	2348	2486	1066	1137	199336	208961	2009	2134	1395	1480	225254	236132	178149	186787	
67	8.16119e+006	8.17214e+006	5840	6158	9270	9885	2133	2266	3064	3246	2263	2397	1022	1093	201803	211551	2069	2199	1333	1425	226596	237548	179735	188446	
68	8.15982e+006	8.17083e+006	5576	5880	8963	9550	1842	1964	2887	3058	2164	2297	977	1045	204197	214045	2133	2267	1299	1380	227910	238913	181249	190022	
69	8.15854e+006	8.1696e+006	5264	5551	8709	9263	1601	1706	2730	2896	2058	2186	930	995	206435	216396	2197	2334	1208	1295	229133	240194	182705	191553	
70	8.15732e+006	8.16843e+006	5032	5307	8402	8918	1335	1425	2605	2761	1945	2067	882	946	208599	218668	2259	2403	1161	1238	230306	241419	184052	192964	
71	8.15614e+006	8.16729e+006	4823	5078	8135	8633	1087	1170	2462	2613	1832	1949	831	894	210664	220825	2313	2460	1124	1196	231444	242601	185336	194313	
72	8.15504e+006	8.16624e+006	4561	4809	7907	8370	865	931	2340	2483	1732	1840	785	846	212603	222864	2369	2519	1040	1108	232497	243696	186586	195614	
73	8.15399e+006	8.16524e+006	4343	4574	7515	7965	817	884	2207	2342	1634	1741	742	802	214437	224785	2423	2576	991	1060	233501	244743	187725	196805	
74	8.15301e+006	8.16429e+006	4108	4340	7143	7577	788	850	2102	2230	1541	1642	696	755	216157	226583	2478	2634	927	1003	234442	245731	188806	197934	
75	8.15208e+006	8.1634e+006	3864	4086	6790	7192	747	805	2019	2137	1447	1548	654	715	217815	228329	2528	2688	880	943	235336	246660	189860	199029	
76	8.15118e+006	8.16254e+006	3672	3890	6469	6851	714	773	1903	2012	1396	1494	629	688	219351	229935	2567	2728	848	911	236194	247560	190832	200039	
77	8.15033e+006	8.16174e+006	3476	3684	6164	6521	679	735	1809	1917	1324	1419	593	650	220817	231475	2610	2773	796	854	237001	248403	191764	201009	
78	8.14953e+006	8.16096e+006	3312	3499	5827	6188	640	696	1719	1826	1252	1340	560	613	222249	232967	2652	2817	763	817	237776	249207	192636	201923	
79	8.14878e+006	8.16024e+006	3139	3318	5537	5873	605	654	1635	1742	1189	1273	529	579	223582	234357	2690	2858	707	761	238495	249957	193472	202791	
80	8.14805e+006	8.15955e+006	2969	3148	5258	5585	570	617	1541	1644	1134	1212	502	548	224870	235703	2726	2896	678	741	239182	250689	194267	203625	
81	8.14735e+006	8.15889e+006	2831	3006	4961	5275	538	584	1460	1559	1073	1149	475	517	226120	237001	2755	2928	657	713	239851	251390	195015	204406	
82	8.14671e+006	8.15827e+006	2672	2847	4712	5013	511	556	1401	1488	1026	1097	453	494	227253	238187	2783	2958	606	655	240471	252031	195733	205150	
83	8.14608e+006	8.15766e+006	2557	2727	4457	4745	483	524	1329	1409	978	1048	431	473	228343	239328	2815	2993	590	643	241075	252661	196399	205846	
84	8.14547e+006	8.15708e+006	2446	2597	4230	4505	461	503	1261	1341	926	991	411	451	229376	240411	2844	3023	565	613	241652	253262	197034	206520	
85	8.14492e+006	8.15656e+006	2299	2451	4026	4295	440	484	1198	1275	886	948	392	432	230344	241424	2870	3051	515	562	242177	253814	197658	207174	
86	8.14439e+006	8.15605e+006	2191	2336	3809	4064	416	459	1146	1224	826	884	363	402	231286	242409	2899	3081	495	543	242687	254342	198233	207769	
87	8.14388e+006	8.15556e+006	2079	2220	3627	3874	396	435	1077	1150	785	841	347	385	232179	243343	2923	3106	482	524	243179	254856	198793	208351	
88	8.14339e+006	8.15509e+006	1965	2106	3454	3695	371	410	1012	1085	747	799	331	366	233036	244229	2945	3130	454	496	243643	255342	199331	208910	
89	8.14187e+006	8.15363e+006	2889	3091	3275	3514	355	393	963	1028	705	755	311	346	233826	245053	2967	3153	1436	1550	245102	256869	199816	209420	
90	8.1404e+006	8.15223e+006	3778	4034	3117	3336	334	371	916	979	671	719	302	336	234574	245846	2990	3176	1382	1489	246506	258335	200289	209909	
91	8.13903e+006	8.15092e+006	4585	4896	2951	3165	322	356	862	924	646	689	293	326	235302	246611	3010	3198	1287	1388	247814	259702	200744	210385	
92	8.13742e+006	8.14938e+006	5650	6042	2817	3026	304	336	808	865	609	653	277	308	235993	247327	3029	3218	1518	1644	249359	261318	201175	210837	
93	8.1356e+006	8.14763e+006	5934	6340	3568	3840	391	435	769	825	572	614	260	287	236650	248017	3049	3240	1720	1847	251106	263138	202493	212218	
94	8.1336e+006	8.1457e+006	6449	6881	4298	4628	476	525	737	792	544	585	250	276	237271	248664	3065	3258	1898	2029	253032	265139	203766	213547	
95	8.13128e+006	8.14349e+006	7343	7840	4988	5366	558	612	698	755	510	547	233	257	237849	249272	3083	3276	2182	2346	255245	267454	204947	214783	
96	8.12865e+006	8.14097e+006	8313	8860	5902	6357	665	724	668	720	490	527	225	249	238396	249839	3097	3292	2487	2665	257766	270085	206343	216245	
97	8.12564e+006	8.13809e+006	9429	10065	7021	7556	782	851	636	690	467	501	213	237	238928	250396	3111	3306	2837	3050	260644	273094	207932	217899	
98	8.12207e+006	8.13466e+006	10911	11659	8323	8944	921	999	610	665	437	470	198	221	239431	250920	3127	3324	3379	3625	264074	276668	209683	219718	
99	8.11794e+006	8.1307e+006	12636	13493	8992	9667	993	1076	782	850	417	450	191	214	240724	252271	3139	3337	3908	4179	268032	280796	211700	221825	
100	8.11335e+006	8.12632e+006	14482	15470	9981	10730	1104	1195	938	1015	396	427	176	196	241980	253578	3154	3352	4332	4642	272413	285390	213994	224221	
101	8.10816e+006	8.12138e+006	16542	17654	11385	12246	1245	1347	1084	1165	373	404	161	180	243154	254808	3165	3363	4898	5234	277361	290574	216619	226967	
102	8.10226e+006	8.11572e+006	18756	20000	13062	14044	1421	1536	1275	1366	359	388	156	173	244510	256227	3177	3375	5592	5970	283016	296481	219743	230219	
103	8.09557e+006	8.10933e+006	21171	22567	15012	16143	1648	1781	1519	1623	342	373	148	166	246015	257796	3188	3388	6321	6748	289402	303164	223333	233965	
104	8.08792e+006	8.10199e+006	24108	25659	17187	18494	1901	2050	1788	1914	328	360	140	158	247670	259515	3198	3398	7270	7733	296749	310819	227311	238135	
105	8.07914e+006	8.09361e+006	27516	29279	19646	21126	2150	2314	1932	2068	375	411	167	188	249681	261619	3206	3407	8307	8855	305131	319599	231825	242869	
106	8.06918e+006	8.0841e+006	31350	33344	22424	24105	2466	2651	2159	2311	411	449	186	207	251922	263966	3216	3416	9425	10035	314635	329555	236958	248230	
107	8.0579e+006	8.07334e+006	35699	37972	25548	27442	2812	3025	2460	2638	446	488	204	227	254450	266607	3224	3424	10671	11375	325400	340837	242760	254303	
108	8.04498e+006	8.06106e+006	40620	43252	29033	31146	3208	3440	2841	3041	502	547	230	256	257434	269713	3231	3433	12192	13011	337681	353760	249438	261263	
109	8.03042e+006	8.04718e+006	46103	49046	32972	35361	3654	3914	3261	3482	567	620	256	286	260897	273325	3237	3439	13788	14650	351559	368320	257049	269241	
110	8.01385e+006	8.03144e+006	52325	55665	37538	40230	4168	4452	3752	4002	636	698	293	327	264708	277317	3244	3446	15647	16654	367294	384887	265685	278296	
111	7.99499e+006	8.0135e+006	59495	63249	42681	45742	4780	5099	4276	4567	725	794	339	377	269031	281836	3251	3454	17837	18963	385232	403749	275449	288537	
112	7.97361e+006	7.9932e+006	67500	71719	48633	52136	5410	5765	4866	5199	835	911	392	432	273971	286989	3261	3464	20196	21483	405535	425125	286633	300315	
113	7.94942e+006	7.97025e+006	76570	81356	55308	59250	6178	6577	5567	5948	960	1045	451	496	279515	292790	3269	3472	22859	24286	428489	449316	299229	313538	
114	7.92193e+006	7.94412e+006	86949	92292	62809	67301	7021	7481	6308	6731	1121	1213	524	572	285944	299498	3275	3479	26027	27590	454618	476804	313519	328589	
115	7.89094e+006	7.91475e+006	98375	104429	71343	76406	7988	8514	7163	7639	1257	1358	582	633	293311	307206	3295	3501	29263	31100	483986	507799	329793	345706	
116	7.85584e+006	7.88148e+006	111353	118133	81021	86761	9048	9638	8135	8675	1427	1540	660	718	301647	315931	3314	3521	33172	35189	517253	542892	348256	365162	
117	7.81611e+006	7.84379e+006	126091	133680	91970	98438	10251	10909	9280	9886	1625	1749	749	811	311043	325780	3333	3541	37596	39834	554948	582628	369128	387177	
118	7.77139e+006	7.80136e+006	142397	150902	104362	111575	11660	12384	10553	11246	1849	1987	852	921	321806	337086	3354	3561	42334	44811	597376	627345	392865	412176	
119	7.72103e+006	7.75358e+006	160835	170242	118269	126459	13172	14007	11982	12753	2096	2253	968	1047	333979	349853	3378	3586	47704	50437	645159	677703	419574	440368	
120	7.66454e+006	7.69989e+006	181259	191636	133996	143197	14912	15860	13599	14473	2402	2576	1114	1201	347762	364352	3403	3613	53596	56584	698843	734198	449818	472271	
121	7.60137e+006	7.63988e+006	203594	215050	151758	162079	16858	17899	15448	16452	2739	2933	1264	1362	363475	380856	3432	3645	59929	63250	758853	797367	484082	508422	
122	7.53029e+006	7.57223e+006	228819	241418	171638	183156	19048	20219	17574	18695	3124	3345	1446	1559	381237	399542	3464	3678	67556	71181	826508	868449	522690	549123	
123	7.45091e+006	7.49661e+006	256657	270436	193916	206747	21542	22851	19919	21191	3571	3820	1655	1781	401367	420725	3498	3714	75541	79456	902126	947828	566113	594915	
124	7.36236e+006	7.41217e+006	287435	302462	218637	232903	24298	25782	22592	23994	4061	4352	1880	2022	424287	444832	3543	3760	84375	88609	986566	1.03637e+006	614925	646276	
125	7.26396e+006	7.31831e+006	321298	337686	246166	261924	27363	28982	25562	27137	4605	4923	2128	2284	450087	472049	3602	3820	93793	98472	1.08043e+006	1.13477e+006	669514	703762	
126	7.15549e+006	7.2145e+006	357468	375057	277026	294396	30804	32585	28971	30760	5235	5595	2409	2582	479256	502790	3659	3879	103722	108556	1.18424e+006	1.24324e+006	731046	768422	
127	7.03543e+006	7.09951e+006	396856	415723	311041	330094	34635	36609	32856	34852	5971	6381	2748	2942	512271	537578	3723	3945	114927	120125	1.29923e+006	1.3633e+006	799817	840617	
128	6.9037e+006	6.97307e+006	438858	458903	348739	369560	38874	41046	37145	39365	6786	7236	3123	3339	549524	576844	3798	4023	126375	131791	1.42567e+006	1.49503e+006	876644	921168	
129	6.75956e+006	6.83454e+006	483525	504645	390158	412935	43446	45803	41938	44386	7717	8226	3546	3790	591501	621098	3884	4111	138450	144223	1.56419e+006	1.63918e+006	962072	1.01076e+006	
130	6.60233e+006	6.68289e+006	531392	553375	435211	459833	48431	50965	47305	50042	8752	9318	4001	4271	638686	670736	3986	4216	151589	157286	1.71584e+006	1.79641e+006	1.05656e+006	1.1095e+006	
131	6.43241e+006	6.51864e+006	580652	603240	484667	511171	53872	56604	53306	56340	9921	10551	4543	4844	691424	726256	4093	4329	164181	169995	1.8801e+006	1.96633e+006	1.16129e+006	1.21885e+006	
132	6.24904e+006	6.34094e+006	631909	654884	537548	565846	59728	62620	60016	63364	11245	11952	5134	5470	750915	788775	4224	4466	177628	183439	2.0578e+006	2.1497e+006	1.27642e+006	1.33883e+006	
133	6.0535e+006	6.15074e+006	683589	706277	594121	624266	65990	69043	67347	71030	12765	13564	5826	6205	817531	858711	4379	4628	190127	195621	2.248e+006	2.34524e+006	1.40255e+006	1.47011e+006	
134	5.84624e+006	5.94851e+006	734153	756321	654542	686146	72724	75898	75578	79618	14474	15350	6624	7042	891862	936707	4546	4803	202147	207335	2.45023e+006	2.55249e+006	1.54065e+006	1.61332e+006	
135	5.62748e+006	5.7342e+006	784189	805182	717896	750624	79700	83001	84636	89048	16351	17322	7493	7951	974612	1.02352e+006	4727	4991	214209	218864	2.66454e+006	2.77126e+006	1.69039e+006	1.76826e+006	
136	5.39895e+006	5.50944e+006	831227	850372	784411	818109	87055	90435	94453	99228	18472	19537	8468	8972	1.06627e+006	1.11937e+006	4941	5217	224653	228643	2.8893e+006	2.99979e+006	1.8524e+006	1.93548e+006	
137	5.1621e+006	5.2756e+006	874828	891708	852074	886055	94590	97988	105126	110299	20778	21974	9533	10110	1.16804e+006	1.22566e+006	5184	5471	233720	236964	3.12313e+006	3.23664e+006	2.02586e+006	2.11389e+006	
138	4.91832e+006	5.03403e+006	914083	928316	920155	953879	102312	105677	116508	122046	23437	24773	10760	11407	1.28017e+006	1.34255e+006	5457	5756	241355	243991	3.36471e+006	3.48041e+006	2.21022e+006	2.3029e+006	
139	4.67078e+006	4.7875e+006	946164	957229	988379	1.02095e+006	109931	113164	128797	134711	26368	27849	12135	12847	1.40317e+006	1.47064e+006	5766	6078	246152	247915	3.61124e+006	3.72795e+006	2.40574e+006	2.50259e+006	
140	4.4208e+006	4.53746e+006	971187	978935	1.05419e+006	1.08501e+006	117300	120337	141728	147977	29641	31268	13651	14430	1.53826e+006	1.61081e+006	6118	6451	249384	250640	3.86128e+006	3.97793e+006	2.6109e+006	2.71128e+006	
141	4.17152e+006	4.28693e+006	987004	992242	1.11686e+006	1.14506e+006	124320	127117	155314	161846	33270	35064	15329	16176	1.68491e+006	1.76266e+006	6503	6857	248954	250855	4.1118e+006	4.22722e+006	2.82455e+006	2.92773e+006	
142	3.92515e+006	4.03826e+006	991805	997143	1.17436e+006	1.19922e+006	130783	133272	169579	176320	37264	39220	17180	18105	1.8439e+006	1.92693e+006	6952	7330	246202	248846	4.36048e+006	4.47359e+006	3.04542e+006	3.1507e+006	
143	3.68438e+006	3.79413e+006	985740	994032	1.22509e+006	1.24584e+006	136448	138574	184285	191023	41549	43647	19126	20125	2.0146e+006	2.1028e+006	7467	7873	240643	244248	4.6046e+006	4.71436e+006	3.27102e+006	3.37731e+006	
144	3.4518e+006	3.55703e+006	968586	980841	1.2683e+006	1.28434e+006	141056	142795	199096	205731	46186	48477	21231	22322	2.19681e+006	2.28992e+006	8035	8470	232492	237187	4.84171e+006	4.94694e+006	3.50001e+006	3.60635e+006	
145	3.22888e+006	3.32894e+006	942346	958277	1.30085e+006	1.312e+006	144536	145839	213835	220203	51343	53819	23599	24788	2.39056e+006	2.48819e+006	8687	9154	222852	228154	5.06979e+006	5.16985e+006	3.72972e+006	3.83509e+006	
146	3.0178e+006	3.11183e+006	907127	926640	1.32155e+006	1.32888e+006	146811	147739	228064	234046	56755	59407	26123	27393	2.59495e+006	2.69653e+006	9418	9919	211031	217160	5.2869e+006	5.38093e+006	3.95795e+006	4.06129e+006	
147	2.81984e+006	2.90753e+006	864366	886770	1.32765e+006	1.33552e+006	147524	148490	241592	247059	62609	65393	28788	30106	2.80858e+006	2.91355e+006	10223	10768	197911	204350	5.4912e+006	5.57889e+006	4.1822e+006	4.28262e+006	
148	2.63553e+006	2.71632e+006	816128	840859	1.31825e+006	1.33071e+006	146594	147968	254064	258869	68657	71567	31556	32919	3.03071e+006	3.13839e+006	11138	11729	184269	191261	5.68242e+006	5.76321e+006	4.40023e+006	4.49664e+006	
149	2.46569e+006	2.53956e+006	763071	789507	1.29605e+006	1.31396e+006	144266	146184	264880	268944	75068	78050	34494	35890	3.25897e+006	3.36833e+006	12154	12798	169803	176793	5.85918e+006	5.93304e+006	4.61017e+006	4.702e+006	
150	2.30981e+006	2.37677e+006	707901	735153	1.26107e+006	1.28465e+006	140210	142700	274010	277172	81685	84716	37526	38943	3.49209e+006	3.60227e+006	13287	13985	155858	162809	6.02196e+006	6.08893e+006	4.81061e+006	4.897e+006	
151	2.16871e+006	2.2289e+006	651047	678717	1.21466e+006	1.24314e+006	135190	138087	280920	283187	88286	91302	40554	41972	3.7277e+006	3.83774e+006	14570	15324	141069	147901	6.16984e+006	6.23003e+006	4.9993e+006	5.07989e+006	
152	2.04121e+006	2.09502e+006	594249	621371	1.15876e+006	1.19175e+006	128872	132185	285374	286979	94977	97936	43609	45015	3.96359e+006	4.07247e+006	15960	16786	127476	133911	6.30372e+006	6.35753e+006	5.17627e+006	5.25056e+006	
153	1.92691e+006	1.97479e+006	538716	564841	1.09474e+006	1.13122e+006	121819	125486	286781	288486	101687	104552	46705	48066	4.19736e+006	4.30417e+006	17520	18413	114274	120258	6.42395e+006	6.47183e+006	5.33995e+006	5.40798e+006	
154	1.82536e+006	1.86768e+006	484372	509173	1.02576e+006	1.06454e+006	114042	117911	284780	287302	108187	110874	49697	50976	4.42718e+006	4.5309e+006	19224	20189	101519	107137	6.53106e+006	6.57338e+006	5.49103e+006	5.55277e+006	
155	1.73501e+006	1.77222e+006	433616	456758	952100	992442	105858	109815	280164	283740	114100	116557	52464	53624	4.65095e+006	4.7509e+006	21096	22146	90313	95487	6.62651e+006	6.66372e+006	5.62845e+006	5.68399e+006	
156	1.65547e+006	1.68805e+006	385645	407055	876600	917258	97774	101779	272813	277469	119573	121741	54957	55989	4.86679e+006	4.96207e+006	23130	24259	79506	84207	6.71069e+006	6.74326e+006	5.75299e+006	5.8027e+006	
157	1.58532e+006	1.61372e+006	341484	361162	801247	841480	89483	93474	262848	268420	124346	126145	57160	58022	5.07308e+006	5.16333e+006	25357	26569	70112	74366	6.78501e+006	6.81341e+006	5.86501e+006	5.90926e+006	
158	1.52371e+006	1.5484e+006	301552	319382	726717	765589	81306	85196	250812	257235	128280	129718	59012	59717	5.2691e+006	5.35369e+006	27753	29039	61587	65357	6.85034e+006	6.87503e+006	5.96501e+006	6.00413e+006	
159	1.46998e+006	1.49132e+006	264929	281007	655352	692412	73280	76968	237069	244193	131246	132317	60320	60883	5.45327e+006	5.5321e+006	30344	31683	53693	57109	6.90741e+006	6.92876e+006	6.05437e+006	6.08878e+006	
160	1.42312e+006	1.44158e+006	232245	246575	586762	621570	65623	69103	222220	229748	133058	133910	61169	61639	5.62576e+006	5.69862e+006	33085	34486	46822	49775	6.95715e+006	6.97562e+006	6.1333e+006	6.16345e+006	
161	1.38241e+006	1.39835e+006	202803	215490	523054	555267	58499	61744	206310	214117	133677	134614	61442	61961	5.7855e+006	5.85235e+006	35918	37378	40671	43279	7.00039e+006	7.01633e+006	6.20304e+006	6.22932e+006	
162	1.34674e+006	1.36052e+006	176837	188000	463981	493513	51838	54790	190059	197908	132829	134132	61042	61730	5.93296e+006	5.99399e+006	38931	40438	35620	37868	7.03821e+006	7.052e+006	6.26448e+006	6.28729e+006	
163	1.31582e+006	1.32771e+006	154015	163759	409713	436673	45657	48348	173830	181603	130606	132334	60023	60895	6.06805e+006	6.12357e+006	42120	43675	30870	32868	7.07103e+006	7.08292e+006	6.31822e+006	6.33791e+006	
164	1.28905e+006	1.29924e+006	133905	142509	360696	384980	40112	42546	157707	165262	127298	129455	58477	59553	6.19108e+006	6.24128e+006	45385	46972	26713	28526	7.0995e+006	7.10969e+006	6.36509e+006	6.38209e+006	
165	1.2657e+006	1.27453e+006	116505	124019	316135	337842	35161	37344	142164	149351	123026	125598	56473	57727	6.30297e+006	6.34812e+006	48695	50314	23270	24789	7.12421e+006	7.13303e+006	6.40582e+006	6.4205e+006	
166	1.2455e+006	1.25316e+006	101014	107599	276714	295958	30825	32762	127287	134067	117797	120743	54070	55498	6.4039e+006	6.4444e+006	52072	53691	20131	21447	7.14558e+006	7.15324e+006	6.44145e+006	6.45414e+006	
167	1.22807e+006	1.23472e+006	87485	93256	241555	258534	26864	28566	113421	119701	111852	115058	51332	52875	6.49489e+006	6.531e+006	55456	57047	17339	18527	7.16402e+006	7.17067e+006	6.47241e+006	6.48336e+006	
168	1.21285e+006	1.21875e+006	75884	80808	210312	225322	23329	24851	100515	106308	105315	108738	48291	49924	6.57658e+006	6.60874e+006	58804	60370	15113	16077	7.17999e+006	7.18589e+006	6.49931e+006	6.50872e+006	
169	1.19971e+006	1.20495e+006	65652	69924	183003	196103	20313	21652	88701	93962	98269	101828	45097	46788	6.64958e+006	6.67806e+006	62131	63648	13040	13903	7.19379e+006	7.19903e+006	6.52259e+006	6.53078e+006	
170	1.18828e+006	1.19302e+006	56828	60519	159069	170525	17643	18814	78103	82850	90897	94482	41699	43404	6.7146e+006	6.73975e+006	65311	66783	11307	12042	7.20571e+006	7.21046e+006	6.54279e+006	6.54992e+006	
171	1.17829e+006	1.18261e+006	49357	52537	138106	148139	15350	16372	68390	72639	83426	87009	38285	39970	6.77244e+006	6.79463e+006	68390	69788	9867	10544	7.21613e+006	7.22045e+006	6.56017e+006	6.56644e+006	
172	1.16967e+006	1.17368e+006	42726	45517	119720	128460	13300	14189	59891	63653	76042	79522	34901	36541	6.82383e+006	6.84334e+006	71303	72624	8483	9057	7.22505e+006	7.22907e+006	6.57525e+006	6.58088e+006	
173	1.16222e+006	1.16603e+006	36989	39416	103744	111346	11505	12278	52301	55620	68939	72283	31634	33207	6.86916e+006	6.88626e+006	74070	75309	7303	7802	7.23271e+006	7.23651e+006	6.5883e+006	6.5934e+006	
174	1.15572e+006	1.1594e+006	32032	34151	89913	96432	9994	10645	45524	48447	62026	65224	28482	29989	6.90929e+006	6.92422e+006	76642	77807	6349	6778	7.23934e+006	7.24301e+006	6.59955e+006	6.60425e+006	
175	1.15007e+006	1.15363e+006	27693	29501	77920	83591	8627	9198	39638	42195	55521	58538	25511	26928	6.9446e+006	6.95764e+006	79014	80095	5525	5897	7.2451e+006	7.24867e+006	6.60937e+006	6.61377e+006	
176	1.14521e+006	1.14872e+006	23938	25491	67456	72381	7476	7987	34442	36662	49485	52269	22725	24034	6.9756e+006	6.98695e+006	81206	82210	4729	5046	7.25002e+006	7.25353e+006	6.61778e+006	6.62198e+006	
177	1.14098e+006	1.14446e+006	20739	22070	58472	62708	6458	6900	29939	31888	43795	46343	20121	21328	7.00277e+006	7.01261e+006	83201	84133	4104	4380	7.25428e+006	7.25776e+006	6.625e+006	6.62906e+006	
178	1.13727e+006	1.14074e+006	17975	19138	50618	54320	5578	5958	25933	27641	38627	40958	17745	18856	7.02659e+006	7.03524e+006	85015	85876	3587	3846	7.258e+006	7.26147e+006	6.63125e+006	6.63525e+006	
179	1.13406e+006	1.13754e+006	15538	16559	43872	47074	4839	5171	22440	23943	33982	36066	15594	16587	7.04738e+006	7.05494e+006	86634	87431	3090	3315	7.26119e+006	7.26468e+006	6.63667e+006	6.64062e+006	
180	1.13131e+006	1.13481e+006	13452	14351	37961	40742	4189	4488	19481	20786	29810	31687	13683	14569	7.06546e+006	7.0721e+006	88056	88795	2643	2839	7.26393e+006	7.26743e+006	6.6413e+006	6.64524e+006	
181	1.12894e+006	1.13246e+006	11620	12417	32781	35159	3630	3883	16878	18004	26089	27751	11959	12742	7.08136e+006	7.08719e+006	89310	89992	2275	2443	7.26628e+006	7.26979e+006	6.64531e+006	6.64925e+006	
182	1.12689e+006	1.13042e+006	10011	10692	28395	30455	3141	3355	14596	15572	22813	24298	10460	11160	7.09511e+006	7.1003e+006	90393	91034	1979	2120	7.26832e+006	7.27185e+006	6.64884e+006	6.6528e+006	
183	1.1251e+006	1.12865e+006	8629	9215	24609	26397	2724	2917	12674	13509	19872	21184	9128	9754	7.10698e+006	7.11165e+006	91369	91979	1710	1837	7.27008e+006	7.27363e+006	6.65186e+006	6.65586e+006	
184	1.12355e+006	1.12711e+006	7477	7982	21269	22828	2364	2540	11001	11733	17288	18436	7948	8495	7.11728e+006	7.12156e+006	92236	92817	1489	1607	7.27162e+006	7.27519e+006	6.65444e+006	6.65847e+006	
185	1.12221e+006	1.12578e+006	6494	6924	18360	19718	2035	2184	9551	10190	15008	16007	6875	7353	7.12626e+006	7.13024e+006	92977	93541	1290	1385	7.27296e+006	7.27653e+006	6.65667e+006	6.66074e+006	
186	1.12104e+006	1.12462e+006	5631	6011	15901	17086	1749	1883	8239	8774	13019	13889	5972	6394	7.13403e+006	7.13778e+006	93635	94182	1115	1208	7.27411e+006	7.2777e+006	6.6586e+006	6.66269e+006	
187	1.12005e+006	1.12364e+006	4868	5195	13746	14789	1512	1635	7114	7588	11367	12124	5215	5577	7.14066e+006	7.14427e+006	94185	94724	950	1019	7.27509e+006	7.27869e+006	6.66027e+006	6.66439e+006	
188	1.11919e+006	1.12279e+006	4200	4481	11849	12747	1321	1429	6150	6553	9853	10513	4528	4837	7.1465e+006	7.15e+006	94687	95213	821	892	7.27594e+006	7.27955e+006	6.66172e+006	6.66586e+006	
189	1.11844e+006	1.12206e+006	3616	3869	10243	11008	1137	1229	5306	5657	8506	9086	3906	4183	7.15155e+006	7.155e+006	95120	95641	709	771	7.27668e+006	7.2803e+006	6.66298e+006	6.66714e+006	
190	1.11778e+006	1.12141e+006	3126	3347	8878	9542	979	1059	4578	4886	7377	7879	3379	3625	7.15585e+006	7.15926e+006	95504	96019	627	685	7.27733e+006	7.28096e+006	6.66408e+006	6.66825e+006	
191	1.11723e+006	1.12086e+006	2707	2903	7687	8255	847	921	3959	4226	6383	6826	2929	3147	7.15955e+006	7.16296e+006	95830	96339	529	576	7.27788e+006	7.28151e+006	6.66501e+006	6.66919e+006	
192	1.11674e+006	1.12038e+006	2342	2513	6646	7141	734	802	3460	3699	5504	5879	2522	2707	7.16273e+006	7.16616e+006	96117	96625	456	503	7.27835e+006	7.28199e+006	6.6658e+006	6.67e+006	
193	1.11633e+006	1.11997e+006	2025	2178	5746	6179	638	694	2995	3205	4765	5088	2176	2337	7.1655e+006	7.16895e+006	96353	96860	394	434	7.27876e+006	7.28241e+006	6.66649e+006	6.67071e+006	
194	1.11595e+006	1.11961e+006	1754	1880	4974	5357	545	596	2598	2792	4130	4411	1883	2025	7.1679e+006	7.17136e+006	96554	97061	354	388	7.27913e+006	7.28279e+006	6.66711e+006	6.67133e+006	
195	1.11563e+006	1.11928e+006	1533	1639	4288	4623	472	519	2259	2429	3585	3829	1637	1765	7.16998e+006	7.17345e+006	96724	97235	307	336	7.27945e+006	7.28311e+006	6.66763e+006	6.67186e+006	
196	1.11536e+006	1.11902e+006	1324	1421	3701	3983	406	447	1948	2103	3103	3315	1405	1517	7.17179e+006	7.17528e+006	96879	97389	250	283	7.27972e+006	7.28338e+006	6.66808e+006	6.67231e+006	
197	1.11511e+006	1.11878e+006	1161	1245	3196	3449	356	395	1679	1807	2663	2850	1210	1307	7.17336e+006	7.17687e+006	97025	97534	229	259	7.27996e+006	7.28362e+006	6.66847e+006	6.6727e+006	
198	1.1149e+006	1.11857e+006	1004	1088	2777	2998	307	343	1434	1555	2311	2472	1043	1127	7.1747e+006	7.17823e+006	97140	97651	200	228	7.28017e+006	7.28384e+006	6.66881e+006	6.67306e+006	
199	1.11471e+006	1.11838e+006	870	949	2420	2606	265	297	1232	1337	2006	2145	908	979	7.17586e+006	7.17941e+006	97240	97750	174	196	7.28036e+006	7.28402e+006	6.66911e+006	6.67336e+006	
200	1.11456e+006	1.11823e+006	762	827	2081	2243	227	258	1049	1143	1728	1853	783	852	7.17689e+006	7.18045e+006	97332	97844	142	161	7.28051e+006	7.28418e+006	6.66936e+006	6.67362e+006	
201	1.11443e+006	1.1181e+006	652	708	1814	1957	198	224	908	990	1493	1599	675	733	7.17775e+006	7.18132e+006	97407	97920	119	139	7.28063e+006	7.28431e+006	6.66959e+006	6.67385e+006	
202	1.11431e+006	1.11799e+006	556	604	1580	1710	172	198	788	855	1291	1387	586	639	7.17849e+006	7.18208e+006	97472	97985	105	124	7.28075e+006	7.28442e+006	6.66979e+006	6.67405e+006	
203	1.11422e+006	1.11789e+006	468	512	1383	1496	152	173	680	742	1117	1201	503	551	7.17913e+006	7.18273e+006	97532	98044	87	104	7.28084e+006	7.28452e+006	6.66996e+006	6.67422e+006	
204	1.11414e+006	1.11781e+006	397	441	1193	1296	128	147	596	648	974	1054	437	483	7.17969e+006	7.1833e+006	97574	98088	74	87	7.28092e+006	7.2846e+006	6.67011e+006	6.67437e+006	
205	1.11406e+006	1.11774e+006	349	389	1024	1121	108	127	522	567	835	904	378	417	7.18019e+006	7.1838e+006	97615	98129	71	87	7.281e+006	7.28468e+006	6.67023e+006	6.67449e+006	
206	1.11399e+006	1.11767e+006	300	339	889	974	97	115	455	497	715	777	324	357	7.1806e+006	7.18423e+006	97651	98165	58	73	7.28106e+006	7.28474e+006	6.67033e+006	6.6746e+006	
207	1.11394e+006	1.11761e+006	264	299	758	832	86	103	392	429	612	668	279	309	7.18099e+006	7.18461e+006	97683	98197	52	63	7.28112e+006	7.2848e+006	6.67042e+006	6.67468e+006	
208	1.11389e+006	1.11757e+006	234	266	646	707	71	87	342	377	522	574	240	269	7.18132e+006	7.18494e+006	97710	98224	43	54	7.28117e+006	7.28485e+006	6.6705e+006	6.67476e+006	
209	1.11384e+006	1.11752e+006	200	227	555	613	58	71	300	331	445	493	205	230	7.18159e+006	7.18523e+006	97737	98250	37	47	7.28121e+006	7.28489e+006	6.67057e+006	6.67484e+006	
210	1.11381e+006	1.11749e+006	172	196	473	533	54	67	252	283	382	425	174	196	7.18184e+006	7.18548e+006	97757	98271	31	40	7.28125e+006	7.28493e+006	6.67063e+006	6.6749e+006	
211	1.11378e+006	1.11746e+006	146	169	412	466	47	58	211	241	330	370	149	169	7.18204e+006	7.18568e+006	97775	98289	27	37	7.28128e+006	7.28496e+006	6.67069e+006	6.67495e+006	
212	1.11375e+006	1.11743e+006	124	147	357	404	40	51	183	207	287	323	128	147	7.18221e+006	7.18586e+006	97791	98304	22	30	7.28131e+006	7.28499e+006	6.67073e+006	6.675e+006	
213	1.11372e+006	1.11741e+006	108	129	316	357	31	41	159	180	248	281	113	131	7.18236e+006	7.18601e+006	97804	98316	21	29	7.28133e+006	7.28501e+006	6.67077e+006	6.67504e+006	
214	1.1137e+006	1.11738e+006	96	117	277	316	27	36	134	153	213	242	99	115	7.18249e+006	7.18614e+006	97818	98331	19	27	7.28135e+006	7.28503e+006	6.67081e+006	6.67508e+006	
215	1.11368e+006	1.11736e+006	85	103	235	270	24	32	116	134	188	213	85	99	7.18261e+006	7.18626e+006	97825	98339	16	23	7.28137e+006	7.28505e+006	6.67084e+006	6.67511e+006	
216	1.11367e+006	1.11735e+006	75	93	203	236	19	26	102	121	162	186	73	88	7.1827e+006	7.18635e+006	97834	98348	12	19	7.28139e+006	7.28507e+006	6.67086e+006	6.67513e+006	
217	1.11365e+006	1.11733e+006	68	85	175	206	16	23	87	105	144	164	64	77	7.18279e+006	7.18644e+006	97841	98356	14	22	7.28141e+006	7.28509e+006	6.67088e+006	6.67516e+006	
218	1.11363e+006	1.11731e+006	60	77	153	183	13	19	78	95	125	145	56	69	7.18286e+006	7.18651e+006	97848	98364	12	18	7.28142e+006	7.2851e+006	6.67091e+006	6.67518e+006	
219	1.11362e+006	1.1173e+006	52	68	133	161	12	18	66	82	108	127	48	60	7.18292e+006	7.18658e+006	97853	98370	8	13	7.28143e+006	7.28512e+006	6.67093e+006	6.6752e+006	
220	1.11361e+006	1.11729e+006	51	66	115	141	11	17	55	69	91	109	42	53	7.18298e+006	7.18664e+006	97859	98376	11	18	7.28145e+006	7.28513e+006	6.67094e+006	6.67521e+006	
221	1.1136e+006	1.11728e+006	43	57	103	128	10	16	43	57	77	92	36	46	7.18304e+006	7.18669e+006	97864	98381	7	12	7.28146e+006	7.28514e+006	6.67096e+006	6.67523e+006	
222	1.11359e+006	1.11727e+006	37	49	93	118	9	14	37	49	68	81	32	42	7.18308e+006	7.18673e+006	97868	98384	6	10	7.28146e+006	7.28515e+006	6.67097e+006	6.67524e+006	
223	1.11358e+006	1.11726e+006	35	48	81	104	7	13	31	44	58	70	27	36	7.18311e+006	7.18677e+006	97872	98389	7	12	7.28147e+006	7.28516e+006	6.67098e+006	6.67525e+006	
224	1.11357e+006	1.11726e+006	30	41	74	95	7	12	26	38	48	61	21	29	7.18315e+006	7.1868e+006	97875	98392	6	11	7.28148e+006	7.28517e+006	6.67099e+006	6.67527e+006	
225	1.11356e+006	1.11725e+006	28	38	65	85	6	11	23	32	41	53	19	27	7.18318e+006	7.18683e+006	97878	98394	5	9	7.28149e+006	7.28517e+006	6.671e+006	6.67527e+006	
226	1.11356e+006	1.11724e+006	26	35	59	78	5	10	21	30	37	47	16	24	7.1832e+006	7.18685e+006	97879	98396	4	8	7.28149e+006	7.28518e+006	6.67101e+006	6.67528e+006	
227	1.11355e+006	1.11724e+006	21	29	51	70	5	9	19	29	30	40	13	21	7.18322e+006	7.18688e+006	97882	98399	2	6	7.2815e+006	7.28518e+006	6.67102e+006	6.67529e+006	
228	1.11355e+006	1.11723e+006	18	25	47	63	4	8	17	26	25	34	11	18	7.18324e+006	7.1869e+006	97883	98400	3	7	7.2815e+006	7.28519e+006	6.67103e+006	6.6753e+006	
229	1.11354e+006	1.11723e+006	17	24	43	59	4	8	15	23	20	29	10	16	7.18326e+006	7.18691e+006	97885	98402	4	8	7.28151e+006	7.28519e+006	6.67103e+006	6.67531e+006	
230	1.11354e+006	1.11722e+006	16	22	36	50	3	7	14	22	18	26	8	14	7.18328e+006	7.18693e+006	97886	98403	3	6	7.28151e+006	7.2852e+006	6.67104e+006	6.67531e+006	
231	1.11353e+006	1.11722e+006	17	24	32	44	3	6	12	19	14	22	6	11	7.18329e+006	7.18695e+006	97887	98405	4	7	7.28152e+006	7.2852e+006	6.67104e+006	6.67531e+006	
232	1.11353e+006	1.11721e+006	16	24	29	40	3	7	11	16	12	18	5	9	7.1833e+006	7.18696e+006	97888	98405	3	6	7.28152e+006	7.28521e+006	6.67104e+006	6.67532e+006	
233	1.11352e+006	1.11721e+006	16	23	26	37	3	6	9	15	10	16	5	8	7.18331e+006	7.18697e+006	97888	98406	3	7	7.28153e+006	7.28521e+006	6.67105e+006	6.67532e+006	
234	1.11352e+006	1.11721e+006	15	22	23	33	2	5	8	13	9	15	4	7	7.18333e+006	7.18698e+006	97889	98406	2	5	7.28153e+006	7.28522e+006	6.67105e+006	6.67533e+006	
235	1.11352e+006	1.1172e+006	14	20	22	31	2	5	7	12	7	12	3	6	7.18333e+006	7.18699e+006	97890	98407	2	5	7.28153e+006	7.28522e+006	6.67106e+006	6.67533e+006	
236	1.11351e+006	1.1172e+006	13	20	22	31	2	4	5	9	8	13	3	6	7.18334e+006	7.187e+006	97890	98407	3	6	7.28154e+006	7.28522e+006	6.67106e+006	6.67534e+006	
237	1.11351e+006	1.11719e+006	12	18	22	32	2	4	4	8	7	11	3	6	7.18335e+006	7.187e+006	97890	98408	2	5	7.28154e+006	7.28523e+006	6.67107e+006	6.67534e+006	
238	1.11351e+006	1.11719e+006	11	17	22	31	1	4	4	8	6	10	2	5	7.18335e+006	7.18701e+006	97891	98408	1	4	7.28155e+006	7.28523e+006	6.67107e+006	6.67535e+006	
239	1.1135e+006	1.11719e+006	10	16	20	29	1	4	5	8	5	10	2	5	7.18336e+006	7.18702e+006	97891	98408	1	4	7.28155e+006	7.28523e+006	6.67107e+006	6.67535e+006	
240	1.1135e+006	1.11719e+006	9	15	20	29	1	3	4	8	4	9	2	5	7.18336e+006	7.18702e+006	97891	98409	2	4	7.28155e+006	7.28524e+006	6.67108e+006	6.67535e+006	
241	1.1135e+006	1.11718e+006	8	14	18	26	1	4	4	7	4	8	1	4	7.18337e+006	7.18703e+006	97892	98409	2	4	7.28155e+006	7.28524e+006	6.67108e+006	6.67536e+006	
242	1.11349e+006	1.11718e+006	9	15	16	25	1	4	4	8	3	7	1	4	7.18337e+006	7.18703e+006	97892	98409	2	5	7.28156e+006	7.28524e+006	6.67108e+006	6.67536e+006	
243	1.11349e+006	1.11718e+006	10	16	15	22	1	3	4	8	3	7	1	4	7.18338e+006	7.18704e+006	97892	98410	2	5	7.28156e+006	7.28525e+006	6.67109e+006	6.67536e+006	
244	1.11349e+006	1.11717e+006	10	15	14	21	1	3	4	8	2	6	1	4	7.18338e+006	7.18704e+006	97893	98410	1	3	7.28156e+006	7.28525e+006	6.67109e+006	6.67536e+006	
245	1.11349e+006	1.11717e+006	10	15	13	21	1	3	3	7	3	6	1	4	7.18339e+006	7.18705e+006	97893	98410	2	4	7.28157e+006	7.28525e+006	6.67109e+006	6.67537e+006	
246	1.11348e+006	1.11717e+006	8	13	12	20	1	3	3	6	2	5	1	3	7.18339e+006	7.18705e+006	97893	98410	1	3	7.28157e+006	7.28525e+006	6.6711e+006	6.67537e+006	
247	1.11348e+006	1.11717e+006	7	12	12	20	1	4	2	5	2	5	1	3	7.1834e+006	7.18706e+006	97893	98410	1	4	7.28157e+006	7.28526e+006	6.6711e+006	6.67537e+006	
248	1.11348e+006	1.11716e+006	10	15	11	18	1	4	2	4	2	5	1	3	7.1834e+006	7.18706e+006	97893	98410	3	6	7.28158e+006	7.28526e+006	6.6711e+006	6.67537e+006	
249	1.11347e+006	1.11716e+006	10	15	12	19	1	4	1	3	2	5	1	3	7.1834e+006	7.18706e+006	97893	98410	1	4	7.28158e+006	7.28526e+006	6.6711e+006	6.67538e+006	
250	1.11347e+006	1.11716e+006	10	16	11	18	1	4	1	4	1	4	0	2	7.18341e+006	7.18707e+006	97894	98410	1	4	7.28158e+006	7.28527e+006	6.6711e+006	6.67538e+006	
251	1.11347e+006	1.11715e+006	10	15	11	18	1	4	1	4	1	4	1	3	7.18341e+006	7.18707e+006	97894	98410	1	4	7.28158e+006	7.28527e+006	6.67111e+006	6.67538e+006	
252	1.11347e+006	1.11715e+006	8	13	12	19	2	4	2	5	1	4	1	3	7.18341e+006	7.18707e+006	97894	98411	1	4	7.28159e+006	7.28527e+006	6.67111e+006	6.67539e+006	
253	1.11346e+006	1.11715e+006	8	14	11	18	1	3	2	5	1	3	0	2	7.18342e+006	7.18708e+006	97894	98411	2	5	7.28159e+006	7.28527e+006	6.67111e+006	6.67539e+006	
254	1.11346e+006	1.11715e+006	7	12	12	20	1	3	2	5	1	3	0	2	7.18342e+006	7.18708e+006	97894	98411	1	2	7.28159e+006	7.28528e+006	6.67112e+006	6.67539e+006	
255	1.11346e+006	1.11714e+006	8	12	12	19	1	3	2	5	1	3	0	1	7.18342e+006	7.18708e+006	97894	98411	1	4	7.28159e+006	7.28528e+006	6.67112e+006	6.67539e+006	
256	1.11345e+006	1.11714e+006	8	13	13	20	1	3	2	4	1	3	0	1	7.18343e+006	7.18708e+006	97894	98411	2	5	7.2816e+006	7.28528e+006	6.67112e+006	6.67539e+006	
257	1.11345e+006	1.11714e+006	8	13	13	21	0	2	2	4	0	2	0	1	7.18343e+006	7.18709e+006	97894	98411	2	5	7.2816e+006	7.28529e+006	6.67112e+006	6.6754e+006	
258	1.11345e+006	1.11713e+006	11	17	11	18	0	2	1	4	0	2	-0	1	7.18343e+006	7.18709e+006	97894	98411	3	6	7.2816e+006	7.28529e+006	6.67113e+006	6.6754e+006	
259	1.11344e+006	1.11713e+006	11	17	11	17	0	2	1	4	0	2	-0	1	7.18344e+006	7.18709e+006	97894	98411	1	4	7.28161e+006	7.28529e+006	6.67113e+006	6.6754e+006	
260	1.11344e+006	1.11713e+006	11	16	12	18	0	1	2	4	0	2	-0	1	7.18344e+006	7.1871e+006	97894	98411	2	4	7.28161e+006	7.2853e+006	6.67113e+006	6.67541e+006	
261	1.11344e+006	1.11712e+006	11	17	13	19	0	1	2	5	0	2	-0	1	7.18344e+006	7.1871e+006	97894	98411	2	5	7.28161e+006	7.2853e+006	6.67113e+006	6.67541e+006	
262	1.11343e+006	1.11712e+006	10	15	14	21	0	2	2	5	0	2	-0	1	7.18344e+006	7.1871e+006	97894	98411	2	5	7.28162e+006	7.2853e+006	6.67114e+006	6.67541e+006	
263	1.11343e+006	1.11712e+006	10	15	13	20	0	2	2	4	0	2	-0	1	7.18345e+006	7.1871e+006	97894	98411	1	4	7.28162e+006	7.28531e+006	6.67114e+006	6.67542e+006	
264	1.11343e+006	1.11711e+006	10	16	15	22	0	2	1	4	0	2	-0	1	7.18345e+006	7.18711e+006	97894	98411	2	5	7.28162e+006	7.28531e+006	6.67114e+006	6.67542e+006	
265	1.11343e+006	1.11711e+006	9	15	16	23	0	2	1	4	0	2	-0	1	7.18345e+006	7.18711e+006	97894	98411	2	4	7.28163e+006	7.28531e+006	6.67115e+006	6.67542e+006	
266	1.11342e+006	1.11711e+006	9	14	15	23	1	3	1	4	0	2	-0	1	7.18345e+006	7.18711e+006	97894	98411	1	4	7.28163e+006	7.28531e+006	6.67115e+006	6.67542e+006	
267	1.11342e+006	1.11711e+006	9	15	14	22	1	3	2	4	0	2	0	1	7.18346e+006	7.18712e+006	97894	98411	2	4	7.28163e+006	7.28532e+006	6.67115e+006	6.67543e+006	
268	1.11342e+006	1.1171e+006	9	15	14	21	0	2	2	5	0	2	0	1	7.18346e+006	7.18712e+006	97894	98411	2	6	7.28164e+006	7.28532e+006	6.67116e+006	6.67543e+006	
269	1.11341e+006	1.1171e+006	10	15	14	21	0	2	2	5	0	1	-0	1	7.18346e+006	7.18712e+006	97894	98411	2	5	7.28164e+006	7.28532e+006	6.67116e+006	6.67543e+006	
270	1.11341e+006	1.1171e+006	10	15	13	20	1	3	2	5	0	1	-0	1	7.18347e+006	7.18713e+006	97894	98411	1	4	7.28164e+006	7.28533e+006	6.67116e+006	6.67543e+006	
271	1.11341e+006	1.11709e+006	10	16	12	19	1	3	2	5	0	2	-0	1	7.18347e+006	7.18713e+006	97894	98411	2	5	7.28164e+006	7.28533e+006	6.67116e+006	6.67544e+006	
272	1.1134e+006	1.11709e+006	9	14	13	20	1	3	2	5	0	2	-0	1	7.18347e+006	7.18713e+006	97894	98411	1	4	7.28165e+006	7.28533e+006	6.67117e+006	6.67544e+006	
273	1.1134e+006	1.11709e+006	9	14	14	21	1	3	1	4	0	2	-0	1	7.18348e+006	7.18713e+006	97894	98411	2	5	7.28165e+006	7.28534e+006	6.67117e+006	6.67544e+006	
274	1.1134e+006	1.11708e+006	10	15	13	20	1	3	1	4	1	2	0	1	7.18348e+006	7.18714e+006	97894	98411	2	5	7.28165e+006	7.28534e+006	6.67117e+006	6.67545e+006	
275	1.11339e+006	1.11708e+006	11	17	14	20	1	3	2	5	1	2	0	1	7.18348e+006	7.18714e+006	97894	98411	3	6	7.28166e+006	7.28534e+006	6.67118e+006	6.67545e+006	
276	1.11339e+006	1.11708e+006	11	17	13	20	1	3	2	5	0	2	-0	1	7.18348e+006	7.18714e+006	97894	98411	1	4	7.28166e+006	7.28535e+006	6.67118e+006	6.67545e+006	
277	1.11339e+006	1.11707e+006	11	17	13	20	1	3	2	5	0	2	-0	1	7.18349e+006	7.18715e+006	97894	98411	2	5	7.28166e+006	7.28535e+006	6.67118e+006	6.67546e+006	
278	1.11338e+006	1.11707e+006	11	17	13	20	1	3	2	5	0	2	-0	1	7.18349e+006	7.18715e+006	97894	98411	2	4	7.28167e+006	7.28535e+006	6.67118e+006	6.67546e+006	
279	1.11338e+006	1.11707e+006	10	15	13	21	1	4	3	6	0	2	-0	1	7.18349e+006	7.18715e+006	97894	98411	2	4	7.28167e+006	7.28536e+006	6.67119e+006	6.67546e+006	
280	1.11338e+006	1.11706e+006	12	17	13	21	1	4	2	6	1	3	-0	1	7.1835e+006	7.18715e+006	97894	98411	3	6	7.28168e+006	7.28536e+006	6.67119e+006	6.67546e+006	
281	1.11337e+006	1.11706e+006	12	17	13	21	1	4	3	6	1	3	-0	1	7.1835e+006	7.18716e+006	97894	98411	3	6	7.28168e+006	7.28536e+006	6.67119e+006	6.67547e+006	
282	1.11337e+006	1.11705e+006	11	17	14	22	1	4	3	6	1	3	0	1	7.1835e+006	7.18716e+006	97895	98412	1	4	7.28168e+006	7.28537e+006	6.6712e+006	6.67547e+006	
283	1.11337e+006	1.11705e+006	12	18	14	22	1	3	4	7	1	3	0	2	7.1835e+006	7.18716e+006	97895	98412	2	5	7.28169e+006	7.28537e+006	6.6712e+006	6.67547e+006	
284	1.11336e+006	1.11705e+006	12	18	15	23	1	4	4	8	1	3	0	2	7.18351e+006	7.18716e+006	97895	98412	3	6	7.28169e+006	7.28537e+006	6.6712e+006	6.67548e+006	
285	1.11336e+006	1.11704e+006	11	17	15	22	1	4	4	8	1	3	0	2	7.18351e+006	7.18717e+006	97895	98412	2	5	7.28169e+006	7.28538e+006	6.67121e+006	6.67548e+006	
286	1.11336e+006	1.11704e+006	12	18	15	22	1	3	4	8	1	3	0	2	7.18351e+006	7.18717e+006	97895	98412	2	5	7.2817e+006	7.28538e+006	6.67121e+006	6.67548e+006	
287	1.11335e+006	1.11704e+006	10	16	15	22	1	4	4	8	1	3	0	2	7.18352e+006	7.18717e+006	97895	98412	1	3	7.2817e+006	7.28538e+006	6.67121e+006	6.67549e+006	
288	1.11335e+006	1.11703e+006	10	15	16	24	1	3	4	8	1	3	0	2	7.18352e+006	7.18718e+006	97895	98412	2	5	7.2817e+006	7.28539e+006	6.67122e+006	6.67549e+006	
289	1.11335e+006	1.11703e+006	10	16	17	24	1	3	3	7	1	4	0	2	7.18352e+006	7.18718e+006	97895	98412	3	6	7.28171e+006	7.28539e+006	6.67122e+006	6.67549e+006	
290	1.11334e+006	1.11703e+006	10	16	16	23	1	3	3	7	1	3	0	2	7.18353e+006	7.18719e+006	97896	98413	2	4	7.28171e+006	7.28539e+006	6.67122e+006	6.6755e+006	
291	1.11334e+006	1.11702e+006	13	19	14	22	0	2	4	7	1	3	0	2	7.18353e+006	7.18719e+006	97896	98413	4	7	7.28172e+006	7.2854e+006	6.67123e+006	6.6755e+006	
292	1.11333e+006	1.11702e+006	13	19	15	22	1	3	3	7	1	3	0	2	7.18353e+006	7.18719e+006	97896	98413	2	5	7.28172e+006	7.2854e+006	6.67123e+006	6.6755e+006	
293	1.11333e+006	1.11701e+006	12	18	15	24	1	3	3	6	1	3	0	2	7.18354e+006	7.1872e+006	97896	98413	2	5	7.28172e+006	7.28541e+006	6.67123e+006	6.67551e+006	
294	1.11333e+006	1.11701e+006	12	17	14	22	1	3	3	6	1	4	1	2	7.18354e+006	7.1872e+006	97896	98413	1	4	7.28172e+006	7.28541e+006	6.67124e+006	6.67551e+006	
295	1.11332e+006	1.11701e+006	10	16	15	23	1	4	3	6	1	4	1	3	7.18355e+006	7.1872e+006	97896	98413	3	5	7.28173e+006	7.28541e+006	6.67124e+006	6.67551e+006	
296	1.11332e+006	1.117e+006	12	19	15	23	1	4	3	6	1	4	1	3	7.18355e+006	7.18721e+006	97896	98413	3	7	7.28173e+006	7.28542e+006	6.67124e+006	6.67552e+006	
297	1.11332e+006	1.117e+006	12	18	17	25	1	3	2	5	2	4	1	3	7.18355e+006	7.18721e+006	97896	98413	2	5	7.28174e+006	7.28542e+006	6.67125e+006	6.67552e+006	
298	1.11331e+006	1.117e+006	13	19	16	24	1	3	3	5	2	4	1	3	7.18355e+006	7.18721e+006	97896	98413	2	5	7.28174e+006	7.28543e+006	6.67125e+006	6.67552e+006	
299	1.11331e+006	1.11699e+006	12	18	16	24	0	2	3	6	1	4	1	3	7.18356e+006	7.18722e+006	97896	98413	2	4	7.28174e+006	7.28543e+006	6.67125e+006	6.67553e+006	
300	1.11331e+006	1.11699e+006	10	15	19	27	0	2	3	6	1	4	1	3	7.18356e+006	7.18722e+006	97896	98413	1	4	7.28175e+006	7.28543e+006	6.67126e+006	6.67553e+006	
301	1.1133e+006	1.11699e+006	9	15	17	25	0	2	3	6	1	4	1	3	7.18357e+006	7.18722e+006	97896	98413	2	4	7.28175e+006	7.28543e+006	6.67126e+006	6.67554e+006	
302	1.1133e+006	1.11699e+006	8	13	17	25	0	2	3	6	1	4	0	2	7.18357e+006	7.18723e+006	97896	98413	1	3	7.28175e+006	7.28544e+006	6.67126e+006	6.67554e+006	
303	1.1133e+006	1.11698e+006	6	11	16	24	1	3	4	7	1	4	0	2	7.18357e+006	7.18723e+006	97896	98413	0	2	7.28175e+006	7.28544e+006	6.67127e+006	6.67554e+006	
304	1.1133e+006	1.11698e+006	7	12	16	25	1	3	4	8	1	3	0	2	7.18358e+006	7.18723e+006	97896	98413	2	5	7.28176e+006	7.28544e+006	6.67127e+006	6.67554e+006	
305	1.11329e+006	1.11698e+006	9	14	15	23	1	3	4	8	1	4	0	2	7.18358e+006	7.18724e+006	97896	98413	3	6	7.28176e+006	7.28544e+006	6.67127e+006	6.67555e+006	
306	1.11329e+006	1.11697e+006	9	14	12	19	1	3	4	8	1	4	0	2	7.18359e+006	7.18724e+006	97896	98413	1	4	7.28176e+006	7.28545e+006	6.67127e+006	6.67555e+006	
307	1.11329e+006	1.11697e+006	11	17	10	17	1	3	4	8	1	3	0	1	7.18359e+006	7.18725e+006	97896	98413	2	5	7.28177e+006	7.28545e+006	6.67128e+006	6.67555e+006	
308	1.11328e+006	1.11697e+006	11	17	9	17	1	3	3	7	1	4	0	2	7.18359e+006	7.18725e+006	97896	98413	2	4	7.28177e+006	7.28545e+006	6.67128e+006	6.67555e+006	
309	1.11328e+006	1.11696e+006	10	16	11	18	1	3	3	6	1	4	0	2	7.1836e+006	7.18725e+006	97896	98413	2	5	7.28177e+006	7.28546e+006	6.67128e+006	6.67556e+006	
310	1.11328e+006	1.11696e+006	11	17	11	18	1	3	3	6	2	5	0	2	7.1836e+006	7.18725e+006	97896	98413	2	5	7.28178e+006	7.28546e+006	6.67129e+006	6.67556e+006	
311	1.11327e+006	1.11696e+006	10	15	12	19	1	3	2	5	2	5	0	2	7.1836e+006	7.18726e+006	97897	98414	1	4	7.28178e+006	7.28546e+006	6.67129e+006	6.67556e+006	
312	1.11327e+006	1.11695e+006	9	14	13	20	1	3	2	5	2	5	0	2	7.1836e+006	7.18726e+006	97897	98414	1	3	7.28178e+006	7.28547e+006	6.67129e+006	6.67556e+006	
313	1.11327e+006	1.11695e+006	9	14	15	23	1	3	1	4	2	5	0	2	7.18361e+006	7.18726e+006	97897	98414	2	5	7.28179e+006	7.28547e+006	6.67129e+006	6.67557e+006	
314	1.11327e+006	1.11695e+006	8	13	16	23	1	3	2	5	2	5	0	2	7.18361e+006	7.18726e+006	97897	98414	1	4	7.28179e+006	7.28547e+006	6.6713e+006	6.67557e+006	
315	1.11326e+006	1.11694e+006	9	15	13	21	1	3	2	5	2	4	0	2	7.18361e+006	7.18727e+006	97897	98414	3	6	7.28179e+006	7.28548e+006	6.6713e+006	6.67557e+006	
316	1.11326e+006	1.11694e+006	9	16	13	20	1	3	2	5	2	4	0	2	7.18362e+006	7.18727e+006	97897	98414	1	4	7.28179e+006	7.28548e+006	6.6713e+006	6.67558e+006	
317	1.11326e+006	1.11694e+006	10	16	13	20	1	3	2	6	2	4	0	2	7.18362e+006	7.18727e+006	97897	98414	2	5	7.2818e+006	7.28548e+006	6.67131e+006	6.67558e+006	
318	1.11325e+006	1.11693e+006	11	19	12	19	1	3	2	6	1	4	0	1	7.18362e+006	7.18728e+006	97897	98414	3	7	7.2818e+006	7.28549e+006	6.67131e+006	6.67558e+006	
319	1.11325e+006	1.11693e+006	10	16	12	20	1	4	3	7	1	3	0	1	7.18363e+006	7.18728e+006	97897	98414	1	3	7.28181e+006	7.28549e+006	6.67131e+006	6.67558e+006	
320	1.11324e+006	1.11693e+006	10	17	11	18	1	3	3	6	1	3	0	1	7.18363e+006	7.18729e+006	97897	98414	2	4	7.28181e+006	7.28549e+006	6.67131e+006	6.67559e+006	
321	1.11324e+006	1.11693e+006	10	16	11	19	1	4	2	5	1	3	0	1	7.18363e+006	7.18729e+006	97897	98414	2	4	7.28181e+006	7.28549e+006	6.67132e+006	6.67559e+006	
322	1.11324e+006	1.11692e+006	9	14	13	23	1	4	2	5	1	3	0	1	7.18364e+006	7.18729e+006	97897	98414	2	5	7.28181e+006	7.2855e+006	6.67132e+006	6.67559e+006	
323	1.11323e+006	1.11692e+006	10	16	12	21	2	4	2	5	1	3	0	2	7.18364e+006	7.18729e+006	97897	98414	2	6	7.28182e+006	7.2855e+006	6.67132e+006	6.6756e+006	
324	1.11323e+006	1.11692e+006	10	16	14	22	1	4	2	5	1	3	0	2	7.18364e+006	7.1873e+006	97897	98414	2	4	7.28182e+006	7.28551e+006	6.67132e+006	6.6756e+006	
325	1.11323e+006	1.11691e+006	12	18	12	20	1	4	2	5	1	3	1	2	7.18365e+006	7.1873e+006	97897	98414	3	6	7.28183e+006	7.28551e+006	6.67133e+006	6.6756e+006	
326	1.11323e+006	1.11691e+006	10	16	13	21	1	4	2	4	1	3	0	2	7.18365e+006	7.1873e+006	97897	98414	1	2	7.28183e+006	7.28551e+006	6.67133e+006	6.6756e+006	
327	1.11322e+006	1.11691e+006	9	15	14	22	1	3	1	4	1	3	1	2	7.18365e+006	7.18731e+006	97897	98414	2	4	7.28183e+006	7.28551e+006	6.67133e+006	6.67561e+006	
328	1.11322e+006	1.1169e+006	9	14	12	20	2	4	2	5	1	3	1	2	7.18366e+006	7.18731e+006	97897	98414	1	4	7.28183e+006	7.28552e+006	6.67134e+006	6.67561e+006	
329	1.11322e+006	1.1169e+006	7	12	14	22	1	4	2	5	1	4	1	3	7.18366e+006	7.18731e+006	97897	98414	1	4	7.28183e+006	7.28552e+006	6.67134e+006	6.67561e+006	
330	1.11321e+006	1.1169e+006	8	13	12	21	1	4	2	6	1	3	0	2	7.18366e+006	7.18732e+006	97897	98414	1	4	7.28184e+006	7.28552e+006	6.67134e+006	6.67562e+006	
331	1.11321e+006	1.1169e+006	9	14	13	21	1	4	2	5	1	3	0	2	7.18366e+006	7.18732e+006	97897	98414	2	5	7.28184e+006	7.28553e+006	6.67134e+006	6.67562e+006	
332	1.11321e+006	1.11689e+006	9	14	13	20	1	3	2	5	1	3	0	2	7.18367e+006	7.18732e+006	97897	98414	1	4	7.28184e+006	7.28553e+006	6.67135e+006	6.67562e+006	
333	1.11321e+006	1.11689e+006	9	15	11	19	1	3	3	6	1	3	0	2	7.18367e+006	7.18733e+006	97897	98414	2	4	7.28185e+006	7.28553e+006	6.67135e+006	6.67562e+006	
334	1.1132e+006	1.11689e+006	9	15	11	18	1	3	2	5	1	3	0	2	7.18367e+006	7.18733e+006	97898	98414	1	3	7.28185e+006	7.28553e+006	6.67135e+006	6.67563e+006	
335	1.1132e+006	1.11688e+006	8	14	11	18	0	2	2	5	1	3	0	2	7.18368e+006	7.18733e+006	97898	98415	2	4	7.28185e+006	7.28554e+006	6.67136e+006	6.67563e+006	
336	1.1132e+006	1.11688e+006	9	14	12	19	1	3	2	5	1	3	0	2	7.18368e+006	7.18734e+006	97898	98415	2	4	7.28186e+006	7.28554e+006	6.67136e+006	6.67563e+006	
337	1.11319e+006	1.11688e+006	8	14	12	20	1	2	2	5	1	3	0	2	7.18368e+006	7.18734e+006	97898	98415	1	4	7.28186e+006	7.28554e+006	6.67136e+006	6.67564e+006	
338	1.11319e+006	1.11688e+006	9	15	11	19	1	3	3	6	1	3	0	2	7.18368e+006	7.18734e+006	97898	98415	2	4	7.28186e+006	7.28555e+006	6.67136e+006	6.67564e+006	
339	1.11319e+006	1.11687e+006	9	14	13	20	0	2	2	5	1	3	0	2	7.18369e+006	7.18734e+006	97898	98415	1	4	7.28186e+006	7.28555e+006	6.67137e+006	6.67564e+006	
340	1.11319e+006	1.11687e+006	8	13	13	20	0	2	2	5	1	3	0	2	7.18369e+006	7.18735e+006	97898	98415	1	4	7.28187e+006	7.28555e+006	6.67137e+006	6.67564e+006	
341	1.11318e+006	1.11687e+006	8	13	12	19	1	2	3	6	1	4	0	2	7.18369e+006	7.18735e+006	97898	98415	1	4	7.28187e+006	7.28555e+006	6.67137e+006	6.67565e+006	
342	1.11318e+006	1.11687e+006	8	13	12	19	1	2	3	6	1	3	0	2	7.18369e+006	7.18735e+006	97898	98415	1	4	7.28187e+006	7.28556e+006	6.67137e+006	6.67565e+006	
343	1.11318e+006	1.11686e+006	8	13	12	19	0	2	3	6	1	4	0	2	7.1837e+006	7.18735e+006	97898	98415	1	4	7.28187e+006	7.28556e+006	6.67138e+006	6.67565e+006	
344	1.11317e+006	1.11686e+006	9	13	12	18	1	3	2	6	2	4	1	2	7.1837e+006	7.18736e+006	97898	98415	2	5	7.28188e+006	7.28556e+006	6.67138e+006	6.67565e+006	
345	1.11317e+006	1.11686e+006	9	14	11	18	1	3	3	6	1	4	0	2	7.1837e+006	7.18736e+006	97898	98415	2	5	7.28188e+006	7.28557e+006	6.67138e+006	6.67566e+006	
346	1.11317e+006	1.11685e+006	9	15	11	18	1	3	3	6	1	4	1	2	7.18371e+006	7.18736e+006	97898	98415	2	4	7.28188e+006	7.28557e+006	6.67138e+006	6.67566e+006	
347	1.11316e+006	1.11685e+006	10	16	11	18	0	2	2	5	1	4	1	2	7.18371e+006	7.18737e+006	97898	98415	2	5	7.28189e+006	7.28557e+006	6.67138e+006	6.67566e+006	
348	1.11316e+006	1.11685e+006	9	14	11	18	1	2	2	5	1	4	1	2	7.18371e+006	7.18737e+006	97898	98415	1	3	7.28189e+006	7.28557e+006	6.67139e+006	6.67566e+006	
349	1.11316e+006	1.11685e+006	8	13	11	19	1	3	1	4	1	4	0	2	7.18372e+006	7.18737e+006	97898	98415	1	4	7.28189e+006	7.28558e+006	6.67139e+006	6.67567e+006	
350	1.11316e+006	1.11684e+006	9	14	12	19	1	3	1	4	1	4	0	2	7.18372e+006	7.18738e+006	97898	98415	3	6	7.28189e+006	7.28558e+006	6.67139e+006	6.67567e+006	
351	1.11315e+006	1.11684e+006	9	13	12	20	1	3	2	4	1	3	0	2	7.18372e+006	7.18738e+006	97898	98415	1	4	7.2819e+006	7.28558e+006	6.6714e+006	6.67567e+006	
352	1.11315e+006	1.11684e+006	9	14	11	18	1	3	2	5	1	3	0	2	7.18372e+006	7.18738e+006	97898	98415	1	4	7.2819e+006	7.28559e+006	6.6714e+006	6.67567e+006	
353	1.11315e+006	1.11683e+006	11	15	10	18	1	4	2	5	1	3	0	2	7.18373e+006	7.18738e+006	97898	98415	2	5	7.2819e+006	7.28559e+006	6.6714e+006	6.67568e+006	
354	1.11314e+006	1.11683e+006	10	15	11	19	2	4	2	5	1	3	-0	1	7.18373e+006	7.18739e+006	97898	98415	2	5	7.28191e+006	7.28559e+006	6.6714e+006	6.67568e+006	
355	1.11314e+006	1.11683e+006	10	15	11	18	2	4	2	5	1	3	-0	1	7.18373e+006	7.18739e+006	97898	98415	2	4	7.28191e+006	7.2856e+006	6.67141e+006	6.67568e+006	
356	1.11314e+006	1.11682e+006	10	16	11	18	1	4	2	5	0	2	-0	1	7.18373e+006	7.18739e+006	97898	98415	2	4	7.28191e+006	7.2856e+006	6.67141e+006	6.67568e+006	
357	1.11314e+006	1.11682e+006	10	16	11	17	2	4	2	4	1	2	-0	1	7.18374e+006	7.1874e+006	97898	98415	2	5	7.28192e+006	7.2856e+006	6.67141e+006	6.67569e+006	
358	1.11313e+006	1.11682e+006	10	15	13	19	2	5	1	3	1	3	-0	1	7.18374e+006	7.1874e+006	97898	98415	2	4	7.28192e+006	7.2856e+006	6.67141e+006	6.67569e+006	
359	1.11313e+006	1.11681e+006	10	15	13	20	2	4	1	3	1	3	0	1	7.18374e+006	7.1874e+006	97898	98415	2	5	7.28192e+006	7.28561e+006	6.67142e+006	6.67569e+006	
360	1.11313e+006	1.11681e+006	11	16	12	19	1	4	1	4	1	3	0	1	7.18375e+006	7.18741e+006	97898	98415	2	4	7.28193e+006	7.28561e+006	6.67142e+006	6.67569e+006	
361	1.11312e+006	1.11681e+006	9	14	13	20	1	4	1	4	1	3	0	1	7.18375e+006	7.18741e+006	97898	98415	1	3	7.28193e+006	7.28561e+006	6.67142e+006	6.6757e+006	
362	1.11312e+006	1.1168e+006	10	15	14	21	1	4	2	4	1	3	-0	1	7.18375e+006	7.18741e+006	97898	98415	2	5	7.28193e+006	7.28562e+006	6.67143e+006	6.6757e+006	
363	1.11312e+006	1.1168e+006	11	17	14	21	1	3	2	5	1	3	-0	1	7.18375e+006	7.18741e+006	97898	98415	3	6	7.28194e+006	7.28562e+006	6.67143e+006	6.6757e+006	
364	1.11311e+006	1.1168e+006	11	17	13	20	1	3	2	5	1	3	-0	1	7.18376e+006	7.18742e+006	97898	98415	2	5	7.28194e+006	7.28563e+006	6.67143e+006	6.67571e+006	
