Day	Susceptible	Exposed	Current Detected Mild Infections	Current Undetected Mild Infections	Current Hospitalizations	Current ICU patients	ventilators	Recovered	Deaths	new infections today	total number of infections 	Confirmed total number of infections 	
0	8.39872e+006	16	0	0	0	0	0	0	0	0	16	0	
1	8.39858e+006	160	0	0	0	0	0	0	0	144	160	0	
2	8.39843e+006	304	0	0	0	0	0	0	0	144	304	0	
3	8.39826e+006	476	0	0	0	0	0	0	0	172	476	0	
4	8.39797e+006	746	16	0	0	0	0	0	0	287	762	16	
5	8.39757e+006	1002	124	36	0	0	0	0	0	400	1162	124	
6	8.39703e+006	1400	232	72	0	0	0	0	0	542	1704	232	
7	8.39625e+006	2015	361	115	0	0	0	0	0	786	2491	361	
8	8.39512e+006	2857	574	189	0	0	0	0	0	1129	3619	574	
9	8.39368e+006	3895	879	283	0	0	0	0	0	1438	5057	879	
10	8.39188e+006	5157	1271	418	0	0	0	16	0	1804	6861	1287	
11	8.38963e+006	6620	1765	566	28	0	0	132	0	2250	9111	1895	
12	8.387e+006	8114	2498	817	56	0	0	248	0	2622	11733	2737	
13	8.3841e+006	9579	3451	1130	88	0	0	388	0	2903	14636	3823	
14	8.38108e+006	10797	4602	1497	145	0	0	618	0	3022	17658	5201	
15	8.3782e+006	11430	5977	1972	224	0	0	939	0	2883	20541	6897	
16	8.3758e+006	11198	7534	2496	334	0	0	1370	0	2391	22932	8886	
17	8.37299e+006	11111	9097	3048	462	16	15	2012	0	2815	25747	11091	
18	8.36981e+006	11269	10508	3531	654	25	20	2940	0	3180	28927	13412	
19	8.36642e+006	11779	11589	3894	887	35	24	4136	0	3393	32320	15645	
20	8.36295e+006	12858	12008	4063	1195	52	31	5614	0	3470	35790	17505	
21	8.35921e+006	13782	12425	4211	1540	74	43	7496	0	3739	39529	19701	
22	8.35527e+006	14538	12837	4357	1940	105	56	9688	0	3936	43465	22183	
23	8.35122e+006	15201	13209	4474	2352	149	77	12135	0	4056	47521	24858	
24	8.34701e+006	15933	13549	4582	2733	209	106	14716	0	4202	51723	27604	
25	8.34259e+006	16615	14187	4801	3029	285	142	17227	0	4421	56144	30546	
26	8.33796e+006	17311	15359	5174	3126	390	188	19416	0	4632	60776	33619	
27	8.33304e+006	18174	16311	5463	3229	492	227	22012	14	4918	65694	36796	
28	8.32786e+006	19157	17094	5702	3335	642	294	24932	18	5186	70880	40115	
29	8.32245e+006	20141	17853	5971	3415	795	364	28090	20	5405	76285	43572	
30	8.31676e+006	21200	18746	6240	3498	952	438	31316	24	5691	81977	47227	
31	8.31082e+006	22220	19610	6556	3666	1090	502	34744	29	5938	87914	51078	
32	8.30456e+006	23293	20555	6860	3978	1190	551	38261	36	6259	94173	55179	
33	8.29804e+006	24411	21560	7204	4234	1296	597	41945	47	6524	100697	59422	
34	8.29123e+006	25525	22672	7581	4446	1417	656	45797	62	6805	107502	63904	
35	8.28405e+006	26772	23853	7918	4660	1528	714	49876	80	7184	114686	68603	
36	8.27648e+006	28087	25062	8334	4881	1625	763	54164	107	7574	122260	73524	
37	8.26857e+006	29468	26275	8728	5126	1713	806	58722	133	7905	130165	78657	
38	8.26021e+006	31026	27484	9138	5348	1775	839	63586	171	8363	138527	84014	
39	8.25153e+006	32517	28800	9601	5619	1838	868	68617	211	8676	147203	89648	
40	8.24696e+006	29520	30210	10073	5904	1900	894	73923	250	4577	151780	95607	
41	8.24221e+006	26361	31663	10588	6213	1983	930	79428	291	4745	156525	101819	
42	8.23719e+006	23018	33667	10688	6524	2103	984	85222	324	5020	161545	108822	
43	8.23232e+006	19214	35734	10773	6841	2228	1042	91267	360	4872	166417	116097	
44	8.22757e+006	19384	34284	9995	7177	2333	1088	97588	404	4747	171164	120085	
45	8.22298e+006	19226	32716	9123	7515	2446	1132	104279	447	4588	175752	124237	
46	8.21865e+006	18544	31057	8228	7871	2563	1193	111329	496	4337	180089	128623	
47	8.21452e+006	17803	29030	7222	8250	2705	1256	118655	555	4131	184220	132908	
48	8.21059e+006	16979	26131	6506	8649	2837	1313	126431	611	3923	188143	137023	
49	8.20697e+006	16016	22876	5673	9051	2986	1375	134501	665	3625	191768	141059	
50	8.20378e+006	14864	22671	5638	8597	3133	1451	139329	722	3185	194953	144694	
51	8.2006e+006	13914	22160	5535	8134	3293	1527	144319	779	3181	198134	148175	
52	8.19754e+006	13053	21273	5324	7661	3463	1604	149580	841	3062	201196	151509	
53	8.19462e+006	12344	20256	5095	7078	3634	1683	154798	907	2916	204112	154582	
54	8.19186e+006	11923	19020	4769	6397	3814	1772	159975	978	2764	206876	157333	
55	8.18924e+006	11361	17887	4495	5593	4006	1855	165097	1055	2620	209496	160064	
56	8.18679e+006	10751	16897	4210	5547	3947	1816	169467	1128	2452	211947	162697	
57	8.18444e+006	10184	15934	3958	5420	3864	1782	173728	1208	2349	214296	165187	
58	8.18221e+006	9648	15003	3730	5178	3789	1749	177882	1293	2228	216524	167539	
59	8.18012e+006	9120	14223	3505	4936	3685	1710	181768	1379	2092	218616	169791	
60	8.17808e+006	8706	13619	3375	4610	3568	1642	185303	1471	2037	220653	171869	
61	8.17618e+006	8264	12951	3210	4343	3426	1573	188794	1571	1906	222559	173878	
62	8.17436e+006	7850	12265	3063	4123	3243	1487	192160	1670	1815	224375	175778	
63	8.17266e+006	7457	11619	2884	3880	3028	1387	195420	1784	1698	226073	177577	
64	8.17105e+006	7030	11035	2742	3657	2784	1264	198544	1890	1611	227684	179304	
65	8.16948e+006	6696	10447	2616	3444	2503	1137	201540	2008	1572	229256	180926	
66	8.16804e+006	6318	9936	2492	3310	2417	1102	204149	2071	1437	230693	182468	
67	8.16666e+006	5999	9578	2200	3155	2330	1057	206677	2134	1379	232072	184090	
68	8.16533e+006	5728	9256	1903	2972	2231	1011	209121	2200	1339	233411	185636	
69	8.16407e+006	5408	8986	1653	2813	2122	962	211416	2265	1252	234663	187129	
70	8.16287e+006	5169	8660	1380	2683	2006	914	213633	2331	1199	235862	188508	
71	8.16171e+006	4951	8384	1129	2538	1890	863	215745	2387	1160	237023	189825	
72	8.16064e+006	4685	8139	898	2411	1786	816	217733	2444	1074	238096	191100	
73	8.15961e+006	4459	7740	850	2275	1688	772	219611	2500	1025	239122	192265	
74	8.15865e+006	4224	7360	819	2166	1592	725	221370	2556	965	240087	193370	
75	8.15774e+006	3975	6991	776	2078	1497	684	223072	2608	911	240998	194445	
76	8.15686e+006	3781	6660	744	1958	1445	659	224643	2647	879	241877	195436	
77	8.15603e+006	3580	6343	707	1863	1372	621	226146	2691	825	242702	196386	
78	8.15524e+006	3405	6007	668	1773	1296	586	227608	2734	790	243492	197280	
79	8.15451e+006	3228	5705	629	1688	1231	554	228970	2774	734	244226	198131	
80	8.1538e+006	3058	5421	593	1592	1173	525	230287	2811	709	244936	198946	
81	8.15312e+006	2919	5118	561	1509	1111	496	231560	2842	685	245620	199710	
82	8.15249e+006	2759	4862	533	1444	1062	473	232720	2871	631	246251	200441	
83	8.15187e+006	2642	4601	504	1369	1013	452	233835	2904	617	246868	201123	
84	8.15128e+006	2522	4367	482	1301	959	431	234893	2933	589	247457	201777	
85	8.15074e+006	2375	4160	462	1236	917	412	235884	2960	538	247996	202416	
86	8.15022e+006	2263	3937	437	1185	855	383	236847	2990	519	248514	203001	
87	8.14972e+006	2149	3751	416	1113	813	366	237761	3015	503	249017	203572	
88	8.14924e+006	2036	3575	391	1048	773	349	238632	3038	475	249493	204120	
89	8.1488e+006	1942	3395	374	996	730	328	239440	3060	445	249937	204618	
90	8.14838e+006	1847	3226	352	948	695	319	240210	3083	424	250361	205099	
91	8.14796e+006	1759	3058	339	893	668	310	240956	3104	415	250776	205564	
92	8.14756e+006	1687	2921	320	837	631	292	241660	3124	404	251180	206006	
93	8.14718e+006	1619	2764	305	797	593	273	242334	3144	376	251556	206415	
94	8.14682e+006	1554	2611	293	764	565	263	242967	3161	359	251915	206804	
95	8.14649e+006	1471	2501	279	727	529	245	243561	3180	332	252247	207189	
96	8.14618e+006	1381	2400	266	694	509	237	244117	3194	314	252561	207564	
97	8.14586e+006	1316	2282	257	663	484	225	244662	3208	311	252872	207909	
98	8.14557e+006	1249	2171	251	638	454	210	245175	3226	292	253164	208238	
99	8.14529e+006	1204	2073	236	606	434	203	245660	3238	287	253451	208546	
100	8.14502e+006	1157	1980	220	568	412	186	246129	3253	267	253718	208839	
101	8.14476e+006	1108	1885	211	540	389	170	246584	3264	261	253979	209126	
102	8.14452e+006	1057	1780	204	512	374	164	247019	3276	242	254221	209394	
103	8.14427e+006	1020	1702	193	480	358	157	247431	3288	250	254471	209660	
104	8.14404e+006	977	1621	182	461	344	149	247812	3298	224	254696	209906	
105	8.14382e+006	932	1554	179	442	329	144	248169	3307	216	254912	210145	
106	8.14362e+006	895	1486	175	419	312	138	248513	3316	205	255116	210368	
107	8.14341e+006	852	1428	172	397	300	136	248851	3324	207	255323	210593	
108	8.14322e+006	820	1369	162	377	287	132	249168	3332	192	255515	210801	
109	8.14304e+006	787	1306	154	362	273	122	249478	3338	183	255698	211000	
110	8.14286e+006	764	1252	147	344	259	119	249771	3345	182	255880	211191	
111	8.14269e+006	723	1204	140	329	242	115	250055	3353	166	256047	211382	
112	8.14253e+006	695	1161	132	316	225	108	250318	3363	163	256210	211561	
113	8.14237e+006	669	1106	121	309	209	102	250583	3371	157	256367	211731	
114	8.14222e+006	638	1067	118	295	201	98	250822	3377	151	256518	211899	
115	8.14207e+006	624	1023	112	287	191	93	251051	3382	152	256671	212054	
116	8.14192e+006	602	985	109	276	184	89	251269	3388	141	256812	212204	
117	8.1418e+006	574	941	103	264	176	83	251489	3394	129	256941	212351	
118	8.14166e+006	562	904	99	253	167	79	251696	3398	139	257080	212491	
119	8.14138e+006	687	878	94	238	164	79	251894	3402	278	257358	212633	
120	8.1411e+006	829	843	89	226	157	74	252090	3406	283	257641	212764	
121	8.14083e+006	963	810	84	216	154	71	252266	3411	263	257904	212885	
122	8.14055e+006	1106	791	79	207	150	68	252437	3416	283	258186	213016	
123	8.14025e+006	1130	902	88	200	146	67	252602	3419	301	258488	213272	
124	8.13992e+006	1171	1021	101	197	135	61	252764	3423	324	258812	213531	
125	8.13959e+006	1247	1121	112	188	130	58	252926	3426	339	259150	213772	
126	8.13922e+006	1330	1246	128	180	124	55	253079	3429	366	259516	214027	
127	8.13881e+006	1434	1397	150	174	117	52	253216	3433	406	259922	214298	
128	8.13836e+006	1570	1562	169	170	114	49	253359	3437	459	260381	214592	
129	8.13786e+006	1729	1615	178	189	108	46	253619	3442	498	260880	214902	
130	8.13733e+006	1888	1688	188	211	104	44	253882	3444	525	261405	215236	
131	8.13679e+006	2027	1813	205	239	98	43	254119	3448	545	261949	215605	
132	8.13619e+006	2164	1978	217	273	92	42	254372	3450	596	262545	216031	
133	8.13553e+006	2326	2158	233	303	90	40	254644	3451	660	263205	216487	
134	8.13485e+006	2480	2335	258	335	89	41	254934	3453	679	263884	216961	
135	8.1341e+006	2685	2522	277	349	93	42	255253	3455	750	264635	217460	
136	8.1333e+006	2895	2729	300	366	98	44	255593	3459	806	265440	218003	
137	8.13241e+006	3119	2960	324	390	105	49	255966	3461	884	266324	218605	
138	8.13144e+006	3407	3153	350	419	115	55	256383	3464	967	267292	219224	
139	8.13043e+006	3670	3381	373	457	122	59	256835	3466	1012	268304	219909	
140	8.12933e+006	3969	3644	392	502	129	63	257306	3468	1105	269410	220650	
141	8.12812e+006	4296	3947	428	543	142	68	257796	3469	1211	270621	221457	
142	8.12684e+006	4609	4281	465	595	157	73	258322	3471	1280	271901	222340	
143	8.1255e+006	4934	4605	494	653	169	79	258908	3474	1338	273239	223271	
144	8.12399e+006	5336	4986	539	695	187	88	259526	3477	1507	274745	224277	
145	8.12237e+006	5744	5396	590	750	205	100	260200	3479	1620	276365	225376	
146	8.12066e+006	6178	5815	646	797	222	108	260939	3482	1714	278079	226541	
147	8.1188e+006	6698	6221	693	859	238	115	261742	3486	1858	279937	227760	
148	8.11676e+006	7233	6706	747	929	249	118	262621	3492	2041	281978	229137	
149	8.11457e+006	7797	7246	815	985	273	129	263551	3496	2184	284163	230613	
150	8.11224e+006	8414	7796	874	1075	295	141	264540	3500	2330	286493	232177	
151	8.10973e+006	9071	8384	932	1165	316	151	265635	3504	2515	289008	233877	
152	8.10707e+006	9692	9079	999	1248	340	162	266804	3510	2662	291671	235745	
153	8.10416e+006	10417	9847	1077	1332	369	178	268023	3515	2909	294580	237740	
154	8.10101e+006	11232	10591	1156	1436	400	190	269390	3520	3145	297725	239870	
155	8.09763e+006	12094	11389	1254	1562	426	198	270849	3528	3376	301102	242155	
156	8.09403e+006	13039	12243	1348	1674	458	212	272412	3536	3608	304710	244586	
157	8.09016e+006	13994	13186	1457	1808	491	223	274095	3543	3864	308574	247236	
158	8.08596e+006	15052	14179	1569	1972	528	242	275927	3552	4204	312778	250112	
159	8.08141e+006	16225	15250	1690	2152	559	255	277891	3560	4549	317327	253199	
160	8.07659e+006	17441	16396	1821	2303	600	272	280021	3569	4824	322151	256487	
161	8.07139e+006	18771	17617	1949	2475	651	294	282303	3579	5193	327344	260015	
162	8.06582e+006	20144	18985	2122	2675	702	319	284705	3589	5577	332921	263837	
163	8.05979e+006	21618	20456	2290	2881	761	346	287336	3602	6023	338944	267983	
164	8.05331e+006	23276	21960	2466	3093	824	375	290192	3616	6482	345427	272382	
165	8.04637e+006	25021	23585	2657	3317	889	406	293266	3630	6939	352366	277116	
166	8.03893e+006	26885	25361	2851	3593	948	436	296524	3645	7441	359807	282211	
167	8.0309e+006	28896	27324	3047	3845	1019	471	300047	3663	8034	367841	287720	
168	8.02232e+006	30988	29390	3259	4113	1105	509	303880	3680	8574	376415	293635	
169	8.01317e+006	33198	31537	3502	4418	1199	555	308011	3700	9149	385564	299964	
170	8.00334e+006	35589	33894	3762	4735	1295	597	312405	3716	9831	395396	306753	
171	7.99269e+006	38207	36445	4051	5092	1386	645	317128	3739	10652	406047	314068	
172	7.98127e+006	41055	39141	4353	5451	1489	698	322221	3761	11423	417470	321892	
173	7.96909e+006	44078	41935	4685	5873	1598	747	327688	3785	12172	429642	330238	
174	7.95602e+006	47326	44946	5023	6316	1705	798	333596	3809	13079	442721	339204	
175	7.94206e+006	50628	48287	5394	6781	1842	860	339905	3838	13954	456676	348922	
176	7.92713e+006	54133	51882	5781	7291	1990	931	346658	3868	14927	471603	359359	
177	7.91108e+006	58013	55619	6182	7835	2133	1000	353973	3900	16052	487655	370475	
178	7.89401e+006	62009	59664	6642	8425	2299	1078	361753	3938	17075	504730	382405	
179	7.87578e+006	66281	63996	7116	9035	2477	1159	370071	3981	18226	522956	395137	
180	7.85613e+006	71003	68605	7602	9685	2664	1240	379025	4022	19649	542606	408786	
181	7.83512e+006	75959	73504	8104	10396	2862	1328	388722	4068	21008	563614	423463	
182	7.81283e+006	81178	78563	8698	11182	3080	1421	399090	4118	22295	585909	439035	
183	7.78904e+006	86744	84027	9288	12001	3308	1524	410161	4171	23792	609700	455701	
184	7.7637e+006	92427	89966	9919	12879	3566	1634	422045	4231	25332	635032	473655	
185	7.73662e+006	98503	96313	10625	13845	3819	1754	434718	4293	27084	662116	492841	
186	7.7077e+006	105126	102933	11373	14851	4097	1875	448295	4360	28918	691035	513208	
187	7.67707e+006	111966	109872	12173	15885	4410	2014	462931	4429	30632	721666	534925	
188	7.64456e+006	119144	117289	13013	16980	4718	2149	478526	4506	32510	754176	558035	
189	7.61007e+006	126549	125250	13910	18118	5058	2298	495193	4587	34488	788665	582773	
190	7.57334e+006	134362	133563	14866	19373	5419	2479	513141	4673	36732	825397	609176	
191	7.53435e+006	142718	142262	15790	20736	5827	2654	532282	4769	38987	864384	637193	
192	7.49311e+006	151454	151438	16829	22204	6247	2841	552588	4870	41247	905631	666867	
193	7.44937e+006	160700	161024	17940	23731	6704	3046	574283	4982	43734	949365	698340	
194	7.40336e+006	169978	171360	19004	25337	7177	3275	597413	5105	46010	995374	731946	
195	7.35465e+006	179699	182088	20180	27081	7669	3499	622136	5230	48709	1.04408e+006	767595	
196	7.30351e+006	189597	193186	21410	28897	8223	3764	648555	5361	51145	1.09523e+006	805277	
197	7.24941e+006	199964	204933	22766	30747	8819	4049	676600	5501	54100	1.14933e+006	845200	
198	7.19271e+006	210653	217092	24106	32688	9465	4350	706378	5646	56700	1.20603e+006	887232	
199	7.13312e+006	221538	229945	25473	34789	10128	4653	737932	5817	59593	1.26562e+006	931772	
200	7.07077e+006	232741	242891	26941	36955	10820	4963	771633	5989	62348	1.32797e+006	978520	
201	7.0055e+006	243913	256504	28440	39283	11542	5300	807380	6179	65272	1.39324e+006	1.02799e+006	
202	6.93738e+006	255325	270403	29994	41649	12320	5668	845279	6382	68112	1.46135e+006	1.07979e+006	
203	6.86622e+006	266896	284676	31581	44242	13126	6048	885392	6605	71164	1.53252e+006	1.13427e+006	
204	6.79232e+006	278448	299351	33244	46855	13989	6438	927700	6831	73900	1.60642e+006	1.19124e+006	
205	6.71552e+006	289975	314254	34904	49642	14900	6854	972472	7070	76799	1.68322e+006	1.25094e+006	
206	6.63583e+006	301554	329588	36537	52508	15836	7287	1.01955e+006	7332	79691	1.76291e+006	1.31333e+006	
207	6.55349e+006	312724	344899	38290	55459	16795	7714	1.06945e+006	7622	82335	1.84524e+006	1.37842e+006	
208	6.46872e+006	323599	360386	40004	58482	17829	8198	1.12179e+006	7926	84775	1.93002e+006	1.44601e+006	
209	6.38129e+006	334226	375870	41725	61580	18931	8713	1.17686e+006	8247	87425	2.01744e+006	1.5163e+006	
210	6.29154e+006	344294	391516	43422	64812	20081	9265	1.23449e+006	8590	89759	2.1072e+006	1.58925e+006	
211	6.19973e+006	353767	406923	45078	68007	21326	9856	1.29495e+006	8955	91808	2.19901e+006	1.66469e+006	
212	6.10583e+006	362892	421918	46745	71316	22589	10439	1.35809e+006	9358	93900	2.29291e+006	1.74241e+006	
213	6.01033e+006	370964	436538	48386	74608	23953	11063	1.42419e+006	9769	95497	2.38841e+006	1.82246e+006	
214	5.91299e+006	378545	450837	49946	77935	25291	11690	1.49298e+006	10214	97340	2.48575e+006	1.90471e+006	
215	5.81458e+006	385151	464383	51410	81202	26759	12367	1.56458e+006	10676	98414	2.58416e+006	1.98888e+006	
216	5.71519e+006	390639	477160	52841	84553	28210	13006	1.63896e+006	11181	99388	2.68355e+006	2.07495e+006	
217	5.61479e+006	395538	488927	54236	87877	29681	13704	1.71599e+006	11698	100396	2.78394e+006	2.16246e+006	
218	5.51378e+006	399207	500104	55625	91127	31172	14377	1.79545e+006	12267	101009	2.88495e+006	2.25166e+006	
219	5.41257e+006	402006	509940	56779	94251	32679	15051	1.87764e+006	12869	101213	2.98617e+006	2.34187e+006	
220	5.31133e+006	403862	518612	57735	97416	34240	15738	1.96206e+006	13487	101243	3.08741e+006	2.4331e+006	
221	5.21087e+006	403919	526289	58646	100339	35794	16442	2.04872e+006	14156	100454	3.18786e+006	2.52523e+006	
222	5.11082e+006	402960	532708	59337	103062	37402	17182	2.1376e+006	14846	100051	3.28791e+006	2.61799e+006	
223	5.0116e+006	400972	537920	59840	105605	38943	17884	2.22827e+006	15588	99224	3.38714e+006	2.71102e+006	
224	4.91341e+006	397916	541513	60150	108127	40467	18572	2.32079e+006	16360	98187	3.48533e+006	2.80411e+006	
225	4.81705e+006	393824	543440	60262	110358	41916	19244	2.4147e+006	17186	96362	3.58169e+006	2.89648e+006	
226	4.72206e+006	388768	543960	60406	112188	43412	19941	2.50991e+006	18039	94994	3.67668e+006	2.98841e+006	
227	4.62914e+006	382456	542938	60256	113819	44903	20597	2.6063e+006	18923	92913	3.76959e+006	3.07971e+006	
228	4.53834e+006	375075	540339	60033	115203	46352	21265	2.70358e+006	19822	90806	3.8604e+006	3.17e+006	
229	4.44982e+006	367231	535912	59609	116430	47759	21930	2.8012e+006	20772	88518	3.94892e+006	3.25873e+006	
230	4.36368e+006	358376	530254	59019	117008	49104	22535	2.89953e+006	21768	86140	4.03506e+006	3.3462e+006	
231	4.28007e+006	349074	523499	58232	117447	50264	23096	2.99735e+006	22806	83610	4.11867e+006	3.43184e+006	
232	4.19907e+006	339265	515243	57244	117533	51313	23569	3.09517e+006	23897	80997	4.19967e+006	3.51554e+006	
233	4.12101e+006	328810	505606	56175	117382	52300	24040	3.19243e+006	25023	78063	4.27773e+006	3.59716e+006	
234	4.04607e+006	317607	494805	54928	116786	53206	24446	3.28917e+006	26166	74937	4.35267e+006	3.67661e+006	
235	3.97383e+006	306239	483342	53639	115788	54067	24810	3.38449e+006	27344	72242	4.42491e+006	3.75376e+006	
236	3.90471e+006	294366	470738	52246	114605	54768	25157	3.47877e+006	28540	69124	4.49403e+006	3.82849e+006	
237	3.83873e+006	282274	457384	50750	113057	55284	25420	3.57148e+006	29771	65971	4.56e+006	3.9006e+006	
238	3.7755e+006	270573	443065	49200	111304	55633	25600	3.66244e+006	31025	63236	4.62324e+006	3.96976e+006	
239	3.71536e+006	258473	428354	47635	109206	55815	25680	3.75159e+006	32311	60142	4.68338e+006	4.03643e+006	
240	3.65809e+006	246614	412987	45986	106896	55800	25701	3.83874e+006	33622	57266	4.74065e+006	4.10025e+006	
241	3.60365e+006	235087	397087	44247	104357	55716	25642	3.92366e+006	34939	54444	4.79509e+006	4.16121e+006	
242	3.55222e+006	223283	381090	42483	101665	55518	25544	4.00619e+006	36290	51432	4.84652e+006	4.21967e+006	
243	3.50364e+006	211720	364942	40709	98820	55081	25343	4.08618e+006	37648	48578	4.8951e+006	4.27533e+006	
244	3.45764e+006	200451	349053	38928	95748	54547	25120	4.16336e+006	39015	45997	4.9411e+006	4.32828e+006	
245	3.41418e+006	189467	333083	37099	92552	53827	24816	4.23815e+006	40381	43461	4.98456e+006	4.37866e+006	
246	3.37336e+006	178854	317187	35302	89275	52917	24398	4.31007e+006	41772	40819	5.02538e+006	4.42626e+006	
247	3.33481e+006	168825	301517	33580	85792	51960	23939	4.37912e+006	43131	38549	5.06392e+006	4.47119e+006	
248	3.29889e+006	158753	286034	31824	82391	50896	23447	4.44545e+006	44506	35925	5.09985e+006	4.51381e+006	
249	3.2651e+006	149083	270989	30188	78854	49720	22923	4.50896e+006	45851	33790	5.13364e+006	4.55407e+006	
250	3.23348e+006	139882	256160	28570	75380	48477	22351	4.56962e+006	47168	31617	5.16526e+006	4.59188e+006	
251	3.20382e+006	130995	241815	27020	71914	47111	21719	4.62757e+006	48495	29662	5.19492e+006	4.62757e+006	
252	3.17591e+006	122977	227902	25426	68465	45616	21019	4.68265e+006	49788	27907	5.22283e+006	4.66092e+006	
253	3.14993e+006	115169	214662	23879	65069	44100	20321	4.7349e+006	51030	25982	5.24881e+006	4.6923e+006	
254	3.12577e+006	107711	201700	22461	61700	42559	19593	4.78457e+006	52263	24160	5.27297e+006	4.72162e+006	
255	3.10308e+006	100739	189304	21059	58419	40960	18860	4.83169e+006	53487	22690	5.29566e+006	4.74918e+006	
256	3.08188e+006	94031	177783	19668	55286	39356	18101	4.8761e+006	54632	21199	5.31686e+006	4.77514e+006	
257	3.06229e+006	87639	166525	18359	52239	37712	17349	4.91822e+006	55754	19590	5.33645e+006	4.79929e+006	
258	3.04388e+006	81892	155921	17198	49240	36030	16559	4.95774e+006	56837	18413	5.35486e+006	4.82173e+006	
259	3.02682e+006	76256	145900	16118	46442	34365	15775	4.99494e+006	57895	17054	5.37191e+006	4.8428e+006	
260	3.0109e+006	70975	136531	15070	43600	32704	15000	5.03005e+006	58901	15918	5.38783e+006	4.86248e+006	
261	2.99616e+006	66130	127487	14041	40910	31106	14266	5.06301e+006	59894	14745	5.40258e+006	4.88073e+006	
262	2.98238e+006	61495	118896	13138	38399	29543	13579	5.09406e+006	60821	13777	5.41635e+006	4.89783e+006	
263	2.96957e+006	57249	110868	12237	35951	28059	12875	5.12308e+006	61718	12808	5.42916e+006	4.91371e+006	
264	2.95774e+006	53165	103449	11415	33686	26577	12199	5.15013e+006	62577	11834	5.441e+006	4.9285e+006	
265	2.94676e+006	49404	96306	10614	31510	25079	11512	5.17567e+006	63402	10984	5.45198e+006	4.9422e+006	
266	2.93654e+006	45847	89665	9832	29496	23668	10863	5.19952e+006	64176	10220	5.4622e+006	4.95505e+006	
267	2.92712e+006	42455	83535	9181	27573	22300	10241	5.22168e+006	64899	9416	5.47162e+006	4.96696e+006	
268	2.91833e+006	39407	77595	8542	25690	21026	9652	5.24256e+006	65584	8787	5.4804e+006	4.97796e+006	
269	2.91014e+006	36611	72119	7948	23963	19772	9080	5.26194e+006	66236	8187	5.48859e+006	4.98818e+006	
270	2.90256e+006	33973	66983	7386	22346	18587	8536	5.28006e+006	66842	7582	5.49617e+006	4.99768e+006	
271	2.89558e+006	31540	62170	6870	20800	17411	7979	5.29693e+006	67434	6984	5.50316e+006	5.00644e+006	
272	2.88903e+006	29303	57656	6394	19368	16331	7465	5.31267e+006	67986	6551	5.50971e+006	5.01462e+006	
273	2.88304e+006	27105	53486	5943	18053	15264	6995	5.32734e+006	68507	5989	5.5157e+006	5.02224e+006	
274	2.87745e+006	25115	49662	5514	16775	14275	6546	5.34094e+006	69007	5592	5.52129e+006	5.02929e+006	
275	2.87229e+006	23285	46061	5115	15595	13360	6126	5.35357e+006	69460	5153	5.52644e+006	5.03579e+006	
276	2.86753e+006	21494	42767	4740	14495	12488	5716	5.36534e+006	69881	4760	5.5312e+006	5.04189e+006	
277	2.86309e+006	19945	39684	4396	13480	11669	5335	5.37618e+006	70284	4440	5.53564e+006	5.04746e+006	
278	2.85899e+006	18453	36800	4084	12530	10860	4973	5.38634e+006	70675	4100	5.53974e+006	5.05266e+006	
279	2.85519e+006	17101	34060	3791	11634	10133	4643	5.39582e+006	71006	3801	5.54354e+006	5.05745e+006	
280	2.85171e+006	15822	31524	3504	10769	9419	4325	5.40465e+006	71335	3480	5.54702e+006	5.06188e+006	
281	2.84846e+006	14634	29234	3251	9975	8781	4043	5.41277e+006	71628	3252	5.55028e+006	5.06601e+006	
282	2.84548e+006	13515	27020	3014	9260	8154	3764	5.42039e+006	71909	2980	5.55326e+006	5.06982e+006	
283	2.84272e+006	12478	25064	2783	8579	7575	3477	5.42738e+006	72166	2765	5.55602e+006	5.07336e+006	
284	2.84013e+006	11580	23175	2560	7931	7028	3220	5.43391e+006	72423	2583	5.5586e+006	5.07661e+006	
285	2.83774e+006	10719	21458	2376	7351	6520	2981	5.43992e+006	72650	2391	5.561e+006	5.07963e+006	
286	2.83554e+006	9937	19861	2193	6829	6044	2776	5.44546e+006	72865	2199	5.56319e+006	5.08242e+006	
287	2.83349e+006	9222	18346	2033	6353	5592	2568	5.45063e+006	73071	2050	5.56524e+006	5.08499e+006	
288	2.8316e+006	8538	16994	1868	5873	5191	2378	5.45541e+006	73264	1898	5.56714e+006	5.0874e+006	
289	2.82985e+006	7896	15724	1728	5456	4810	2197	5.45984e+006	73437	1749	5.56889e+006	5.08963e+006	
290	2.82822e+006	7324	14548	1622	5046	4467	2028	5.46392e+006	73596	1627	5.57052e+006	5.09166e+006	
291	2.82672e+006	6773	13471	1496	4677	4139	1874	5.46772e+006	73739	1498	5.57202e+006	5.09357e+006	
292	2.82531e+006	6282	12482	1403	4336	3841	1733	5.4712e+006	73877	1407	5.57342e+006	5.09533e+006	
293	2.82402e+006	5824	11579	1291	3995	3578	1623	5.47444e+006	74008	1292	5.57472e+006	5.09696e+006	
294	2.82281e+006	5404	10709	1205	3702	3316	1509	5.47746e+006	74131	1207	5.57592e+006	5.09847e+006	
295	2.82172e+006	5003	9902	1119	3414	3073	1395	5.48027e+006	74241	1096	5.57702e+006	5.09987e+006	
296	2.82069e+006	4620	9196	1033	3166	2845	1290	5.48285e+006	74337	1025	5.57804e+006	5.10118e+006	
297	2.81973e+006	4294	8518	954	2923	2647	1205	5.48524e+006	74432	965	5.57901e+006	5.10238e+006	
298	2.81885e+006	3964	7907	874	2700	2443	1116	5.48748e+006	74517	878	5.57989e+006	5.10351e+006	
299	2.81806e+006	3659	7314	813	2494	2256	1030	5.48954e+006	74597	792	5.58068e+006	5.10453e+006	
300	2.81731e+006	3384	6783	743	2294	2094	963	5.49146e+006	74669	749	5.58143e+006	5.10549e+006	
301	2.81662e+006	3110	6301	691	2124	1945	905	5.49321e+006	74736	691	5.58212e+006	5.10638e+006	
302	2.81598e+006	2873	5817	646	1974	1797	840	5.49485e+006	74803	641	5.58276e+006	5.10719e+006	
303	2.81539e+006	2672	5370	593	1836	1663	777	5.49636e+006	74861	591	5.58335e+006	5.10794e+006	
304	2.81482e+006	2489	4956	548	1707	1533	712	5.49777e+006	74913	566	5.58392e+006	5.10863e+006	
305	2.81431e+006	2309	4588	512	1592	1417	662	5.49904e+006	74967	511	5.58443e+006	5.10927e+006	
306	2.81383e+006	2147	4236	479	1473	1318	618	5.50024e+006	75014	479	5.58491e+006	5.10987e+006	
307	2.81339e+006	1992	3900	442	1372	1216	564	5.50136e+006	75058	436	5.58534e+006	5.11042e+006	
308	2.81299e+006	1830	3630	400	1262	1126	520	5.5024e+006	75100	404	5.58575e+006	5.11095e+006	
309	2.81261e+006	1700	3375	375	1155	1051	489	5.50334e+006	75135	381	5.58613e+006	5.11143e+006	
310	2.81226e+006	1572	3130	349	1063	972	448	5.50422e+006	75173	351	5.58648e+006	5.11187e+006	
311	2.81194e+006	1456	2903	321	980	894	408	5.50504e+006	75207	321	5.5868e+006	5.11228e+006	
312	2.81165e+006	1345	2687	300	914	826	376	5.50578e+006	75238	292	5.58709e+006	5.11265e+006	
313	2.81136e+006	1248	2500	278	835	762	349	5.50649e+006	75267	284	5.58738e+006	5.11301e+006	
314	2.81112e+006	1141	2308	254	776	705	326	5.50714e+006	75291	244	5.58762e+006	5.11334e+006	
315	2.81089e+006	1052	2137	235	718	657	306	5.50774e+006	75313	232	5.58785e+006	5.11364e+006	
316	2.81068e+006	968	1972	213	673	610	279	5.50829e+006	75336	208	5.58806e+006	5.11391e+006	
317	2.81047e+006	892	1835	198	619	563	261	5.5088e+006	75358	208	5.58827e+006	5.11417e+006	
318	2.81029e+006	829	1691	183	567	524	243	5.50928e+006	75374	182	5.58845e+006	5.1144e+006	
319	2.81012e+006	770	1554	169	532	475	220	5.50973e+006	75393	172	5.58862e+006	5.11461e+006	
320	2.80995e+006	727	1424	156	492	439	203	5.51014e+006	75410	165	5.58879e+006	5.11481e+006	
321	2.80979e+006	676	1323	144	461	405	188	5.51051e+006	75427	157	5.58894e+006	5.115e+006	
322	2.80965e+006	639	1223	134	419	379	176	5.51085e+006	75440	145	5.58909e+006	5.11517e+006	
323	2.80952e+006	598	1125	121	391	345	159	5.51119e+006	75454	131	5.58922e+006	5.11533e+006	
324	2.8094e+006	554	1057	109	362	321	147	5.51147e+006	75466	122	5.58934e+006	5.11549e+006	
325	2.80929e+006	504	996	96	332	296	132	5.51175e+006	75477	107	5.58945e+006	5.11564e+006	
326	2.80918e+006	469	938	90	308	273	124	5.51199e+006	75486	110	5.58956e+006	5.11578e+006	
327	2.80908e+006	436	868	84	283	257	115	5.51223e+006	75497	97	5.58965e+006	5.1159e+006	
328	2.80899e+006	407	814	78	259	235	105	5.51245e+006	75504	92	5.58975e+006	5.11601e+006	
329	2.8089e+006	387	756	71	235	222	99	5.51265e+006	75511	88	5.58983e+006	5.11611e+006	
330	2.80883e+006	354	703	68	226	204	91	5.51284e+006	75518	76	5.58991e+006	5.11622e+006	
331	2.80875e+006	333	642	69	213	192	84	5.51302e+006	75524	76	5.58999e+006	5.1163e+006	
332	2.80868e+006	310	592	67	193	176	76	5.51319e+006	75532	69	5.59006e+006	5.11639e+006	
333	2.80862e+006	286	553	62	178	164	72	5.51334e+006	75538	64	5.59012e+006	5.11647e+006	
334	2.80856e+006	270	511	60	170	151	66	5.51348e+006	75543	60	5.59018e+006	5.11654e+006	
335	2.8085e+006	251	481	60	161	139	61	5.5136e+006	75549	57	5.59024e+006	5.11661e+006	
336	2.80845e+006	235	445	54	147	132	60	5.51372e+006	75555	53	5.59029e+006	5.11667e+006	
337	2.8084e+006	220	419	48	136	120	54	5.51384e+006	75560	49	5.59034e+006	5.11673e+006	
338	2.80835e+006	209	389	45	131	112	51	5.51394e+006	75563	49	5.59039e+006	5.11679e+006	
339	2.8083e+006	197	361	42	123	104	48	5.51404e+006	75567	45	5.59044e+006	5.11684e+006	
340	2.80826e+006	189	340	41	115	97	44	5.51413e+006	75570	45	5.59048e+006	5.11689e+006	
341	2.80822e+006	180	315	38	107	88	40	5.51422e+006	75573	41	5.59052e+006	5.11693e+006	
342	2.80818e+006	169	298	36	98	80	36	5.5143e+006	75576	38	5.59056e+006	5.11698e+006	
343	2.80814e+006	161	280	34	91	74	34	5.51438e+006	75578	37	5.5906e+006	5.11702e+006	
344	2.8081e+006	154	267	32	84	72	33	5.51445e+006	75580	38	5.59063e+006	5.11706e+006	
345	2.80807e+006	149	255	28	76	70	33	5.51451e+006	75582	36	5.59067e+006	5.1171e+006	
346	2.80803e+006	144	242	26	72	61	29	5.51457e+006	75585	33	5.5907e+006	5.11714e+006	
347	2.808e+006	136	232	24	69	56	28	5.51463e+006	75587	30	5.59073e+006	5.11717e+006	
348	2.80797e+006	129	221	23	66	54	27	5.51468e+006	75589	30	5.59076e+006	5.11721e+006	
349	2.80795e+006	118	213	21	62	50	24	5.51473e+006	75590	25	5.59079e+006	5.11724e+006	
350	2.80792e+006	113	201	21	58	48	22	5.51478e+006	75592	29	5.59082e+006	5.11727e+006	
351	2.80789e+006	110	191	21	57	44	20	5.51483e+006	75594	26	5.59084e+006	5.1173e+006	
352	2.80787e+006	106	184	19	55	43	20	5.51487e+006	75595	26	5.59087e+006	5.11733e+006	
353	2.80784e+006	105	172	19	52	39	18	5.51491e+006	75596	24	5.59089e+006	5.11735e+006	
354	2.80782e+006	103	164	19	49	35	16	5.51495e+006	75597	27	5.59092e+006	5.11738e+006	
355	2.80779e+006	100	154	18	48	32	14	5.51499e+006	75598	23	5.59094e+006	5.1174e+006	
356	2.80777e+006	95	150	16	46	31	13	5.51503e+006	75599	21	5.59096e+006	5.11743e+006	
357	2.80775e+006	91	145	14	44	30	12	5.51506e+006	75600	20	5.59098e+006	5.11745e+006	
358	2.80773e+006	85	142	14	40	27	11	5.5151e+006	75600	20	5.591e+006	5.11747e+006	
359	2.80771e+006	81	142	13	37	26	10	5.51512e+006	75601	20	5.59102e+006	5.1175e+006	
360	2.80769e+006	83	134	13	34	24	10	5.51516e+006	75602	22	5.59105e+006	5.11751e+006	
361	2.80767e+006	80	128	14	32	24	10	5.51518e+006	75603	18	5.59106e+006	5.11753e+006	
362	2.80766e+006	76	122	13	29	22	9	5.51521e+006	75604	17	5.59108e+006	5.11755e+006	
363	2.80764e+006	75	117	14	30	22	9	5.51524e+006	75605	18	5.5911e+006	5.11757e+006	
364	2.80762e+006	73	111	16	30	20	8	5.51526e+006	75606	21	5.59112e+006	5.11759e+006	
External infections start at day 1 and end at:	19	Number of imported cases each day	9	
Number of contacts per day:	5	
Number of contacts per day:	5	
Number of days asymptomatic patients are infectious before symptomatic	2	
Probability of transmission from exposed patients:	0.0418	
Probability of transmission from mild symptomatic patients:	0.0418	
Probability of transmission from hospitalized patients:	0.00850339	
Probability of transmission from ICU patients:	0.00850339	
Probability of testing for mild symptomatic patients:	0.75	

Adherence to Social Distancing parameters:
Day 0:	0	
Day 10:	0.2	
Day 20:	0.8	
Day 30:	0.8	
Day 40:	0.9	
Day 50:	0.9	
Day 60:	0.9	
