Day	Susceptible	Exposed	Current Detected Mild Infections	Current Undetected Mild Infections	Current Hospitalizations	Current ICU patients	ventilators	Recovered	Deaths	new infections today	total number of infections 	Confirmed total number of infections 	
0	1.57623e+006	3	0	0	0	0	0	0	0	0	3	0	
1	1.57623e+006	9	0	0	0	0	0	0	0	6	9	0	
2	1.57622e+006	15	0	0	0	0	0	0	0	6	15	0	
3	1.57621e+006	26	0	0	0	0	0	0	0	11	26	0	
4	1.5762e+006	33	3	0	0	0	0	0	0	10	36	3	
5	1.57619e+006	40	7	2	0	0	0	0	0	13	49	7	
6	1.57617e+006	52	12	3	0	0	0	0	0	18	67	12	
7	1.57615e+006	62	20	6	0	0	0	0	0	21	88	20	
8	1.57612e+006	79	28	8	0	0	0	0	0	27	115	28	
9	1.57609e+006	98	38	11	0	0	0	0	0	32	147	38	
10	1.57605e+006	123	48	15	0	0	0	3	0	43	190	51	
11	1.576e+006	153	59	20	1	0	0	8	0	51	241	67	
12	1.57593e+006	190	75	25	2	0	0	13	0	64	305	88	
13	1.57585e+006	239	91	31	4	0	0	22	0	81	387	112	
14	1.57576e+006	291	116	38	6	0	0	29	0	95	482	145	
15	1.57564e+006	357	146	47	9	0	0	40	0	116	598	184	
16	1.57549e+006	441	180	59	12	0	0	55	0	149	747	232	
17	1.57531e+006	536	227	72	15	1	1	72	0	176	922	295	
18	1.5751e+006	659	278	88	19	2	2	94	0	218	1140	368	
19	1.57483e+006	812	342	109	24	3	3	120	0	269	1410	458	
20	1.5745e+006	991	420	137	30	4	3	156	0	328	1738	570	
21	1.5741e+006	1217	514	167	38	5	4	198	0	401	2139	705	
22	1.5736e+006	1497	629	206	48	6	4	251	0	498	2637	872	
23	1.573e+006	1829	769	254	61	7	5	319	0	601	3238	1078	
24	1.57226e+006	2234	943	313	74	9	5	399	0	734	3972	1329	
25	1.57136e+006	2737	1154	386	92	11	6	496	0	903	4875	1636	
26	1.57026e+006	3335	1416	474	113	13	7	621	0	1096	5972	2016	
27	1.56893e+006	4069	1731	585	138	15	8	768	1	1336	7307	2472	
28	1.56728e+006	4989	2117	715	168	18	9	952	2	1653	8961	3032	
29	1.56527e+006	6091	2589	877	205	22	10	1180	2	2006	10967	3718	
30	1.56282e+006	7444	3161	1073	253	27	13	1455	3	2448	13415	4551	
31	1.55982e+006	9106	3863	1305	310	34	16	1792	3	2998	16413	5571	
32	1.55618e+006	11098	4731	1593	380	42	20	2211	4	3646	20059	6835	
33	1.55175e+006	13516	5791	1938	468	51	23	2715	4	4424	24483	8373	
34	1.54633e+006	16491	7078	2365	571	63	29	3334	5	5423	29906	10246	
35	1.53977e+006	20049	8648	2889	702	77	35	4091	5	6556	36462	12537	
36	1.53181e+006	24365	10563	3524	856	95	44	5015	6	7961	44424	15324	
37	1.52214e+006	29609	12875	4301	1043	117	54	6140	7	9668	54092	18705	
38	1.51043e+006	35903	15706	5240	1271	143	66	7539	8	11717	65809	22857	
39	1.49631e+006	43469	19126	6370	1549	177	82	9232	9	14122	79931	27886	
40	1.47934e+006	52472	23267	7741	1894	215	99	11296	11	16964	96895	33987	
41	1.45901e+006	63138	28266	9412	2316	263	122	13821	13	20334	117229	41383	
42	1.43475e+006	75681	34902	10848	2821	321	151	16901	15	24260	141489	50929	
43	1.40594e+006	90362	42882	12566	3432	389	184	20644	18	28804	170293	62442	
44	1.37194e+006	107405	52378	14611	4186	474	224	25225	21	34007	204300	76277	
45	1.33222e+006	126790	63722	17045	5096	578	271	30762	25	39719	244019	92871	
46	1.28606e+006	148684	77157	19908	6203	703	328	37487	31	46154	290173	112686	
47	1.23312e+006	172824	92954	23247	7540	860	400	45654	38	52944	343118	136209	
48	1.17313e+006	198811	110774	27718	9148	1049	486	55566	46	59994	403111	163863	
49	1.10605e+006	226166	131275	32814	11104	1277	593	67495	56	67074	470185	196220	
50	1.03249e+006	253574	154656	38622	13405	1558	722	81864	68	73562	543748	233843	
51	953099	280020	180732	45156	16159	1901	877	99087	83	79390	623137	277009	
52	869244	303881	209329	52294	19401	2317	1065	119671	100	83855	706992	325980	
53	782639	323412	239985	59907	23239	2829	1299	144104	122	86605	793597	380830	
54	695395	337094	271632	67815	27697	3437	1576	173018	148	87244	880841	441030	
55	609905	343193	303328	75790	32809	4171	1917	206861	179	85489	966331	506103	
56	528293	340951	333459	83359	38665	5047	2320	246245	216	81613	1.04794e+006	575036	
57	452558	330081	360365	90114	45195	6081	2794	291576	266	75735	1.12368e+006	646416	
58	384251	311144	382128	95602	52357	7317	3360	343114	323	68307	1.19199e+006	718589	
59	324229	285677	396814	99332	59983	8788	4039	401020	394	60022	1.25201e+006	789663	
60	272717	255576	403281	100915	67905	10510	4833	464855	478	51512	1.30352e+006	857928	
61	229522	223036	400412	100129	75811	12501	5748	534243	582	43195	1.34671e+006	921740	
62	194066	190185	387918	97076	83355	14795	6803	608134	709	35456	1.38217e+006	979677	
63	165324	158904	366659	91751	90025	17379	7995	685329	864	28741	1.41091e+006	1.03111e+006	
64	142448	130268	338090	84588	95470	20286	9332	764036	1050	22876	1.43379e+006	1.07578e+006	
65	124437	105084	304268	76115	99150	23463	10789	842443	1275	18011	1.4518e+006	1.11373e+006	
66	110341	83725	267337	66890	100763	26868	12358	918770	1543	14096	1.4659e+006	1.14535e+006	
67	99410	65915	232587	54647	100049	30402	13986	991357	1870	10932	1.47683e+006	1.17423e+006	
68	90964	51484	198589	43213	96925	33984	15625	1.05883e+006	2252	8445	1.48527e+006	1.19756e+006	
69	84469	39968	166819	32973	91634	37434	17208	1.12023e+006	2711	6495	1.49177e+006	1.21617e+006	
70	79501	30840	138305	24070	84496	40630	18678	1.17515e+006	3247	4968	1.49674e+006	1.23092e+006	
71	75709	23700	113582	16530	76052	43387	19952	1.22341e+006	3870	3792	1.50053e+006	1.24251e+006	
72	72812	18152	92814	10287	66791	45504	20919	1.26527e+006	4601	2897	1.50342e+006	1.25155e+006	
73	70614	13855	72790	8065	57398	46889	21549	1.30119e+006	5435	2198	1.50562e+006	1.25797e+006	
74	68948	10553	56675	6272	48308	47377	21765	1.33172e+006	6383	1666	1.50729e+006	1.26291e+006	
75	67684	8025	43855	4873	39933	46946	21566	1.35749e+006	7431	1264	1.50855e+006	1.26667e+006	
76	66720	6092	33772	3758	32439	45619	20960	1.37924e+006	8596	964	1.50952e+006	1.26956e+006	
77	65986	4628	25915	2880	25986	43471	19966	1.39753e+006	9837	734	1.51025e+006	1.27176e+006	
78	65429	3519	19810	2207	20608	40562	18641	1.41295e+006	11154	556	1.51081e+006	1.27343e+006	
79	65009	2676	15101	1684	16164	37094	17053	1.42599e+006	12521	420	1.51123e+006	1.2747e+006	
80	64691	2029	11496	1285	12590	33218	15264	1.43703e+006	13895	318	1.51155e+006	1.27566e+006	
81	64449	1537	8751	973	9745	29159	13396	1.44637e+006	15252	242	1.51179e+006	1.2764e+006	
82	64265	1164	6646	736	7514	25110	11538	1.45427e+006	16534	183	1.51197e+006	1.27697e+006	
83	64126	883	5043	562	5768	21207	9744	1.46093e+006	17721	139	1.51211e+006	1.27739e+006	
84	64023	668	3829	428	4409	17617	8105	1.46647e+006	18796	103	1.51221e+006	1.2777e+006	
85	63942	507	2910	326	3358	14408	6630	1.47105e+006	19738	81	1.51229e+006	1.27795e+006	
86	63880	385	2208	247	2557	11605	5333	1.47481e+006	20549	62	1.51236e+006	1.27813e+006	
87	63836	290	1673	187	1950	9225	4241	1.47784e+006	21231	44	1.5124e+006	1.27827e+006	
88	63803	220	1263	144	1477	7277	3344	1.48026e+006	21792	34	1.51243e+006	1.27837e+006	
89	63775	167	957	110	1116	5691	2608	1.48218e+006	22243	28	1.51246e+006	1.27846e+006	
90	63754	126	729	82	850	4424	2027	1.48367e+006	22599	21	1.51248e+006	1.27852e+006	
91	63738	99	549	63	646	3412	1562	1.48484e+006	22888	17	1.5125e+006	1.27856e+006	
92	63726	77	416	47	489	2625	1204	1.48575e+006	23106	12	1.51251e+006	1.2786e+006	
93	63717	58	315	36	370	2012	922	1.48645e+006	23280	8	1.51252e+006	1.27862e+006	
94	63712	43	242	27	281	1533	701	1.48698e+006	23416	6	1.51252e+006	1.27865e+006	
95	63706	31	184	20	214	1167	534	1.4874e+006	23515	5	1.51253e+006	1.27866e+006	
96	63702	24	139	15	163	890	407	1.48771e+006	23594	4	1.51253e+006	1.27867e+006	
97	63699	18	107	12	123	681	313	1.48795e+006	23650	3	1.51254e+006	1.27868e+006	
98	63697	14	82	9	93	513	237	1.48813e+006	23698	2	1.51254e+006	1.27869e+006	
99	63696	11	62	7	71	388	179	1.48827e+006	23733	2	1.51254e+006	1.27869e+006	
100	63694	8	47	5	53	294	136	1.48837e+006	23760	1	1.51254e+006	1.2787e+006	
101	63693	6	35	4	41	223	103	1.48845e+006	23781	1	1.51254e+006	1.2787e+006	
102	63692	5	26	3	31	168	78	1.48851e+006	23797	1	1.51254e+006	1.2787e+006	
103	63691	4	20	2	25	127	60	1.48856e+006	23808	1	1.51255e+006	1.2787e+006	
104	63691	4	16	2	19	97	45	1.48859e+006	23816	1	1.51255e+006	1.2787e+006	
105	63690	3	12	1	14	74	35	1.48862e+006	23823	0	1.51255e+006	1.27871e+006	
106	63690	2	9	1	11	55	27	1.48864e+006	23828	0	1.51255e+006	1.27871e+006	
107	63690	2	7	1	8	42	20	1.48866e+006	23831	0	1.51255e+006	1.27871e+006	
108	63689	1	6	1	6	31	14	1.48867e+006	23834	0	1.51255e+006	1.27871e+006	
109	63689	1	5	0	4	24	12	1.48868e+006	23836	0	1.51255e+006	1.27871e+006	
110	63689	1	4	0	3	18	9	1.48868e+006	23838	0	1.51255e+006	1.27871e+006	
111	63689	1	3	0	2	13	7	1.48869e+006	23839	0	1.51255e+006	1.27871e+006	
112	63689	1	3	0	2	10	5	1.48869e+006	23840	0	1.51255e+006	1.27871e+006	
113	63688	1	2	0	1	8	4	1.4887e+006	23840	0	1.51255e+006	1.27871e+006	
114	63688	1	2	0	1	6	3	1.4887e+006	23841	0	1.51255e+006	1.27871e+006	
115	63688	1	1	0	1	5	2	1.4887e+006	23841	0	1.51255e+006	1.27871e+006	
116	63688	1	1	0	1	4	2	1.4887e+006	23842	0	1.51255e+006	1.27871e+006	
117	63688	1	1	0	1	3	1	1.4887e+006	23842	0	1.51255e+006	1.27871e+006	
118	63688	1	1	0	0	2	1	1.4887e+006	23842	0	1.51255e+006	1.27871e+006	
119	63687	1	1	0	0	2	1	1.4887e+006	23843	0	1.51255e+006	1.27871e+006	
120	63687	1	1	0	0	1	1	1.4887e+006	23843	0	1.51255e+006	1.27871e+006	
121	63687	1	1	0	0	1	0	1.4887e+006	23843	0	1.51255e+006	1.27871e+006	
122	63687	1	1	0	0	0	0	1.4887e+006	23843	0	1.51255e+006	1.27871e+006	
123	63687	1	1	0	0	0	0	1.4887e+006	23843	0	1.51255e+006	1.27871e+006	
124	63687	1	1	0	0	0	0	1.4887e+006	23843	0	1.51255e+006	1.27871e+006	
125	63687	1	1	0	0	0	0	1.4887e+006	23843	0	1.51255e+006	1.27871e+006	
126	63686	1	1	0	0	0	0	1.48871e+006	23843	0	1.51255e+006	1.27871e+006	
127	63686	1	1	0	0	0	0	1.48871e+006	23843	0	1.51255e+006	1.27871e+006	
128	63686	1	1	0	0	0	0	1.48871e+006	23843	0	1.51255e+006	1.27871e+006	
129	63686	1	1	0	0	0	0	1.48871e+006	23843	0	1.51255e+006	1.27871e+006	
130	63686	0	1	0	0	0	0	1.48871e+006	23843	0	1.51255e+006	1.27871e+006	
131	63686	0	1	0	0	0	0	1.48871e+006	23843	0	1.51255e+006	1.27871e+006	
132	63686	0	1	0	0	0	0	1.48871e+006	23843	0	1.51255e+006	1.27871e+006	
133	63686	0	1	0	0	0	0	1.48871e+006	23843	0	1.51255e+006	1.27871e+006	
134	63686	0	1	0	0	0	0	1.48871e+006	23843	0	1.51255e+006	1.27871e+006	
135	63686	0	1	0	0	0	0	1.48871e+006	23843	0	1.51255e+006	1.27871e+006	
136	63685	0	1	0	0	0	0	1.48871e+006	23843	0	1.51255e+006	1.27871e+006	
137	63685	1	0	0	0	0	0	1.48871e+006	23843	0	1.51255e+006	1.27871e+006	
138	63685	1	0	0	0	0	0	1.48871e+006	23843	0	1.51255e+006	1.27871e+006	
139	63685	1	0	0	0	0	0	1.48871e+006	23843	0	1.51255e+006	1.27871e+006	
140	63685	1	0	0	0	0	0	1.48871e+006	23843	0	1.51255e+006	1.27871e+006	
141	63685	0	1	0	0	0	0	1.48871e+006	23843	0	1.51255e+006	1.27871e+006	
142	63685	0	1	0	0	0	0	1.48871e+006	23843	0	1.51255e+006	1.27871e+006	
143	63685	0	1	0	0	0	0	1.48871e+006	23843	0	1.51255e+006	1.27871e+006	
144	63684	0	1	0	0	0	0	1.48871e+006	23843	0	1.51255e+006	1.27871e+006	
145	63684	0	1	0	0	0	0	1.48871e+006	23843	0	1.51255e+006	1.27871e+006	
146	63684	0	1	0	0	0	0	1.48871e+006	23843	0	1.51255e+006	1.27871e+006	
147	63684	0	1	0	0	0	0	1.48871e+006	23843	0	1.51255e+006	1.27871e+006	
148	63684	1	1	0	0	0	0	1.48871e+006	23843	0	1.51255e+006	1.27871e+006	
149	63684	1	1	0	0	0	0	1.48871e+006	23843	0	1.51255e+006	1.27871e+006	
150	63683	1	1	0	0	0	0	1.48871e+006	23843	0	1.51255e+006	1.27871e+006	
151	63683	1	1	0	0	0	0	1.48871e+006	23843	0	1.51255e+006	1.27871e+006	
152	63683	1	1	0	0	0	0	1.48871e+006	23843	0	1.51255e+006	1.27872e+006	
153	63683	1	1	0	0	0	0	1.48871e+006	23843	0	1.51255e+006	1.27872e+006	
154	63683	1	1	0	0	0	0	1.48871e+006	23843	0	1.51255e+006	1.27872e+006	
155	63683	1	1	0	0	0	0	1.48871e+006	23843	0	1.51255e+006	1.27872e+006	
156	63683	0	1	0	0	0	0	1.48871e+006	23843	0	1.51255e+006	1.27872e+006	
157	63682	1	1	0	0	0	0	1.48871e+006	23843	0	1.51255e+006	1.27872e+006	
158	63682	1	1	0	0	0	0	1.48871e+006	23843	0	1.51255e+006	1.27872e+006	
159	63682	1	1	0	0	0	0	1.48871e+006	23843	0	1.51255e+006	1.27872e+006	
160	63682	1	1	0	0	0	0	1.48871e+006	23843	0	1.51255e+006	1.27872e+006	
161	63682	1	1	0	0	0	0	1.48871e+006	23843	0	1.51255e+006	1.27872e+006	
162	63682	0	1	0	0	0	0	1.48871e+006	23843	0	1.51255e+006	1.27872e+006	
163	63681	0	1	0	0	0	0	1.48871e+006	23843	0	1.51256e+006	1.27872e+006	
164	63681	0	1	0	0	0	0	1.48871e+006	23843	0	1.51256e+006	1.27872e+006	
165	63681	1	1	0	0	0	0	1.48871e+006	23843	0	1.51256e+006	1.27872e+006	
166	63681	1	1	0	0	0	0	1.48871e+006	23843	0	1.51256e+006	1.27872e+006	
167	63681	1	1	0	0	0	0	1.48871e+006	23843	0	1.51256e+006	1.27872e+006	
168	63681	1	1	0	0	0	0	1.48871e+006	23843	0	1.51256e+006	1.27872e+006	
169	63681	1	1	0	0	0	0	1.48871e+006	23843	0	1.51256e+006	1.27872e+006	
170	63680	1	1	0	0	0	0	1.48871e+006	23843	0	1.51256e+006	1.27872e+006	
171	63680	1	1	0	0	0	0	1.48871e+006	23843	0	1.51256e+006	1.27872e+006	
172	63680	1	1	0	0	0	0	1.48871e+006	23843	0	1.51256e+006	1.27872e+006	
173	63680	1	1	0	0	0	0	1.48871e+006	23843	0	1.51256e+006	1.27872e+006	
174	63680	1	1	0	0	0	0	1.48871e+006	23843	0	1.51256e+006	1.27872e+006	
175	63680	0	1	0	0	0	0	1.48871e+006	23843	0	1.51256e+006	1.27872e+006	
176	63680	0	1	0	0	0	0	1.48871e+006	23843	0	1.51256e+006	1.27872e+006	
177	63680	0	1	0	0	0	0	1.48871e+006	23843	0	1.51256e+006	1.27872e+006	
178	63679	0	1	0	0	0	0	1.48871e+006	23843	0	1.51256e+006	1.27872e+006	
179	63679	0	1	0	0	0	0	1.48871e+006	23843	0	1.51256e+006	1.27872e+006	
180	63679	0	1	0	0	0	0	1.48871e+006	23843	0	1.51256e+006	1.27872e+006	
181	63679	0	0	0	0	0	0	1.48871e+006	23843	0	1.51256e+006	1.27872e+006	
182	63679	0	0	0	0	0	0	1.48871e+006	23843	0	1.51256e+006	1.27872e+006	
183	63679	0	0	0	0	0	0	1.48871e+006	23843	0	1.51256e+006	1.27872e+006	
184	63679	0	0	0	0	0	0	1.48871e+006	23843	0	1.51256e+006	1.27872e+006	
185	63679	0	0	0	0	0	0	1.48871e+006	23843	0	1.51256e+006	1.27872e+006	
186	63679	0	1	0	0	0	0	1.48871e+006	23843	0	1.51256e+006	1.27872e+006	
187	63678	0	1	0	0	0	0	1.48871e+006	23843	0	1.51256e+006	1.27872e+006	
188	63678	1	0	0	0	0	0	1.48871e+006	23843	0	1.51256e+006	1.27872e+006	
189	63678	1	0	0	0	0	0	1.48871e+006	23843	0	1.51256e+006	1.27872e+006	
190	63678	1	0	0	0	0	0	1.48871e+006	23843	0	1.51256e+006	1.27872e+006	
191	63678	1	1	0	0	0	0	1.48871e+006	23843	0	1.51256e+006	1.27872e+006	
192	63678	1	1	0	0	0	0	1.48871e+006	23843	0	1.51256e+006	1.27872e+006	
193	63678	1	1	0	0	0	0	1.48871e+006	23843	0	1.51256e+006	1.27872e+006	
194	63677	1	1	0	0	0	0	1.48871e+006	23843	0	1.51256e+006	1.27872e+006	
195	63677	0	1	0	0	0	0	1.48871e+006	23843	0	1.51256e+006	1.27872e+006	
196	63677	0	1	0	0	0	0	1.48871e+006	23843	0	1.51256e+006	1.27872e+006	
197	63677	0	1	0	0	0	0	1.48871e+006	23843	0	1.51256e+006	1.27872e+006	
198	63677	0	1	0	0	0	0	1.48871e+006	23843	0	1.51256e+006	1.27872e+006	
199	63677	0	1	0	0	0	0	1.48871e+006	23843	0	1.51256e+006	1.27872e+006	
200	63677	1	1	0	0	0	0	1.48871e+006	23843	0	1.51256e+006	1.27872e+006	
201	63677	1	1	0	0	0	0	1.48872e+006	23843	0	1.51256e+006	1.27872e+006	
202	63676	1	1	0	0	0	0	1.48872e+006	23843	0	1.51256e+006	1.27872e+006	
203	63676	1	1	0	0	0	0	1.48872e+006	23843	0	1.51256e+006	1.27872e+006	
204	63676	1	1	0	0	0	0	1.48872e+006	23843	0	1.51256e+006	1.27872e+006	
205	63676	1	1	0	0	0	0	1.48872e+006	23843	0	1.51256e+006	1.27872e+006	
206	63676	1	1	0	0	0	0	1.48872e+006	23843	0	1.51256e+006	1.27872e+006	
207	63676	1	1	0	0	0	0	1.48872e+006	23843	0	1.51256e+006	1.27872e+006	
208	63676	0	1	0	0	0	0	1.48872e+006	23843	0	1.51256e+006	1.27872e+006	
209	63675	1	1	0	0	0	0	1.48872e+006	23843	0	1.51256e+006	1.27872e+006	
210	63675	1	1	0	0	0	0	1.48872e+006	23843	0	1.51256e+006	1.27872e+006	
211	63675	1	1	0	0	0	0	1.48872e+006	23843	0	1.51256e+006	1.27872e+006	
212	63675	1	1	0	0	0	0	1.48872e+006	23843	0	1.51256e+006	1.27872e+006	
213	63675	1	1	0	0	0	0	1.48872e+006	23843	0	1.51256e+006	1.27872e+006	
214	63675	1	1	0	0	0	0	1.48872e+006	23843	0	1.51256e+006	1.27872e+006	
215	63674	1	1	0	0	0	0	1.48872e+006	23843	0	1.51256e+006	1.27872e+006	
216	63674	0	1	0	0	0	0	1.48872e+006	23843	0	1.51256e+006	1.27872e+006	
217	63674	0	1	0	0	0	0	1.48872e+006	23843	0	1.51256e+006	1.27872e+006	
218	63674	0	1	0	0	0	0	1.48872e+006	23843	0	1.51256e+006	1.27872e+006	
219	63674	0	1	0	0	0	0	1.48872e+006	23843	0	1.51256e+006	1.27872e+006	
220	63674	0	1	0	0	0	0	1.48872e+006	23843	0	1.51256e+006	1.27872e+006	
221	63674	0	1	0	0	0	0	1.48872e+006	23843	0	1.51256e+006	1.27872e+006	
222	63674	0	1	0	0	0	0	1.48872e+006	23843	0	1.51256e+006	1.27872e+006	
223	63674	1	1	0	0	0	0	1.48872e+006	23843	0	1.51256e+006	1.27872e+006	
224	63673	1	1	0	0	0	0	1.48872e+006	23843	0	1.51256e+006	1.27872e+006	
225	63673	0	1	0	0	0	0	1.48872e+006	23843	0	1.51256e+006	1.27872e+006	
226	63673	0	1	0	0	0	0	1.48872e+006	23843	0	1.51256e+006	1.27872e+006	
227	63673	0	1	0	0	0	0	1.48872e+006	23843	0	1.51256e+006	1.27872e+006	
228	63673	0	1	0	0	0	0	1.48872e+006	23843	0	1.51256e+006	1.27872e+006	
229	63673	0	1	0	0	0	0	1.48872e+006	23843	0	1.51256e+006	1.27872e+006	
230	63673	0	1	0	0	0	0	1.48872e+006	23843	0	1.51256e+006	1.27872e+006	
231	63673	1	1	0	0	0	0	1.48872e+006	23843	0	1.51256e+006	1.27872e+006	
232	63672	1	1	0	0	0	0	1.48872e+006	23843	0	1.51256e+006	1.27872e+006	
233	63672	1	1	0	0	0	0	1.48872e+006	23843	0	1.51256e+006	1.27873e+006	
234	63672	1	1	0	0	0	0	1.48872e+006	23843	0	1.51256e+006	1.27873e+006	
235	63672	0	1	0	0	0	0	1.48872e+006	23843	0	1.51256e+006	1.27873e+006	
236	63672	0	1	0	0	0	0	1.48872e+006	23843	0	1.51256e+006	1.27873e+006	
237	63672	0	1	0	0	0	0	1.48872e+006	23843	0	1.51256e+006	1.27873e+006	
238	63672	0	1	0	0	0	0	1.48872e+006	23843	0	1.51256e+006	1.27873e+006	
239	63672	0	1	0	0	0	0	1.48872e+006	23843	0	1.51256e+006	1.27873e+006	
240	63672	1	1	0	0	0	0	1.48872e+006	23843	0	1.51256e+006	1.27873e+006	
241	63671	1	1	0	0	0	0	1.48872e+006	23843	0	1.51257e+006	1.27873e+006	
242	63671	1	1	0	0	0	0	1.48872e+006	23843	0	1.51257e+006	1.27873e+006	
243	63671	1	1	0	0	0	0	1.48872e+006	23843	0	1.51257e+006	1.27873e+006	
244	63671	1	1	0	0	0	0	1.48872e+006	23843	0	1.51257e+006	1.27873e+006	
245	63671	1	1	0	0	0	0	1.48872e+006	23843	0	1.51257e+006	1.27873e+006	
246	63670	1	1	0	0	0	0	1.48872e+006	23843	0	1.51257e+006	1.27873e+006	
247	63670	1	1	0	0	0	0	1.48872e+006	23843	0	1.51257e+006	1.27873e+006	
248	63670	1	1	0	0	0	0	1.48872e+006	23843	0	1.51257e+006	1.27873e+006	
249	63670	1	1	0	0	0	0	1.48872e+006	23843	0	1.51257e+006	1.27873e+006	
250	63670	1	1	0	0	0	0	1.48872e+006	23843	0	1.51257e+006	1.27873e+006	
251	63670	1	1	0	0	0	0	1.48872e+006	23843	0	1.51257e+006	1.27873e+006	
252	63670	0	1	0	0	0	0	1.48872e+006	23843	0	1.51257e+006	1.27873e+006	
253	63669	1	1	0	0	0	0	1.48872e+006	23843	0	1.51257e+006	1.27873e+006	
254	63669	1	1	0	0	0	0	1.48872e+006	23843	0	1.51257e+006	1.27873e+006	
255	63669	1	1	0	0	0	0	1.48872e+006	23843	0	1.51257e+006	1.27873e+006	
256	63669	1	1	0	0	0	0	1.48872e+006	23843	0	1.51257e+006	1.27873e+006	
257	63669	1	1	0	0	0	0	1.48872e+006	23843	0	1.51257e+006	1.27873e+006	
258	63669	1	1	0	0	0	0	1.48872e+006	23843	0	1.51257e+006	1.27873e+006	
259	63669	1	1	0	0	0	0	1.48872e+006	23843	0	1.51257e+006	1.27873e+006	
260	63668	1	1	0	0	0	0	1.48872e+006	23843	0	1.51257e+006	1.27873e+006	
261	63668	1	1	0	0	0	0	1.48872e+006	23843	0	1.51257e+006	1.27873e+006	
262	63668	1	1	0	0	0	0	1.48872e+006	23843	0	1.51257e+006	1.27873e+006	
263	63668	1	1	0	0	0	0	1.48872e+006	23843	0	1.51257e+006	1.27873e+006	
264	63668	0	1	0	0	0	0	1.48872e+006	23843	0	1.51257e+006	1.27873e+006	
265	63668	1	1	0	0	0	0	1.48872e+006	23843	0	1.51257e+006	1.27873e+006	
266	63668	1	1	0	0	0	0	1.48872e+006	23843	0	1.51257e+006	1.27873e+006	
267	63667	1	1	0	0	0	0	1.48872e+006	23843	0	1.51257e+006	1.27873e+006	
268	63667	1	1	0	0	0	0	1.48872e+006	23843	0	1.51257e+006	1.27873e+006	
269	63667	1	1	0	0	0	0	1.48872e+006	23843	0	1.51257e+006	1.27873e+006	
270	63667	1	1	0	0	0	0	1.48872e+006	23843	0	1.51257e+006	1.27873e+006	
271	63667	1	1	0	0	0	0	1.48872e+006	23843	0	1.51257e+006	1.27873e+006	
272	63667	1	1	0	0	0	0	1.48872e+006	23843	0	1.51257e+006	1.27873e+006	
273	63666	1	1	0	0	0	0	1.48872e+006	23843	0	1.51257e+006	1.27873e+006	
274	63666	1	1	0	0	0	0	1.48873e+006	23843	0	1.51257e+006	1.27873e+006	
275	63666	1	1	0	0	0	0	1.48873e+006	23843	0	1.51257e+006	1.27873e+006	
276	63666	1	1	0	0	0	0	1.48873e+006	23843	0	1.51257e+006	1.27873e+006	
277	63666	1	1	0	0	0	0	1.48873e+006	23843	0	1.51257e+006	1.27873e+006	
278	63666	0	1	0	0	0	0	1.48873e+006	23843	0	1.51257e+006	1.27873e+006	
279	63666	0	1	0	0	0	0	1.48873e+006	23843	0	1.51257e+006	1.27873e+006	
280	63666	0	1	0	0	0	0	1.48873e+006	23843	0	1.51257e+006	1.27873e+006	
281	63665	0	1	0	0	0	0	1.48873e+006	23843	0	1.51257e+006	1.27873e+006	
282	63665	0	1	0	0	0	0	1.48873e+006	23843	0	1.51257e+006	1.27873e+006	
283	63665	0	1	0	0	0	0	1.48873e+006	23843	0	1.51257e+006	1.27873e+006	
284	63665	0	1	0	0	0	0	1.48873e+006	23843	0	1.51257e+006	1.27873e+006	
285	63665	0	1	0	0	0	0	1.48873e+006	23843	0	1.51257e+006	1.27873e+006	
286	63665	0	1	0	0	0	0	1.48873e+006	23843	0	1.51257e+006	1.27873e+006	
287	63665	0	1	0	0	0	0	1.48873e+006	23843	0	1.51257e+006	1.27873e+006	
288	63665	0	1	0	0	0	0	1.48873e+006	23843	0	1.51257e+006	1.27873e+006	
289	63665	0	0	0	0	0	0	1.48873e+006	23843	0	1.51257e+006	1.27873e+006	
290	63664	0	0	0	0	0	0	1.48873e+006	23843	0	1.51257e+006	1.27873e+006	
291	63664	0	1	0	0	0	0	1.48873e+006	23843	0	1.51257e+006	1.27873e+006	
292	63664	0	1	0	0	0	0	1.48873e+006	23843	0	1.51257e+006	1.27873e+006	
293	63664	1	0	0	0	0	0	1.48873e+006	23843	0	1.51257e+006	1.27873e+006	
294	63664	0	1	0	0	0	0	1.48873e+006	23843	0	1.51257e+006	1.27873e+006	
295	63664	0	1	0	0	0	0	1.48873e+006	23843	0	1.51257e+006	1.27873e+006	
296	63664	0	1	0	0	0	0	1.48873e+006	23843	0	1.51257e+006	1.27873e+006	
297	63664	0	1	0	0	0	0	1.48873e+006	23843	0	1.51257e+006	1.27873e+006	
298	63664	0	1	0	0	0	0	1.48873e+006	23843	0	1.51257e+006	1.27873e+006	
299	63663	1	1	0	0	0	0	1.48873e+006	23843	0	1.51257e+006	1.27873e+006	
300	63663	0	1	0	0	0	0	1.48873e+006	23843	0	1.51257e+006	1.27873e+006	
301	63663	0	1	0	0	0	0	1.48873e+006	23843	0	1.51257e+006	1.27873e+006	
302	63663	0	1	0	0	0	0	1.48873e+006	23843	0	1.51257e+006	1.27873e+006	
303	63663	0	1	0	0	0	0	1.48873e+006	23843	0	1.51257e+006	1.27873e+006	
304	63663	0	1	0	0	0	0	1.48873e+006	23843	0	1.51257e+006	1.27873e+006	
305	63663	0	1	0	0	0	0	1.48873e+006	23843	0	1.51257e+006	1.27873e+006	
306	63663	1	1	0	0	0	0	1.48873e+006	23843	0	1.51257e+006	1.27873e+006	
307	63662	0	1	0	0	0	0	1.48873e+006	23843	0	1.51257e+006	1.27873e+006	
308	63662	1	1	0	0	0	0	1.48873e+006	23843	0	1.51257e+006	1.27873e+006	
309	63662	1	1	0	0	0	0	1.48873e+006	23843	0	1.51257e+006	1.27873e+006	
310	63662	1	1	0	0	0	0	1.48873e+006	23843	0	1.51257e+006	1.27873e+006	
311	63662	1	1	0	0	0	0	1.48873e+006	23843	0	1.51257e+006	1.27873e+006	
312	63662	1	1	0	0	0	0	1.48873e+006	23843	0	1.51257e+006	1.27874e+006	
313	63662	0	1	0	0	0	0	1.48873e+006	23843	0	1.51257e+006	1.27874e+006	
314	63662	0	1	0	0	0	0	1.48873e+006	23843	0	1.51257e+006	1.27874e+006	
315	63661	0	1	0	0	0	0	1.48873e+006	23843	0	1.51258e+006	1.27874e+006	
316	63661	1	1	0	0	0	0	1.48873e+006	23843	0	1.51258e+006	1.27874e+006	
317	63661	1	1	0	0	0	0	1.48873e+006	23844	0	1.51258e+006	1.27874e+006	
318	63661	1	1	0	0	0	0	1.48873e+006	23844	0	1.51258e+006	1.27874e+006	
319	63661	1	1	0	0	0	0	1.48873e+006	23844	0	1.51258e+006	1.27874e+006	
320	63661	1	1	0	0	0	0	1.48873e+006	23844	0	1.51258e+006	1.27874e+006	
321	63660	1	1	0	0	0	0	1.48873e+006	23844	0	1.51258e+006	1.27874e+006	
322	63660	1	1	0	0	0	0	1.48873e+006	23844	0	1.51258e+006	1.27874e+006	
323	63660	1	1	0	0	0	0	1.48873e+006	23844	0	1.51258e+006	1.27874e+006	
324	63660	0	1	0	0	0	0	1.48873e+006	23844	0	1.51258e+006	1.27874e+006	
325	63660	0	1	0	0	0	0	1.48873e+006	23844	0	1.51258e+006	1.27874e+006	
326	63660	0	1	0	0	0	0	1.48873e+006	23844	0	1.51258e+006	1.27874e+006	
327	63660	1	1	0	0	0	0	1.48873e+006	23844	0	1.51258e+006	1.27874e+006	
328	63660	0	1	0	0	0	0	1.48873e+006	23844	0	1.51258e+006	1.27874e+006	
329	63660	0	1	0	0	0	0	1.48873e+006	23844	0	1.51258e+006	1.27874e+006	
330	63659	0	1	0	0	0	0	1.48873e+006	23844	0	1.51258e+006	1.27874e+006	
331	63659	0	1	0	0	0	0	1.48873e+006	23844	0	1.51258e+006	1.27874e+006	
332	63659	0	1	0	0	0	0	1.48873e+006	23844	0	1.51258e+006	1.27874e+006	
333	63659	1	0	0	0	0	0	1.48873e+006	23844	0	1.51258e+006	1.27874e+006	
334	63659	1	1	0	0	0	0	1.48873e+006	23844	0	1.51258e+006	1.27874e+006	
335	63659	1	0	0	0	0	0	1.48873e+006	23844	0	1.51258e+006	1.27874e+006	
336	63658	1	1	0	0	0	0	1.48873e+006	23844	0	1.51258e+006	1.27874e+006	
337	63658	1	1	0	0	0	0	1.48873e+006	23844	0	1.51258e+006	1.27874e+006	
338	63658	1	1	0	0	0	0	1.48873e+006	23844	0	1.51258e+006	1.27874e+006	
339	63658	1	1	0	0	0	0	1.48873e+006	23844	0	1.51258e+006	1.27874e+006	
340	63658	0	1	0	0	0	0	1.48873e+006	23844	0	1.51258e+006	1.27874e+006	
341	63658	0	1	0	0	0	0	1.48873e+006	23844	0	1.51258e+006	1.27874e+006	
342	63658	1	1	0	0	0	0	1.48873e+006	23844	0	1.51258e+006	1.27874e+006	
343	63657	1	1	0	0	0	0	1.48873e+006	23844	0	1.51258e+006	1.27874e+006	
344	63657	1	1	0	0	0	0	1.48873e+006	23844	0	1.51258e+006	1.27874e+006	
345	63657	1	1	0	0	0	0	1.48873e+006	23844	0	1.51258e+006	1.27874e+006	
346	63657	1	1	0	0	0	0	1.48873e+006	23844	0	1.51258e+006	1.27874e+006	
347	63657	0	1	0	0	0	0	1.48873e+006	23844	0	1.51258e+006	1.27874e+006	
348	63657	1	1	0	0	0	0	1.48873e+006	23844	0	1.51258e+006	1.27874e+006	
349	63657	0	1	0	0	0	0	1.48873e+006	23844	0	1.51258e+006	1.27874e+006	
350	63657	0	1	0	0	0	0	1.48873e+006	23844	0	1.51258e+006	1.27874e+006	
351	63657	0	1	0	0	0	0	1.48873e+006	23844	0	1.51258e+006	1.27874e+006	
352	63656	0	1	0	0	0	0	1.48873e+006	23844	0	1.51258e+006	1.27874e+006	
353	63656	1	1	0	0	0	0	1.48874e+006	23844	0	1.51258e+006	1.27874e+006	
354	63656	1	1	0	0	0	0	1.48874e+006	23844	0	1.51258e+006	1.27874e+006	
355	63656	1	1	0	0	0	0	1.48874e+006	23844	0	1.51258e+006	1.27874e+006	
356	63656	1	1	0	0	0	0	1.48874e+006	23844	0	1.51258e+006	1.27874e+006	
357	63656	1	1	0	0	0	0	1.48874e+006	23844	0	1.51258e+006	1.27874e+006	
358	63656	1	1	0	0	0	0	1.48874e+006	23844	0	1.51258e+006	1.27874e+006	
359	63656	1	1	0	0	0	0	1.48874e+006	23844	0	1.51258e+006	1.27874e+006	
360	63655	1	1	0	0	0	0	1.48874e+006	23844	0	1.51258e+006	1.27874e+006	
361	63655	0	1	0	0	0	0	1.48874e+006	23844	0	1.51258e+006	1.27874e+006	
362	63655	1	1	0	0	0	0	1.48874e+006	23844	0	1.51258e+006	1.27874e+006	
363	63655	1	1	0	0	0	0	1.48874e+006	23844	0	1.51258e+006	1.27874e+006	
364	63655	1	1	0	0	0	0	1.48874e+006	23844	0	1.51258e+006	1.27874e+006	
External infections start at day 1 and end at:	30	Number of imported cases each day	2	
Number of contacts per day:	0	
Number of contacts per day:	0	
Number of days asymptomatic patients are infectious before symptomatic	2	
Probability of transmission from exposed patients:	0.0418	
Probability of transmission from mild symptomatic patients:	0.0418	
Probability of transmission from hospitalized patients:	0	
Probability of transmission from ICU patients:	0	
Probability of testing for mild symptomatic patients:	0.75	

Adherence to Social Distancing parameters:
Day 0:	0	
Day 10:	0	
Day 20:	0	
Day 30:	0	
Day 40:	0	
Day 50:	0	
Day 60:	0	
