Day	Susceptible-LB	Susceptible-UB	Exposed-LB	Exposed-UB	Current Detected Mild Infections-LB	Current Detected Mild Infections-UB	Current Undetected Mild Infections-LB	Current Undetected Mild Infections-UB	Current Hospitalizations-LB	Current Hospitalizations-UB	Current ICU patients-LB	Current ICU patients-UB	ventilators-LB	ventilators-UB	Recovered-LB	Recovered-UB	Deaths-LB	Deaths-UB	new infections today-LB	new infections today-UB	total number of infections-LB	total number of infections-UB	Confirmed total number of infections-LB	Confirmed total number of infections-UB	
0	8.39872e+006	8.39872e+006	16	16	0	0	0	0	0	0	0	0	0	0	0	0	0	0	0	0	16	16	0	0	
1	8.39858e+006	8.39858e+006	160	160	0	0	0	0	0	0	0	0	0	0	0	0	0	0	144	144	160	160	0	0	
2	8.39843e+006	8.39843e+006	304	304	0	0	0	0	0	0	0	0	0	0	0	0	0	0	144	144	304	304	0	0	
3	8.39827e+006	8.39827e+006	464	466	0	0	0	0	0	0	0	0	0	0	0	0	0	0	160	162	464	466	0	0	
4	8.39811e+006	8.39812e+006	603	609	16	16	0	0	0	0	0	0	0	0	0	0	0	0	154	160	619	625	16	16	
5	8.39794e+006	8.39795e+006	629	640	119	128	32	41	0	0	0	0	0	0	0	0	0	0	168	178	789	800	119	128	
6	8.39775e+006	8.39777e+006	667	681	226	238	66	78	0	0	0	0	0	0	0	0	0	0	179	188	971	985	226	238	
7	8.39755e+006	8.39757e+006	702	721	346	360	105	119	0	0	0	0	0	0	0	0	0	0	193	204	1167	1186	346	360	
8	8.39734e+006	8.39736e+006	755	775	461	478	144	160	0	0	0	0	0	0	0	0	0	0	204	217	1377	1398	461	478	
9	8.3971e+006	8.39713e+006	811	835	589	610	186	205	0	0	0	0	0	0	0	0	0	0	224	238	1604	1632	589	610	
10	8.39687e+006	8.3969e+006	861	891	709	733	232	250	0	0	0	0	0	0	16	16	0	0	228	244	1836	1871	726	748	
11	8.39661e+006	8.39665e+006	918	950	754	781	239	259	24	32	0	0	0	0	128	136	0	0	249	265	2090	2131	885	910	
12	8.39634e+006	8.39639e+006	970	1007	805	834	254	274	50	61	0	0	0	0	243	254	0	0	257	274	2350	2401	1044	1072	
13	8.39605e+006	8.39611e+006	1016	1057	857	892	268	289	80	92	0	0	0	0	373	385	0	0	269	288	2625	2683	1223	1254	
14	8.39577e+006	8.39584e+006	1056	1098	909	952	288	314	109	124	0	0	0	0	497	514	0	0	267	286	2899	2962	1399	1436	
15	8.39548e+006	8.39555e+006	1091	1133	976	1021	304	330	140	157	0	0	0	0	636	656	0	0	282	301	3187	3257	1605	1645	
16	8.39517e+006	8.39525e+006	1126	1169	1039	1091	320	346	175	194	0	0	0	0	783	805	0	0	291	312	3485	3562	1812	1860	
17	8.39485e+006	8.39494e+006	1164	1207	1092	1149	344	371	184	203	14	18	13	16	955	977	0	0	306	327	3798	3882	2025	2079	
18	8.39453e+006	8.39463e+006	1203	1250	1140	1199	360	388	200	217	23	28	18	21	1141	1165	0	0	307	329	4111	4204	2242	2300	
19	8.39419e+006	8.3943e+006	1244	1294	1178	1241	380	411	212	232	31	37	22	25	1347	1377	0	0	323	345	4441	4542	2462	2528	
20	8.39398e+006	8.39408e+006	1159	1207	1231	1295	391	423	225	245	39	47	25	29	1557	1593	0	0	204	226	4652	4761	2700	2770	
21	8.39376e+006	8.39388e+006	1053	1105	1268	1332	414	445	249	269	49	58	30	36	1777	1819	0	0	201	224	4858	4979	2942	3017	
22	8.39354e+006	8.39367e+006	947	999	1301	1370	430	463	266	289	59	70	34	40	2009	2059	0	0	200	223	5066	5194	3193	3273	
23	8.39333e+006	8.39347e+006	820	874	1341	1413	443	478	284	307	68	80	39	46	2255	2313	0	0	197	219	5271	5406	3463	3549	
24	8.39311e+006	8.39325e+006	821	872	1289	1363	432	467	296	320	80	93	45	53	2505	2567	0	0	204	225	5483	5622	3637	3726	
25	8.39291e+006	8.39306e+006	809	861	1230	1308	410	446	308	335	91	105	50	59	2769	2838	0	0	190	212	5679	5829	3812	3909	
26	8.3927e+006	8.39287e+006	795	847	1165	1240	388	420	321	349	102	116	54	64	3041	3117	0	0	185	210	5870	6032	3983	4084	
27	8.39249e+006	8.39267e+006	791	845	1086	1162	359	390	325	354	100	116	47	58	3336	3419	13	16	192	218	6069	6244	4152	4256	
28	8.3923e+006	8.39249e+006	758	817	1011	1086	332	361	329	359	107	122	49	59	3635	3727	16	19	172	195	6248	6432	4326	4436	
29	8.39212e+006	8.39231e+006	739	794	910	988	299	328	337	367	112	127	51	61	3951	4048	18	21	171	190	6425	6615	4493	4611	
30	8.39195e+006	8.39215e+006	711	767	904	983	288	315	325	355	121	136	54	65	4164	4267	21	24	159	181	6589	6791	4653	4779	
31	8.39178e+006	8.39198e+006	674	727	897	977	286	315	311	338	125	142	56	68	4379	4492	23	27	157	177	6753	6960	4809	4945	
32	8.39162e+006	8.39183e+006	646	694	872	952	283	312	294	320	129	146	59	72	4599	4719	25	30	145	162	6904	7116	4950	5095	
33	8.39147e+006	8.39168e+006	616	666	852	929	277	305	271	297	137	154	63	75	4817	4944	26	32	141	162	7052	7271	5091	5239	
34	8.3913e+006	8.39153e+006	605	654	816	900	264	295	252	280	143	160	64	76	5039	5168	29	35	147	168	7206	7433	5225	5385	
35	8.39116e+006	8.39139e+006	581	629	792	874	255	286	226	255	148	167	67	79	5251	5389	32	38	134	152	7347	7578	5357	5523	
36	8.39101e+006	8.39125e+006	572	621	760	836	247	275	224	252	150	168	68	80	5442	5591	34	41	136	154	7487	7726	5481	5650	
37	8.39087e+006	8.39112e+006	558	606	721	797	232	260	228	254	149	168	68	80	5634	5796	39	46	128	145	7620	7867	5602	5775	
38	8.39073e+006	8.39098e+006	538	586	708	779	223	249	224	251	147	164	66	78	5819	5987	41	49	128	148	7755	8008	5727	5908	
39	8.3906e+006	8.39086e+006	520	567	681	754	212	238	223	250	142	158	64	75	5997	6172	46	53	115	133	7876	8135	5842	6025	
40	8.39047e+006	8.39073e+006	510	555	661	732	207	233	213	241	135	151	62	74	6174	6359	50	58	125	143	8008	8271	5954	6143	
41	8.39034e+006	8.39061e+006	491	538	639	709	200	225	208	235	130	146	59	70	6344	6536	53	62	110	128	8123	8393	6062	6257	
42	8.39023e+006	8.3905e+006	469	513	628	701	194	218	197	224	127	144	55	67	6503	6701	58	67	106	122	8233	8511	6174	6373	
43	8.3901e+006	8.39039e+006	465	506	611	682	187	209	188	213	123	139	52	64	6661	6866	62	71	110	127	8349	8632	6272	6478	
44	8.38998e+006	8.39027e+006	447	492	599	665	177	199	184	208	115	132	49	62	6823	7037	66	75	108	128	8464	8754	6384	6592	
45	8.38987e+006	8.39017e+006	438	482	586	653	166	187	169	194	110	125	47	59	6978	7198	69	80	100	118	8570	8866	6483	6695	
46	8.38976e+006	8.39006e+006	432	475	565	632	156	178	168	190	106	122	45	57	7122	7351	72	83	99	116	8675	8976	6576	6795	
47	8.38965e+006	8.38996e+006	417	462	558	623	146	167	162	183	100	115	42	53	7265	7502	74	86	96	114	8777	9084	6675	6899	
48	8.38954e+006	8.38986e+006	403	447	546	610	140	159	156	179	98	113	41	52	7404	7646	77	89	95	112	8876	9192	6771	7002	
49	8.38945e+006	8.38977e+006	389	431	537	602	133	153	147	172	99	115	43	54	7530	7778	78	90	86	102	8968	9289	6861	7096	
50	8.38935e+006	8.38967e+006	378	419	516	581	126	148	142	164	97	113	41	52	7670	7921	80	92	89	103	9062	9387	6949	7189	
51	8.38925e+006	8.38958e+006	368	407	504	568	127	146	143	165	93	110	40	51	7785	8042	84	95	87	101	9153	9483	7032	7279	
52	8.38915e+006	8.38948e+006	366	407	496	561	123	144	135	156	89	105	39	49	7906	8170	87	98	94	110	9252	9589	7114	7368	
53	8.38905e+006	8.38939e+006	366	405	471	537	123	144	132	154	83	99	35	46	8026	8295	90	101	86	102	9343	9685	7187	7446	
54	8.38896e+006	8.38931e+006	357	395	455	516	120	140	131	153	79	95	33	43	8143	8419	93	104	79	94	9427	9774	7266	7529	
55	8.38887e+006	8.38922e+006	349	389	443	502	118	138	128	149	74	90	30	40	8255	8536	96	107	80	94	9512	9863	7341	7609	
56	8.38878e+006	8.38914e+006	339	378	437	498	118	137	122	142	72	87	29	39	8367	8655	97	110	83	100	9601	9957	7423	7696	
57	8.38869e+006	8.38905e+006	333	370	428	488	116	135	115	134	70	83	29	39	8477	8771	99	111	80	94	9684	10047	7498	7777	
58	8.3886e+006	8.38897e+006	333	369	414	472	113	133	117	135	67	81	28	37	8577	8879	100	113	79	92	9768	10135	7568	7850	
59	8.38852e+006	8.38889e+006	327	364	415	471	106	126	113	130	64	78	26	35	8673	8980	103	116	74	89	9847	10218	7642	7927	
60	8.38844e+006	8.38882e+006	312	346	411	469	105	124	105	121	63	78	27	36	8773	9086	105	118	68	82	9920	10295	7717	8007	
61	8.38836e+006	8.38873e+006	309	343	407	465	102	121	101	116	62	77	28	37	8868	9186	107	120	76	92	10002	10380	7786	8081	
62	8.38828e+006	8.38866e+006	301	335	396	451	98	117	100	115	60	74	27	35	8968	9292	109	122	71	84	10078	10460	7856	8154	
63	8.3882e+006	8.38858e+006	296	331	389	442	94	112	99	117	58	72	26	35	9059	9387	111	124	71	83	10154	10538	7922	8224	
64	8.38812e+006	8.38851e+006	298	334	381	434	91	108	95	112	58	74	27	35	9146	9478	112	125	69	86	10228	10619	7982	8288	
65	8.38804e+006	8.38843e+006	290	325	381	434	89	104	90	108	58	70	27	35	9236	9573	113	126	69	82	10303	10695	8053	8361	
66	8.38797e+006	8.38836e+006	287	322	369	418	89	104	91	109	56	69	27	36	9323	9666	115	128	69	81	10376	10771	8115	8425	
67	8.38789e+006	8.38829e+006	281	318	372	420	77	92	90	108	54	67	25	33	9409	9756	117	130	65	78	10445	10846	8187	8500	
68	8.38782e+006	8.38822e+006	274	310	371	423	68	82	91	109	54	65	24	33	9490	9844	118	131	63	77	10513	10918	8256	8574	
69	8.38775e+006	8.38815e+006	270	305	374	425	60	74	92	108	52	63	23	31	9568	9927	120	134	65	77	10583	10990	8326	8646	
70	8.38767e+006	8.38808e+006	268	305	380	431	54	67	90	105	49	60	22	29	9645	10009	122	136	66	82	10655	11066	8393	8716	
71	8.3876e+006	8.38801e+006	267	302	373	424	49	61	89	104	46	57	20	27	9729	10097	124	137	63	77	10723	11137	8457	8786	
72	8.38753e+006	8.38795e+006	265	300	373	427	40	53	86	101	45	56	19	26	9808	10179	125	139	62	74	10790	11207	8520	8852	
73	8.38747e+006	8.38788e+006	257	293	369	420	40	52	83	98	46	56	19	26	9885	10259	126	140	58	69	10852	11271	8585	8920	
74	8.3874e+006	8.38782e+006	250	280	365	417	40	53	79	94	44	55	20	26	9962	10342	128	142	58	70	10914	11336	8650	8988	
75	8.38733e+006	8.38775e+006	250	281	360	412	39	51	75	88	44	56	19	26	10040	10422	129	143	63	78	10982	11409	8712	9053	
76	8.38726e+006	8.38769e+006	244	274	353	405	40	51	76	90	44	56	19	26	10110	10496	130	144	56	67	11042	11472	8771	9115	
77	8.3872e+006	8.38763e+006	247	277	348	397	38	49	75	88	45	57	20	28	10178	10569	132	146	60	73	11106	11541	8829	9176	
78	8.38713e+006	8.38757e+006	245	277	344	390	38	47	76	89	43	55	19	27	10246	10641	133	147	57	68	11169	11604	8886	9235	
79	8.38707e+006	8.3875e+006	240	271	340	390	39	50	78	92	41	52	18	25	10314	10712	135	149	58	71	11233	11669	8947	9301	
80	8.387e+006	8.38744e+006	242	274	332	376	37	48	78	93	40	50	18	25	10386	10787	136	151	58	70	11296	11734	9003	9359	
81	8.38694e+006	8.38738e+006	237	268	330	374	36	46	77	93	41	51	18	25	10453	10857	137	152	55	66	11356	11796	9063	9424	
82	8.38688e+006	8.38732e+006	235	269	328	370	34	44	76	92	41	52	17	25	10519	10926	138	152	56	68	11417	11859	9121	9483	
83	8.38682e+006	8.38726e+006	232	264	331	373	33	43	77	93	39	49	17	24	10580	10990	140	155	55	67	11478	11921	9181	9544	
84	8.38676e+006	8.3872e+006	226	256	330	376	32	42	74	89	39	49	16	23	10646	11057	141	155	52	63	11535	11978	9239	9604	
85	8.38669e+006	8.38714e+006	228	259	324	367	30	40	72	88	37	47	15	22	10715	11134	142	156	56	69	11597	12042	9295	9662	
86	8.38664e+006	8.38708e+006	225	255	323	368	30	41	70	85	39	49	16	23	10776	11196	142	157	52	64	11654	12101	9351	9719	
87	8.38658e+006	8.38702e+006	222	252	316	362	31	42	69	83	38	48	15	22	10841	11266	144	158	52	65	11712	12161	9406	9774	
88	8.38651e+006	8.38696e+006	228	257	312	357	30	42	67	82	38	48	15	22	10903	11330	145	160	57	69	11775	12224	9459	9828	
89	8.38645e+006	8.3869e+006	225	253	310	353	31	43	66	82	38	49	15	22	10967	11396	145	160	53	65	11832	12285	9516	9886	
90	8.38639e+006	8.38685e+006	223	253	302	346	33	43	68	84	37	48	14	21	11028	11458	146	161	51	64	11889	12343	9568	9940	
91	8.38634e+006	8.38679e+006	223	252	300	345	32	43	68	83	37	49	15	22	11086	11519	147	162	53	63	11947	12401	9621	9996	
92	8.38627e+006	8.38673e+006	221	251	303	344	33	44	69	84	36	48	15	22	11147	11582	147	162	56	67	12007	12463	9678	10053	
93	8.38621e+006	8.38667e+006	220	250	302	342	32	43	68	83	36	47	15	23	11208	11645	148	163	53	64	12064	12523	9731	10108	
94	8.38615e+006	8.38661e+006	222	250	300	342	33	44	68	81	33	44	14	22	11267	11705	150	165	53	63	12122	12582	9782	10160	
95	8.38609e+006	8.38655e+006	225	255	294	336	34	45	66	79	34	45	15	22	11329	11769	151	166	56	68	12182	12645	9834	10214	
96	8.38603e+006	8.38649e+006	224	253	299	341	33	43	63	78	32	43	14	21	11388	11830	153	168	55	65	12242	12705	9891	10272	
97	8.38598e+006	8.38644e+006	219	247	301	342	31	41	61	75	32	42	13	20	11448	11892	154	170	47	58	12294	12759	9945	10328	
98	8.38592e+006	8.38639e+006	219	249	295	338	31	41	62	74	31	42	13	19	11510	11954	154	170	54	65	12351	12821	9997	10381	
99	8.38586e+006	8.38633e+006	214	242	294	339	33	44	63	75	31	42	12	19	11567	12013	155	171	51	61	12407	12877	10050	10436	
100	8.3858e+006	8.38627e+006	209	237	297	340	34	45	64	74	30	40	11	18	11625	12072	155	171	50	60	12462	12932	10104	10490	
101	8.38574e+006	8.38622e+006	216	245	294	335	33	43	60	72	29	39	10	16	11687	12133	156	172	55	65	12521	12993	10151	10540	
102	8.38568e+006	8.38615e+006	219	247	290	333	34	45	61	73	28	38	10	16	11746	12195	157	173	56	68	12582	13056	10203	10596	
103	8.38562e+006	8.3861e+006	221	248	286	328	36	47	61	73	29	38	10	16	11802	12253	158	174	52	63	12638	13115	10253	10647	
104	8.38557e+006	8.38604e+006	220	249	285	326	34	45	59	71	29	39	10	16	11860	12313	158	174	49	62	12693	13170	10305	10698	
105	8.3855e+006	8.38598e+006	220	250	288	328	31	40	60	73	28	37	9	15	11920	12375	160	176	54	67	12753	13232	10361	10756	
106	8.38545e+006	8.38593e+006	213	240	291	332	29	38	61	74	28	37	10	15	11977	12433	161	177	48	59	12805	13286	10417	10815	
107	8.38539e+006	8.38588e+006	212	240	296	336	29	39	63	75	27	37	10	15	12027	12486	161	177	51	62	12861	13344	10469	10868	
108	8.38534e+006	8.38582e+006	213	238	293	334	28	38	63	75	28	38	10	17	12083	12545	162	178	49	60	12916	13398	10520	10920	
109	8.38528e+006	8.38576e+006	211	236	297	338	28	37	62	76	29	38	10	17	12137	12600	163	179	52	65	12974	13457	10574	10976	
110	8.38522e+006	8.3857e+006	217	242	296	337	28	36	59	73	30	39	12	18	12193	12657	163	179	54	65	13032	13518	10623	11026	
111	8.38516e+006	8.38565e+006	216	241	291	332	29	39	59	74	30	39	12	19	12251	12716	164	181	50	63	13088	13574	10673	11079	
112	8.3851e+006	8.38559e+006	218	246	286	324	28	37	61	76	32	41	13	20	12307	12774	165	182	53	63	13145	13634	10725	11131	
113	8.38504e+006	8.38553e+006	218	245	287	326	28	38	61	77	32	40	13	19	12363	12833	165	182	53	64	13202	13693	10779	11185	
114	8.38499e+006	8.38548e+006	211	239	292	328	29	38	60	76	33	41	14	20	12417	12887	166	183	46	58	13253	13746	10832	11241	
115	8.38493e+006	8.38543e+006	211	239	287	323	29	38	61	76	32	41	14	21	12475	12947	167	184	51	62	13310	13803	10882	11293	
116	8.38488e+006	8.38537e+006	212	239	290	327	30	40	62	77	30	38	13	19	12529	13003	168	184	53	63	13367	13861	10934	11347	
117	8.38482e+006	8.38531e+006	208	235	291	327	31	41	59	74	31	40	14	21	12586	13062	168	185	50	60	13422	13916	10984	11400	
118	8.38477e+006	8.38526e+006	210	237	286	326	32	41	56	70	29	38	14	21	12644	13121	169	186	48	59	13475	13970	11032	11448	
119	8.38471e+006	8.38521e+006	209	234	284	323	32	41	56	71	29	38	15	22	12702	13179	170	186	49	61	13529	14027	11084	11501	
120	8.38465e+006	8.38515e+006	207	232	282	321	33	42	57	70	29	38	15	22	12759	13239	171	187	51	62	13585	14083	11136	11554	
121	8.3846e+006	8.3851e+006	204	229	281	319	33	43	59	71	28	38	15	22	12813	13294	171	188	46	57	13635	14136	11186	11603	
122	8.38455e+006	8.38505e+006	203	227	278	315	32	42	60	72	26	34	14	21	12871	13355	172	189	47	56	13687	14187	11235	11652	
123	8.38449e+006	8.38499e+006	203	227	276	314	30	40	63	75	26	34	14	20	12925	13410	173	190	50	60	13742	14243	11284	11704	
124	8.38444e+006	8.38494e+006	199	224	280	318	31	40	61	74	24	32	14	19	12979	13465	174	190	47	59	13795	14296	11336	11757	
125	8.38439e+006	8.38489e+006	199	225	276	313	30	39	61	75	24	32	13	19	13035	13520	175	192	47	57	13847	14348	11383	11805	
126	8.38434e+006	8.38484e+006	198	223	272	307	28	38	63	76	26	34	14	20	13088	13574	175	192	45	56	13897	14399	11431	11853	
127	8.38428e+006	8.38479e+006	197	221	272	307	28	39	60	72	25	33	13	18	13145	13632	177	194	49	58	13950	14454	11479	11902	
128	8.38423e+006	8.38473e+006	199	222	271	307	29	39	60	72	25	33	13	18	13197	13686	178	195	49	59	14003	14508	11527	11952	
129	8.38417e+006	8.38468e+006	201	222	269	305	28	38	57	69	26	33	12	17	13252	13745	178	195	49	58	14057	14562	11575	11999	
130	8.38412e+006	8.38463e+006	205	226	262	298	29	39	59	72	26	33	10	15	13305	13798	179	196	49	59	14111	14615	11621	12046	
131	8.38407e+006	8.38457e+006	200	223	266	300	29	38	57	71	24	32	10	15	13357	13852	180	198	45	55	14162	14665	11670	12096	
132	8.38402e+006	8.38452e+006	198	222	267	302	29	39	54	67	27	35	11	16	13408	13904	181	198	47	57	14214	14717	11720	12145	
133	8.38397e+006	8.38447e+006	195	220	268	301	27	37	56	69	26	34	10	16	13462	13957	182	199	46	57	14265	14768	11769	12194	
134	8.38391e+006	8.38442e+006	195	220	268	299	29	40	54	68	27	35	11	17	13515	14010	182	200	49	59	14319	14823	11816	12242	
135	8.38386e+006	8.38437e+006	197	221	267	298	28	38	54	69	27	35	11	16	13566	14061	183	201	47	57	14370	14876	11864	12289	
136	8.38381e+006	8.38432e+006	195	218	268	300	29	38	53	67	27	35	10	16	13616	14112	184	202	45	53	14419	14925	11910	12336	
137	8.38376e+006	8.38426e+006	198	221	264	298	29	38	56	68	26	35	10	15	13667	14164	185	203	49	60	14473	14979	11957	12383	
138	8.3837e+006	8.38421e+006	200	220	265	299	28	37	57	68	26	34	10	15	13720	14217	186	204	50	60	14528	15034	12007	12433	
139	8.38365e+006	8.38416e+006	200	221	264	298	28	37	56	68	26	34	10	15	13772	14270	187	205	47	57	14580	15087	12054	12482	
140	8.3836e+006	8.3841e+006	203	227	261	294	26	35	59	71	26	35	11	17	13823	14321	187	205	48	58	14634	15139	12099	12527	
141	8.38354e+006	8.38405e+006	202	226	266	299	26	35	56	68	27	37	12	18	13874	14372	188	206	49	59	14687	15193	12150	12579	
142	8.38349e+006	8.38399e+006	203	229	271	301	26	34	56	70	24	33	10	16	13927	14425	189	207	52	62	14743	15251	12201	12630	
143	8.38343e+006	8.38394e+006	206	233	271	300	27	35	55	69	25	35	11	17	13977	14475	189	207	50	61	14798	15307	12248	12676	
144	8.38338e+006	8.38388e+006	207	233	269	299	27	36	56	69	25	35	11	17	14031	14529	190	208	48	59	14852	15361	12297	12725	
145	8.38332e+006	8.38383e+006	208	234	270	302	27	36	56	69	24	34	10	17	14083	14581	190	208	50	60	14907	15416	12346	12776	
146	8.38327e+006	8.38378e+006	205	231	277	312	26	35	57	70	24	34	12	18	14130	14628	192	209	49	59	14960	15470	12398	12830	
147	8.38322e+006	8.38372e+006	201	226	276	313	28	37	60	73	25	34	12	19	14179	14677	192	211	46	56	15012	15521	12449	12881	
148	8.38316e+006	8.38367e+006	203	227	275	312	27	37	61	74	25	35	13	19	14232	14732	193	211	50	61	15066	15577	12498	12931	
149	8.38311e+006	8.38362e+006	201	224	277	315	27	37	62	76	25	34	12	19	14283	14783	193	211	47	57	15118	15629	12548	12980	
150	8.38305e+006	8.38356e+006	200	226	278	315	27	37	59	73	25	35	12	19	14336	14837	194	213	49	61	15172	15684	12597	13030	
151	8.38299e+006	8.38351e+006	208	234	277	314	26	34	59	73	25	33	12	18	14390	14893	194	213	53	64	15230	15743	12646	13079	
152	8.38294e+006	8.38345e+006	206	230	278	314	25	33	59	73	27	36	13	20	14443	14947	195	214	48	58	15282	15797	12698	13133	
153	8.38288e+006	8.3834e+006	211	237	276	310	24	31	57	70	28	37	13	20	14500	15004	195	214	52	64	15340	15855	12747	13182	
154	8.38282e+006	8.38334e+006	214	239	274	310	25	34	56	68	28	37	13	20	14554	15060	196	214	52	62	15397	15913	12794	13230	
155	8.38277e+006	8.38329e+006	209	233	278	314	25	34	56	69	29	38	15	21	14606	15112	196	215	48	58	15449	15966	12847	13285	
156	8.38272e+006	8.38324e+006	207	230	279	314	23	32	58	70	28	37	14	20	14659	15165	198	216	45	56	15499	16018	12897	13336	
157	8.38266e+006	8.38318e+006	207	232	282	317	28	36	58	71	27	36	14	19	14709	15216	198	217	53	65	15557	16077	12948	13387	
158	8.3826e+006	8.38313e+006	204	230	280	316	31	39	57	70	29	37	14	19	14763	15272	199	218	49	60	15611	16133	12999	13439	
159	8.38255e+006	8.38307e+006	206	233	280	314	33	41	58	72	29	37	14	20	14813	15323	199	218	50	60	15666	16188	13047	13487	
160	8.38249e+006	8.38302e+006	209	235	280	312	30	39	60	73	28	36	13	19	14865	15376	200	219	48	58	15718	16242	13094	13536	
161	8.38244e+006	8.38297e+006	203	229	277	311	32	41	59	72	29	38	14	19	14922	15434	201	220	48	59	15771	16297	13145	13589	
162	8.38239e+006	8.38291e+006	203	226	274	310	35	45	60	73	27	37	13	19	14972	15487	202	221	48	58	15824	16349	13192	13638	
163	8.38233e+006	8.38286e+006	204	229	274	310	33	42	60	73	27	37	13	19	15029	15544	203	221	52	62	15880	16407	13243	13689	
164	8.38228e+006	8.38281e+006	203	226	272	308	31	40	61	74	28	37	13	19	15085	15601	203	222	46	57	15931	16458	13292	13740	
165	8.38223e+006	8.38275e+006	200	223	271	310	30	40	62	76	27	37	12	19	15136	15652	203	222	46	55	15982	16509	13340	13790	
166	8.38217e+006	8.3827e+006	202	227	272	310	32	42	61	73	27	37	12	19	15187	15704	204	223	51	62	16037	16565	13387	13836	
167	8.38212e+006	8.38265e+006	200	225	274	310	29	39	60	73	29	39	13	20	15244	15763	204	223	49	60	16091	16620	13438	13891	
168	8.38206e+006	8.38259e+006	200	227	275	309	26	35	58	72	27	37	12	19	15301	15820	205	224	47	58	16142	16674	13486	13938	
169	8.38201e+006	8.38254e+006	200	230	271	305	26	35	59	73	26	37	12	18	15354	15874	205	224	47	58	16194	16727	13533	13985	
170	8.38196e+006	8.38249e+006	198	227	272	307	26	36	60	73	27	37	11	18	15406	15926	206	225	48	58	16246	16781	13584	14038	
171	8.3819e+006	8.38243e+006	203	231	273	309	27	36	58	72	28	39	11	17	15459	15980	207	226	54	65	16305	16840	13634	14089	
172	8.38184e+006	8.38237e+006	207	235	273	311	25	34	59	73	28	38	11	16	15510	16030	208	226	51	62	16362	16896	13681	14139	
173	8.38179e+006	8.38232e+006	209	235	267	306	26	35	62	76	28	38	10	15	15563	16085	209	227	48	59	16415	16950	13728	14187	
174	8.38173e+006	8.38227e+006	210	238	267	306	28	36	62	76	27	37	10	15	15614	16135	210	228	50	61	16470	17006	13776	14236	
175	8.38168e+006	8.38222e+006	205	230	275	315	29	37	60	74	28	37	10	15	15666	16187	210	228	47	57	16521	17059	13830	14290	
176	8.38162e+006	8.38216e+006	200	226	276	316	27	36	59	74	28	37	10	16	15721	16244	211	229	47	57	16572	17112	13884	14344	
177	8.38157e+006	8.38211e+006	202	227	276	315	26	36	57	72	27	36	9	15	15776	16299	212	231	50	61	16627	17167	13932	14393	
178	8.38152e+006	8.38206e+006	199	225	280	318	26	36	57	71	27	36	10	15	15827	16353	213	232	47	58	16679	17221	13983	14444	
179	8.38146e+006	8.382e+006	202	227	282	320	25	33	57	69	28	37	10	16	15877	16405	214	232	50	59	16733	17276	14032	14496	
180	8.38141e+006	8.38195e+006	201	227	283	320	23	32	57	69	27	37	10	16	15931	16459	215	233	47	57	16785	17328	14080	14546	
181	8.38135e+006	8.3819e+006	202	227	281	317	21	29	57	70	26	36	10	16	15989	16517	216	234	50	60	16840	17382	14132	14598	
182	8.3813e+006	8.38184e+006	205	226	276	312	23	32	56	70	25	34	10	15	16047	16574	217	236	50	59	16894	17437	14179	14646	
183	8.38124e+006	8.38179e+006	204	227	278	314	22	31	60	73	24	33	10	15	16096	16625	217	236	49	61	16948	17492	14231	14698	
184	8.38119e+006	8.38173e+006	208	231	274	310	23	31	59	73	24	33	10	15	16150	16682	218	237	50	61	17004	17547	14278	14745	
185	8.38114e+006	8.38168e+006	204	228	277	311	23	32	58	72	24	33	10	16	16202	16734	219	237	46	57	17055	17599	14330	14796	
186	8.38108e+006	8.38163e+006	206	231	278	311	24	34	59	74	24	34	10	15	16250	16785	219	238	52	62	17111	17657	14379	14846	
187	8.38102e+006	8.38157e+006	207	234	277	310	25	34	59	74	24	34	10	16	16305	16840	220	239	50	62	17167	17714	14430	14897	
188	8.38097e+006	8.38151e+006	208	236	281	314	25	33	57	72	24	33	10	16	16359	16894	220	239	52	63	17224	17771	14481	14949	
189	8.38091e+006	8.38146e+006	214	243	278	311	24	32	56	71	24	33	11	16	16414	16949	221	240	52	63	17281	17829	14528	14997	
190	8.38085e+006	8.3814e+006	209	239	283	317	23	32	55	67	25	33	10	16	16467	17003	222	241	48	58	17335	17882	14581	15052	
191	8.38079e+006	8.38134e+006	212	241	284	319	23	32	56	70	24	34	11	17	16518	17055	223	243	52	65	17392	17942	14634	15104	
192	8.38074e+006	8.38129e+006	211	241	285	323	24	33	55	66	26	36	11	18	16572	17109	223	243	51	62	17449	17999	14686	15157	
193	8.38068e+006	8.38123e+006	209	240	287	325	25	33	55	68	27	36	11	18	16625	17163	224	243	50	62	17504	18055	14738	15210	
194	8.38063e+006	8.38118e+006	205	235	282	323	26	35	58	69	26	35	11	18	16678	17217	224	243	44	53	17552	18104	14786	15258	
195	8.38057e+006	8.38113e+006	207	234	286	329	28	37	56	68	27	36	12	18	16729	17270	224	244	53	65	17610	18164	14838	15312	
196	8.38052e+006	8.38107e+006	204	233	284	327	29	39	61	72	25	34	11	17	16783	17324	225	245	49	61	17665	18219	14890	15363	
197	8.38046e+006	8.38102e+006	202	231	282	324	32	41	58	70	24	33	11	17	16841	17382	226	245	48	60	17719	18273	14939	15414	
198	8.38041e+006	8.38097e+006	201	231	273	315	31	42	60	73	25	33	11	16	16895	17438	227	246	44	54	17767	18322	14982	15458	
199	8.38036e+006	8.38092e+006	196	223	274	315	32	42	62	75	25	33	10	15	16949	17492	228	247	47	57	17819	18373	15036	15513	
200	8.38031e+006	8.38087e+006	192	219	275	317	32	42	62	77	24	33	11	16	17000	17543	229	248	46	56	17869	18426	15086	15564	
201	8.38025e+006	8.38081e+006	196	223	270	312	33	43	63	78	24	32	11	16	17057	17603	229	248	52	65	17926	18485	15134	15613	
202	8.38019e+006	8.38075e+006	204	232	263	304	33	42	63	77	22	30	10	15	17114	17661	230	249	51	62	17983	18542	15178	15657	
203	8.38014e+006	8.3807e+006	206	235	262	299	31	41	62	76	23	31	11	16	17169	17718	231	250	49	59	18036	18597	15225	15704	
204	8.38008e+006	8.38065e+006	211	240	265	305	30	39	60	73	25	33	12	17	17218	17767	231	250	51	61	18091	18654	15272	15753	
205	8.38003e+006	8.38059e+006	210	235	266	305	29	38	59	73	25	34	12	17	17275	17825	232	251	50	61	18146	18710	15325	15808	
206	8.37997e+006	8.38054e+006	208	232	269	308	28	36	58	72	27	36	12	18	17328	17878	232	252	50	60	18200	18766	15377	15861	
207	8.37992e+006	8.38048e+006	208	233	271	309	26	35	56	71	27	37	12	18	17382	17933	233	253	49	60	18255	18820	15425	15911	
208	8.37987e+006	8.38043e+006	203	227	277	317	27	35	55	70	28	37	12	19	17430	17981	234	254	44	55	18304	18870	15475	15963	
209	8.37982e+006	8.38038e+006	196	222	281	321	27	34	55	70	29	38	12	18	17481	18031	235	255	45	56	18354	18921	15526	16015	
210	8.37976e+006	8.38033e+006	193	219	285	323	27	35	54	70	29	38	12	19	17531	18083	235	255	46	57	18404	18973	15576	16066	
211	8.37971e+006	8.38028e+006	192	220	284	318	27	34	52	66	30	39	12	19	17590	18143	236	256	49	61	18458	19029	15627	16116	
212	8.37965e+006	8.38023e+006	197	224	276	311	27	35	52	65	31	40	13	20	17645	18200	236	256	49	59	18511	19084	15673	16162	
213	8.3796e+006	8.38017e+006	200	226	270	307	27	36	53	66	30	39	13	19	17698	18254	237	258	49	58	18564	19137	15718	16208	
214	8.37954e+006	8.38012e+006	204	230	267	302	27	36	53	66	30	39	12	18	17752	18311	237	258	50	60	18619	19193	15764	16256	
215	8.37949e+006	8.38007e+006	203	227	266	303	26	35	55	68	29	38	12	17	17805	18365	238	259	48	57	18671	19246	15815	16309	
216	8.37944e+006	8.38002e+006	201	225	265	303	26	35	57	70	28	36	11	17	17857	18420	239	260	47	56	18721	19299	15863	16359	
217	8.37938e+006	8.37996e+006	203	228	264	301	27	35	56	69	28	37	11	17	17911	18474	240	260	51	62	18776	19356	15912	16409	
218	8.37933e+006	8.37991e+006	202	228	271	307	26	34	58	70	27	36	11	17	17959	18522	241	261	49	61	18831	19411	15963	16462	
219	8.37927e+006	8.37985e+006	203	228	274	310	25	32	57	69	27	36	11	17	18009	18572	242	263	48	57	18883	19464	16012	16511	
220	8.37922e+006	8.37981e+006	200	224	276	312	24	31	57	69	28	37	12	18	18057	18623	243	263	45	52	18931	19513	16060	16561	
221	8.37917e+006	8.37975e+006	198	223	279	312	24	31	57	70	28	37	12	18	18109	18676	244	265	49	60	18985	19568	16111	16615	
222	8.37912e+006	8.3797e+006	193	218	279	313	24	32	55	68	28	36	11	17	18164	18732	245	266	45	55	19034	19619	16161	16665	
223	8.37907e+006	8.37965e+006	191	215	276	311	25	33	56	68	27	36	11	16	18217	18785	246	267	45	54	19084	19669	16208	16711	
224	8.37901e+006	8.3796e+006	194	220	269	303	26	34	54	68	28	36	11	17	18271	18841	247	268	48	58	19135	19722	16251	16757	
225	8.37896e+006	8.37955e+006	191	217	271	305	26	35	56	70	27	36	11	17	18320	18891	248	269	47	57	19187	19775	16302	16808	
226	8.37891e+006	8.3795e+006	195	219	268	304	26	35	56	70	28	37	12	18	18370	18942	249	269	48	58	19239	19828	16348	16855	
227	8.37886e+006	8.37945e+006	197	222	261	297	26	35	55	69	27	36	12	17	18425	19000	250	271	47	57	19290	19881	16394	16900	
228	8.3788e+006	8.3794e+006	196	220	259	294	27	36	56	71	25	34	11	17	18479	19055	251	271	46	56	19341	19933	16441	16949	
229	8.37875e+006	8.37935e+006	192	218	258	293	27	36	56	71	25	34	11	17	18530	19107	251	272	44	54	19389	19983	16487	16995	
230	8.37871e+006	8.3793e+006	188	211	262	298	27	37	55	69	23	32	10	15	18580	19159	252	273	42	51	19435	20030	16535	17044	
231	8.37866e+006	8.37925e+006	184	209	259	295	27	37	54	69	22	32	10	16	18635	19214	253	274	44	55	19484	20080	16582	17093	
232	8.37861e+006	8.3792e+006	183	207	261	294	28	37	51	66	23	34	10	17	18684	19265	254	275	45	55	19533	20130	16628	17140	
233	8.37856e+006	8.37915e+006	183	207	259	295	28	37	50	64	24	34	11	17	18734	19314	255	276	45	54	19582	20180	16673	17186	
234	8.37851e+006	8.37911e+006	184	210	257	291	25	34	50	63	23	33	11	17	18786	19368	257	278	43	54	19629	20230	16716	17232	
235	8.37846e+006	8.37906e+006	186	209	254	290	24	33	49	60	24	34	10	16	18837	19419	258	279	45	54	19679	20280	16761	17277	
236	8.3784e+006	8.37901e+006	189	211	252	287	25	33	50	62	23	32	9	14	18889	19472	259	280	48	57	19730	20333	16806	17323	
237	8.37835e+006	8.37896e+006	190	213	248	282	27	35	50	62	23	32	9	14	18940	19524	259	280	47	56	19781	20384	16849	17367	
238	8.3783e+006	8.37891e+006	191	213	243	279	28	36	52	64	24	34	9	15	18988	19572	260	281	44	54	19830	20433	16892	17412	
239	8.37825e+006	8.37885e+006	194	216	244	277	29	37	52	65	24	34	9	15	19034	19620	261	282	48	56	19882	20486	16936	17457	
240	8.37819e+006	8.3788e+006	197	220	247	280	31	40	52	64	24	35	9	16	19080	19667	261	283	51	61	19938	20542	16983	17504	
241	8.37814e+006	8.37875e+006	196	219	248	281	32	41	52	64	23	34	9	15	19129	19717	262	283	45	55	19987	20593	17029	17551	
242	8.3781e+006	8.3787e+006	194	216	248	281	31	41	52	64	22	32	9	14	19178	19768	263	284	42	51	20033	20640	17074	17596	
243	8.37804e+006	8.37865e+006	193	214	252	285	29	40	50	61	22	32	9	14	19228	19820	263	285	46	56	20084	20692	17122	17644	
244	8.378e+006	8.3786e+006	187	208	261	292	30	39	48	60	22	31	9	15	19277	19871	264	286	45	55	20134	20741	17174	17696	
245	8.37794e+006	8.37855e+006	189	210	263	295	28	37	48	59	23	31	10	16	19326	19920	265	287	47	57	20186	20794	17220	17743	
246	8.37789e+006	8.3785e+006	193	215	258	290	26	36	48	60	23	32	11	17	19376	19972	266	287	46	55	20235	20845	17262	17786	
247	8.37784e+006	8.37845e+006	189	212	260	291	25	34	51	61	24	33	12	18	19422	20020	267	288	43	53	20282	20894	17309	17834	
248	8.37779e+006	8.3784e+006	190	214	260	291	26	35	50	62	23	32	11	18	19471	20069	267	289	46	57	20333	20946	17355	17879	
249	8.37774e+006	8.37836e+006	186	209	260	292	25	35	52	64	23	31	11	18	19521	20121	268	289	43	52	20380	20994	17403	17927	
250	8.37769e+006	8.37831e+006	185	210	255	286	25	35	55	67	22	30	11	17	19574	20174	268	290	45	56	20431	21045	17447	17974	
251	8.37764e+006	8.37825e+006	192	217	250	283	27	36	54	67	22	30	10	16	19624	20224	268	290	49	59	20485	21099	17490	18018	
252	8.37759e+006	8.3782e+006	192	216	256	289	26	35	55	67	22	30	11	16	19668	20270	269	291	47	56	20536	21151	17537	18067	
253	8.37753e+006	8.37815e+006	195	219	250	284	28	37	53	65	22	30	11	16	19721	20323	270	292	46	56	20587	21202	17578	18110	
254	8.37748e+006	8.3781e+006	196	222	252	285	28	36	54	66	22	31	10	15	19768	20371	270	293	47	58	20639	21255	17625	18156	
255	8.37743e+006	8.37805e+006	195	220	253	287	28	36	53	66	21	29	9	13	19822	20425	271	293	48	58	20691	21310	17675	18207	
256	8.37737e+006	8.37799e+006	197	223	253	288	29	37	52	65	22	31	10	15	19870	20476	271	294	48	59	20744	21363	17721	18253	
257	8.37732e+006	8.37794e+006	197	224	257	292	29	36	53	66	21	29	9	14	19916	20524	272	295	47	57	20796	21415	17769	18301	
258	8.37727e+006	8.37789e+006	199	226	255	292	30	38	53	64	23	31	10	15	19967	20575	272	295	49	59	20849	21470	17815	18349	
259	8.37721e+006	8.37784e+006	198	223	261	297	29	38	53	65	23	32	11	16	20013	20622	272	295	47	57	20900	21522	17863	18399	
260	8.37716e+006	8.37779e+006	195	220	263	299	30	39	52	64	24	33	11	17	20064	20671	273	295	45	55	20949	21573	17911	18448	
261	8.37711e+006	8.37774e+006	193	217	259	297	30	40	53	65	24	33	11	17	20117	20725	273	296	45	54	20998	21623	17958	18495	
262	8.37706e+006	8.37768e+006	193	218	263	302	28	38	53	66	24	32	11	17	20166	20775	274	297	49	60	21052	21678	18008	18546	
263	8.37701e+006	8.37763e+006	192	219	263	301	29	39	54	66	24	33	11	17	20216	20824	274	297	47	57	21103	21730	18055	18594	
264	8.37695e+006	8.37758e+006	196	221	263	299	28	38	54	68	24	32	12	17	20267	20877	275	298	48	58	21156	21784	18101	18641	
265	8.3769e+006	8.37753e+006	199	224	261	297	26	35	55	68	24	32	12	18	20317	20930	276	298	47	57	21207	21836	18146	18688	
266	8.37685e+006	8.37748e+006	194	219	265	300	25	34	53	67	23	30	11	16	20371	20987	277	299	45	55	21257	21886	18197	18740	
267	8.3768e+006	8.37743e+006	194	218	264	299	26	34	54	69	23	30	10	16	20421	21037	277	300	46	56	21307	21938	18242	18787	
268	8.37674e+006	8.37738e+006	193	217	262	298	26	35	53	67	21	29	10	16	20476	21095	277	300	47	57	21358	21992	18291	18836	
269	8.37669e+006	8.37733e+006	191	215	262	298	27	35	54	67	21	29	9	14	20526	21145	278	301	45	55	21407	22042	18338	18884	
270	8.37664e+006	8.37728e+006	193	217	261	296	27	36	56	69	20	28	9	14	20573	21194	279	302	47	57	21459	22094	18382	18930	
271	8.37659e+006	8.37723e+006	192	215	261	298	28	38	58	71	21	29	9	15	20619	21240	280	303	45	55	21509	22144	18428	18977	
272	8.37654e+006	8.37718e+006	193	214	259	295	28	38	61	74	21	30	9	15	20670	21291	281	303	47	57	21561	22195	18476	19027	
273	8.37649e+006	8.37713e+006	192	214	260	294	27	35	60	73	22	31	9	15	20720	21342	282	304	45	54	21610	22245	18522	19076	
274	8.37644e+006	8.37708e+006	189	211	258	293	27	35	63	77	23	32	10	15	20767	21391	282	304	44	54	21659	22294	18570	19123	
275	8.37639e+006	8.37703e+006	192	216	256	292	26	34	61	76	24	33	10	15	20818	21443	282	305	48	60	21710	22349	18616	19170	
276	8.37634e+006	8.37698e+006	186	212	260	293	26	34	60	75	25	34	11	16	20867	21492	283	305	42	52	21757	22397	18665	19216	
277	8.37629e+006	8.37693e+006	182	209	260	291	25	34	59	73	26	36	10	16	20918	21544	283	306	42	51	21803	22443	18710	19263	
278	8.37624e+006	8.37689e+006	182	207	257	288	25	34	57	70	26	36	10	16	20971	21598	284	307	43	52	21851	22492	18755	19309	
279	8.37619e+006	8.37683e+006	181	205	258	291	27	35	57	70	27	37	10	17	21017	21647	286	308	47	57	21903	22543	18802	19359	
280	8.37614e+006	8.37678e+006	184	208	253	287	26	34	53	66	30	40	11	18	21070	21699	286	309	45	54	21953	22593	18845	19403	
281	8.3761e+006	8.37674e+006	186	208	250	284	26	34	54	66	30	40	11	18	21119	21747	287	310	42	53	21999	22641	18889	19447	
282	8.37604e+006	8.37668e+006	190	216	248	282	24	32	54	66	30	39	11	18	21171	21798	288	310	48	60	22052	22696	18934	19493	
283	8.37599e+006	8.37663e+006	189	214	249	284	25	33	52	64	30	39	11	18	21222	21849	289	311	46	55	22102	22747	18980	19539	
284	8.37594e+006	8.37658e+006	191	216	248	285	26	34	52	65	29	39	12	19	21270	21897	289	311	48	56	22153	22799	19026	19585	
285	8.37589e+006	8.37653e+006	193	218	245	279	24	32	53	66	28	38	12	19	21321	21950	291	313	44	55	22202	22849	19069	19629	
286	8.37583e+006	8.37648e+006	192	217	252	287	24	32	51	64	28	37	12	18	21369	21999	291	314	48	59	22253	22904	19119	19681	
287	8.37577e+006	8.37643e+006	199	225	255	290	24	33	50	64	28	38	12	19	21415	22046	292	315	52	63	22311	22962	19164	19727	
288	8.37573e+006	8.37638e+006	195	222	257	291	27	35	50	63	29	38	13	19	21461	22093	293	316	43	54	22359	23011	19210	19774	
289	8.37568e+006	8.37633e+006	197	221	255	289	26	34	52	64	27	37	13	19	21513	22144	294	316	44	54	22407	23061	19254	19819	
290	8.37562e+006	8.37628e+006	197	223	257	294	26	34	52	64	25	35	12	18	21562	22193	296	318	49	60	22461	23116	19302	19871	
291	8.37557e+006	8.37623e+006	190	215	266	303	28	35	49	60	27	36	12	18	21610	22244	296	318	45	55	22511	23167	19355	19924	
292	8.37552e+006	8.37617e+006	194	220	263	299	26	33	53	64	27	36	12	18	21659	22294	297	319	48	58	22563	23220	19401	19971	
293	8.37546e+006	8.37612e+006	196	223	262	297	26	34	52	63	26	35	12	17	21710	22348	297	319	47	57	22615	23273	19445	20018	
294	8.37541e+006	8.37607e+006	194	219	266	304	24	32	51	62	26	35	11	17	21760	22399	298	320	47	56	22665	23325	19496	20070	
295	8.37536e+006	8.37602e+006	197	222	268	304	23	32	51	63	26	35	11	17	21808	22449	298	321	48	58	22718	23378	19542	20116	
296	8.3753e+006	8.37596e+006	204	228	267	304	23	33	50	64	27	37	11	17	21857	22501	299	322	55	65	22778	23438	19590	20165	
297	8.37524e+006	8.3759e+006	207	232	260	297	24	34	55	69	27	37	11	17	21909	22555	300	322	50	62	22833	23494	19636	20212	
298	8.37519e+006	8.37585e+006	207	233	260	296	28	38	53	67	27	36	11	17	21958	22604	301	323	47	57	22884	23547	19680	20259	
299	8.37513e+006	8.3758e+006	209	236	262	300	28	37	54	67	28	37	12	18	22005	22652	301	324	50	61	22939	23603	19728	20307	
300	8.37508e+006	8.37575e+006	201	228	267	302	30	39	58	73	27	35	11	17	22056	22703	302	324	46	56	22991	23654	19783	20362	
301	8.37503e+006	8.3757e+006	195	221	271	308	30	39	58	71	26	34	11	17	22106	22753	303	326	44	54	23040	23703	19835	20415	
302	8.37498e+006	8.37565e+006	194	220	270	305	31	40	59	73	26	34	11	17	22156	22804	304	327	45	57	23090	23755	19880	20462	
303	8.37493e+006	8.3756e+006	190	214	273	310	31	40	55	67	27	35	11	17	22210	22860	305	327	45	56	23140	23806	19930	20514	
304	8.37488e+006	8.37554e+006	190	216	273	311	30	39	56	68	26	35	11	17	22260	22911	306	329	47	57	23192	23858	19977	20561	
305	8.37483e+006	8.37549e+006	193	220	270	307	30	39	56	68	24	33	10	16	22314	22966	307	330	48	57	23245	23910	20022	20606	
306	8.37477e+006	8.37544e+006	194	220	260	298	31	40	54	66	25	33	11	17	22373	23025	309	331	47	56	23296	23962	20067	20652	
307	8.37472e+006	8.37538e+006	200	225	255	292	31	40	54	66	24	33	11	17	22428	23081	310	332	51	62	23352	24019	20113	20698	
308	8.37466e+006	8.37533e+006	202	228	258	295	29	37	54	66	25	34	11	17	22478	23132	310	333	49	61	23406	24074	20163	20748	
309	8.37461e+006	8.37528e+006	201	228	257	293	27	36	55	69	24	32	10	16	22532	23186	311	333	46	57	23457	24127	20212	20796	
310	8.37455e+006	8.37522e+006	205	232	259	295	25	35	55	69	25	33	10	16	22583	23236	311	334	50	61	23512	24182	20260	20845	
311	8.3745e+006	8.37517e+006	198	227	264	301	26	36	57	71	24	32	11	16	22630	23283	311	334	45	56	23563	24232	20311	20896	
312	8.37445e+006	8.37512e+006	196	224	269	306	26	35	54	69	25	33	11	17	22681	23336	312	335	47	58	23615	24286	20360	20947	
313	8.37439e+006	8.37507e+006	201	229	270	307	26	35	57	71	24	32	11	17	22728	23384	313	336	51	62	23670	24343	20407	20995	
314	8.37434e+006	8.37502e+006	197	223	272	310	26	36	55	69	26	35	11	18	22780	23437	314	337	46	55	23721	24394	20458	21047	
315	8.3743e+006	8.37497e+006	195	219	270	309	27	36	55	67	28	37	11	18	22830	23487	314	337	43	52	23769	24441	20505	21092	
316	8.37424e+006	8.37492e+006	195	220	269	308	28	37	55	68	27	37	11	18	22880	23538	316	339	47	58	23821	24494	20552	21141	
317	8.37419e+006	8.37486e+006	192	217	270	310	26	35	54	67	26	37	10	17	22936	23594	316	340	48	59	23874	24548	20604	21195	
318	8.37413e+006	8.37481e+006	194	221	266	304	27	36	55	68	27	37	10	17	22989	23648	317	340	48	59	23927	24602	20650	21241	
319	8.37408e+006	8.37476e+006	195	225	265	301	26	34	54	67	28	38	11	18	23039	23700	318	341	45	55	23976	24654	20694	21286	
320	8.37403e+006	8.37471e+006	194	222	259	296	28	37	56	70	27	38	10	17	23091	23753	318	341	45	55	24025	24705	20740	21332	
321	8.37398e+006	8.37466e+006	195	222	263	299	28	37	58	72	27	38	11	17	23140	23801	318	341	49	60	24079	24760	20790	21383	
322	8.37392e+006	8.3746e+006	195	221	263	301	28	37	59	73	27	37	10	17	23190	23853	319	342	48	59	24133	24813	20839	21432	
323	8.37387e+006	8.37455e+006	200	225	256	295	28	38	60	74	27	37	11	17	23244	23909	320	344	50	60	24188	24868	20883	21479	
324	8.37382e+006	8.3745e+006	201	229	257	296	26	36	59	72	25	34	11	17	23297	23961	321	344	46	59	24240	24920	20928	21527	
325	8.37376e+006	8.37444e+006	202	229	262	303	27	37	57	70	25	33	10	15	23347	24011	322	346	50	60	24294	24976	20978	21578	
326	8.37371e+006	8.37439e+006	201	230	265	304	27	36	56	70	24	33	9	15	23400	24063	322	346	47	59	24346	25030	21027	21626	
327	8.37365e+006	8.37434e+006	198	229	267	303	27	36	56	69	24	33	10	16	23453	24117	323	347	48	58	24399	25083	21077	21677	
328	8.3736e+006	8.37428e+006	200	229	267	304	26	33	56	70	24	33	10	16	23505	24170	325	348	47	59	24453	25136	21127	21727	
329	8.37355e+006	8.37423e+006	196	224	273	311	25	33	55	68	23	32	10	16	23555	24223	325	348	46	56	24503	25187	21179	21780	
330	8.3735e+006	8.37418e+006	197	221	272	313	26	35	54	67	24	33	10	16	23604	24274	326	349	47	57	24555	25239	21226	21828	
331	8.37344e+006	8.37413e+006	199	224	271	312	25	35	56	68	23	32	10	16	23656	24328	326	349	50	61	24610	25296	21275	21878	
332	8.37339e+006	8.37407e+006	199	225	272	314	24	33	55	67	24	34	11	17	23709	24380	327	350	48	59	24663	25349	21326	21928	
333	8.37333e+006	8.37402e+006	201	229	268	310	24	33	54	65	25	34	11	17	23764	24436	328	351	48	60	24716	25404	21372	21975	
334	8.37328e+006	8.37396e+006	204	234	267	306	26	35	53	63	24	34	10	17	23817	24488	328	352	50	62	24772	25460	21419	22021	
335	8.37322e+006	8.37391e+006	201	231	264	303	29	39	54	65	24	34	11	18	23870	24542	329	353	47	59	24825	25513	21467	22071	
336	8.37317e+006	8.37386e+006	202	232	267	304	28	38	55	66	24	34	11	18	23921	24593	330	354	49	61	24878	25569	21517	22120	
337	8.37311e+006	8.37381e+006	201	231	265	303	30	40	56	68	24	34	11	17	23972	24644	330	354	47	59	24931	25622	21565	22169	
338	8.37306e+006	8.37375e+006	199	230	266	306	31	41	54	66	24	34	11	17	24026	24698	331	355	49	59	24985	25676	21616	22221	
339	8.37301e+006	8.3737e+006	201	229	268	309	31	40	54	67	26	36	12	18	24073	24747	331	356	48	59	25037	25730	21665	22270	
340	8.37295e+006	8.37364e+006	201	229	271	313	30	39	53	66	26	36	12	18	24125	24800	333	357	49	60	25092	25785	21715	22321	
341	8.3729e+006	8.37359e+006	203	230	270	314	27	36	53	66	26	36	13	18	24179	24856	333	357	49	59	25146	25840	21763	22371	
342	8.37285e+006	8.37354e+006	200	228	272	314	27	36	51	64	26	35	13	18	24234	24911	334	358	46	56	25197	25891	21812	22421	
343	8.37279e+006	8.37349e+006	201	229	274	315	25	34	51	63	25	35	12	17	24287	24965	335	359	49	60	25251	25946	21862	22472	
344	8.37274e+006	8.37344e+006	198	224	272	313	26	34	54	66	25	35	13	19	24339	25018	336	360	46	55	25301	25998	21912	22522	
345	8.37269e+006	8.37338e+006	197	223	272	312	27	36	55	68	26	36	13	20	24389	25067	336	361	48	59	25355	26051	21961	22572	
346	8.37263e+006	8.37333e+006	200	226	269	309	26	36	58	71	26	34	13	19	24440	25120	337	362	48	59	25408	26105	22008	22619	
347	8.37258e+006	8.37328e+006	201	224	270	310	27	38	57	71	25	33	12	19	24493	25173	337	362	49	60	25461	26161	22059	22669	
348	8.37252e+006	8.37322e+006	204	228	265	306	28	39	60	74	25	33	13	19	24544	25225	338	363	49	60	25515	26216	22103	22716	
349	8.37247e+006	8.37317e+006	203	227	264	304	29	41	60	72	23	31	12	18	24598	25281	339	364	48	57	25567	26269	22152	22764	
350	8.37241e+006	8.37312e+006	203	225	264	302	30	40	59	72	24	31	12	18	24653	25336	339	364	48	57	25620	26322	22201	22814	
351	8.37236e+006	8.37307e+006	200	222	267	303	28	38	58	71	25	32	13	19	24705	25389	340	365	47	56	25671	26373	22251	22866	
352	8.37231e+006	8.37301e+006	197	220	270	305	29	39	55	69	26	33	13	18	24757	25442	340	365	47	57	25722	26426	22300	22917	
353	8.37226e+006	8.37296e+006	196	220	270	303	29	38	55	69	25	33	13	18	24811	25497	341	366	47	57	25774	26478	22348	22966	
354	8.37221e+006	8.37291e+006	192	218	273	306	27	36	52	66	25	34	12	18	24863	25550	342	367	45	55	25823	26529	22397	23015	
355	8.37216e+006	8.37286e+006	191	215	271	304	27	36	54	67	24	33	12	18	24916	25603	343	367	44	54	25872	26578	22443	23062	
356	8.3721e+006	8.37281e+006	194	218	270	303	26	36	51	64	25	33	13	18	24970	25659	343	367	50	60	25927	26633	22490	23109	
357	8.37205e+006	8.37275e+006	197	221	266	300	27	37	50	63	25	34	13	19	25024	25715	343	367	50	60	25982	26688	22537	23157	
358	8.37199e+006	8.3727e+006	201	224	261	296	27	37	51	65	24	34	12	19	25077	25769	343	368	49	59	26035	26742	22582	23203	
359	8.37194e+006	8.37265e+006	205	229	256	291	28	38	52	65	24	34	12	18	25128	25821	344	369	49	58	26087	26797	22626	23247	
360	8.37189e+006	8.3726e+006	200	225	259	295	28	37	56	69	24	33	11	17	25176	25869	345	369	45	56	26137	26848	22678	23298	
361	8.37184e+006	8.37255e+006	195	221	263	299	27	36	55	68	24	34	11	18	25227	25921	346	370	45	55	26187	26898	22729	23349	
362	8.37179e+006	8.3725e+006	192	218	264	300	28	37	57	71	24	33	11	17	25274	25970	347	372	46	56	26237	26949	22777	23399	
363	8.37174e+006	8.37245e+006	187	215	268	302	27	36	57	71	23	32	11	16	25326	26022	348	373	44	55	26286	26999	22826	23451	
364	8.37168e+006	8.3724e+006	189	217	268	304	26	35	56	69	23	31	10	15	25377	26075	348	373	48	58	26339	27052	22872	23498	
