Day	Susceptible	Exposed	Current Detected Mild Infections	Current Undetected Mild Infections	Current Hospitalizations	Current ICU patients	ventilators	Recovered	Deaths	new infections today	total number of infections 	Confirmed total number of infections 	
0	8.39872e+006	16	0	0	0	0	0	0	0	0	16	0	
1	8.39858e+006	160	0	0	0	0	0	0	0	144	160	0	
2	8.39843e+006	304	0	0	0	0	0	0	0	144	304	0	
3	8.39827e+006	465	0	0	0	0	0	0	0	161	465	0	
4	8.39811e+006	606	16	0	0	0	0	0	0	157	622	16	
5	8.39794e+006	635	124	36	0	0	0	0	0	173	795	124	
6	8.39776e+006	674	232	72	0	0	0	0	0	183	978	232	
7	8.39756e+006	712	353	112	0	0	0	0	0	198	1176	353	
8	8.39735e+006	765	470	152	0	0	0	0	0	211	1387	470	
9	8.39712e+006	823	599	196	0	0	0	0	0	231	1618	599	
10	8.39688e+006	876	721	241	0	0	0	16	0	236	1854	737	
11	8.39663e+006	934	767	249	28	0	0	132	0	257	2111	897	
12	8.39636e+006	989	819	264	56	0	0	248	0	265	2376	1058	
13	8.39608e+006	1036	874	279	86	0	0	379	0	278	2654	1238	
14	8.39581e+006	1077	930	301	116	0	0	506	0	276	2931	1418	
15	8.39551e+006	1112	999	317	149	0	0	646	0	292	3222	1625	
16	8.39521e+006	1148	1065	333	184	0	0	794	0	301	3523	1836	
17	8.3949e+006	1186	1120	357	194	16	15	966	0	316	3840	2052	
18	8.39458e+006	1227	1169	374	209	25	20	1153	0	318	4157	2271	
19	8.39424e+006	1269	1209	395	222	34	24	1362	0	334	4492	2495	
20	8.39403e+006	1183	1263	407	235	43	27	1575	0	215	4706	2735	
21	8.39382e+006	1079	1300	429	259	54	33	1798	0	213	4919	2980	
22	8.39361e+006	973	1336	446	278	64	37	2034	0	212	5130	3233	
23	8.3934e+006	847	1377	460	296	74	43	2284	0	208	5338	3506	
24	8.39318e+006	846	1326	450	308	86	49	2536	0	214	5552	3682	
25	8.39298e+006	835	1269	428	321	98	54	2803	0	201	5754	3861	
26	8.39279e+006	821	1203	404	335	109	59	3079	0	197	5951	4033	
27	8.39258e+006	818	1124	374	340	108	52	3378	14	205	6156	4204	
28	8.3924e+006	788	1048	347	344	114	54	3681	18	184	6340	4381	
29	8.39222e+006	766	949	313	352	120	56	4000	20	180	6520	4552	
30	8.39205e+006	739	944	301	340	128	60	4216	23	170	6690	4716	
31	8.39188e+006	700	937	300	324	134	62	4436	25	167	6857	4877	
32	8.39173e+006	670	912	298	307	138	65	4659	27	153	7010	5022	
33	8.39157e+006	641	891	291	284	145	69	4880	29	152	7162	5165	
34	8.39142e+006	629	858	280	266	151	70	5103	32	158	7319	5305	
35	8.39127e+006	605	833	270	241	158	73	5320	35	143	7462	5440	
36	8.39113e+006	597	798	261	238	159	74	5516	38	145	7607	5566	
37	8.39099e+006	582	759	246	241	159	74	5715	42	137	7743	5688	
38	8.39086e+006	562	744	236	237	155	72	5903	45	138	7881	5817	
39	8.39073e+006	543	717	225	236	150	70	6084	49	124	8005	5933	
40	8.3906e+006	533	696	220	227	143	68	6266	54	134	8140	6049	
41	8.39048e+006	515	674	213	221	138	65	6440	58	119	8258	6159	
42	8.39036e+006	491	665	206	211	136	61	6602	62	114	8372	6273	
43	8.39025e+006	485	646	198	200	131	58	6764	66	119	8491	6375	
44	8.39013e+006	469	632	188	196	123	56	6930	70	118	8609	6488	
45	8.39002e+006	460	619	177	182	118	53	7088	75	109	8718	6589	
46	8.38991e+006	453	599	167	179	114	51	7237	77	108	8826	6686	
47	8.38981e+006	440	591	157	172	107	47	7384	80	105	8931	6787	
48	8.3897e+006	425	578	150	168	105	47	7525	83	104	9034	6887	
49	8.38961e+006	410	570	143	160	107	49	7654	84	94	9128	6978	
50	8.38951e+006	399	549	137	153	105	47	7796	86	96	9224	7069	
51	8.38942e+006	388	536	136	154	101	45	7914	89	94	9318	7156	
52	8.38932e+006	386	528	133	145	97	44	8038	93	102	9420	7241	
53	8.38922e+006	386	504	134	143	91	40	8161	95	94	9514	7316	
54	8.38914e+006	376	485	130	142	87	38	8281	98	86	9600	7398	
55	8.38905e+006	369	472	128	138	82	35	8396	102	87	9687	7475	
56	8.38896e+006	358	467	127	132	79	34	8511	104	92	9779	7560	
57	8.38887e+006	352	458	126	125	76	34	8624	105	87	9866	7637	
58	8.38879e+006	351	443	123	126	74	33	8728	107	85	9951	7709	
59	8.3887e+006	346	443	116	122	71	31	8826	109	81	10033	7784	
60	8.38863e+006	329	440	114	113	70	31	8929	111	75	10108	7862	
61	8.38855e+006	326	436	112	109	70	32	9027	113	84	10191	7934	
62	8.38847e+006	318	423	108	108	67	31	9130	116	78	10269	8005	
63	8.38839e+006	313	416	103	108	65	31	9223	118	77	10346	8073	
64	8.38831e+006	316	408	100	103	66	31	9312	119	77	10424	8135	
65	8.38824e+006	308	408	97	99	64	31	9404	120	76	10499	8207	
66	8.38816e+006	305	394	97	100	62	32	9495	122	75	10574	8270	
67	8.38809e+006	299	396	85	99	60	29	9583	124	72	10645	8344	
68	8.38802e+006	292	397	75	100	60	29	9667	125	70	10716	8415	
69	8.38795e+006	288	399	67	100	57	27	9748	127	71	10787	8486	
70	8.38788e+006	287	406	61	98	54	25	9827	129	74	10860	8554	
71	8.38781e+006	285	399	55	96	52	23	9913	130	70	10930	8622	
72	8.38774e+006	283	400	46	93	51	23	9993	132	68	10998	8686	
73	8.38768e+006	275	395	46	90	51	23	10072	133	63	11061	8752	
74	8.38761e+006	265	391	46	86	50	23	10152	135	64	11125	8819	
75	8.38754e+006	265	386	45	82	50	23	10231	136	70	11196	8883	
76	8.38748e+006	259	379	45	83	50	22	10303	137	62	11257	8943	
77	8.38741e+006	262	372	44	82	51	24	10374	139	66	11324	9003	
78	8.38735e+006	261	367	43	83	49	23	10444	140	63	11386	9061	
79	8.38729e+006	256	365	44	85	46	22	10513	142	65	11451	9124	
80	8.38722e+006	258	354	43	86	45	22	10586	143	64	11515	9181	
81	8.38716e+006	252	352	41	85	46	22	10655	144	61	11576	9244	
82	8.3871e+006	252	349	39	84	46	21	10722	145	62	11638	9302	
83	8.38704e+006	248	352	38	85	44	21	10785	148	61	11699	9363	
84	8.38698e+006	241	353	37	82	44	20	10852	148	58	11757	9422	
85	8.38692e+006	244	345	35	80	42	19	10924	149	63	11820	9478	
86	8.38686e+006	240	345	36	78	44	20	10986	150	58	11878	9535	
87	8.3868e+006	237	339	37	76	43	18	11053	151	59	11936	9590	
88	8.38674e+006	243	335	36	74	43	18	11116	152	63	11999	9643	
89	8.38668e+006	239	332	37	74	43	18	11182	152	59	12059	9701	
90	8.38662e+006	238	324	38	76	43	18	11243	153	57	12116	9754	
91	8.38656e+006	238	323	38	76	43	19	11303	154	58	12174	9808	
92	8.3865e+006	236	323	38	77	42	19	11364	155	61	12235	9865	
93	8.38644e+006	235	322	37	76	42	19	11426	156	59	12294	9920	
94	8.38638e+006	236	321	39	74	39	18	11486	157	58	12352	9971	
95	8.38632e+006	240	315	39	72	40	19	11549	158	62	12414	10024	
96	8.38626e+006	238	320	38	71	38	17	11609	161	60	12474	10081	
97	8.38621e+006	233	321	36	68	37	17	11670	162	53	12527	10137	
98	8.38615e+006	234	317	36	68	37	16	11732	162	59	12586	10189	
99	8.38609e+006	228	317	39	69	36	16	11790	163	56	12642	10243	
100	8.38604e+006	223	318	39	69	35	15	11848	163	55	12697	10297	
101	8.38598e+006	231	315	38	66	34	13	11910	164	60	12757	10345	
102	8.38592e+006	233	311	40	67	33	13	11970	165	62	12819	10399	
103	8.38586e+006	235	307	42	67	33	13	12027	166	57	12876	10450	
104	8.3858e+006	235	305	40	65	34	13	12087	166	55	12932	10501	
105	8.38574e+006	235	308	35	66	33	12	12147	168	60	12992	10559	
106	8.38569e+006	227	312	34	67	33	12	12205	169	53	13046	10616	
107	8.38563e+006	226	316	34	69	32	12	12256	169	57	13102	10669	
108	8.38558e+006	225	313	33	69	33	13	12314	170	55	13157	10720	
109	8.38552e+006	224	318	32	69	33	13	12368	171	59	13216	10775	
110	8.38546e+006	229	317	32	66	35	15	12425	171	59	13275	10824	
111	8.38541e+006	229	311	34	67	35	16	12483	173	56	13331	10876	
112	8.38535e+006	232	305	33	68	36	16	12541	173	58	13389	10928	
113	8.38529e+006	232	306	33	69	36	16	12598	174	58	13448	10982	
114	8.38524e+006	225	310	33	68	37	17	12652	175	52	13500	11036	
115	8.38518e+006	225	305	34	69	36	17	12711	176	57	13556	11088	
116	8.38512e+006	225	309	35	69	34	16	12766	176	58	13614	11141	
117	8.38507e+006	222	309	36	66	36	18	12824	176	55	13669	11192	
118	8.38501e+006	223	306	36	63	34	17	12882	178	53	13723	11240	
119	8.38496e+006	221	304	36	64	33	18	12940	178	55	13778	11292	
120	8.3849e+006	220	302	38	64	33	19	12999	179	56	13834	11345	
121	8.38485e+006	216	300	38	65	33	19	13054	180	52	13886	11395	
122	8.3848e+006	215	297	37	66	30	17	13113	180	52	13937	11444	
123	8.38474e+006	215	295	35	69	30	17	13167	181	55	13992	11494	
124	8.38469e+006	212	299	35	68	28	16	13222	182	53	14045	11547	
125	8.38464e+006	212	295	35	68	28	16	13277	183	52	14098	11594	
126	8.38459e+006	211	290	33	69	30	17	13331	184	50	14148	11642	
127	8.38453e+006	209	289	34	66	29	15	13389	185	54	14202	11691	
128	8.38448e+006	210	289	34	66	29	16	13442	186	54	14256	11739	
129	8.38443e+006	212	287	33	63	29	14	13498	187	53	14309	11787	
130	8.38437e+006	215	280	34	66	29	13	13551	188	54	14363	11833	
131	8.38432e+006	212	283	33	64	28	12	13604	189	50	14413	11883	
132	8.38427e+006	210	285	34	61	31	14	13656	190	52	14465	11932	
133	8.38422e+006	207	284	32	62	30	13	13709	191	51	14517	11982	
134	8.38417e+006	207	284	34	61	31	14	13762	191	54	14571	12029	
135	8.38411e+006	209	283	33	61	31	13	13813	192	52	14623	12076	
136	8.38406e+006	206	284	33	60	31	13	13864	193	49	14672	12123	
137	8.38401e+006	209	281	34	62	31	13	13915	194	54	14726	12170	
138	8.38396e+006	210	282	33	63	30	12	13968	195	55	14781	12220	
139	8.3839e+006	211	281	33	62	30	13	14021	196	52	14833	12268	
140	8.38385e+006	215	278	31	65	30	14	14072	196	53	14887	12313	
141	8.3838e+006	214	283	30	62	32	15	14123	197	54	14940	12364	
142	8.38374e+006	216	286	30	63	29	13	14176	198	57	14997	12415	
143	8.38368e+006	219	286	31	62	30	14	14226	198	56	15053	12462	
144	8.38363e+006	220	284	32	62	30	14	14280	199	54	15106	12511	
145	8.38358e+006	221	286	31	63	29	14	14332	199	55	15161	12561	
146	8.38352e+006	218	295	31	63	29	15	14379	200	54	15215	12614	
147	8.38347e+006	213	294	32	67	30	15	14428	202	51	15266	12665	
148	8.38341e+006	215	293	32	68	30	16	14482	202	56	15322	12715	
149	8.38336e+006	212	296	32	69	29	16	14533	202	52	15374	12764	
150	8.38331e+006	213	296	32	66	30	16	14587	203	55	15428	12814	
151	8.38325e+006	221	296	30	66	29	15	14642	204	59	15487	12863	
152	8.3832e+006	218	296	29	66	32	17	14695	204	53	15540	12916	
153	8.38314e+006	224	293	28	64	32	17	14752	205	58	15598	12964	
154	8.38308e+006	227	292	30	62	32	17	14807	205	57	15655	13012	
155	8.38303e+006	221	296	29	63	34	18	14859	206	53	15708	13066	
156	8.38298e+006	219	297	28	64	32	17	14912	207	51	15758	13116	
157	8.38292e+006	220	299	32	65	32	16	14962	208	59	15817	13167	
158	8.38286e+006	217	298	35	63	33	16	15017	208	55	15872	13219	
159	8.38281e+006	219	297	37	65	33	17	15068	208	55	15927	13267	
160	8.38276e+006	222	296	35	66	32	16	15120	209	53	15980	13315	
161	8.3827e+006	216	294	36	65	33	17	15178	210	53	16034	13367	
162	8.38265e+006	215	292	40	67	32	16	15230	211	53	16086	13415	
163	8.38259e+006	216	292	37	67	32	16	15287	212	57	16143	13466	
164	8.38254e+006	215	290	36	68	32	16	15343	212	52	16195	13516	
165	8.38249e+006	212	291	35	69	32	16	15394	213	50	16245	13565	
166	8.38244e+006	215	291	37	67	32	16	15446	213	56	16301	13612	
167	8.38238e+006	212	292	34	66	34	16	15503	214	54	16356	13665	
168	8.38233e+006	213	292	31	65	32	15	15561	215	52	16408	13712	
169	8.38228e+006	215	288	30	66	32	15	15614	215	52	16460	13759	
170	8.38222e+006	212	290	31	66	32	15	15666	215	53	16513	13811	
171	8.38216e+006	217	291	31	65	33	14	15719	216	59	16573	13861	
172	8.38211e+006	221	292	30	66	33	13	15770	217	56	16629	13910	
173	8.38205e+006	222	287	30	69	33	12	15824	218	53	16682	13957	
174	8.382e+006	224	287	32	69	32	12	15874	219	55	16738	14006	
175	8.38195e+006	217	295	33	67	32	12	15926	219	52	16790	14060	
176	8.38189e+006	213	296	32	67	32	13	15982	220	52	16842	14114	
177	8.38184e+006	215	295	31	64	32	12	16038	222	55	16897	14163	
178	8.38179e+006	212	299	31	64	32	12	16090	222	53	16950	14214	
179	8.38173e+006	215	301	29	63	33	13	16141	223	55	17004	14264	
180	8.38168e+006	214	301	27	63	32	13	16195	224	52	17056	14313	
181	8.38163e+006	214	299	25	64	31	13	16253	225	55	17111	14365	
182	8.38157e+006	216	294	27	63	30	13	16311	226	54	17165	14412	
183	8.38152e+006	216	296	26	66	29	12	16361	227	55	17220	14464	
184	8.38146e+006	219	292	27	66	28	12	16416	227	56	17276	14512	
185	8.38141e+006	216	294	27	65	29	13	16468	228	51	17327	14563	
186	8.38135e+006	219	294	29	67	29	12	16518	228	57	17384	14612	
187	8.3813e+006	220	293	30	66	29	13	16573	229	56	17440	14664	
188	8.38124e+006	222	297	29	65	29	13	16627	230	57	17498	14715	
189	8.38118e+006	228	295	28	64	29	14	16681	231	57	17555	14763	
190	8.38113e+006	224	300	28	61	29	13	16735	232	53	17608	14817	
191	8.38107e+006	226	302	28	63	29	14	16787	233	59	17667	14869	
192	8.38101e+006	226	304	28	60	31	15	16841	233	57	17724	14921	
193	8.38096e+006	224	306	29	61	31	15	16894	233	56	17780	14974	
194	8.38091e+006	220	303	30	64	31	15	16948	234	49	17828	15022	
195	8.38085e+006	220	307	32	62	31	15	17000	234	59	17887	15075	
196	8.38079e+006	218	306	34	66	29	14	17053	235	55	17942	15127	
197	8.38074e+006	216	303	36	64	29	14	17112	236	54	17996	15177	
198	8.38069e+006	216	294	36	66	29	14	17166	236	49	18045	15220	
199	8.38064e+006	209	295	37	68	29	13	17221	237	52	18096	15275	
200	8.38059e+006	205	296	37	70	29	13	17272	238	51	18147	15325	
201	8.38053e+006	210	291	38	70	28	13	17330	239	58	18206	15373	
202	8.38047e+006	218	283	38	70	26	12	17388	240	57	18263	15418	
203	8.38042e+006	220	281	36	69	27	13	17443	240	54	18317	15464	
204	8.38036e+006	225	285	34	67	29	14	17492	240	56	18372	15512	
205	8.38031e+006	222	285	33	66	30	15	17550	242	56	18428	15566	
206	8.38025e+006	220	288	32	65	32	15	17603	242	55	18483	15619	
207	8.3802e+006	221	290	31	64	32	15	17658	243	55	18537	15668	
208	8.38015e+006	215	297	31	63	33	16	17706	244	50	18587	15719	
209	8.3801e+006	209	301	31	63	33	15	17756	245	50	18638	15770	
210	8.38005e+006	206	304	31	62	33	15	17807	245	51	18689	15821	
211	8.37999e+006	206	301	31	59	34	16	17867	246	55	18743	15872	
212	8.37994e+006	210	293	31	59	35	16	17923	246	54	18797	15917	
213	8.37989e+006	213	289	32	59	35	16	17976	247	53	18851	15963	
214	8.37983e+006	217	285	32	59	34	15	18031	248	55	18906	16010	
215	8.37978e+006	215	285	31	62	33	15	18085	248	52	18958	16062	
216	8.37973e+006	213	284	31	63	32	14	18138	249	52	19010	16111	
217	8.37967e+006	215	282	31	63	32	14	18192	250	56	19066	16161	
218	8.37962e+006	215	289	30	64	32	14	18241	251	55	19121	16212	
219	8.37956e+006	215	292	28	63	32	14	18291	252	52	19173	16262	
220	8.37951e+006	212	294	27	63	32	15	18340	253	48	19222	16311	
221	8.37946e+006	210	295	28	63	33	15	18393	255	55	19277	16363	
222	8.37941e+006	205	296	28	61	32	14	18448	256	50	19327	16413	
223	8.37936e+006	203	293	29	62	32	13	18501	256	50	19376	16460	
224	8.37931e+006	207	286	30	61	32	14	18556	257	53	19429	16504	
225	8.37926e+006	204	288	30	63	31	14	18606	258	52	19481	16555	
226	8.3792e+006	207	286	31	63	32	15	18656	259	53	19534	16602	
227	8.37915e+006	209	279	31	62	31	15	18712	260	52	19585	16647	
228	8.3791e+006	208	276	31	64	30	14	18767	261	51	19637	16695	
229	8.37905e+006	205	276	32	64	29	14	18819	262	49	19686	16741	
230	8.379e+006	199	280	32	62	28	13	18870	263	47	19733	16789	
231	8.37895e+006	196	277	32	61	27	13	18924	264	49	19782	16837	
232	8.3789e+006	195	277	33	59	28	13	18975	265	50	19832	16884	
233	8.37886e+006	195	277	32	57	29	14	19024	266	49	19881	16929	
234	8.37881e+006	197	274	30	56	28	14	19077	268	49	19930	16974	
235	8.37876e+006	197	272	29	55	29	13	19128	268	50	19979	17019	
236	8.3787e+006	200	269	29	56	27	11	19180	270	52	20032	17065	
237	8.37865e+006	202	265	31	56	28	11	19232	270	51	20083	17108	
238	8.3786e+006	202	261	32	58	29	12	19280	270	49	20132	17152	
239	8.37855e+006	205	261	33	59	29	12	19327	271	52	20184	17197	
240	8.3785e+006	208	263	36	58	29	12	19373	272	56	20240	17244	
241	8.37845e+006	207	265	36	58	29	12	19423	273	50	20290	17290	
242	8.3784e+006	205	264	36	58	27	11	19473	273	46	20336	17335	
243	8.37835e+006	204	268	35	56	27	11	19524	274	51	20388	17383	
244	8.3783e+006	198	276	34	54	27	12	19574	275	50	20438	17435	
245	8.37825e+006	200	279	32	53	27	13	19623	276	52	20490	17482	
246	8.3782e+006	204	274	31	54	28	14	19674	276	50	20540	17524	
247	8.37815e+006	200	275	29	56	28	15	19721	277	48	20588	17572	
248	8.3781e+006	202	276	30	56	28	15	19770	278	52	20640	17617	
249	8.37805e+006	197	276	30	58	27	14	19821	278	48	20687	17665	
250	8.378e+006	198	270	30	61	26	14	19874	279	51	20738	17711	
251	8.37794e+006	204	266	32	61	26	13	19924	279	54	20792	17754	
252	8.37789e+006	204	272	31	61	26	14	19969	280	51	20844	17802	
253	8.37784e+006	207	267	32	59	26	13	20022	281	51	20895	17844	
254	8.37779e+006	209	268	32	60	26	12	20070	281	52	20947	17891	
255	8.37774e+006	208	270	32	60	25	11	20123	282	53	21000	17941	
256	8.37768e+006	210	270	33	58	27	12	20173	283	53	21053	17987	
257	8.37763e+006	211	274	32	60	25	12	20220	283	52	21105	18035	
258	8.37758e+006	212	273	34	58	27	12	20271	283	54	21159	18082	
259	8.37753e+006	211	279	34	59	27	13	20317	284	52	21211	18131	
260	8.37748e+006	208	281	34	58	28	14	20367	284	50	21261	18179	
261	8.37743e+006	205	278	35	59	28	14	20421	284	49	21310	18226	
262	8.37737e+006	206	283	33	60	28	14	20471	285	55	21365	18277	
263	8.37732e+006	206	282	34	60	28	14	20520	286	52	21417	18325	
264	8.37727e+006	209	281	33	61	28	15	20572	286	53	21470	18371	
265	8.37721e+006	211	279	31	61	28	15	20624	287	52	21522	18417	
266	8.37716e+006	207	282	29	60	26	13	20679	288	50	21572	18468	
267	8.37711e+006	206	281	30	62	26	13	20729	288	51	21623	18515	
268	8.37706e+006	205	280	30	60	25	13	20785	289	52	21675	18564	
269	8.37701e+006	203	280	31	60	25	12	20836	290	50	21724	18611	
270	8.37696e+006	205	279	32	63	24	11	20883	291	52	21776	18656	
271	8.37691e+006	204	279	33	64	25	12	20930	291	50	21826	18703	
272	8.37686e+006	203	277	33	67	26	12	20980	292	52	21878	18751	
273	8.37681e+006	203	277	31	67	27	12	21031	293	50	21928	18799	
274	8.37676e+006	200	276	31	70	28	12	21079	293	49	21976	18847	
275	8.37671e+006	204	274	30	69	29	12	21131	294	54	22030	18893	
276	8.37666e+006	199	277	30	68	30	13	21180	294	47	22077	18940	
277	8.37661e+006	196	275	30	66	31	13	21231	295	47	22123	18987	
278	8.37657e+006	195	272	29	64	31	13	21284	296	48	22171	19032	
279	8.37651e+006	193	275	31	63	32	13	21332	297	52	22223	19080	
280	8.37646e+006	196	270	30	60	35	15	21384	297	50	22273	19124	
281	8.37642e+006	197	267	30	60	35	15	21433	298	48	22320	19168	
282	8.37636e+006	203	265	28	60	35	15	21484	299	54	22374	19213	
283	8.37631e+006	201	267	29	58	35	15	21535	300	50	22424	19260	
284	8.37626e+006	203	267	30	59	34	15	21584	300	52	22476	19305	
285	8.37621e+006	205	262	28	60	33	15	21635	302	49	22525	19349	
286	8.37616e+006	204	269	28	58	32	15	21684	303	53	22579	19400	
287	8.3761e+006	212	273	28	57	33	16	21730	304	58	22636	19446	
288	8.37605e+006	209	274	31	56	33	16	21777	305	48	22685	19492	
289	8.376e+006	209	272	30	58	32	16	21828	305	49	22734	19537	
290	8.37595e+006	210	276	30	58	30	15	21878	307	55	22789	19587	
291	8.3759e+006	202	285	31	55	31	15	21927	307	50	22839	19640	
292	8.37584e+006	207	281	30	58	32	15	21977	308	53	22892	19686	
293	8.37579e+006	210	280	30	58	30	14	22029	308	52	22944	19732	
294	8.37574e+006	207	285	28	57	31	14	22080	309	52	22995	19783	
295	8.37569e+006	209	286	28	57	30	14	22128	310	53	23048	19829	
296	8.37563e+006	216	285	28	57	32	14	22179	310	60	23108	19878	
297	8.37557e+006	220	278	29	62	32	14	22232	311	56	23164	19924	
298	8.37552e+006	220	278	33	60	32	14	22281	312	52	23215	19969	
299	8.37547e+006	223	281	33	61	32	15	22329	313	56	23271	20017	
300	8.37541e+006	215	284	34	65	31	14	22380	313	51	23322	20073	
301	8.37537e+006	208	290	35	64	30	14	22430	315	49	23371	20125	
302	8.37531e+006	207	288	36	66	30	14	22480	316	51	23422	20171	
303	8.37526e+006	202	292	36	61	31	14	22535	316	51	23473	20222	
304	8.37521e+006	203	292	35	62	31	14	22585	317	52	23525	20269	
305	8.37516e+006	206	288	35	62	28	13	22640	318	52	23578	20314	
306	8.37511e+006	207	279	36	60	29	14	22699	320	52	23629	20360	
307	8.37505e+006	212	274	36	60	29	14	22754	321	56	23685	20406	
308	8.375e+006	215	276	33	60	29	14	22805	321	55	23740	20456	
309	8.37494e+006	214	275	32	62	28	13	22859	322	52	23792	20504	
310	8.37489e+006	218	277	30	62	29	13	22909	322	56	23847	20553	
311	8.37484e+006	212	283	31	64	28	13	22956	323	50	23898	20603	
312	8.37479e+006	210	288	31	62	29	14	23008	323	52	23950	20653	
313	8.37473e+006	215	288	31	64	28	14	23056	324	56	24007	20701	
314	8.37468e+006	210	291	31	62	30	14	23108	325	51	24057	20753	
315	8.37463e+006	207	289	31	61	32	15	23159	326	48	24105	20799	
316	8.37458e+006	207	289	32	61	32	15	23209	327	52	24157	20847	
317	8.37453e+006	205	290	31	61	32	14	23265	328	54	24211	20900	
318	8.37447e+006	208	285	32	61	32	14	23318	329	54	24265	20945	
319	8.37442e+006	210	283	30	60	33	14	23369	329	50	24315	20990	
320	8.37437e+006	208	278	32	63	32	14	23422	329	50	24365	21036	
321	8.37432e+006	208	281	32	65	33	14	23470	330	54	24420	21086	
322	8.37426e+006	208	282	33	66	32	14	23521	331	53	24473	21135	
323	8.37421e+006	213	275	33	67	32	14	23576	332	55	24528	21181	
324	8.37416e+006	215	276	31	66	30	14	23629	333	52	24580	21227	
325	8.3741e+006	216	283	32	63	29	13	23679	334	55	24635	21278	
326	8.37405e+006	215	284	31	63	28	12	23732	334	53	24688	21326	
327	8.374e+006	213	285	32	63	28	13	23785	335	53	24741	21377	
328	8.37394e+006	214	286	30	63	28	13	23837	336	53	24794	21427	
329	8.37389e+006	210	292	29	62	28	13	23889	336	51	24845	21480	
330	8.37384e+006	209	293	30	61	28	13	23939	337	52	24897	21527	
331	8.37378e+006	212	291	30	62	28	13	23992	338	56	24953	21576	
332	8.37373e+006	212	293	28	61	29	14	24045	339	53	25006	21627	
333	8.37368e+006	215	289	28	59	29	14	24100	339	54	25060	21674	
334	8.37362e+006	219	286	31	58	29	13	24152	340	56	25116	21720	
335	8.37357e+006	216	284	34	59	29	15	24206	341	53	25169	21769	
336	8.37351e+006	217	285	33	60	29	14	24257	342	55	25224	21818	
337	8.37346e+006	216	284	35	62	29	14	24308	342	53	25276	21867	
338	8.37341e+006	214	286	36	60	29	14	24362	343	54	25330	21918	
339	8.37335e+006	215	288	35	60	31	15	24410	344	53	25384	21968	
340	8.3733e+006	215	292	34	59	31	15	24463	345	55	25439	22018	
341	8.37324e+006	216	292	32	59	31	16	24518	345	54	25493	22067	
342	8.37319e+006	214	293	31	58	31	16	24572	346	51	25544	22117	
343	8.37314e+006	215	295	29	57	30	15	24626	347	55	25599	22167	
344	8.37309e+006	211	293	30	60	30	16	24679	348	51	25650	22217	
345	8.37303e+006	210	292	32	62	31	16	24728	348	53	25703	22266	
346	8.37298e+006	213	289	31	64	30	16	24780	349	54	25757	22314	
347	8.37293e+006	212	290	32	64	29	16	24833	350	54	25811	22364	
348	8.37287e+006	216	285	34	67	29	16	24885	350	55	25866	22409	
349	8.37282e+006	215	284	35	66	27	15	24940	351	52	25918	22458	
350	8.37277e+006	214	283	35	65	28	15	24994	351	52	25971	22508	
351	8.37271e+006	211	285	33	64	29	16	25047	352	51	26022	22559	
352	8.37266e+006	208	288	34	62	29	16	25099	353	52	26074	22608	
353	8.37261e+006	208	286	33	62	29	16	25154	353	52	26126	22657	
354	8.37256e+006	205	290	32	59	29	15	25207	355	50	26176	22706	
355	8.37251e+006	203	288	32	60	28	15	25259	355	49	26225	22752	
356	8.37246e+006	206	286	31	58	29	16	25314	355	55	26280	22800	
357	8.3724e+006	209	283	32	56	30	16	25370	355	55	26335	22847	
358	8.37235e+006	212	278	32	58	29	16	25423	356	54	26388	22892	
359	8.37229e+006	217	273	33	58	29	15	25475	356	54	26442	22936	
360	8.37224e+006	212	277	33	63	28	14	25523	357	51	26493	22988	
361	8.37219e+006	208	281	32	61	29	15	25574	358	50	26542	23039	
362	8.37214e+006	205	282	32	64	28	14	25622	359	51	26593	23088	
363	8.37209e+006	201	285	31	64	28	14	25674	360	49	26643	23139	
364	8.37204e+006	203	286	31	62	27	13	25726	361	53	26696	23185	
External infections start at day 1 and end at:	19	Number of imported cases each day	9	
Number of contacts per day:	0	
Number of contacts per day:	0	
Number of days asymptomatic patients are infectious before symptomatic	2	
Probability of transmission from exposed patients:	0.0418	
Probability of transmission from mild symptomatic patients:	0.0418	
Probability of transmission from hospitalized patients:	0.00850339	
Probability of transmission from ICU patients:	0.00850339	
Probability of testing for mild symptomatic patients:	0.75	

Adherence to Social Distancing parameters:
Day 0:	0.9	
Day 10:	0.9	
Day 20:	0.9	
Day 30:	0.9	
Day 40:	0.9	
Day 50:	0.9	
Day 60:	0.9	
