Day	Susceptible-LB	Susceptible-UB	Exposed-LB	Exposed-UB	Current Detected Mild Infections-LB	Current Detected Mild Infections-UB	Current Undetected Mild Infections-LB	Current Undetected Mild Infections-UB	Current Hospitalizations-LB	Current Hospitalizations-UB	Current ICU patients-LB	Current ICU patients-UB	ventilators-LB	ventilators-UB	Recovered-LB	Recovered-UB	Deaths-LB	Deaths-UB	new infections today-LB	new infections today-UB	total number of infections-LB	total number of infections-UB	Confirmed total number of infections-LB	Confirmed total number of infections-UB	
0	8.39872e+006	8.39872e+006	16	16	0	0	0	0	0	0	0	0	0	0	0	0	0	0	0	0	16	16	0	0	
1	8.39856e+006	8.39856e+006	176	176	0	0	0	0	0	0	0	0	0	0	0	0	0	0	160	160	176	176	0	0	
2	8.3984e+006	8.3984e+006	336	336	0	0	0	0	0	0	0	0	0	0	0	0	0	0	160	160	336	336	0	0	
3	8.39821e+006	8.39822e+006	521	526	0	0	0	0	0	0	0	0	0	0	0	0	0	0	185	190	521	526	0	0	
4	8.39788e+006	8.39791e+006	830	852	0	0	0	0	0	0	0	0	0	0	0	0	0	0	307	328	830	852	0	0	
5	8.39743e+006	8.39748e+006	1260	1302	0	0	0	0	0	0	0	0	0	0	0	0	0	0	424	455	1260	1302	0	0	
6	8.39683e+006	8.3969e+006	1839	1908	0	0	0	0	0	0	0	0	0	0	0	0	0	0	573	613	1839	1908	0	0	
7	8.39593e+006	8.39604e+006	2681	2788	16	16	0	0	0	0	0	0	0	0	0	0	0	0	850	903	2697	2804	16	16	
8	8.39468e+006	8.39484e+006	3721	3881	131	140	36	45	0	0	0	0	0	0	0	0	0	0	1190	1263	3897	4057	131	140	
9	8.39313e+006	8.39337e+006	5033	5268	251	262	74	85	0	0	0	0	0	0	0	0	0	0	1465	1555	5369	5604	251	262	
10	8.39117e+006	8.39148e+006	6729	7040	374	390	119	134	0	0	0	0	0	0	16	16	0	0	1871	1972	7253	7564	390	406	
11	8.38866e+006	8.38909e+006	8808	9232	485	512	157	175	27	35	0	0	0	0	141	149	0	0	2381	2524	9644	10078	629	653	
12	8.38569e+006	8.38625e+006	11215	11755	690	736	222	242	56	67	0	0	0	0	269	280	0	0	2828	2981	12482	13050	958	995	
13	8.38224e+006	8.38296e+006	13931	14600	981	1056	317	347	90	103	0	0	0	0	420	435	0	0	3280	3467	15777	16501	1401	1456	
14	8.37842e+006	8.37931e+006	16726	17523	1393	1498	444	483	147	165	0	0	0	0	673	697	0	0	3643	3829	19430	20320	2067	2152	
15	8.37435e+006	8.37545e+006	19385	20335	1960	2100	639	693	238	259	0	0	0	0	1012	1052	0	0	3848	4076	23290	24384	2988	3108	
16	8.37027e+006	8.37157e+006	21782	22869	2626	2813	865	922	347	374	0	0	0	0	1482	1543	0	0	3862	4089	27162	28462	4118	4298	
17	8.36647e+006	8.36795e+006	23520	24712	3391	3619	1117	1189	487	521	15	19	14	17	2182	2276	0	0	3611	3814	30783	32266	5589	5830	
18	8.36247e+006	8.36417e+006	24908	26204	4270	4572	1421	1506	685	732	25	30	19	22	3171	3310	0	0	3772	4013	34565	36269	7445	7778	
19	8.35805e+006	8.35998e+006	26261	27655	5269	5634	1774	1880	943	1002	34	40	23	27	4379	4577	0	0	4179	4434	38761	40686	9635	10071	
20	8.35357e+006	8.35574e+006	27195	28687	6286	6733	2156	2286	1252	1321	51	60	31	36	5933	6199	0	0	4219	4495	42992	45168	12163	12716	
21	8.34887e+006	8.35132e+006	27959	29574	7235	7730	2461	2603	1619	1706	77	88	44	51	7930	8303	0	0	4408	4716	47415	49868	15017	15695	
22	8.34391e+006	8.34668e+006	28731	30476	7985	8559	2721	2878	2056	2166	109	123	58	68	10296	10781	0	0	4621	4976	52052	54829	18022	18859	
23	8.33872e+006	8.34184e+006	29702	31593	8422	9044	2857	3024	2543	2679	159	177	80	93	13056	13665	0	0	4834	5205	56900	60020	21078	22084	
24	8.33329e+006	8.33676e+006	31153	33228	8379	9016	2872	3031	3032	3192	223	246	110	125	16151	16906	0	0	5063	5447	61981	65450	23960	25118	
25	8.32762e+006	8.33148e+006	32635	34900	8324	8979	2848	3009	3498	3685	311	339	148	167	19458	20382	0	0	5257	5682	67257	71112	26979	28319	
26	8.32165e+006	8.32593e+006	33987	36457	8571	9243	2920	3088	3880	4097	417	447	194	216	22845	23938	0	0	5538	5984	72807	77084	30306	31819	
27	8.3155e+006	8.32024e+006	35442	38134	9022	9777	3057	3255	4122	4354	534	571	241	267	26093	27346	13	16	5675	6171	78500	83236	33656	35361	
28	8.30906e+006	8.31429e+006	36958	39886	9523	10354	3175	3397	4300	4554	685	731	310	340	29539	30987	17	20	5922	6469	84445	89681	37178	39101	
29	8.3023e+006	8.30809e+006	38518	41682	9823	10760	3307	3543	4469	4729	856	911	389	422	33396	35045	19	22	6183	6770	90646	96434	40839	43024	
30	8.29523e+006	8.3016e+006	40146	43568	10278	11313	3455	3713	4586	4869	1047	1110	476	515	37314	39186	22	26	6464	7090	97132	103502	44697	47156	
31	8.28784e+006	8.29485e+006	41819	45541	10724	11838	3655	3930	4685	4991	1237	1316	566	613	41438	43554	28	35	6738	7419	103891	110900	48699	51437	
32	8.28003e+006	8.28777e+006	43621	47684	11208	12389	3801	4090	4858	5172	1421	1513	656	705	45711	48128	35	43	7061	7821	110971	118702	52895	55939	
33	8.27196e+006	8.28046e+006	45369	49794	11728	12990	3975	4279	5091	5436	1570	1676	730	787	50164	52880	47	56	7288	8093	118281	126773	57296	60677	
34	8.26352e+006	8.27284e+006	47286	52092	12188	13567	4108	4442	5346	5721	1721	1833	801	859	54820	57850	64	75	7593	8468	125898	135216	61825	65565	
35	8.25466e+006	8.26488e+006	49299	54502	12675	14179	4266	4638	5557	5956	1864	1985	871	937	59722	63105	83	96	7937	8876	133855	144073	66545	70669	
36	8.24933e+006	8.26011e+006	47871	53081	13138	14790	4423	4837	5795	6224	2005	2133	938	1004	64870	68634	108	122	4758	5346	138626	149406	71466	76018	
37	8.24371e+006	8.25513e+006	46372	51627	13687	15478	4640	5092	6068	6518	2112	2253	992	1061	70151	74337	140	157	4965	5636	143607	155026	76596	81595	
38	8.23785e+006	8.24993e+006	44817	50090	14258	16189	4866	5351	6306	6804	2205	2356	1033	1107	75725	80355	178	198	5183	5881	148807	160891	81931	87435	
39	8.23226e+006	8.24499e+006	42675	47875	14886	16997	5093	5618	6599	7139	2292	2452	1073	1152	81502	86632	220	243	4922	5604	153743	166480	87542	93619	
40	8.22684e+006	8.24021e+006	40155	45220	15498	17791	5283	5848	6870	7452	2364	2541	1104	1192	87592	93243	273	298	4769	5437	158529	171900	93352	100024	
41	8.22164e+006	8.23566e+006	37089	41973	16138	18629	5473	6084	7175	7817	2443	2625	1139	1227	93916	100136	325	353	4527	5221	163075	177101	99392	106718	
42	8.21677e+006	8.23144e+006	33351	37977	17192	19862	5290	5910	7461	8166	2524	2720	1176	1269	100574	107438	378	411	4199	4880	167292	181963	106095	114171	
43	8.2123e+006	8.22758e+006	32440	37124	15580	18020	4421	4957	7752	8522	2651	2860	1230	1328	107417	114961	427	465	3849	4492	171155	186441	110271	118830	
44	8.20799e+006	8.22388e+006	31161	35812	13912	16134	3514	3958	8052	8876	2775	3000	1294	1399	114561	122852	478	520	3687	4323	174858	190747	114627	123744	
45	8.20387e+006	8.22035e+006	29487	34061	11719	13697	2985	3369	8369	9269	2894	3138	1341	1456	122021	131114	538	584	3510	4130	178384	194862	119079	128764	
46	8.20002e+006	8.21706e+006	27843	32333	11833	13908	3024	3426	8028	8916	3018	3281	1402	1529	126950	136593	599	648	3280	3874	181680	198719	123210	133439	
47	8.19635e+006	8.21394e+006	26171	30584	11667	13742	2985	3401	7667	8549	3159	3442	1458	1595	132093	142355	659	711	3097	3687	184792	202391	127235	137994	
48	8.19282e+006	8.21097e+006	24600	28902	11161	13230	2834	3254	7308	8179	3295	3601	1525	1673	137453	148361	721	780	2957	3538	187763	205915	131083	142387	
49	8.18954e+006	8.20821e+006	23151	27319	10595	12661	2681	3095	6849	7702	3430	3759	1586	1744	142649	154201	785	848	2753	3295	190530	209195	134657	146508	
50	8.18637e+006	8.20557e+006	21929	26009	9858	11899	2500	2911	6313	7126	3568	3927	1644	1816	147765	159954	854	922	2628	3180	193171	212363	137931	150294	
51	8.18339e+006	8.20308e+006	20716	24689	9190	11173	2331	2734	5650	6411	3719	4111	1712	1897	152749	165612	927	998	2473	3003	195659	215351	141066	153932	
52	8.18056e+006	8.20074e+006	19526	23396	8626	10552	2210	2602	5555	6340	3694	4089	1702	1887	157013	170489	999	1076	2319	2838	197992	218175	144041	157408	
53	8.17782e+006	8.19848e+006	18493	22277	8178	10055	2096	2475	5341	6123	3641	4046	1679	1867	161064	175143	1077	1161	2247	2754	200252	220916	146834	160670	
54	8.17526e+006	8.19638e+006	17490	21161	7715	9543	1980	2340	5054	5818	3593	4005	1646	1840	165019	179708	1160	1248	2095	2570	202359	223474	149476	163787	
55	8.17279e+006	8.19437e+006	16528	20105	7274	9062	1872	2225	4780	5534	3512	3932	1615	1805	168812	184083	1247	1345	1996	2481	204368	225942	151979	166758	
56	8.17046e+006	8.19248e+006	15654	19158	6862	8594	1769	2101	4501	5247	3414	3839	1559	1748	172394	188227	1338	1440	1879	2347	206261	228276	154317	169540	
57	8.16826e+006	8.1907e+006	14783	18195	6484	8178	1684	2005	4216	4947	3293	3718	1507	1692	175817	192219	1433	1541	1758	2218	208033	230479	156540	172209	
58	8.16614e+006	8.18901e+006	13992	17317	6118	7759	1570	1885	3993	4709	3135	3551	1432	1611	179079	196045	1525	1641	1682	2123	209727	232592	158654	174745	
59	8.16414e+006	8.1874e+006	13266	16494	5785	7404	1468	1785	3775	4464	2954	3364	1347	1524	182143	199645	1628	1753	1594	2015	211333	234595	160642	177141	
60	8.16222e+006	8.18588e+006	12529	15675	5488	7064	1380	1702	3569	4255	2741	3136	1259	1428	185095	203129	1736	1874	1510	1935	212856	236517	162561	179459	
61	8.16041e+006	8.18443e+006	11870	14925	5193	6716	1303	1612	3369	4037	2493	2869	1144	1307	187924	206482	1844	1993	1436	1820	214303	238326	164356	181641	
62	8.15871e+006	8.18309e+006	11204	14151	4920	6409	1254	1560	3165	3817	2405	2787	1103	1268	190487	209536	1906	2064	1330	1706	215642	240023	166048	183709	
63	8.15708e+006	8.1818e+006	10604	13446	4628	6077	1188	1475	3003	3639	2298	2673	1049	1212	192954	212497	1969	2135	1279	1642	216933	241654	167645	185685	
64	8.1555e+006	8.18057e+006	10066	12820	4354	5786	1129	1411	2817	3424	2179	2548	996	1157	195297	215312	2040	2217	1220	1591	218164	243234	169134	187539	
65	8.15401e+006	8.17941e+006	9533	12199	4110	5494	1068	1336	2651	3253	2060	2418	938	1096	197523	218007	2107	2292	1150	1502	219324	244727	170561	189321	
66	8.15262e+006	8.17834e+006	9004	11589	3884	5221	1012	1274	2509	3095	1936	2292	888	1047	199610	220546	2178	2371	1065	1405	220399	246121	171918	191011	
67	8.15126e+006	8.1773e+006	8525	11015	3869	5164	805	1021	2364	2932	1814	2156	831	986	201582	222970	2245	2448	1032	1361	221441	247472	173360	192830	
68	8.15e+006	8.17632e+006	8057	10471	3850	5081	607	774	2255	2812	1710	2044	780	933	203431	225248	2304	2515	968	1276	222416	248741	174732	194547	
69	8.14881e+006	8.17541e+006	7627	9961	3800	4982	417	539	2128	2658	1612	1932	736	883	205210	227456	2355	2575	901	1196	223325	249928	176001	196154	
70	8.14765e+006	8.17452e+006	7226	9488	3586	4707	403	518	2020	2544	1516	1824	687	829	206890	229550	2400	2628	878	1169	224213	251089	177186	197654	
71	8.14656e+006	8.1737e+006	6823	9001	3390	4496	384	498	1912	2418	1425	1725	643	782	208494	231532	2444	2679	817	1103	225040	252181	178318	199108	
72	8.14551e+006	8.17291e+006	6450	8552	3235	4318	361	472	1787	2267	1344	1628	604	738	209993	233418	2492	2736	777	1053	225825	253227	179394	200492	
73	8.1445e+006	8.17215e+006	6136	8163	3038	4098	342	456	1690	2156	1272	1553	570	704	211411	235185	2535	2786	752	1016	226586	254233	180381	201769	
74	8.14356e+006	8.17144e+006	5807	7750	2876	3894	319	426	1607	2052	1202	1476	541	673	212758	236899	2572	2832	702	948	227298	255172	181347	203023	
75	8.14263e+006	8.17074e+006	5527	7420	2705	3679	309	414	1529	1969	1142	1408	518	646	214022	238504	2606	2870	689	946	227994	256110	182246	204192	
76	8.14177e+006	8.1701e+006	5265	7088	2557	3486	297	395	1433	1862	1080	1332	489	611	215221	240039	2640	2912	639	863	228640	256966	183072	205274	
77	8.14095e+006	8.16949e+006	4985	6744	2417	3309	283	379	1357	1771	1019	1267	461	580	216366	241505	2675	2953	598	825	229247	257783	183888	206340	
78	8.14016e+006	8.16889e+006	4759	6443	2279	3148	271	366	1297	1700	962	1199	436	550	217427	242871	2708	2993	592	802	229846	258578	184646	207342	
79	8.13941e+006	8.16833e+006	4533	6143	2177	3027	252	342	1232	1622	915	1152	418	532	218424	244156	2731	3022	551	753	230404	259324	185370	208309	
80	8.13871e+006	8.1678e+006	4301	5843	2067	2891	237	323	1167	1547	876	1110	401	512	219387	245398	2759	3057	520	715	230932	260031	186074	209241	
81	8.13802e+006	8.1673e+006	4093	5582	1972	2754	221	301	1095	1461	835	1058	382	487	220304	246597	2784	3089	494	688	231433	260712	186731	210108	
82	8.13738e+006	8.16682e+006	3880	5290	1902	2666	203	282	1036	1387	794	1014	364	465	221165	247733	2807	3116	475	655	231915	261360	187378	210979	
83	8.13677e+006	8.16637e+006	3681	5045	1797	2521	197	271	993	1332	751	964	350	448	221991	248816	2829	3143	441	618	232363	261971	187970	211768	
84	8.13615e+006	8.16592e+006	3527	4842	1703	2408	190	259	952	1284	707	910	326	421	222761	249825	2855	3175	444	621	232814	262585	188529	212521	
85	8.13556e+006	8.16548e+006	3367	4639	1611	2269	186	253	901	1223	675	876	312	408	223520	250831	2876	3201	432	599	233252	263177	189080	213255	
86	8.13501e+006	8.16509e+006	3203	4439	1538	2175	171	237	850	1155	643	843	299	392	224231	251762	2897	3227	388	553	233646	263725	189599	213948	
87	8.13448e+006	8.1647e+006	3065	4257	1473	2078	160	221	810	1105	611	804	286	377	224890	252646	2915	3250	382	533	234034	264252	190089	214604	
88	8.13398e+006	8.16433e+006	2935	4079	1390	1977	149	205	786	1072	585	774	275	363	225524	253486	2929	3266	365	509	234404	264755	190553	215237	
89	8.1335e+006	8.16397e+006	2811	3916	1320	1882	144	201	746	1020	550	727	257	342	226141	254308	2948	3289	351	491	234762	265240	190996	215832	
90	8.13303e+006	8.16363e+006	2707	3769	1246	1790	137	197	698	960	521	695	243	326	226727	255084	2966	3312	337	470	235104	265705	191410	216394	
91	8.13259e+006	8.16331e+006	2580	3595	1192	1722	140	200	657	902	490	660	231	314	227284	255837	2982	3333	317	448	235427	266147	191817	216952	
92	8.13217e+006	8.163e+006	2453	3423	1157	1676	135	187	622	857	464	627	219	302	227812	256543	2997	3352	305	428	235737	266569	192220	217501	
93	8.13175e+006	8.1627e+006	2357	3289	1109	1616	131	181	590	819	442	598	206	284	228302	257205	3009	3369	292	419	236035	266982	192583	218004	
94	8.13136e+006	8.16241e+006	2260	3154	1061	1542	118	165	552	772	421	572	198	272	228797	257875	3024	3387	284	399	236325	267375	192943	218492	
95	8.13099e+006	8.16214e+006	2162	3019	997	1455	114	164	530	742	394	537	183	253	229269	258513	3039	3406	267	374	236597	267744	193284	218955	
96	8.13057e+006	8.16183e+006	2111	2953	964	1395	112	160	509	714	368	500	171	237	229698	259107	3051	3422	300	425	236903	268163	193609	219397	
97	8.13016e+006	8.16153e+006	2074	2905	925	1338	109	151	495	701	346	474	161	224	230112	259660	3062	3436	300	422	237210	268578	193925	219829	
98	8.12974e+006	8.16122e+006	2055	2881	887	1287	100	141	471	667	329	451	155	217	230514	260205	3072	3450	298	424	237514	268995	194226	220241	
99	8.12936e+006	8.16094e+006	2028	2842	847	1230	93	133	454	639	310	430	147	209	230899	260727	3081	3461	277	389	237797	269379	194511	220630	
100	8.12896e+006	8.16065e+006	2023	2825	805	1182	90	130	439	610	291	406	138	197	231266	261227	3093	3477	287	402	238090	269775	194784	221009	
101	8.12858e+006	8.16036e+006	2018	2812	773	1133	90	130	416	578	282	391	134	190	231611	261703	3102	3490	279	386	238375	270155	195050	221369	
102	8.12819e+006	8.16007e+006	2038	2837	740	1085	86	123	396	549	266	373	126	181	231948	262162	3110	3502	287	399	238668	270548	195299	221708	
103	8.12781e+006	8.15978e+006	2024	2797	749	1091	87	124	377	520	255	356	122	175	232269	262610	3118	3512	286	385	238959	270928	195580	222093	
104	8.12742e+006	8.15949e+006	2008	2770	763	1111	88	126	364	505	241	338	115	165	232576	263024	3127	3524	284	394	239250	271315	195859	222470	
105	8.12704e+006	8.15921e+006	1982	2729	793	1160	88	128	345	483	230	324	110	158	232872	263418	3134	3534	272	383	239528	271692	196142	222859	
106	8.12666e+006	8.15892e+006	1989	2733	771	1126	86	126	335	477	226	317	109	156	233184	263841	3141	3544	285	393	239818	272079	196400	223210	
107	8.12629e+006	8.15864e+006	1974	2709	759	1108	86	123	334	476	219	307	105	150	233492	264258	3148	3554	272	378	240096	272451	196668	223572	
108	8.12592e+006	8.15836e+006	1965	2694	742	1070	85	122	339	485	209	295	100	143	233795	264669	3155	3563	270	370	240372	272816	196931	223922	
109	8.12555e+006	8.15809e+006	1949	2669	751	1081	86	122	335	477	205	287	97	136	234081	265061	3159	3570	270	375	240647	273186	197200	224283	
110	8.12519e+006	8.15782e+006	1930	2652	751	1064	86	121	335	472	195	274	93	132	234377	265466	3167	3579	267	368	240920	273548	197465	224632	
111	8.12482e+006	8.15754e+006	1917	2630	752	1069	90	125	344	480	185	262	89	125	234657	265842	3173	3586	272	372	241198	273915	197731	224988	
112	8.12447e+006	8.15727e+006	1912	2609	738	1052	90	125	347	480	179	255	85	120	234948	266235	3177	3594	266	362	241469	274271	197986	225333	
113	8.12411e+006	8.15699e+006	1895	2579	737	1063	87	124	344	474	176	250	84	118	235240	266620	3182	3601	268	363	241742	274629	198254	225690	
114	8.12376e+006	8.15673e+006	1880	2552	731	1051	81	119	336	461	173	244	83	116	235535	267018	3188	3608	257	351	242006	274974	198512	226037	
115	8.12341e+006	8.15646e+006	1876	2541	732	1042	79	115	336	463	167	235	78	110	235814	267394	3194	3617	265	359	242277	275328	198767	226371	
116	8.12306e+006	8.15619e+006	1869	2521	720	1027	76	113	334	461	162	229	74	107	236106	267783	3199	3623	264	356	242546	275678	199020	226710	
117	8.1227e+006	8.15592e+006	1862	2519	713	1015	78	114	332	455	160	226	74	107	236384	268159	3203	3628	261	365	242813	276037	199270	227042	
118	8.12237e+006	8.15567e+006	1836	2476	715	1017	79	113	322	441	162	226	74	106	236663	268532	3208	3635	246	329	243063	276362	199525	227379	
119	8.12203e+006	8.15541e+006	1824	2460	711	1002	81	113	320	443	163	225	73	105	236935	268894	3213	3641	254	346	243323	276702	199775	227707	
120	8.1217e+006	8.15516e+006	1802	2435	708	995	83	118	318	437	162	223	73	104	237207	269258	3217	3647	246	338	243574	277035	200021	228030	
121	8.12137e+006	8.15491e+006	1795	2421	694	974	82	118	315	429	161	221	74	104	237484	269629	3221	3652	250	337	243829	277367	200263	228345	
122	8.12103e+006	8.15465e+006	1781	2402	693	972	81	118	318	433	163	222	75	105	237748	269977	3225	3656	250	341	244086	277702	200511	228669	
123	8.1207e+006	8.15439e+006	1770	2390	692	967	79	114	310	423	163	222	74	104	238024	270339	3229	3661	253	343	244343	278041	200755	228988	
124	8.12036e+006	8.15414e+006	1756	2365	695	980	81	113	312	426	160	217	71	100	238285	270681	3233	3666	248	339	244597	278374	201000	229319	
125	8.12004e+006	8.15389e+006	1752	2365	680	955	77	108	309	417	159	216	71	99	238558	271039	3236	3671	242	329	244843	278698	201234	229619	
126	8.11972e+006	8.15365e+006	1739	2339	675	950	72	103	310	417	156	212	70	98	238825	271391	3239	3675	241	321	245090	279013	201473	229934	
127	8.1194e+006	8.1534e+006	1733	2331	663	926	70	100	311	423	155	211	71	99	239089	271740	3242	3679	240	331	245336	279337	201706	230244	
128	8.11908e+006	8.15316e+006	1719	2321	664	930	74	102	301	410	154	209	71	101	239346	272073	3247	3685	237	326	245578	279658	201938	230548	
129	8.11877e+006	8.15292e+006	1700	2293	662	926	74	101	305	413	147	204	70	100	239603	272410	3252	3691	230	313	245814	279966	202175	230858	
130	8.11845e+006	8.15268e+006	1688	2278	665	928	77	104	295	398	148	205	70	100	239861	272753	3255	3695	241	328	246061	280288	202408	231166	
131	8.11812e+006	8.15242e+006	1690	2269	661	929	79	105	291	394	147	203	68	98	240116	273085	3260	3701	249	332	246317	280613	202638	231470	
132	8.1178e+006	8.15217e+006	1688	2265	649	914	82	109	286	389	146	201	68	97	240376	273421	3263	3706	240	325	246563	280932	202862	231767	
133	8.11749e+006	8.15193e+006	1681	2260	642	896	75	106	283	382	143	199	66	95	240636	273764	3267	3710	234	316	246803	281242	203090	232056	
134	8.11717e+006	8.15169e+006	1684	2259	646	898	66	94	284	383	144	201	67	97	240884	274090	3270	3715	242	330	247051	281566	203324	232364	
135	8.11686e+006	8.15145e+006	1681	2247	645	900	60	90	280	382	148	202	69	99	241127	274410	3273	3720	233	315	247290	281875	203549	232661	
136	8.11655e+006	8.1512e+006	1693	2255	634	891	63	88	281	382	147	202	67	96	241369	274720	3277	3725	242	321	247539	282189	203765	232944	
137	8.11624e+006	8.15096e+006	1688	2246	627	882	69	98	279	381	144	201	65	93	241616	275041	3281	3729	236	319	247781	282501	203990	233237	
138	8.11593e+006	8.15072e+006	1671	2225	639	885	71	97	281	384	140	196	61	89	241855	275360	3285	3734	233	310	248019	282806	204225	233540	
139	8.11562e+006	8.15047e+006	1668	2213	651	900	69	95	278	381	142	196	63	90	242091	275668	3287	3738	238	313	248264	283112	204453	233837	
140	8.11531e+006	8.15023e+006	1666	2218	643	886	70	96	274	382	138	192	60	86	242340	275989	3292	3743	232	321	248502	283427	204672	234120	
141	8.115e+006	8.15e+006	1653	2198	637	886	68	96	278	381	138	193	61	87	242586	276308	3296	3749	229	310	248736	283732	204905	234422	
142	8.11471e+006	8.14977e+006	1643	2182	629	874	69	99	280	383	136	190	59	84	242828	276621	3300	3755	224	298	248964	284026	205125	234706	
143	8.11441e+006	8.14954e+006	1628	2169	639	880	68	96	276	378	138	191	61	86	243068	276932	3303	3759	227	308	249197	284329	205354	234997	
144	8.11411e+006	8.14931e+006	1621	2155	630	868	70	98	278	376	138	191	60	85	243312	277251	3307	3765	229	303	249431	284627	205575	235286	
145	8.11382e+006	8.14908e+006	1606	2145	630	864	69	97	281	379	134	188	58	83	243548	277555	3312	3770	218	300	249656	284921	205795	235566	
146	8.11353e+006	8.14886e+006	1582	2125	626	856	69	96	286	379	133	189	58	84	243788	277862	3316	3776	214	293	249875	285208	206022	235849	
147	8.11324e+006	8.14864e+006	1567	2093	625	861	66	95	279	375	136	191	60	85	244029	278172	3320	3781	216	289	250097	285492	206242	236141	
148	8.11294e+006	8.1484e+006	1567	2092	619	858	68	97	279	377	137	190	61	86	244262	278469	3324	3786	230	309	250332	285796	206455	236419	
149	8.11265e+006	8.14818e+006	1559	2086	607	846	67	94	279	369	137	192	60	87	244504	278776	3328	3791	216	292	250554	286082	206666	236690	
150	8.11236e+006	8.14796e+006	1553	2075	602	834	67	94	276	367	138	193	62	90	244741	279089	3331	3794	220	297	250779	286374	206881	236970	
151	8.11208e+006	8.14773e+006	1543	2062	605	831	65	89	272	359	139	191	63	90	244977	279399	3333	3798	219	290	251004	286659	207097	237246	
152	8.11179e+006	8.14751e+006	1541	2056	602	835	63	85	269	356	140	194	64	91	245203	279689	3338	3803	216	295	251225	286948	207305	237519	
153	8.1115e+006	8.14728e+006	1548	2056	591	822	61	84	269	355	139	191	63	89	245432	279990	3342	3808	221	293	251453	287235	207509	237785	
154	8.11121e+006	8.14706e+006	1551	2061	577	805	62	87	265	353	139	189	63	88	245667	280288	3345	3813	220	294	251679	287522	207711	238044	
155	8.11093e+006	8.14684e+006	1536	2037	583	810	66	92	266	361	136	186	62	87	245889	280572	3349	3817	213	287	251899	287802	207927	238323	
156	8.11066e+006	8.14663e+006	1521	2022	584	807	68	94	258	353	137	186	64	88	246113	280864	3351	3821	201	278	252107	288072	208129	238584	
157	8.11039e+006	8.14641e+006	1513	2007	589	818	66	92	257	352	131	180	63	87	246337	281150	3355	3826	212	282	252325	288348	208337	238854	
158	8.1101e+006	8.14619e+006	1511	2007	582	800	64	90	255	348	131	180	62	88	246571	281454	3359	3830	217	291	252548	288633	208545	239116	
159	8.10982e+006	8.14597e+006	1508	2002	581	804	64	88	248	344	129	178	61	87	246797	281742	3362	3835	213	289	252767	288916	208748	239383	
160	8.10954e+006	8.14575e+006	1497	1994	585	801	62	86	246	341	127	174	60	84	247024	282036	3365	3839	210	285	252982	289195	208957	239649	
161	8.10927e+006	8.14554e+006	1489	1982	585	804	63	85	244	334	127	176	60	85	247250	282323	3368	3842	211	283	253201	289471	209165	239914	
162	8.10899e+006	8.14532e+006	1480	1979	585	797	61	84	249	336	125	174	59	85	247464	282606	3372	3848	205	283	253413	289747	209370	240174	
163	8.10872e+006	8.14511e+006	1490	1983	565	782	61	84	250	335	122	170	58	84	247689	282894	3375	3852	213	280	253631	290021	209561	240422	
164	8.10843e+006	8.14489e+006	1492	1987	559	771	59	82	245	328	121	170	58	84	247918	283184	3379	3857	214	286	253851	290302	209761	240677	
165	8.10818e+006	8.14468e+006	1473	1963	558	772	62	87	247	325	121	172	60	87	248133	283463	3381	3860	197	267	254055	290561	209963	240933	
166	8.10791e+006	8.14447e+006	1464	1943	569	783	65	87	249	325	121	171	58	84	248336	283731	3383	3863	203	270	254265	290825	210164	241197	
167	8.10763e+006	8.14425e+006	1471	1941	564	784	66	90	248	325	123	172	57	85	248549	284004	3386	3866	216	283	254487	291102	210361	241450	
168	8.10736e+006	8.14404e+006	1464	1934	562	779	64	85	251	327	122	169	57	81	248769	284285	3389	3870	206	276	254698	291372	210561	241706	
169	8.10709e+006	8.14382e+006	1474	1932	550	768	65	93	248	328	121	167	56	80	248987	284565	3392	3875	214	281	254919	291646	210752	241951	
170	8.10682e+006	8.1436e+006	1475	1924	555	767	62	90	255	339	120	167	57	81	249194	284829	3395	3878	213	274	255137	291915	210955	242205	
171	8.10656e+006	8.14339e+006	1468	1909	558	773	61	90	255	342	119	164	54	77	249410	285100	3398	3883	206	271	255349	292181	211159	242466	
172	8.10629e+006	8.14317e+006	1480	1914	555	760	58	85	251	339	121	163	55	75	249622	285374	3401	3888	209	272	255564	292447	211347	242704	
173	8.10603e+006	8.14297e+006	1476	1910	546	748	58	85	250	340	122	168	56	77	249836	285641	3404	3891	200	266	255769	292707	211541	242946	
174	8.10576e+006	8.14275e+006	1468	1902	548	743	60	86	250	338	120	164	54	75	250056	285922	3407	3895	208	275	255984	292976	211745	243204	
175	8.1055e+006	8.14254e+006	1471	1891	561	757	57	79	249	335	121	164	53	73	250259	286181	3409	3898	208	265	256198	293234	211943	243457	
176	8.10524e+006	8.14233e+006	1461	1881	568	765	60	82	245	324	122	167	54	75	250469	286448	3413	3903	204	270	256408	293498	212144	243707	
177	8.10497e+006	8.14211e+006	1457	1877	562	753	62	85	247	325	119	165	54	76	250688	286722	3416	3906	208	270	256622	293763	212342	243952	
178	8.1047e+006	8.14189e+006	1464	1882	559	744	65	90	246	324	119	165	54	76	250897	286988	3420	3912	214	276	256842	294033	212537	244195	
179	8.10444e+006	8.14168e+006	1465	1877	556	738	63	88	249	327	119	166	54	77	251112	287256	3422	3915	210	268	257056	294297	212735	244438	
180	8.10417e+006	8.14146e+006	1478	1890	546	732	60	86	245	320	121	167	55	77	251329	287526	3425	3918	212	278	257275	294570	212924	244674	
181	8.1039e+006	8.14125e+006	1477	1886	550	739	58	84	245	317	121	165	55	77	251540	287793	3427	3921	207	271	257487	294835	213122	244923	
182	8.10365e+006	8.14104e+006	1471	1879	552	734	56	79	240	315	119	161	55	77	251759	288059	3431	3927	203	258	257696	295086	213320	245164	
183	8.1034e+006	8.14083e+006	1470	1869	559	743	55	74	238	311	119	162	56	78	251962	288319	3434	3931	203	261	257904	295341	213516	245413	
184	8.10313e+006	8.14062e+006	1468	1869	559	735	57	75	238	310	119	162	55	78	252174	288586	3437	3934	207	270	258116	295606	213712	245656	
185	8.10286e+006	8.1404e+006	1470	1868	560	744	60	80	239	308	120	163	57	80	252384	288841	3440	3938	216	275	258336	295877	213913	245903	
186	8.1026e+006	8.14018e+006	1469	1867	566	738	62	81	239	311	116	156	56	78	252594	289104	3443	3942	210	266	258552	296137	214111	246148	
187	8.10234e+006	8.13997e+006	1463	1848	569	746	63	81	239	310	117	157	55	76	252805	289366	3446	3946	206	260	258763	296393	214310	246398	
188	8.10209e+006	8.13977e+006	1459	1831	558	739	65	84	247	319	115	155	55	75	253016	289628	3447	3948	203	253	258970	296642	214501	246639	
189	8.10184e+006	8.13955e+006	1463	1835	550	727	65	86	247	317	116	154	54	74	253229	289891	3450	3951	207	262	259182	296898	214691	246867	
190	8.10158e+006	8.13934e+006	1468	1840	537	707	68	90	247	318	113	151	52	71	253446	290161	3453	3955	209	266	259396	297159	214878	247098	
191	8.10133e+006	8.13914e+006	1461	1827	542	711	64	83	240	314	114	152	54	72	253660	290426	3457	3959	199	256	259600	297410	215074	247345	
192	8.10108e+006	8.13893e+006	1444	1803	554	727	65	84	239	308	112	152	52	70	253867	290681	3460	3963	200	251	259805	297655	215276	247593	
193	8.10083e+006	8.13873e+006	1435	1793	565	737	61	81	245	314	110	149	51	69	254068	290929	3463	3967	201	257	260011	297906	215474	247832	
194	8.1006e+006	8.13853e+006	1418	1769	563	725	63	82	242	312	111	149	52	71	254279	291194	3466	3970	187	237	260204	298138	215665	248065	
195	8.10036e+006	8.13833e+006	1414	1762	551	706	62	79	242	315	109	145	52	70	254498	291460	3470	3974	199	247	260407	298380	215856	248296	
196	8.1001e+006	8.13812e+006	1408	1757	548	701	62	80	245	313	111	150	52	70	254706	291714	3472	3977	200	258	260613	298632	216051	248532	
197	8.09987e+006	8.13793e+006	1389	1732	552	707	60	81	248	312	113	153	53	71	254909	291962	3476	3981	189	241	260809	298866	216249	248770	
198	8.09962e+006	8.13772e+006	1396	1730	552	714	56	77	245	311	115	154	53	70	255118	292209	3477	3983	206	254	261019	299117	216440	249006	
199	8.09937e+006	8.13751e+006	1400	1735	547	707	54	73	241	309	115	153	54	70	255332	292465	3480	3986	203	257	261226	299369	216630	249235	
200	8.09912e+006	8.13731e+006	1398	1727	542	699	53	70	241	309	117	156	54	70	255540	292720	3483	3990	199	250	261429	299614	216819	249467	
201	8.09888e+006	8.1371e+006	1409	1737	529	677	55	71	236	302	116	157	53	71	255745	292974	3486	3993	198	246	261632	299855	216996	249682	
202	8.09866e+006	8.13691e+006	1400	1721	529	673	55	71	232	298	116	155	53	71	255951	293221	3489	3997	190	231	261828	300081	217183	249905	
203	8.09841e+006	8.1367e+006	1404	1717	526	671	56	74	232	299	118	156	53	71	256153	293468	3492	4001	204	254	262038	300329	217373	250136	
204	8.09816e+006	8.13649e+006	1421	1731	528	674	56	76	230	298	115	152	52	69	256348	293701	3494	4003	207	254	262251	300576	217553	250351	
205	8.09792e+006	8.13628e+006	1413	1724	533	680	57	77	230	293	118	156	50	68	256547	293942	3496	4006	198	248	262454	300819	217746	250581	
206	8.09768e+006	8.13608e+006	1409	1713	536	680	58	76	229	291	117	154	49	68	256751	294193	3499	4010	198	245	262657	301060	217936	250812	
207	8.09743e+006	8.13587e+006	1410	1711	543	689	58	77	232	294	115	150	50	69	256941	294426	3503	4014	200	248	262862	301302	218122	251037	
208	8.09719e+006	8.13567e+006	1410	1710	539	684	55	74	232	292	117	153	52	72	257148	294672	3504	4017	199	245	263066	301542	218310	251261	
209	8.09696e+006	8.13547e+006	1413	1721	530	662	53	69	233	292	116	153	52	73	257354	294920	3507	4020	192	241	263264	301778	218492	251471	
210	8.09672e+006	8.13527e+006	1406	1712	536	665	54	69	237	294	113	148	52	72	257553	295164	3510	4024	197	245	263467	302017	218685	251700	
211	8.09648e+006	8.13507e+006	1397	1707	539	668	58	74	236	298	112	148	51	72	257755	295399	3513	4027	198	248	263670	302260	218879	251926	
212	8.09623e+006	8.13486e+006	1403	1708	545	684	58	77	231	287	113	149	50	71	257951	295631	3516	4031	204	249	263880	302504	219067	252148	
213	8.09599e+006	8.13465e+006	1406	1707	539	675	58	77	231	289	112	147	48	69	258160	295875	3519	4034	201	245	264086	302744	219252	252368	
214	8.09577e+006	8.13445e+006	1396	1693	537	674	54	72	237	294	115	151	49	70	258360	296110	3521	4038	190	234	264282	302971	219443	252595	
215	8.09553e+006	8.13426e+006	1388	1687	538	671	55	72	233	290	113	148	50	70	258566	296355	3524	4043	191	239	264479	303205	219630	252817	
216	8.09529e+006	8.13405e+006	1394	1688	532	666	55	72	229	284	114	147	49	68	258769	296598	3528	4048	199	242	264682	303443	219812	253032	
217	8.09507e+006	8.13386e+006	1382	1675	520	655	63	83	227	276	115	149	49	67	258973	296843	3531	4050	184	232	264872	303669	219993	253245	
218	8.09483e+006	8.13366e+006	1381	1668	517	656	63	86	227	279	114	147	48	66	259174	297078	3534	4054	197	242	265074	303906	220180	253467	
219	8.0946e+006	8.13347e+006	1369	1652	528	664	63	87	226	278	117	149	49	66	259368	297309	3537	4058	191	233	265270	304134	220371	253689	
220	8.09437e+006	8.13327e+006	1358	1647	536	667	61	81	225	277	119	150	50	67	259569	297544	3539	4061	191	240	265467	304368	220560	253909	
221	8.09413e+006	8.13307e+006	1363	1658	530	653	61	79	228	279	115	146	49	65	259771	297788	3541	4063	195	244	265667	304607	220740	254119	
222	8.0939e+006	8.13287e+006	1366	1654	519	646	58	76	236	289	112	141	50	66	259974	298023	3543	4066	194	236	265866	304837	220922	254335	
223	8.09367e+006	8.13268e+006	1355	1643	518	646	57	74	239	291	110	138	50	66	260176	298259	3547	4070	188	232	266059	305064	221110	254555	
224	8.09344e+006	8.13248e+006	1363	1653	513	644	56	74	240	293	107	135	48	63	260371	298483	3550	4074	193	241	266257	305299	221285	254763	
225	8.09321e+006	8.13228e+006	1356	1647	519	646	57	75	238	295	107	133	47	62	260566	298716	3553	4077	190	237	266453	305530	221472	254981	
226	8.09298e+006	8.13209e+006	1348	1645	513	639	55	73	238	294	106	133	48	64	260768	298950	3555	4080	183	231	266643	305754	221652	255191	
227	8.09276e+006	8.1319e+006	1346	1636	519	645	56	74	230	285	106	132	49	64	260962	299183	3558	4084	188	232	266837	305980	221832	255406	
228	8.09253e+006	8.1317e+006	1343	1627	519	650	55	71	223	276	106	135	49	65	261168	299424	3561	4088	193	235	267035	306210	222017	255627	
229	8.09228e+006	8.1315e+006	1345	1642	520	651	56	72	222	277	105	132	50	66	261364	299649	3564	4090	196	249	267237	306453	222200	255837	
230	8.09205e+006	8.1313e+006	1348	1646	521	646	53	69	220	275	106	134	50	67	261558	299880	3567	4094	191	236	267433	306683	222379	256048	
231	8.09182e+006	8.1311e+006	1347	1648	518	642	54	69	218	270	109	138	50	67	261756	300117	3569	4098	193	242	267632	306919	222560	256265	
232	8.09159e+006	8.13091e+006	1343	1640	513	643	54	70	215	266	113	143	50	68	261951	300344	3572	4101	185	230	267823	307142	222738	256477	
233	8.09137e+006	8.13072e+006	1347	1641	508	641	55	70	218	269	114	144	51	69	262137	300563	3575	4104	188	232	268017	307369	222911	256682	
234	8.09113e+006	8.13052e+006	1354	1650	499	627	58	77	222	273	115	144	53	70	262327	300792	3577	4107	195	240	268217	307603	223086	256885	
235	8.09091e+006	8.13033e+006	1349	1646	504	628	56	74	216	267	115	146	53	72	262525	301025	3579	4110	188	231	268411	307829	223271	257099	
236	8.09068e+006	8.13013e+006	1345	1633	516	647	56	75	215	265	115	145	52	70	262714	301249	3582	4113	191	237	268609	308059	223457	257323	
237	8.09045e+006	8.12993e+006	1350	1634	523	655	52	69	218	267	112	142	51	69	262905	301471	3585	4117	194	238	268809	308291	223638	257537	
238	8.09022e+006	8.12973e+006	1345	1622	519	658	55	73	223	273	112	141	50	67	263095	301693	3588	4121	187	230	269002	308515	223820	257753	
239	8.09e+006	8.12954e+006	1346	1623	511	640	54	71	227	281	110	140	48	64	263291	301927	3591	4124	187	231	269196	308738	223998	257961	
240	8.08977e+006	8.12934e+006	1352	1625	506	636	55	72	223	279	108	138	48	64	263489	302158	3594	4127	193	236	269394	308968	224175	258169	
241	8.08955e+006	8.12915e+006	1346	1613	512	636	53	69	228	286	108	137	48	63	263682	302387	3596	4130	189	228	269589	309191	224362	258387	
242	8.08932e+006	8.12895e+006	1350	1615	513	636	55	70	230	286	106	134	46	61	263870	302608	3599	4134	191	234	269785	309420	224541	258595	
243	8.08909e+006	8.12875e+006	1355	1616	515	639	56	72	230	287	106	133	46	60	264061	302831	3601	4136	197	237	269988	309651	224721	258805	
244	8.08887e+006	8.12856e+006	1340	1597	510	633	60	78	227	283	108	136	47	61	264260	303063	3605	4140	180	218	270173	309864	224902	259014	
245	8.08864e+006	8.12837e+006	1343	1600	508	630	59	80	221	275	107	136	45	59	264457	303292	3608	4144	190	232	270368	310093	225079	259218	
246	8.08841e+006	8.12816e+006	1357	1613	506	626	58	76	224	275	105	135	44	58	264651	303522	3610	4146	200	244	270574	310331	225256	259425	
247	8.08818e+006	8.12797e+006	1354	1605	509	629	54	70	221	270	105	136	44	59	264851	303757	3613	4148	190	227	270769	310553	225440	259640	
248	8.08797e+006	8.12778e+006	1346	1599	511	625	56	70	218	269	103	134	43	58	265045	303983	3615	4151	182	221	270955	310770	225617	259842	
249	8.08774e+006	8.12758e+006	1347	1595	514	627	57	72	217	266	104	135	45	59	265237	304206	3617	4153	192	231	271152	310995	225797	260052	
250	8.08753e+006	8.1274e+006	1333	1576	515	627	59	75	214	262	104	135	43	58	265436	304436	3620	4157	182	218	271339	311208	225983	260265	
251	8.08731e+006	8.12721e+006	1340	1585	512	624	54	69	215	262	105	135	46	60	265627	304655	3622	4158	187	229	271531	311431	226157	260465	
252	8.08708e+006	8.12701e+006	1342	1588	514	625	51	65	214	258	104	134	45	60	265824	304887	3624	4161	192	235	271729	311660	226338	260677	
253	8.08685e+006	8.12681e+006	1333	1574	518	633	49	65	217	263	102	133	44	59	266021	305112	3627	4164	192	230	271926	311886	226527	260896	
254	8.08664e+006	8.12663e+006	1325	1562	527	640	51	66	217	262	100	130	43	58	266207	305323	3630	4168	181	216	272111	312097	226709	261101	
255	8.08641e+006	8.12643e+006	1335	1572	518	630	50	67	214	260	101	128	45	60	266403	305552	3632	4170	192	232	272308	312324	226881	261302	
256	8.0862e+006	8.12624e+006	1326	1562	514	619	48	63	220	268	102	129	45	59	266600	305777	3635	4174	183	221	272496	312539	227064	261514	
257	8.08599e+006	8.12605e+006	1326	1561	505	609	49	63	216	266	102	129	46	60	266795	305998	3638	4177	181	217	272685	312749	227235	261709	
258	8.08577e+006	8.12586e+006	1324	1554	505	610	55	68	216	267	104	129	47	61	266977	306212	3640	4180	184	222	272876	312965	227408	261911	
259	8.08556e+006	8.12568e+006	1311	1538	501	610	59	72	214	262	105	131	46	60	267174	306437	3643	4182	180	219	273060	313179	227588	262120	
260	8.08534e+006	8.12549e+006	1302	1530	508	620	61	76	216	265	105	129	47	61	267357	306645	3645	4186	183	222	273249	313396	227768	262327	
261	8.08512e+006	8.12529e+006	1313	1544	504	609	58	75	221	269	103	127	47	59	267543	306864	3648	4189	191	231	273446	313620	227939	262520	
262	8.08491e+006	8.12511e+006	1301	1526	504	606	58	75	216	261	106	129	49	61	267743	307095	3649	4191	180	213	273631	313828	228119	262726	
263	8.08469e+006	8.12491e+006	1305	1529	497	599	56	72	221	264	106	129	50	62	267932	307314	3652	4194	187	224	273823	314047	228293	262926	
264	8.08448e+006	8.12473e+006	1306	1530	503	605	51	66	220	263	106	128	49	63	268116	307524	3655	4198	183	217	274011	314259	228469	263122	
265	8.08426e+006	8.12454e+006	1306	1528	496	596	51	65	221	264	106	128	50	64	268308	307746	3658	4200	186	220	274201	314474	228643	263319	
266	8.08404e+006	8.12434e+006	1318	1533	496	597	48	63	221	263	106	130	50	65	268493	307959	3660	4203	190	224	274396	314694	228816	263519	
267	8.08383e+006	8.12415e+006	1320	1533	494	599	52	66	218	259	107	132	49	65	268681	308169	3663	4205	186	221	274588	314909	228989	263717	
268	8.08361e+006	8.12396e+006	1314	1521	504	610	49	63	213	254	106	132	50	65	268875	308387	3665	4208	185	218	274777	315124	229173	263926	
269	8.0834e+006	8.12377e+006	1318	1527	501	600	52	66	207	249	104	129	48	64	269065	308605	3669	4212	184	219	274966	315337	229340	264115	
270	8.08318e+006	8.12358e+006	1315	1526	506	605	49	65	209	249	104	130	47	64	269248	308816	3672	4216	185	223	275156	315555	229519	264319	
271	8.08296e+006	8.12339e+006	1321	1536	495	589	53	67	208	251	105	132	47	64	269443	309036	3674	4218	189	227	275350	315777	229690	264513	
272	8.08274e+006	8.1232e+006	1319	1536	501	596	52	68	206	248	105	131	46	63	269626	309244	3677	4221	183	220	275537	315993	229867	264712	
273	8.08252e+006	8.123e+006	1320	1541	501	592	57	70	204	246	104	130	46	61	269819	309463	3680	4224	192	230	275736	316215	230044	264912	
274	8.0823e+006	8.1228e+006	1325	1549	503	597	57	70	212	256	104	131	45	60	269995	309662	3683	4227	191	229	275932	316440	230220	265112	
275	8.08208e+006	8.12261e+006	1326	1556	502	594	58	71	215	258	102	128	43	58	270181	309873	3686	4231	186	224	276123	316659	230393	265307	
276	8.08187e+006	8.12243e+006	1323	1551	496	589	56	72	216	257	101	127	43	58	270375	310092	3688	4234	181	214	276309	316868	230567	265502	
277	8.08166e+006	8.12224e+006	1323	1546	493	591	56	74	219	260	100	127	41	57	270561	310303	3691	4236	185	218	276500	317080	230742	265703	
278	8.08144e+006	8.12205e+006	1318	1541	499	603	53	71	219	259	100	127	40	55	270748	310514	3693	4240	183	222	276690	317296	230923	265908	
279	8.08122e+006	8.12185e+006	1328	1551	501	604	53	69	223	262	98	124	40	56	270933	310727	3695	4241	193	230	276889	317520	231094	266105	
280	8.08101e+006	8.12166e+006	1316	1539	510	611	52	68	219	259	101	125	42	56	271123	310945	3697	4243	179	218	277075	317731	231278	266312	
281	8.08079e+006	8.12147e+006	1316	1534	508	608	56	72	221	263	103	126	42	55	271310	311160	3699	4246	191	225	277271	317951	231455	266514	
282	8.08058e+006	8.12128e+006	1310	1523	513	616	53	69	217	262	102	123	43	55	271499	311375	3703	4250	179	214	277456	318159	231635	266719	
283	8.08036e+006	8.12108e+006	1320	1536	504	605	50	66	214	257	104	128	44	57	271696	311593	3706	4254	191	228	277652	318381	231808	266914	
284	8.08014e+006	8.1209e+006	1320	1538	502	598	47	61	213	259	103	125	44	57	271890	311815	3709	4257	184	220	277841	318596	231984	267112	
285	8.07993e+006	8.1207e+006	1321	1534	493	588	54	69	215	262	103	125	45	58	272077	312030	3711	4259	186	218	278032	318809	232154	267306	
286	8.07971e+006	8.12051e+006	1314	1523	499	598	60	76	217	262	105	127	45	59	272257	312233	3713	4262	186	219	278223	319023	232334	267508	
287	8.0795e+006	8.12033e+006	1317	1523	496	598	58	74	216	260	105	127	48	61	272446	312446	3715	4265	183	217	278411	319235	232507	267705	
288	8.0793e+006	8.12015e+006	1300	1510	506	602	56	72	218	261	104	126	47	61	272633	312659	3717	4267	175	211	278591	319441	232686	267904	
289	8.07907e+006	8.11995e+006	1313	1528	495	589	53	68	221	266	106	130	49	65	272824	312874	3720	4270	192	231	278788	319667	232855	268097	
290	8.07886e+006	8.11976e+006	1305	1515	503	597	57	70	220	264	102	126	46	62	273013	313086	3723	4273	183	215	278977	319876	233034	268301	
291	8.07866e+006	8.11957e+006	1301	1504	498	595	54	68	221	266	101	125	46	61	273206	313303	3726	4275	179	210	279162	320081	233208	268499	
292	8.07845e+006	8.11939e+006	1291	1496	502	597	57	71	214	259	101	127	44	60	273392	313513	3729	4278	176	209	279343	320284	233381	268691	
293	8.07825e+006	8.11921e+006	1283	1486	497	587	57	73	212	255	100	125	44	59	273589	313737	3732	4282	178	210	279526	320488	233556	268887	
294	8.07803e+006	8.11902e+006	1287	1493	496	584	56	72	212	258	101	126	46	60	273775	313948	3734	4283	186	225	279720	320706	233729	269081	
295	8.07782e+006	8.11883e+006	1298	1503	489	583	52	68	211	254	103	127	46	60	273963	314159	3737	4286	186	221	279911	320921	233898	269273	
296	8.0776e+006	8.11864e+006	1287	1493	499	599	49	63	213	256	102	125	46	59	274150	314368	3740	4291	182	220	280099	321136	234081	269484	
297	8.07739e+006	8.11845e+006	1288	1494	499	597	48	63	210	254	103	127	45	59	274337	314578	3744	4294	184	217	280290	321346	234257	269678	
298	8.07718e+006	8.11826e+006	1291	1504	502	594	50	64	216	261	102	126	43	57	274510	314773	3746	4298	182	220	280480	321557	234426	269866	
299	8.07697e+006	8.11807e+006	1291	1510	486	571	50	65	221	265	101	124	42	55	274701	314993	3748	4300	176	215	280662	321766	234593	270054	
300	8.07676e+006	8.11789e+006	1294	1514	481	565	51	64	219	260	103	126	43	57	274889	315202	3750	4303	181	213	280850	321972	234761	270242	
301	8.07655e+006	8.11769e+006	1292	1514	489	581	50	63	215	256	103	127	44	59	275074	315409	3753	4306	185	224	281042	322190	234941	270443	
302	8.07633e+006	8.1175e+006	1290	1512	496	591	52	66	214	256	103	126	45	60	275254	315609	3756	4309	183	220	281233	322402	235116	270639	
303	8.07613e+006	8.11732e+006	1285	1506	499	602	52	67	211	253	101	125	44	61	275440	315815	3759	4312	176	214	281417	322608	235290	270837	
304	8.07591e+006	8.11713e+006	1283	1513	493	590	56	71	211	252	104	129	44	61	275628	316026	3761	4315	183	224	281607	322825	235463	271027	
305	8.07571e+006	8.11695e+006	1278	1505	488	587	57	72	209	250	104	132	45	61	275818	316238	3764	4318	177	211	281790	323030	235636	271219	
306	8.0755e+006	8.11676e+006	1282	1503	482	581	58	73	207	247	104	131	44	60	276007	316453	3766	4320	179	214	281978	323236	235801	271410	
307	8.07529e+006	8.11657e+006	1284	1511	483	581	54	69	209	251	99	125	42	57	276197	316664	3769	4323	184	221	282168	323449	235975	271601	
308	8.07508e+006	8.11638e+006	1278	1504	487	588	52	67	210	250	101	127	44	59	276381	316871	3771	4326	179	218	282356	323658	236151	271800	
309	8.07487e+006	8.11619e+006	1273	1500	496	595	50	66	212	253	102	127	45	59	276559	317075	3773	4327	179	216	282542	323867	236328	271996	
310	8.07466e+006	8.11601e+006	1275	1500	491	594	51	66	212	253	103	129	45	60	276743	317277	3775	4330	178	214	282727	324074	236497	272186	
311	8.07446e+006	8.11582e+006	1274	1492	487	591	53	69	211	251	104	130	44	59	276931	317492	3778	4334	181	216	282916	324281	236668	272382	
312	8.07425e+006	8.11563e+006	1279	1499	483	585	51	66	212	255	102	127	44	58	277121	317701	3781	4337	181	218	283106	324491	236838	272573	
313	8.07404e+006	8.11545e+006	1275	1501	487	585	51	65	209	253	105	129	45	59	277302	317905	3783	4339	177	215	283290	324699	237010	272762	
314	8.07382e+006	8.11525e+006	1279	1506	490	583	50	64	208	251	103	126	44	58	277492	318122	3786	4343	188	226	283485	324918	237186	272958	
315	8.0736e+006	8.11506e+006	1289	1515	490	591	50	64	210	249	101	123	42	56	277672	318327	3790	4347	189	227	283681	325138	237362	273154	
316	8.07339e+006	8.11487e+006	1290	1514	493	596	47	60	205	245	101	123	43	56	277861	318535	3793	4350	180	214	283868	325345	237536	273349	
317	8.07318e+006	8.11468e+006	1293	1516	486	587	49	61	207	247	104	127	45	59	278045	318742	3794	4352	180	216	284057	325552	237704	273537	
318	8.07296e+006	8.11448e+006	1300	1528	486	583	51	64	208	246	101	125	43	57	278231	318953	3797	4355	188	229	284252	325774	237878	273729	
319	8.07275e+006	8.11429e+006	1302	1535	485	580	55	68	210	249	99	123	42	56	278413	319157	3799	4358	185	224	284446	325989	238053	273921	
320	8.07253e+006	8.1141e+006	1312	1542	487	586	51	64	211	251	100	123	43	56	278593	319357	3803	4362	185	223	284638	326205	238223	274113	
321	8.07232e+006	8.1139e+006	1311	1537	493	595	51	67	207	250	100	122	42	55	278782	319564	3806	4365	187	221	284833	326418	238402	274315	
322	8.07211e+006	8.11371e+006	1303	1532	498	603	52	69	212	255	102	123	43	55	278964	319763	3809	4369	181	221	285023	326630	238583	274518	
323	8.0719e+006	8.11353e+006	1302	1536	500	601	54	68	207	250	101	123	43	55	279152	319973	3812	4372	179	218	285210	326841	238753	274709	
324	8.07168e+006	8.11334e+006	1304	1541	492	590	55	70	213	256	99	123	43	56	279340	320183	3814	4375	182	221	285401	327052	238925	274896	
325	8.07148e+006	8.11315e+006	1295	1529	491	593	54	69	217	262	101	124	45	58	279528	320393	3817	4377	179	217	285589	327261	239106	275101	
326	8.07126e+006	8.11296e+006	1292	1527	500	606	50	66	215	259	100	122	44	57	279715	320603	3819	4380	182	222	285780	327473	239289	275303	
327	8.07105e+006	8.11276e+006	1290	1527	507	613	49	64	219	263	98	120	43	56	279899	320807	3821	4382	184	223	285972	327688	239466	275504	
328	8.07084e+006	8.11258e+006	1283	1526	506	606	50	63	222	266	99	120	44	57	280089	321022	3823	4385	181	220	286161	327900	239645	275701	
329	8.07064e+006	8.11239e+006	1278	1515	496	597	56	71	224	268	99	122	44	56	280276	321232	3826	4388	175	210	286345	328101	239816	275892	
330	8.07041e+006	8.1122e+006	1286	1530	487	591	56	73	220	261	98	122	45	58	280471	321450	3829	4391	187	233	286540	328327	239986	276082	
331	8.0702e+006	8.112e+006	1289	1531	485	595	53	70	220	259	98	123	44	58	280663	321663	3832	4394	184	223	286733	328540	240165	276280	
332	8.06998e+006	8.11181e+006	1289	1536	487	592	52	66	220	261	98	123	44	57	280851	321872	3834	4396	181	221	286922	328753	240337	276472	
333	8.06978e+006	8.11164e+006	1281	1521	490	596	52	65	215	254	99	124	44	58	281039	322084	3836	4399	173	208	287101	328954	240510	276666	
334	8.06958e+006	8.11145e+006	1271	1509	487	593	56	71	212	251	102	127	46	60	281228	322295	3839	4401	174	212	287282	329158	240686	276862	
335	8.06937e+006	8.11126e+006	1271	1511	488	597	55	71	215	254	101	126	45	59	281412	322496	3841	4404	182	221	287472	329371	240859	277055	
336	8.06916e+006	8.11108e+006	1275	1518	485	588	52	68	220	261	101	127	44	59	281596	322700	3843	4405	180	217	287661	329579	241030	277243	
337	8.06895e+006	8.11089e+006	1264	1501	492	601	49	64	214	256	103	129	45	60	281790	322915	3845	4408	176	216	287845	329787	241211	277452	
338	8.06874e+006	8.1107e+006	1263	1496	492	602	52	67	215	258	104	131	46	62	281975	323120	3847	4410	182	218	288034	329998	241386	277648	
339	8.06852e+006	8.11051e+006	1265	1498	496	612	53	68	219	263	105	130	46	61	282151	323314	3850	4414	183	224	288225	330213	241562	277844	
340	8.06832e+006	8.11033e+006	1262	1498	483	585	54	67	219	267	104	128	44	58	282344	323535	3853	4417	169	207	288402	330412	241726	278031	
341	8.06812e+006	8.11015e+006	1265	1502	477	579	49	62	217	263	105	129	45	59	282535	323747	3856	4421	177	216	288588	330620	241892	278220	
342	8.0679e+006	8.10995e+006	1271	1505	477	579	49	63	211	260	106	130	45	59	282727	323959	3858	4424	187	224	288783	330836	242068	278416	
343	8.0677e+006	8.10977e+006	1265	1500	484	589	48	63	214	265	103	128	45	60	282902	324154	3862	4428	173	212	288964	331041	242243	278611	
344	8.06749e+006	8.10958e+006	1272	1497	483	592	51	66	212	260	101	125	43	57	283085	324361	3865	4431	181	215	289154	331247	242412	278801	
345	8.06727e+006	8.10939e+006	1277	1506	483	585	52	67	212	260	101	123	43	56	283272	324571	3868	4435	187	227	289351	331464	242585	278993	
346	8.06706e+006	8.10919e+006	1280	1506	485	591	54	70	207	253	102	124	44	58	283463	324783	3869	4437	186	224	289546	331678	242760	279190	
347	8.06685e+006	8.109e+006	1291	1515	479	583	52	69	205	252	101	124	44	57	283648	324990	3872	4440	180	217	289733	331888	242923	279372	
348	8.06664e+006	8.10882e+006	1289	1511	477	584	50	66	205	246	102	126	43	56	283835	325202	3874	4442	176	211	289916	332092	243096	279564	
349	8.06644e+006	8.10863e+006	1282	1501	482	586	49	65	206	247	104	129	45	57	284020	325412	3876	4445	180	214	290103	332299	243277	279766	
350	8.06623e+006	8.10844e+006	1288	1509	486	590	49	65	206	246	105	129	45	58	284193	325605	3880	4449	180	219	290293	332508	243442	279954	
351	8.06602e+006	8.10825e+006	1289	1516	489	584	52	68	204	247	102	125	43	56	284379	325811	3885	4455	184	221	290485	332721	243615	280142	
352	8.0658e+006	8.10806e+006	1288	1510	485	583	55	72	208	251	99	122	44	55	284569	326024	3887	4458	186	221	290680	332933	243796	280339	
353	8.06559e+006	8.10787e+006	1279	1503	493	592	58	77	207	251	99	123	42	55	284747	326226	3890	4461	177	216	290864	333142	243972	280532	
354	8.06539e+006	8.10769e+006	1275	1503	489	592	60	80	210	256	97	121	41	54	284933	326429	3892	4463	177	216	291050	333349	244141	280722	
355	8.06518e+006	8.1075e+006	1280	1504	479	581	58	76	209	254	98	123	41	54	285129	326643	3893	4465	179	214	291238	333554	244309	280910	
356	8.06497e+006	8.1073e+006	1286	1509	479	575	55	69	210	254	97	121	40	54	285320	326856	3897	4469	187	219	291432	333765	244481	281103	
357	8.06477e+006	8.10712e+006	1286	1504	482	581	52	66	209	252	95	120	39	53	285508	327066	3899	4472	179	214	291620	333971	244655	281295	
358	8.06456e+006	8.10693e+006	1284	1498	490	589	52	67	207	253	96	121	41	56	285689	327266	3902	4475	180	216	291809	334179	244834	281491	
359	8.06436e+006	8.10674e+006	1273	1487	491	593	55	72	207	253	94	118	39	54	285873	327470	3907	4479	175	210	291992	334381	245009	281683	
360	8.06415e+006	8.10656e+006	1274	1483	490	592	54	70	203	249	95	118	40	55	286064	327681	3910	4483	176	213	292177	334586	245180	281876	
361	8.06394e+006	8.10637e+006	1278	1481	482	587	54	70	204	252	96	118	42	56	286252	327888	3912	4484	181	214	292365	334793	245349	282066	
362	8.06374e+006	8.10619e+006	1277	1480	478	579	54	69	210	258	100	125	44	58	286433	328085	3914	4487	178	214	292551	334998	245520	282252	
363	8.06354e+006	8.10601e+006	1262	1467	484	580	56	72	211	258	99	122	44	57	286617	328293	3917	4490	171	206	292730	335196	245697	282445	
364	8.06333e+006	8.10582e+006	1261	1468	490	579	54	69	212	258	101	125	44	58	286797	328494	3920	4493	179	215	292916	335404	245872	282635	
