Day	Susceptible	Exposed	Current Detected Mild Infections	Current Undetected Mild Infections	Current Hospitalizations	Current ICU patients	ventilators	Recovered	Deaths	new infections today	total number of infections 	Confirmed total number of infections 	
0	8.39872e+006	16	0	0	0	0	0	0	0	0	16	0	
1	8.39856e+006	176	0	0	0	0	0	0	0	160	176	0	
2	8.3984e+006	336	0	0	0	0	0	0	0	160	336	0	
3	8.39821e+006	524	0	0	0	0	0	0	0	188	524	0	
4	8.3979e+006	841	0	0	0	0	0	0	0	317	841	0	
5	8.39746e+006	1281	0	0	0	0	0	0	0	440	1281	0	
6	8.39686e+006	1874	0	0	0	0	0	0	0	593	1874	0	
7	8.39599e+006	2734	16	0	0	0	0	0	0	877	2750	16	
8	8.39476e+006	3801	136	40	0	0	0	0	0	1226	3977	136	
9	8.39325e+006	5151	256	80	0	0	0	0	0	1510	5487	256	
10	8.39133e+006	6885	382	126	0	0	0	16	0	1921	7408	398	
11	8.38888e+006	9020	499	166	31	0	0	145	0	2453	9861	641	
12	8.38597e+006	11485	713	232	61	0	0	275	0	2905	12766	976	
13	8.3826e+006	14265	1018	332	96	0	0	427	0	3373	16139	1428	
14	8.37886e+006	17125	1446	464	156	0	0	685	0	3736	19875	2110	
15	8.3749e+006	19860	2030	666	249	0	0	1032	0	3962	23837	3048	
16	8.37092e+006	22325	2720	893	361	0	0	1513	0	3975	27812	4208	
17	8.36721e+006	24116	3505	1153	504	17	15	2229	0	3712	31524	5709	
18	8.36332e+006	25556	4421	1463	708	28	20	3241	0	3892	35417	7611	
19	8.35901e+006	26958	5452	1827	972	37	25	4478	0	4306	39723	9853	
20	8.35466e+006	27941	6510	2221	1287	56	34	6066	0	4357	44080	12440	
21	8.35009e+006	28766	7482	2532	1662	82	47	8116	0	4562	48642	15356	
22	8.3453e+006	29604	8272	2800	2111	116	63	10539	0	4799	53440	18441	
23	8.34028e+006	30648	8733	2940	2611	168	87	13360	0	5020	58460	21581	
24	8.33502e+006	32191	8698	2952	3112	234	117	16529	0	5255	63715	24539	
25	8.32955e+006	33767	8651	2929	3592	325	157	19920	0	5469	69184	27649	
26	8.32379e+006	35222	8907	3004	3989	432	205	23392	0	5761	74945	31062	
27	8.31787e+006	36788	9400	3156	4238	552	254	26720	15	5923	80868	34508	
28	8.31167e+006	38422	9938	3286	4427	708	325	30263	18	6195	87063	38140	
29	8.3052e+006	40100	10292	3425	4599	884	405	34220	21	6477	93540	41932	
30	8.29842e+006	41857	10796	3584	4727	1078	495	38250	24	6777	100317	45927	
31	8.29134e+006	43680	11281	3793	4838	1277	590	42496	31	7078	107396	50068	
32	8.2839e+006	45652	11799	3945	5015	1467	680	46920	39	7441	114837	54417	
33	8.27621e+006	47581	12359	4127	5264	1623	758	51522	52	7690	122527	58987	
34	8.26818e+006	49689	12878	4275	5534	1777	830	56335	69	8030	130557	63695	
35	8.25977e+006	51900	13427	4452	5756	1924	904	61414	90	8407	138964	68607	
36	8.25472e+006	50476	13964	4630	6010	2069	971	66752	115	5052	144016	73742	
37	8.24942e+006	49000	14583	4866	6293	2183	1027	72244	149	5301	149317	79095	
38	8.24389e+006	47453	15224	5109	6555	2280	1070	78040	188	5532	154849	84683	
39	8.23862e+006	45275	15941	5355	6869	2372	1112	84067	232	5263	160112	90580	
40	8.23352e+006	42687	16644	5565	7161	2452	1148	90418	286	5103	165214	96688	
41	8.22865e+006	39531	17383	5778	7496	2534	1183	97026	339	4874	170088	103055	
42	8.22411e+006	35664	18527	5600	7814	2622	1222	104006	395	4540	174628	110133	
43	8.21994e+006	34782	16800	4689	8137	2756	1279	111189	446	4170	178798	114551	
44	8.21593e+006	33486	15023	3736	8464	2887	1346	118706	499	4005	182803	119185	
45	8.21211e+006	31774	12708	3177	8819	3016	1399	126567	561	3820	186623	123922	
46	8.20854e+006	30088	12871	3225	8472	3149	1465	131771	623	3577	190200	128325	
47	8.20514e+006	28377	12704	3193	8108	3300	1527	137224	685	3392	193592	132615	
48	8.2019e+006	26751	12196	3044	7743	3448	1599	142907	751	3248	196839	136735	
49	8.19887e+006	25235	11628	2888	7276	3595	1665	148425	816	3024	199863	140582	
50	8.19597e+006	23969	10878	2706	6719	3748	1730	153860	888	2904	202767	144112	
51	8.19323e+006	22702	10182	2533	6030	3915	1805	159180	962	2738	205505	147499	
52	8.19065e+006	21461	9589	2406	5948	3892	1795	163751	1037	2579	208084	150724	
53	8.18815e+006	20385	9116	2285	5732	3843	1773	168104	1119	2501	210584	153752	
54	8.18582e+006	19325	8629	2160	5436	3799	1743	172363	1204	2332	212917	156632	
55	8.18358e+006	18316	8168	2048	5157	3722	1710	176448	1296	2239	215155	159368	
56	8.18147e+006	17406	7728	1935	4874	3626	1654	180310	1389	2113	217268	161929	
57	8.17948e+006	16489	7331	1844	4582	3505	1600	184018	1487	1988	219256	164374	
58	8.17758e+006	15654	6938	1728	4351	3343	1522	187562	1583	1903	221159	166700	
59	8.17577e+006	14880	6595	1626	4120	3159	1436	190894	1690	1805	222964	168892	
60	8.17405e+006	14102	6276	1541	3912	2938	1343	194112	1805	1722	224686	171010	
61	8.17242e+006	13398	5954	1457	3703	2681	1226	197203	1918	1628	226315	172998	
62	8.1709e+006	12677	5664	1407	3491	2596	1185	200012	1985	1518	227833	174879	
63	8.16944e+006	12025	5352	1332	3321	2486	1131	202725	2052	1461	229293	176665	
64	8.16804e+006	11443	5070	1270	3120	2363	1076	205304	2129	1406	230699	178337	
65	8.16671e+006	10866	4802	1202	2952	2239	1017	207765	2199	1326	232025	179941	
66	8.16548e+006	10296	4553	1143	2802	2114	968	210078	2274	1235	233260	181465	
67	8.16428e+006	9770	4517	913	2648	1985	908	212276	2347	1196	234456	183095	
68	8.16316e+006	9264	4465	690	2533	1877	857	214339	2410	1122	235579	184640	
69	8.16211e+006	8794	4391	478	2393	1772	809	216333	2465	1048	236627	186077	
70	8.16109e+006	8357	4147	460	2282	1670	758	218220	2514	1024	237651	187420	
71	8.16013e+006	7912	3943	441	2165	1575	712	220013	2562	960	238611	188713	
72	8.15921e+006	7501	3776	416	2027	1486	671	221706	2614	915	239526	189943	
73	8.15833e+006	7150	3568	399	1923	1412	637	223298	2660	884	240410	191075	
74	8.1575e+006	6779	3385	373	1830	1339	607	224828	2702	825	241235	192185	
75	8.15668e+006	6474	3192	361	1749	1275	582	226263	2738	817	242052	193219	
76	8.15593e+006	6176	3021	346	1648	1206	550	227630	2776	751	242803	194173	
77	8.15522e+006	5864	2863	331	1564	1143	521	228935	2814	712	243515	195114	
78	8.15452e+006	5601	2714	319	1498	1080	493	230149	2851	697	244212	195994	
79	8.15387e+006	5338	2602	297	1427	1033	475	231290	2876	652	244864	196840	
80	8.15325e+006	5072	2479	280	1357	993	456	232393	2908	618	245482	197657	
81	8.15266e+006	4837	2363	261	1278	946	434	233450	2936	591	246072	198420	
82	8.1521e+006	4585	2284	242	1212	904	415	234449	2961	565	246637	199179	
83	8.15157e+006	4363	2159	234	1162	858	399	235403	2986	529	247167	199869	
84	8.15104e+006	4184	2056	224	1118	809	374	236293	3015	533	247700	200525	
85	8.15052e+006	4003	1940	220	1062	776	360	237176	3039	515	248215	201168	
86	8.15005e+006	3821	1856	204	1003	743	345	237996	3062	471	248685	201774	
87	8.14959e+006	3661	1776	191	957	707	331	238768	3082	457	249143	202347	
88	8.14916e+006	3507	1683	177	929	680	319	239505	3098	437	249580	202895	
89	8.14874e+006	3364	1601	172	883	639	299	240224	3118	421	250001	203414	
90	8.14833e+006	3238	1518	167	829	608	284	240906	3139	403	250404	203902	
91	8.14795e+006	3087	1457	170	780	575	273	241561	3157	382	250787	204384	
92	8.14758e+006	2938	1416	161	740	545	260	242177	3175	366	251153	204860	
93	8.14723e+006	2823	1363	156	704	520	245	242753	3189	355	251508	205293	
94	8.14689e+006	2707	1302	142	662	496	235	243336	3206	342	251850	205718	
95	8.14657e+006	2591	1226	139	636	466	218	243891	3222	320	252170	206119	
96	8.1462e+006	2532	1180	136	612	434	204	244403	3236	363	252533	206503	
97	8.14584e+006	2489	1132	130	598	410	193	244886	3249	361	252894	206877	
98	8.14548e+006	2468	1087	120	569	390	186	245360	3261	361	253255	207233	
99	8.14515e+006	2435	1039	113	546	370	178	245813	3271	333	253588	207570	
100	8.1448e+006	2424	994	110	524	348	167	246247	3285	345	253932	207896	
101	8.14447e+006	2415	953	110	497	337	162	246657	3296	332	254265	208209	
102	8.14413e+006	2437	913	104	472	320	153	247055	3306	343	254608	208504	
103	8.14379e+006	2410	920	105	448	305	149	247440	3315	336	254943	208836	
104	8.14345e+006	2389	937	107	435	290	140	247800	3326	339	255283	209164	
105	8.14313e+006	2355	977	108	414	277	134	248145	3334	327	255610	209500	
106	8.14279e+006	2361	948	106	406	272	133	248513	3343	339	255949	209805	
107	8.14246e+006	2341	934	105	405	263	128	248875	3351	325	256274	210120	
108	8.14214e+006	2329	906	104	412	252	121	249232	3359	320	256594	210426	
109	8.14182e+006	2309	916	104	406	246	116	249571	3364	323	256917	210742	
110	8.1415e+006	2291	908	103	404	234	113	249921	3373	317	257234	211049	
111	8.14118e+006	2274	911	107	412	224	107	250249	3380	322	257556	211359	
112	8.14087e+006	2260	895	107	413	217	103	250592	3386	314	257870	211660	
113	8.14055e+006	2237	900	106	409	213	101	250930	3392	316	258186	211972	
114	8.14025e+006	2216	891	100	399	209	100	251277	3398	304	258490	212274	
115	8.13993e+006	2208	887	97	400	201	94	251604	3405	312	258802	212569	
116	8.13962e+006	2195	874	94	398	195	90	251944	3411	310	259112	212865	
117	8.13931e+006	2191	864	96	393	193	91	252272	3416	313	259425	213156	
118	8.13902e+006	2156	866	96	381	194	90	252597	3421	288	259712	213452	
119	8.13872e+006	2142	856	97	382	194	89	252915	3427	300	260012	213741	
120	8.13843e+006	2119	851	100	377	193	89	253232	3432	292	260304	214026	
121	8.13814e+006	2108	834	100	372	191	89	253557	3437	294	260598	214304	
122	8.13784e+006	2092	833	100	375	192	90	253862	3440	296	260894	214590	
123	8.13754e+006	2080	829	97	367	193	89	254181	3445	298	261192	214872	
124	8.13725e+006	2060	838	97	369	189	86	254483	3449	293	261485	215159	
125	8.13697e+006	2058	818	92	363	188	85	254798	3453	285	261771	215427	
126	8.13668e+006	2039	813	88	364	184	84	255108	3457	281	262052	215704	
127	8.1364e+006	2032	794	85	367	183	85	255414	3461	285	262337	215975	
128	8.13612e+006	2020	797	88	355	182	86	255710	3466	282	262618	216243	
129	8.13585e+006	1996	794	88	359	176	85	256006	3471	272	262890	216516	
130	8.13556e+006	1983	797	91	346	176	85	256307	3475	284	263175	216787	
131	8.13527e+006	1979	795	92	343	175	83	256601	3480	290	263465	217054	
132	8.13499e+006	1977	781	95	338	173	83	256899	3484	283	263747	217314	
133	8.13471e+006	1971	769	91	332	171	80	257200	3489	275	264022	217573	
134	8.13443e+006	1972	772	80	334	172	82	257487	3493	286	264309	217844	
135	8.13415e+006	1964	773	75	331	175	84	257768	3497	274	264583	218105	
136	8.13387e+006	1974	763	76	331	174	81	258045	3501	281	264864	218354	
137	8.1336e+006	1967	754	84	330	173	79	258329	3505	277	265141	218613	
138	8.13332e+006	1948	762	84	333	168	75	258608	3510	271	265412	218882	
139	8.13305e+006	1940	776	82	329	169	76	258879	3513	275	265688	219145	
140	8.13277e+006	1942	765	83	328	165	73	259164	3518	277	265964	219396	
141	8.1325e+006	1925	762	82	330	166	74	259447	3522	270	266234	219663	
142	8.13224e+006	1912	751	84	332	163	72	259725	3528	261	266495	219916	
143	8.13197e+006	1899	760	82	327	164	74	260000	3531	268	266763	220176	
144	8.13171e+006	1888	749	84	327	164	73	260282	3536	266	267029	220431	
145	8.13145e+006	1876	747	83	330	161	71	260551	3541	259	267288	220681	
146	8.13119e+006	1854	741	83	332	161	71	260825	3546	253	267542	220935	
147	8.13094e+006	1830	743	80	327	163	72	261100	3551	253	267794	221191	
148	8.13067e+006	1830	739	83	328	163	73	261366	3555	270	268064	221437	
149	8.13042e+006	1823	727	81	324	164	73	261640	3559	254	268318	221678	
150	8.13016e+006	1814	718	80	321	166	76	261915	3562	259	268577	221925	
151	8.1299e+006	1803	718	77	315	165	76	262188	3566	255	268832	222172	
152	8.12965e+006	1798	719	74	313	167	78	262446	3570	255	269087	222412	
153	8.12939e+006	1802	706	72	312	165	76	262711	3575	257	269344	222647	
154	8.12914e+006	1806	691	75	309	164	76	262977	3579	257	269600	222877	
155	8.12889e+006	1787	696	79	314	161	75	263231	3583	250	269850	223125	
156	8.12865e+006	1772	696	81	305	162	76	263489	3586	239	270090	223357	
157	8.1284e+006	1760	703	79	304	156	75	263744	3591	247	270336	223596	
158	8.12815e+006	1759	691	77	302	156	75	264012	3594	254	270590	223830	
159	8.12789e+006	1755	693	76	296	153	74	264270	3598	251	270842	224066	
160	8.12765e+006	1745	693	74	294	151	72	264530	3602	247	271089	224303	
161	8.1274e+006	1735	695	74	289	151	72	264786	3605	247	271336	224539	
162	8.12716e+006	1729	691	73	292	149	72	265035	3610	244	271580	224772	
163	8.12691e+006	1736	674	73	292	146	71	265291	3614	247	271826	224992	
164	8.12666e+006	1740	665	71	287	145	71	265551	3618	250	272076	225219	
165	8.12643e+006	1718	665	75	286	146	73	265798	3620	232	272308	225448	
166	8.12619e+006	1703	676	76	287	146	71	266033	3623	237	272545	225680	
167	8.12594e+006	1706	674	78	286	147	71	266276	3626	250	272795	225905	
168	8.1257e+006	1699	671	75	289	145	69	266527	3629	241	273035	226134	
169	8.12545e+006	1703	659	79	288	144	68	266776	3633	247	273283	226352	
170	8.12521e+006	1700	661	76	297	144	69	267012	3637	243	273526	226580	
171	8.12497e+006	1688	665	75	299	141	66	267255	3641	239	273765	226813	
172	8.12473e+006	1697	657	71	295	142	65	267498	3644	241	274005	227025	
173	8.1245e+006	1693	647	72	295	145	66	267739	3648	233	274238	227244	
174	8.12426e+006	1685	645	73	294	142	65	267989	3651	242	274480	227474	
175	8.12402e+006	1681	659	68	292	143	63	268220	3654	236	274716	227700	
176	8.12378e+006	1671	667	71	284	144	65	268458	3658	237	274953	227926	
177	8.12354e+006	1667	658	73	286	142	65	268705	3661	239	275193	228147	
178	8.1233e+006	1673	652	78	285	142	65	268943	3666	245	275438	228366	
179	8.12306e+006	1671	647	76	288	142	65	269184	3668	239	275677	228587	
180	8.12281e+006	1684	639	73	283	144	66	269428	3672	245	275922	228799	
181	8.12258e+006	1681	644	71	281	143	66	269667	3674	239	276161	229022	
182	8.12235e+006	1675	643	67	277	140	66	269909	3679	230	276391	229242	
183	8.12211e+006	1670	651	64	274	141	67	270141	3682	232	276623	229464	
184	8.12188e+006	1668	647	66	274	140	67	270380	3686	238	276861	229684	
185	8.12163e+006	1669	652	70	273	141	68	270612	3689	245	277107	229908	
186	8.12139e+006	1668	652	72	275	136	67	270849	3693	238	277345	230129	
187	8.12116e+006	1656	658	72	274	137	65	271085	3696	233	277578	230354	
188	8.12093e+006	1645	649	75	283	135	65	271322	3698	228	277806	230570	
189	8.1207e+006	1649	639	76	282	135	64	271560	3700	234	278040	230779	
190	8.12046e+006	1654	622	79	282	132	62	271804	3704	237	278277	230988	
191	8.12023e+006	1644	627	73	277	133	63	272043	3708	228	278505	231210	
192	8.12001e+006	1623	641	75	274	132	61	272274	3711	225	278730	231434	
193	8.11978e+006	1614	651	71	280	129	60	272499	3715	229	278959	231653	
194	8.11957e+006	1593	644	72	277	130	62	272736	3718	212	279171	231865	
195	8.11934e+006	1588	629	71	279	127	61	272979	3722	223	279394	232076	
196	8.11911e+006	1583	624	71	279	131	61	273210	3724	229	279623	232292	
197	8.1189e+006	1560	629	70	280	133	62	273436	3728	215	279838	232510	
198	8.11867e+006	1563	633	66	278	134	62	273663	3730	230	280068	232723	
199	8.11844e+006	1568	627	63	275	134	62	273898	3733	230	280297	232932	
200	8.11821e+006	1563	620	61	275	136	62	274130	3736	224	280522	233143	
201	8.11799e+006	1573	603	63	269	136	62	274360	3740	222	280744	233339	
202	8.11778e+006	1560	601	63	265	136	62	274586	3743	210	280954	233544	
203	8.11755e+006	1561	599	65	265	137	62	274811	3746	229	281183	233754	
204	8.11732e+006	1576	601	66	264	134	60	275024	3749	230	281413	233952	
205	8.1171e+006	1569	607	67	261	137	59	275244	3751	223	281636	234163	
206	8.11688e+006	1561	608	67	260	135	59	275472	3755	222	281858	234374	
207	8.11665e+006	1560	616	68	263	133	59	275684	3758	224	282082	234580	
208	8.11643e+006	1560	612	64	262	135	62	275910	3760	222	282304	234786	
209	8.11622e+006	1567	596	61	263	134	63	276137	3764	217	282521	234982	
210	8.11599e+006	1559	600	61	266	131	62	276358	3767	221	282742	235192	
211	8.11577e+006	1552	604	66	267	130	62	276577	3770	223	282965	235402	
212	8.11554e+006	1556	615	68	259	131	61	276791	3773	227	283192	235608	
213	8.11532e+006	1556	607	68	260	130	59	277017	3776	223	283415	235810	
214	8.11511e+006	1545	605	63	265	133	60	277235	3780	212	283627	236019	
215	8.11489e+006	1538	604	63	262	131	60	277460	3783	215	283842	236224	
216	8.11467e+006	1541	599	64	257	130	59	277683	3788	220	284062	236422	
217	8.11447e+006	1528	587	73	252	132	58	277908	3790	208	284270	236619	
218	8.11425e+006	1525	587	75	253	130	57	278126	3794	220	284490	236823	
219	8.11403e+006	1510	596	75	252	133	58	278338	3798	212	284702	237030	
220	8.11382e+006	1503	602	71	251	135	58	278556	3800	215	284917	237235	
221	8.1136e+006	1511	591	70	253	131	57	278779	3802	220	285137	237430	
222	8.11338e+006	1510	583	67	262	126	58	278999	3804	215	285352	237629	
223	8.11317e+006	1499	582	65	265	124	58	279218	3808	210	285562	237832	
224	8.11296e+006	1508	579	65	267	121	55	279427	3812	217	285778	238024	
225	8.11274e+006	1502	582	66	266	120	54	279641	3815	213	285992	238227	
226	8.11254e+006	1496	576	64	266	120	56	279859	3818	207	286199	238422	
227	8.11233e+006	1491	582	65	257	119	56	280073	3821	210	286408	238619	
228	8.11211e+006	1485	584	63	249	120	57	280296	3824	214	286622	238822	
229	8.11189e+006	1493	585	64	250	119	58	280507	3827	223	286845	239019	
230	8.11168e+006	1497	583	61	248	120	58	280719	3831	213	287058	239213	
231	8.11146e+006	1497	580	61	244	123	58	280937	3833	217	287276	239413	
232	8.11125e+006	1491	578	62	240	128	59	281148	3836	207	287483	239608	
233	8.11104e+006	1494	574	63	244	129	60	281350	3840	210	287693	239797	
234	8.11083e+006	1502	563	68	247	129	61	281560	3842	217	287910	239986	
235	8.11062e+006	1498	566	65	242	130	63	281775	3844	210	288120	240185	
236	8.1104e+006	1489	581	65	240	130	61	281981	3847	214	288334	240390	
237	8.11019e+006	1492	589	61	243	127	60	282188	3851	216	288550	240588	
238	8.10998e+006	1483	589	64	248	126	59	282394	3854	208	288759	240787	
239	8.10977e+006	1484	576	62	254	125	56	282609	3857	209	288967	240979	
240	8.10956e+006	1488	571	64	251	123	56	282823	3861	214	289181	241172	
241	8.10935e+006	1480	574	61	257	122	56	283034	3863	208	289390	241374	
242	8.10913e+006	1483	575	63	258	120	54	283239	3866	213	289603	241568	
243	8.10892e+006	1486	577	64	259	120	53	283446	3869	217	289820	241763	
244	8.10872e+006	1469	571	69	255	122	54	283662	3872	199	290019	241958	
245	8.10851e+006	1472	569	69	248	122	52	283874	3876	211	290230	242149	
246	8.10828e+006	1485	566	67	249	120	51	284087	3878	222	290452	242341	
247	8.10808e+006	1479	569	62	245	121	52	284304	3880	209	290661	242540	
248	8.10787e+006	1473	568	63	244	118	51	284514	3883	202	290863	242730	
249	8.10766e+006	1471	571	65	241	119	52	284721	3885	211	291074	242924	
250	8.10746e+006	1454	571	67	238	119	51	284936	3888	200	291274	243124	
251	8.10726e+006	1462	568	61	238	120	53	285141	3890	208	291481	243311	
252	8.10704e+006	1465	570	58	236	119	53	285355	3892	214	291695	243508	
253	8.10683e+006	1454	576	57	240	118	51	285567	3895	211	291906	243712	
254	8.10663e+006	1444	583	59	240	115	51	285765	3899	198	292104	243905	
255	8.10642e+006	1453	574	58	237	115	52	285977	3901	212	292316	244092	
256	8.10622e+006	1444	566	55	244	116	52	286188	3904	202	292518	244289	
257	8.10602e+006	1443	557	56	241	116	53	286397	3908	199	292717	244472	
258	8.10582e+006	1439	557	61	242	117	54	286594	3910	203	292920	244659	
259	8.10562e+006	1425	556	65	238	118	53	286806	3912	200	293120	244854	
260	8.10541e+006	1416	564	68	241	117	54	287001	3915	202	293322	245048	
261	8.1052e+006	1429	556	67	245	115	53	287204	3918	211	293533	245229	
262	8.10501e+006	1413	555	66	238	118	55	287419	3920	196	293729	245423	
263	8.1048e+006	1417	548	64	243	118	56	287623	3923	206	293935	245609	
264	8.1046e+006	1418	554	59	242	117	56	287820	3926	200	294135	245795	
265	8.1044e+006	1417	546	58	243	117	57	288027	3929	203	294338	245981	
266	8.10419e+006	1425	547	55	242	118	58	288226	3932	207	294545	246168	
267	8.10399e+006	1426	547	59	238	119	57	288425	3934	203	294748	246353	
268	8.10379e+006	1417	557	56	234	119	57	288631	3937	202	294950	246549	
269	8.10358e+006	1422	551	59	228	116	56	288835	3940	201	295152	246727	
270	8.10338e+006	1421	556	57	229	117	56	289032	3944	204	295356	246919	
271	8.10317e+006	1429	542	60	229	118	56	289240	3946	208	295564	247102	
272	8.10297e+006	1427	548	60	227	118	54	289435	3949	202	295765	247289	
273	8.10276e+006	1431	547	64	225	117	53	289641	3952	211	295976	247478	
274	8.10255e+006	1437	550	64	234	118	53	289828	3955	210	296186	247666	
275	8.10235e+006	1441	548	64	237	115	51	290027	3959	205	296391	247850	
276	8.10215e+006	1437	543	64	237	114	50	290233	3961	198	296588	248034	
277	8.10195e+006	1435	542	65	239	113	49	290432	3964	202	296790	248222	
278	8.10174e+006	1429	551	62	239	113	48	290631	3966	203	296993	248415	
279	8.10153e+006	1440	552	61	242	111	48	290830	3968	212	297205	248600	
280	8.10133e+006	1428	560	60	239	113	49	291034	3970	199	297403	248795	
281	8.10113e+006	1425	558	64	242	114	48	291235	3973	208	297611	248985	
282	8.10093e+006	1416	565	61	240	112	49	291437	3976	196	297807	249177	
283	8.10072e+006	1428	555	58	235	116	50	291644	3980	209	298016	249361	
284	8.10052e+006	1429	550	54	236	114	50	291852	3983	202	298219	249548	
285	8.10032e+006	1427	541	61	239	114	51	292053	3985	202	298420	249730	
286	8.10011e+006	1419	548	68	240	116	52	292245	3988	203	298623	249921	
287	8.09991e+006	1420	547	66	238	116	54	292446	3990	200	298823	250106	
288	8.09972e+006	1405	554	64	240	115	54	292646	3992	193	299016	250295	
289	8.09951e+006	1420	542	60	243	118	57	292849	3995	211	299228	250476	
290	8.09931e+006	1410	550	64	242	114	54	293049	3998	199	299426	250667	
291	8.09912e+006	1402	547	61	243	113	53	293254	4000	195	299621	250853	
292	8.09892e+006	1393	549	64	237	114	52	293453	4004	192	299814	251036	
293	8.09873e+006	1384	542	65	234	112	51	293663	4007	194	300007	251221	
294	8.09852e+006	1390	540	64	235	114	53	293862	4008	205	300213	251405	
295	8.09832e+006	1400	536	60	232	115	53	294061	4012	204	300416	251585	
296	8.09812e+006	1390	549	56	235	114	52	294259	4016	201	300617	251783	
297	8.09792e+006	1391	548	55	232	115	52	294457	4019	200	300818	251967	
298	8.09772e+006	1397	548	57	239	114	50	294642	4022	201	301018	252146	
299	8.09752e+006	1400	528	58	243	113	48	294847	4024	196	301214	252323	
300	8.09733e+006	1404	523	58	240	115	50	295045	4027	197	301411	252501	
301	8.09712e+006	1403	535	57	235	115	52	295241	4030	204	301616	252692	
302	8.09692e+006	1401	544	59	235	115	52	295432	4032	202	301818	252878	
303	8.09672e+006	1395	550	60	232	113	53	295627	4035	195	302013	253064	
304	8.09652e+006	1398	541	64	231	116	53	295827	4038	203	302216	253245	
305	8.09633e+006	1392	538	64	229	118	53	296028	4041	194	302410	253427	
306	8.09613e+006	1393	531	65	227	117	52	296230	4043	197	302607	253606	
307	8.09593e+006	1398	532	61	230	112	50	296430	4046	202	302809	253788	
308	8.09573e+006	1391	538	60	230	114	51	296626	4049	198	303007	253976	
309	8.09553e+006	1387	545	58	232	114	52	296817	4050	197	303204	254162	
310	8.09534e+006	1388	543	59	232	116	53	297010	4053	196	303400	254341	
311	8.09514e+006	1383	539	61	231	117	52	297212	4056	199	303599	254525	
312	8.09494e+006	1389	534	58	233	115	51	297411	4059	200	303799	254706	
313	8.09474e+006	1388	536	58	231	117	52	297604	4061	196	303995	254886	
314	8.09453e+006	1393	536	57	230	114	51	297807	4065	207	304202	255072	
315	8.09433e+006	1402	540	57	230	112	49	298000	4068	208	304409	255258	
316	8.09413e+006	1402	544	53	225	112	50	298198	4072	197	304606	255443	
317	8.09393e+006	1404	537	55	227	116	52	298393	4073	198	304805	255620	
318	8.09372e+006	1414	535	57	227	113	50	298592	4076	208	305013	255804	
319	8.09352e+006	1419	533	61	229	111	49	298785	4079	204	305217	255987	
320	8.09331e+006	1427	536	58	231	112	49	298975	4083	204	305422	256168	
321	8.09311e+006	1424	544	59	229	111	49	299173	4086	204	305626	256358	
322	8.09291e+006	1417	550	60	234	112	49	299364	4089	201	305827	256550	
323	8.09271e+006	1419	551	61	229	112	49	299562	4092	198	306025	256731	
324	8.09251e+006	1422	541	62	234	111	49	299762	4095	202	306227	256911	
325	8.09231e+006	1412	542	61	240	112	51	299961	4097	198	306425	257104	
326	8.09211e+006	1409	553	58	237	111	51	300159	4099	202	306627	257296	
327	8.09191e+006	1408	560	57	241	109	50	300353	4102	203	306830	257485	
328	8.09171e+006	1405	556	56	244	110	50	300555	4104	200	307030	257673	
329	8.09151e+006	1396	546	63	246	110	50	300754	4107	193	307223	257854	
330	8.0913e+006	1408	539	65	241	110	51	300961	4110	210	307433	258034	
331	8.0911e+006	1410	540	61	239	111	51	301163	4113	203	307637	258223	
332	8.0909e+006	1412	539	59	241	110	51	301361	4115	201	307837	258404	
333	8.09071e+006	1401	543	59	235	111	51	301562	4117	190	308028	258588	
334	8.09052e+006	1390	540	63	231	114	53	301762	4120	193	308220	258774	
335	8.09031e+006	1391	543	63	235	114	52	301954	4123	201	308422	258957	
336	8.09012e+006	1396	536	60	240	114	52	302148	4124	198	308620	259136	
337	8.08992e+006	1383	546	57	235	116	53	302352	4127	196	308816	259331	
338	8.08972e+006	1379	547	59	236	118	54	302548	4129	200	309016	259517	
339	8.08952e+006	1382	554	60	241	117	54	302733	4132	203	309219	259703	
340	8.08933e+006	1380	534	60	243	116	51	302939	4135	188	309407	259878	
341	8.08913e+006	1384	528	56	240	117	52	303141	4139	197	309604	260056	
342	8.08893e+006	1388	528	56	235	118	52	303343	4141	206	309810	260242	
343	8.08873e+006	1383	537	55	239	116	52	303528	4145	192	310002	260427	
344	8.08854e+006	1384	537	58	236	113	50	303723	4148	198	310200	260606	
345	8.08833e+006	1392	534	60	236	112	50	303922	4152	207	310407	260789	
346	8.08812e+006	1393	538	62	230	113	51	304123	4153	205	310612	260975	
347	8.08793e+006	1403	531	61	228	113	50	304319	4156	198	310810	261148	
348	8.08773e+006	1400	531	58	225	114	50	304519	4158	194	311004	261330	
349	8.08754e+006	1391	534	57	226	117	51	304716	4161	197	311201	261521	
350	8.08734e+006	1398	538	57	226	117	51	304899	4165	200	311401	261698	
351	8.08713e+006	1403	536	60	225	114	50	305095	4170	202	311603	261878	
352	8.08693e+006	1399	534	63	230	111	49	305297	4173	204	311806	262068	
353	8.08673e+006	1391	543	67	229	111	48	305487	4175	197	312003	262252	
354	8.08654e+006	1389	540	70	233	109	48	305681	4177	196	312200	262432	
355	8.08634e+006	1392	530	67	232	111	47	305886	4179	196	312396	262610	
356	8.08614e+006	1398	527	62	232	109	47	306088	4183	203	312599	262792	
357	8.08594e+006	1395	532	59	230	108	46	306287	4186	197	312796	262975	
358	8.08574e+006	1391	540	59	230	108	48	306477	4189	198	312994	263163	
359	8.08555e+006	1380	542	63	230	106	46	306671	4193	193	313187	263346	
360	8.08536e+006	1378	541	62	226	106	47	306872	4196	195	313381	263528	
361	8.08516e+006	1379	535	62	228	107	49	307070	4198	197	313579	263707	
362	8.08496e+006	1379	528	61	234	112	51	307259	4200	196	313775	263886	
363	8.08477e+006	1364	532	64	234	110	50	307455	4204	188	313963	264071	
364	8.08458e+006	1364	534	62	235	113	51	307645	4207	197	314160	264253	
External infections start at day 1 and end at:	19	Number of imported cases each day	10	
Number of contacts per day:	6	
Number of contacts per day:	6	
Number of days asymptomatic patients are infectious before symptomatic	2	
Probability of transmission from exposed patients:	0.0418	
Probability of transmission from mild symptomatic patients:	0.0418	
Probability of transmission from hospitalized patients:	0	
Probability of transmission from ICU patients:	0	
Probability of testing for mild symptomatic patients:	0.75	

Adherence to Social Distancing parameters:
Day 0:	0	
Day 10:	0.16	
Day 20:	0.74	
Day 30:	0.74	
Day 40:	0.85	
Day 50:	0.85	
Day 60:	0.85	
