Day	Susceptible	Exposed	Current Detected Mild Infections	Current Undetected Mild Infections	Current Hospitalizations	Current ICU patients	ventilators	Recovered	Deaths	new infections today	total number of infections 	Confirmed total number of infections 	
0	8.39872e+006	16	0	0	0	0	0	0	0	0	16	0	
1	8.39856e+006	176	0	0	0	0	0	0	0	160	176	0	
2	8.3984e+006	336	0	0	0	0	0	0	0	160	336	0	
3	8.39821e+006	523	0	0	0	0	0	0	0	187	523	0	
4	8.39794e+006	800	0	0	0	0	0	0	0	277	800	0	
5	8.39758e+006	1158	0	0	0	0	0	0	0	358	1158	0	
6	8.39716e+006	1572	0	0	0	0	0	0	0	414	1572	0	
7	8.39665e+006	2066	16	0	0	0	0	0	0	510	2082	16	
8	8.39607e+006	2493	136	40	0	0	0	0	0	588	2669	136	
9	8.39545e+006	2946	256	80	0	0	0	0	0	612	3282	256	
10	8.39484e+006	3371	381	126	0	0	0	16	0	612	3893	397	
11	8.39419e+006	3746	466	158	31	0	0	145	0	652	4546	608	
12	8.39345e+006	4133	621	201	61	0	0	275	0	745	5290	884	
13	8.39263e+006	4536	796	253	96	0	0	427	0	818	6108	1205	
14	8.39175e+006	4906	976	306	149	0	0	651	0	880	6988	1605	
15	8.3908e+006	5264	1146	366	221	0	0	936	0	945	7934	2064	
16	8.38979e+006	5664	1287	422	303	0	0	1269	0	1012	8945	2537	
17	8.3887e+006	6142	1358	453	379	17	15	1686	0	1090	10036	3018	
18	8.38752e+006	6667	1403	473	466	28	20	2176	0	1177	11212	3543	
19	8.38627e+006	7175	1508	501	553	37	25	2691	0	1253	12465	4144	
20	8.38507e+006	7558	1672	543	615	54	33	3225	0	1201	13666	4790	
21	8.38377e+006	7982	1844	599	671	75	43	3800	0	1304	14971	5485	
22	8.38237e+006	8436	1994	649	740	97	54	4453	0	1399	16369	6235	
23	8.38092e+006	8875	2128	708	789	126	68	5193	0	1451	17820	7023	
24	8.37942e+006	9277	2282	765	851	161	83	5976	0	1493	19313	7877	
25	8.37784e+006	9687	2440	839	904	196	99	6834	0	1586	20899	8786	
26	8.37619e+006	10085	2625	896	981	229	115	7735	0	1652	22551	9770	
27	8.37446e+006	10612	2712	919	1056	251	117	8715	15	1728	24278	10718	
28	8.37266e+006	11104	2802	956	1137	284	130	9774	18	1796	26075	11728	
29	8.37156e+006	10810	2908	996	1218	319	145	10908	21	1104	27179	12829	
30	8.3704e+006	10522	3097	1057	1286	352	160	12005	23	1162	28341	13979	
31	8.36917e+006	10252	3251	1091	1370	381	174	13191	29	1223	29565	15159	
32	8.36798e+006	9855	3402	1128	1452	413	187	14470	35	1190	30754	16422	
33	8.36683e+006	9358	3545	1186	1533	442	200	15804	42	1155	31909	17731	
34	8.36567e+006	8788	3710	1256	1589	477	217	17196	50	1158	33067	19086	
35	8.36456e+006	8099	3854	1322	1660	512	232	18667	60	1107	34174	20505	
36	8.36352e+006	8040	3449	1179	1740	548	250	20196	67	1045	35219	21414	
37	8.36249e+006	7905	3042	1021	1816	581	264	21806	76	1027	36246	22370	
38	8.36152e+006	7648	2620	870	1880	613	284	23496	86	966	37212	23369	
39	8.3606e+006	7386	2675	900	1806	655	303	24624	94	928	38140	24304	
40	8.35969e+006	7136	2661	907	1755	683	314	25796	107	905	39045	25224	
41	8.35878e+006	6887	2604	898	1679	721	333	27046	118	908	39953	26144	
42	8.35793e+006	6634	2601	818	1580	764	357	28278	133	855	40808	27082	
43	8.35711e+006	6403	2572	738	1460	802	375	29499	147	814	41622	27966	
44	8.35631e+006	6175	2533	646	1343	828	387	30731	165	800	42422	28847	
45	8.35555e+006	5971	2424	614	1352	820	385	31821	182	761	43183	29664	
46	8.35482e+006	5781	2338	583	1322	821	384	32877	199	738	43921	30452	
47	8.35413e+006	5562	2231	568	1289	819	383	33923	215	686	44607	31211	
48	8.35342e+006	5367	2180	561	1249	813	380	34919	231	714	45321	31971	
49	8.35274e+006	5187	2116	552	1224	790	374	35876	251	675	45995	32692	
50	8.35209e+006	5022	2054	523	1178	773	372	36824	270	649	46644	33380	
51	8.35148e+006	4832	1975	494	1142	744	357	37773	295	610	47254	34061	
52	8.35089e+006	4662	1901	473	1097	711	337	38683	318	591	47845	34700	
53	8.35032e+006	4498	1841	458	1053	670	317	39558	341	575	48419	35325	
54	8.34976e+006	4368	1750	435	1024	628	298	40404	367	555	48975	35910	
55	8.34922e+006	4193	1713	425	982	625	296	41195	381	539	49513	36506	
56	8.34869e+006	4049	1654	420	953	604	287	41964	400	530	50044	37071	
57	8.34818e+006	3911	1625	412	911	584	279	42697	416	511	50555	37624	
58	8.34768e+006	3804	1539	395	888	561	267	43438	433	503	51058	38133	
59	8.3472e+006	3689	1479	371	868	542	255	44139	447	477	51534	38638	
60	8.34673e+006	3590	1414	361	836	524	245	44819	466	476	52010	39121	
61	8.34628e+006	3485	1382	339	807	507	237	45460	480	450	52460	39594	
62	8.34584e+006	3384	1337	332	780	487	231	46082	496	438	52898	40045	
63	8.34541e+006	3279	1299	325	750	466	223	46696	507	425	53323	40487	
64	8.34499e+006	3190	1266	314	716	453	217	47285	520	422	53745	40923	
65	8.34459e+006	3088	1240	305	680	436	207	47862	536	400	54145	41344	
66	8.34421e+006	2994	1205	286	663	422	200	48411	548	383	54529	41752	
67	8.34384e+006	2884	1217	238	637	409	194	48950	559	365	54893	42196	
68	8.34347e+006	2805	1219	183	613	396	186	49479	570	371	55265	42619	
69	8.34312e+006	2719	1232	132	588	382	179	49983	582	352	55617	43035	
70	8.34277e+006	2641	1190	124	571	369	172	50477	592	347	55964	43431	
71	8.34242e+006	2570	1164	122	562	356	166	50942	600	351	56315	43818	
72	8.3421e+006	2493	1128	119	544	341	158	51403	609	323	56638	44190	
73	8.34178e+006	2430	1085	121	533	333	155	51838	619	320	56958	44541	
74	8.34148e+006	2368	1031	118	519	320	148	52276	629	303	57261	44874	
75	8.34118e+006	2294	1002	118	508	303	141	52695	639	298	57559	45214	
76	8.34087e+006	2251	975	113	486	292	135	53103	648	309	57868	45540	
77	8.34057e+006	2202	970	100	460	283	131	53494	657	298	58166	45867	
78	8.3403e+006	2126	953	97	448	275	129	53877	666	275	58441	46193	
79	8.34002e+006	2081	928	94	434	266	124	54242	674	279	58720	46492	
80	8.33974e+006	2034	893	102	420	260	120	54602	682	273	58992	46782	
81	8.33948e+006	2000	847	99	415	253	113	54957	690	269	59261	47060	
82	8.33922e+006	1958	823	98	412	245	109	55286	696	256	59517	47335	
83	8.33896e+006	1904	817	92	413	235	104	55608	701	255	59772	47622	
84	8.33872e+006	1848	816	89	390	229	100	55933	708	242	60014	47898	
85	8.33848e+006	1820	798	84	380	225	98	56241	712	248	60261	48152	
86	8.33823e+006	1786	769	82	374	218	95	56558	718	244	60505	48409	
87	8.33799e+006	1755	747	79	362	211	90	56867	725	242	60747	48662	
88	8.33777e+006	1706	738	82	350	201	87	57158	732	220	60967	48908	
89	8.33754e+006	1676	717	80	340	199	88	57444	736	226	61193	49144	
90	8.33732e+006	1645	697	83	337	191	86	57721	743	223	61416	49376	
91	8.3371e+006	1619	675	78	334	184	85	57995	748	216	61632	49600	
92	8.3369e+006	1579	668	76	328	184	84	58253	753	208	61840	49830	
93	8.33669e+006	1542	664	69	321	179	82	58516	756	207	62047	50058	
94	8.33647e+006	1523	669	64	317	172	79	58764	761	223	62270	50284	
95	8.33626e+006	1511	642	63	311	166	78	59018	767	208	62478	50484	
96	8.33603e+006	1517	625	62	306	163	77	59263	773	232	62710	50694	
97	8.33579e+006	1534	603	66	294	163	79	59513	777	240	62950	50896	
98	8.33555e+006	1549	601	64	278	163	77	59745	780	232	63182	51095	
99	8.33533e+006	1570	581	66	273	157	72	59979	784	229	63410	51284	
100	8.33509e+006	1598	565	66	269	152	70	60206	788	235	63645	51471	
101	8.33485e+006	1612	571	67	258	150	68	60431	793	237	63882	51676	
102	8.33461e+006	1648	575	63	251	146	66	60646	797	244	64126	51869	
103	8.33438e+006	1646	600	63	248	147	66	60854	799	230	64356	52082	
104	8.33414e+006	1645	611	68	254	146	67	61069	803	239	64595	52299	
105	8.3339e+006	1656	635	68	250	145	65	61276	806	243	64838	52515	
106	8.33366e+006	1664	632	68	251	145	67	61504	810	237	65075	52726	
107	8.33342e+006	1674	630	66	260	139	63	61736	815	245	65319	52942	
108	8.33318e+006	1678	633	67	262	136	62	61965	818	241	65560	53162	
109	8.33293e+006	1681	646	69	265	133	60	62191	822	247	65807	53384	
110	8.33268e+006	1699	643	68	265	134	60	62422	824	248	66055	53597	
111	8.33243e+006	1712	642	71	270	131	60	62654	828	253	66308	53816	
112	8.33217e+006	1728	640	72	275	128	59	62892	832	258	66566	54040	
113	8.33192e+006	1738	648	70	273	128	61	63122	834	247	66812	54262	
114	8.33168e+006	1742	650	74	276	127	60	63356	837	249	67061	54484	
115	8.33141e+006	1763	647	76	278	125	61	63595	839	262	67323	54703	
116	8.33115e+006	1777	654	78	281	122	58	63828	844	261	67584	54930	
117	8.33088e+006	1800	660	76	283	123	60	64066	847	271	67855	55157	
118	8.33062e+006	1810	673	74	274	124	60	64312	850	262	68118	55389	
119	8.33035e+006	1816	681	79	273	126	61	64556	852	264	68382	55624	
120	8.33008e+006	1848	676	81	272	126	61	64801	855	278	68660	55849	
121	8.32981e+006	1867	670	84	278	128	61	65044	858	268	68929	56075	
122	8.32953e+006	1883	677	81	277	127	60	65300	862	278	69207	56318	
123	8.32926e+006	1892	692	79	278	127	59	65544	864	270	69476	56558	
124	8.32898e+006	1897	718	76	287	127	59	65780	867	276	69752	56810	
125	8.32872e+006	1904	718	76	292	126	57	66036	870	269	70021	57052	
126	8.32843e+006	1924	721	77	297	128	58	66285	874	284	70306	57296	
127	8.32816e+006	1912	724	81	301	131	58	66545	878	266	70572	57549	
128	8.32788e+006	1931	727	84	302	131	58	66804	882	287	70859	57794	
129	8.32759e+006	1938	738	86	305	131	59	67059	886	286	71145	58049	
130	8.32731e+006	1948	735	81	310	134	58	67327	889	280	71424	58300	
131	8.32703e+006	1957	742	81	308	136	60	67593	892	284	71708	58552	
132	8.32674e+006	1975	736	79	309	140	61	67864	894	288	71996	58802	
133	8.32646e+006	1975	744	85	304	143	63	68132	897	284	72281	59058	
134	8.32616e+006	2004	735	85	310	145	64	68396	900	295	72575	59304	
135	8.32587e+006	2009	753	85	312	149	66	68658	902	293	72868	59570	
136	8.32558e+006	2013	759	80	308	152	67	68940	906	290	73158	59835	
137	8.3253e+006	2017	774	78	315	148	66	69199	910	283	73441	60095	
138	8.325e+006	2025	770	79	316	149	67	69481	913	292	73733	60355	
139	8.3247e+006	2044	768	84	321	149	68	69758	916	307	74040	60618	
140	8.3244e+006	2058	769	87	320	149	69	70036	920	298	74339	60879	
141	8.32411e+006	2054	777	89	325	152	71	70309	922	291	74629	61148	
142	8.32381e+006	2061	783	88	333	151	72	70587	926	300	74929	61416	
143	8.3235e+006	2081	789	89	335	151	70	70865	930	310	75239	61683	
144	8.3232e+006	2094	778	88	339	153	71	71151	933	297	75536	61943	
145	8.3229e+006	2108	776	90	342	153	72	71437	936	306	75841	62210	
146	8.3226e+006	2098	789	93	348	155	74	71716	939	297	76139	62490	
147	8.32229e+006	2106	804	93	349	160	76	71990	942	306	76445	62765	
148	8.32198e+006	2128	802	94	350	160	76	72277	946	312	76757	63030	
149	8.32166e+006	2147	795	93	359	165	78	72567	949	319	77076	63304	
150	8.32135e+006	2144	806	95	362	167	77	72856	953	307	77384	63589	
151	8.32104e+006	2160	813	93	363	171	78	73140	956	312	77696	63862	
152	8.32073e+006	2170	819	93	359	173	77	73439	959	316	78011	64141	
153	8.32041e+006	2190	808	92	362	170	78	73744	963	317	78328	64415	
154	8.32009e+006	2200	817	92	361	169	78	74039	966	316	78644	64696	
155	8.31977e+006	2209	824	92	353	174	78	74343	971	322	78966	64984	
156	8.31945e+006	2213	838	99	346	172	77	74644	976	323	79289	65272	
157	8.31913e+006	2221	840	99	346	170	76	74950	979	316	79605	65556	
158	8.31881e+006	2229	841	98	352	171	75	75253	982	320	79925	65844	
159	8.31848e+006	2242	838	97	357	171	75	75562	986	328	80253	66132	
160	8.31816e+006	2245	847	98	357	167	74	75870	990	321	80574	66425	
161	8.31782e+006	2267	850	99	362	162	74	76176	996	338	80912	66714	
162	8.3175e+006	2266	863	92	371	161	74	76480	1000	320	81232	67012	
163	8.31718e+006	2271	871	90	376	165	75	76784	1004	329	81560	67315	
164	8.31683e+006	2297	869	91	374	165	76	77098	1008	342	81902	67604	
165	8.3165e+006	2308	866	92	371	160	75	77423	1012	331	82233	67899	
166	8.31617e+006	2309	868	96	377	161	75	77735	1016	329	82562	68201	
167	8.31584e+006	2320	874	95	381	161	77	78043	1020	331	82893	68498	
168	8.31551e+006	2318	889	97	383	166	80	78353	1023	336	83230	68809	
169	8.31517e+006	2331	880	99	384	168	80	78675	1026	332	83562	69102	
170	8.31483e+006	2342	889	97	388	173	84	78984	1029	340	83903	69408	
171	8.31451e+006	2326	891	100	390	177	86	79313	1032	326	84228	69720	
172	8.31417e+006	2336	902	99	389	179	88	79627	1037	340	84569	70026	
173	8.31382e+006	2354	899	103	388	179	87	79954	1040	347	84916	70328	
174	8.31348e+006	2359	894	97	392	182	88	80285	1044	336	85252	70633	
175	8.31315e+006	2354	898	99	393	185	90	80606	1049	332	85584	70943	
176	8.3128e+006	2371	907	93	393	186	90	80930	1053	349	85933	71255	
177	8.31246e+006	2370	913	96	392	189	90	81256	1056	339	86272	71569	
178	8.31213e+006	2378	906	93	391	187	88	81591	1061	334	86607	71869	
179	8.31179e+006	2380	906	101	395	187	89	81914	1066	342	86949	72178	
180	8.31145e+006	2372	914	100	395	185	87	82253	1070	339	87288	72500	
181	8.3111e+006	2387	921	102	394	182	88	82576	1075	351	87639	72811	
182	8.31075e+006	2400	916	99	396	182	87	82913	1078	345	87984	73116	
183	8.31041e+006	2392	918	99	397	183	86	83253	1083	341	88325	73437	
184	8.31007e+006	2392	925	96	398	184	86	83584	1086	339	88664	73753	
185	8.30974e+006	2394	926	97	395	184	86	83914	1091	336	89001	74060	
186	8.3094e+006	2391	917	99	395	188	88	84255	1095	340	89340	74373	
187	8.30906e+006	2392	912	104	397	189	90	84586	1100	340	89680	74684	
188	8.30873e+006	2371	932	100	398	190	90	84915	1104	330	90010	75011	
189	8.30839e+006	2359	936	100	395	189	88	85256	1108	333	90343	75328	
190	8.30805e+006	2358	944	94	402	192	91	85582	1112	341	90684	75646	
191	8.30771e+006	2366	932	93	408	194	89	85921	1116	346	91030	75963	
192	8.30737e+006	2370	924	93	404	196	91	86263	1121	341	91371	76269	
193	8.30703e+006	2370	920	94	400	196	93	86604	1126	339	91710	76584	
194	8.30668e+006	2373	920	95	400	196	93	86939	1130	342	92053	76900	
195	8.30634e+006	2385	917	92	397	197	95	87273	1134	342	92395	77205	
196	8.30598e+006	2410	908	95	392	195	93	87613	1139	358	92753	77511	
197	8.30564e+006	2408	906	98	391	193	89	87951	1145	340	93092	77824	
198	8.3053e+006	2406	921	100	392	192	90	88276	1150	344	93436	78144	
199	8.30494e+006	2421	928	100	392	190	89	88608	1153	356	93792	78458	
200	8.3046e+006	2424	925	102	395	190	87	88939	1159	343	94134	78768	
201	8.30425e+006	2429	919	103	405	188	85	89273	1164	347	94482	79083	
202	8.3039e+006	2439	917	107	407	187	84	89607	1169	352	94834	79394	
203	8.30355e+006	2429	934	108	401	188	86	89948	1173	348	95182	79723	
204	8.3032e+006	2443	929	111	404	190	86	90282	1177	353	95535	80035	
205	8.30285e+006	2452	929	112	407	187	85	90620	1181	353	95888	80346	
206	8.30249e+006	2453	929	110	402	187	86	90977	1186	357	96245	80675	
207	8.30213e+006	2472	933	109	392	190	89	91321	1190	361	96606	80989	
208	8.30177e+006	2481	943	102	390	189	87	91663	1194	357	96963	81312	
209	8.30142e+006	2479	935	107	394	190	88	92010	1198	349	97312	81633	
210	8.30107e+006	2480	941	106	390	190	88	92351	1203	349	97662	81952	
211	8.3007e+006	2499	944	109	395	192	90	92688	1208	372	98034	82276	
212	8.30034e+006	2511	948	106	400	194	92	93028	1212	365	98398	82601	
213	8.29999e+006	2503	955	109	403	192	90	93371	1216	350	98748	82925	
214	8.29963e+006	2501	959	112	406	193	92	93716	1220	359	99108	83254	
215	8.29926e+006	2517	964	112	403	194	91	94066	1224	373	99480	83582	
216	8.29889e+006	2530	962	105	408	194	92	94413	1230	362	99843	83907	
217	8.29854e+006	2532	954	101	408	193	92	94771	1235	351	100193	84228	
218	8.29819e+006	2512	970	101	414	194	93	95114	1241	353	100546	84575	
219	8.29783e+006	2504	981	105	418	197	94	95453	1244	356	100902	84911	
220	8.29746e+006	2524	980	107	415	197	96	95799	1250	370	101273	85231	
221	8.29711e+006	2520	966	108	426	197	96	96155	1256	355	101627	85560	
222	8.29675e+006	2505	973	109	434	198	94	96507	1260	358	101986	85903	
223	8.29639e+006	2499	984	110	433	200	93	96851	1264	356	102342	86235	
224	8.29604e+006	2506	976	110	428	198	92	97212	1270	357	102699	86556	
225	8.29567e+006	2517	958	108	428	198	91	97581	1273	364	103063	86881	
226	8.29532e+006	2516	953	107	430	196	91	97939	1278	356	103419	87207	
227	8.29495e+006	2513	973	107	423	199	92	98289	1283	367	103785	87548	
228	8.29459e+006	2520	970	111	415	201	95	98642	1288	361	104147	87869	
229	8.29423e+006	2525	968	115	416	199	94	98995	1293	364	104511	88195	
230	8.29387e+006	2522	953	116	418	199	93	99358	1298	353	104864	88520	
231	8.2935e+006	2538	959	113	416	203	95	99707	1302	373	105237	88848	
232	8.29314e+006	2538	967	110	416	200	94	100061	1308	364	105601	89181	
233	8.29276e+006	2558	968	109	420	198	95	100410	1313	376	105977	89509	
234	8.2924e+006	2552	974	112	416	200	95	100765	1318	361	106337	89843	
235	8.29203e+006	2555	970	114	420	199	96	101122	1322	364	106702	90173	
236	8.29167e+006	2551	974	118	416	201	95	101475	1326	360	107062	90504	
237	8.29131e+006	2563	962	117	420	201	94	101833	1332	365	107427	90827	
238	8.29095e+006	2549	973	117	419	199	93	102193	1336	359	107786	91168	
239	8.29059e+006	2546	979	111	418	199	93	102553	1341	360	108146	91505	
240	8.29024e+006	2523	1005	107	417	199	91	102903	1345	353	108500	91855	
241	8.28988e+006	2524	995	106	418	196	90	103272	1351	362	108861	92185	
242	8.28951e+006	2524	993	108	419	197	92	103630	1354	364	109225	92519	
243	8.28913e+006	2541	976	109	429	200	95	103989	1358	377	109603	92852	
244	8.28878e+006	2533	979	111	430	201	97	104342	1364	357	109960	93183	
245	8.28842e+006	2532	977	108	432	204	100	104696	1369	359	110319	93516	
246	8.28804e+006	2547	979	105	434	204	99	105051	1373	375	110693	93850	
247	8.28769e+006	2550	968	104	429	202	97	105417	1379	356	111049	94173	
248	8.28733e+006	2544	969	106	424	203	96	105777	1382	356	111405	94505	
249	8.28697e+006	2537	972	107	410	208	98	106140	1388	357	111762	94842	
250	8.28661e+006	2523	999	104	414	208	100	106486	1392	364	112126	95192	
251	8.28625e+006	2530	994	105	407	212	101	106846	1396	364	112490	95520	
252	8.28589e+006	2532	985	108	408	213	100	107204	1400	361	112851	95847	
253	8.28552e+006	2525	981	109	406	212	97	107580	1404	368	113218	96192	
254	8.28516e+006	2530	972	117	415	211	96	107924	1410	361	113579	96511	
255	8.28479e+006	2543	971	116	421	208	94	108272	1416	369	113948	96840	
256	8.28443e+006	2543	954	115	418	208	93	108647	1420	357	114305	97169	
257	8.28407e+006	2539	968	108	423	206	92	108994	1426	360	114665	97506	
258	8.28372e+006	2525	977	108	425	205	95	109345	1431	350	115015	97841	
259	8.28336e+006	2530	977	112	422	203	93	109700	1437	366	115381	98169	
260	8.28299e+006	2532	985	108	412	202	92	110071	1440	369	115750	98512	
261	8.28263e+006	2526	985	104	412	203	94	110429	1446	356	116106	98848	
262	8.28227e+006	2518	1000	98	412	201	94	110787	1451	360	116466	99191	
263	8.2819e+006	2530	986	101	418	203	96	111141	1457	369	116835	99519	
264	8.28154e+006	2529	980	106	422	204	95	111493	1460	360	117194	99850	
265	8.28118e+006	2543	960	107	428	202	93	111852	1466	364	117558	100173	
266	8.28082e+006	2540	969	107	435	200	93	112200	1470	363	117921	100510	
267	8.28046e+006	2531	978	106	431	201	92	112559	1475	360	118281	100850	
268	8.28008e+006	2552	983	108	433	199	91	112903	1480	377	118657	101176	
269	8.27972e+006	2555	975	110	424	200	93	113272	1485	363	119021	101504	
270	8.27935e+006	2550	975	110	424	202	95	113636	1488	364	119385	101844	
271	8.27898e+006	2563	980	109	429	199	92	113985	1492	372	119757	102176	
272	8.27861e+006	2573	981	111	424	200	93	114344	1498	374	120131	102507	
273	8.27825e+006	2570	973	113	425	199	91	114707	1504	360	120490	102839	
274	8.27787e+006	2589	972	115	422	200	92	115063	1510	380	120870	103168	
275	8.2775e+006	2576	990	109	423	200	94	115422	1513	363	121233	103518	
276	8.27713e+006	2584	992	108	419	204	94	115780	1518	371	121605	103854	
277	8.27676e+006	2588	998	106	418	205	97	116134	1523	368	121972	104190	
278	8.27639e+006	2587	989	110	423	204	93	116503	1528	371	122343	104530	
279	8.27603e+006	2574	997	113	420	201	91	116866	1534	361	122705	104871	
280	8.27566e+006	2589	993	113	429	198	88	117218	1540	374	123079	105201	
281	8.27528e+006	2582	1003	111	429	199	89	117584	1545	373	123452	105551	
282	8.27491e+006	2593	997	106	428	200	89	117954	1549	374	123827	105885	
283	8.27455e+006	2584	1010	104	426	202	90	118306	1556	362	124189	106229	
284	8.27418e+006	2584	997	105	432	202	88	118675	1561	367	124556	106567	
285	8.27381e+006	2581	1003	107	436	206	86	119027	1564	368	124924	106909	
286	8.27344e+006	2587	991	109	429	208	89	119399	1569	368	125292	107240	
287	8.27307e+006	2586	998	109	432	207	87	119760	1574	373	125665	107584	
288	8.27271e+006	2572	1001	108	440	210	91	120115	1578	360	126025	107930	
289	8.27233e+006	2578	1012	110	442	208	91	120472	1583	379	126404	108273	
290	8.27197e+006	2573	998	112	433	211	93	120848	1587	358	126762	108602	
291	8.2716e+006	2577	994	110	439	213	94	121209	1592	372	127134	108943	
292	8.27123e+006	2585	983	114	440	212	93	121577	1597	375	127509	109277	
293	8.27086e+006	2588	989	114	438	208	90	121941	1602	371	127880	109613	
294	8.27049e+006	2579	988	121	427	206	91	122316	1607	364	128244	109951	
295	8.27012e+006	2594	982	119	427	207	94	122678	1612	375	128619	110280	
296	8.26975e+006	2583	991	121	431	203	90	123040	1617	368	128987	110626	
297	8.26938e+006	2590	979	118	422	202	91	123418	1622	365	129352	110953	
298	8.26901e+006	2589	997	112	421	204	90	123772	1627	371	129723	111300	
299	8.26865e+006	2582	1000	105	422	207	91	124143	1632	368	130091	111649	
300	8.26828e+006	2574	1016	101	428	208	90	124490	1636	363	130453	111994	
301	8.26791e+006	2583	1007	104	426	208	90	124858	1642	374	130827	112329	
302	8.26753e+006	2583	1000	110	429	209	92	125223	1648	375	131202	112670	
303	8.26716e+006	2584	994	113	428	208	93	125591	1653	370	131572	113007	
304	8.26681e+006	2579	992	116	430	210	95	125945	1659	360	131931	113342	
305	8.26643e+006	2582	994	110	428	207	94	126320	1664	373	132305	113685	
306	8.26606e+006	2582	994	109	427	209	97	126683	1668	368	132673	114021	
307	8.26571e+006	2576	994	107	428	213	100	127039	1673	357	133029	114357	
308	8.26534e+006	2570	998	106	422	211	99	127411	1678	367	133397	114704	
309	8.26498e+006	2556	1006	105	427	212	100	127768	1683	361	133757	115051	
310	8.26461e+006	2556	1011	107	429	210	98	128126	1688	370	134128	115390	
311	8.26426e+006	2549	992	112	429	205	96	128499	1694	352	134480	115718	
312	8.26389e+006	2539	987	115	430	202	93	128870	1700	364	134844	116060	
313	8.26352e+006	2543	988	113	429	204	95	129234	1705	372	135216	116399	
314	8.26314e+006	2564	986	112	432	201	92	129587	1711	378	135594	116726	
315	8.26277e+006	2569	982	111	430	201	92	129959	1715	372	135966	117065	
316	8.2624e+006	2574	967	118	429	203	92	130320	1721	366	136332	117389	
317	8.26204e+006	2568	984	114	428	199	91	130676	1727	364	136696	117734	
318	8.26169e+006	2562	970	113	431	196	91	131039	1731	346	137042	118057	
319	8.26133e+006	2566	984	102	430	195	91	131396	1736	368	137410	118398	
320	8.26097e+006	2554	980	108	424	196	93	131768	1740	360	137769	118736	
321	8.26058e+006	2559	1005	109	417	199	95	132119	1745	383	138152	119082	
322	8.26022e+006	2548	1010	112	416	200	95	132478	1749	362	138514	119427	
323	8.25987e+006	2536	1008	108	415	200	92	132847	1754	353	138867	119766	
324	8.25951e+006	2533	996	106	416	200	92	133220	1758	361	139228	120102	
325	8.25913e+006	2561	969	107	419	199	91	133584	1765	374	139603	120419	
326	8.25876e+006	2569	971	107	423	194	89	133945	1769	376	139979	120758	
327	8.25838e+006	2583	971	103	426	195	89	134301	1773	374	140352	121092	
328	8.25802e+006	2560	1006	105	421	198	90	134644	1778	361	140713	121445	
329	8.25766e+006	2558	1002	103	421	198	89	135007	1783	359	141072	121781	
330	8.25731e+006	2563	994	104	414	202	90	135364	1790	359	141431	122107	
331	8.25694e+006	2564	976	100	411	200	89	135746	1796	362	141793	122440	
332	8.25658e+006	2556	986	102	410	200	91	136103	1801	366	142159	122783	
333	8.25622e+006	2535	1004	107	417	200	90	136445	1806	355	142514	123129	
334	8.25585e+006	2532	1015	109	423	202	91	136792	1812	371	142885	123473	
335	8.25549e+006	2532	999	112	425	206	94	137154	1817	361	143245	123801	
336	8.25512e+006	2545	981	112	427	207	96	137524	1821	371	143616	124128	
337	8.25477e+006	2533	965	114	431	206	95	137889	1826	348	143964	124457	
338	8.25442e+006	2528	969	111	428	206	94	138249	1831	357	144321	124788	
339	8.25405e+006	2532	982	105	429	208	96	138597	1837	370	144691	125129	
340	8.25368e+006	2544	981	102	432	206	94	138950	1843	367	145057	125458	
341	8.25332e+006	2535	988	104	427	206	94	139311	1849	362	145419	125796	
342	8.25295e+006	2540	979	107	428	207	94	139670	1854	366	145785	126127	
343	8.25259e+006	2532	992	111	425	212	96	140018	1859	364	146149	126469	
344	8.25222e+006	2549	970	109	432	211	95	140377	1865	364	146513	126786	
345	8.25186e+006	2552	969	107	422	210	93	140744	1869	361	146874	127117	
346	8.25151e+006	2540	968	107	418	214	94	141111	1873	358	147231	127457	
347	8.25113e+006	2553	990	103	416	214	96	141456	1878	379	147611	127798	
348	8.25076e+006	2562	993	105	416	212	94	141809	1884	370	147981	128132	
349	8.2504e+006	2551	990	105	414	209	92	142176	1892	355	148336	128469	
350	8.25004e+006	2551	987	104	416	206	90	142539	1897	364	148700	128806	
351	8.24967e+006	2557	988	105	419	207	90	142893	1901	371	149070	129141	
352	8.2493e+006	2560	981	108	421	208	89	143251	1905	363	149433	129469	
353	8.24895e+006	2560	968	115	430	201	88	143606	1912	357	149791	129794	
354	8.24858e+006	2549	979	118	435	203	90	143960	1915	369	150159	130140	
355	8.24821e+006	2547	991	116	429	201	90	144323	1921	368	150528	130480	
356	8.24785e+006	2554	994	111	426	200	89	144681	1925	362	150890	130808	
357	8.24748e+006	2555	984	105	434	198	88	145049	1929	364	151254	131147	
358	8.24713e+006	2539	985	105	432	198	90	145416	1935	355	151609	131488	
359	8.24677e+006	2530	993	104	427	196	88	145773	1939	354	151963	131823	
360	8.24643e+006	2514	984	107	419	200	89	146138	1943	341	152304	132150	
361	8.24607e+006	2507	984	105	425	196	86	146502	1947	362	152666	132490	
362	8.24571e+006	2497	986	109	426	196	89	146857	1955	359	153025	132827	
363	8.24535e+006	2498	991	108	419	201	93	147212	1958	363	153388	133160	
364	8.245e+006	2486	985	110	420	199	91	147577	1963	352	153741	133495	
External infections start at day 1 and end at:	19	Number of imported cases each day	10	
Number of contacts per day:	7	
Number of contacts per day:	7	
Number of days asymptomatic patients are infectious before symptomatic	2	
Probability of transmission from exposed patients:	0.0418	
Probability of transmission from mild symptomatic patients:	0.0418	
Probability of transmission from hospitalized patients:	0	
Probability of transmission from ICU patients:	0	
Probability of testing for mild symptomatic patients:	0.75	

Adherence to Social Distancing parameters:
Day 0:	0	
Day 10:	0.72	
Day 20:	0.74	
Day 30:	0.85	
Day 40:	0.85	
Day 50:	0.85	
Day 60:	0.85	
