Day	Susceptible-LB	Susceptible-UB	Exposed-LB	Exposed-UB	Current Detected Mild Infections-LB	Current Detected Mild Infections-UB	Current Undetected Mild Infections-LB	Current Undetected Mild Infections-UB	Current Hospitalizations-LB	Current Hospitalizations-UB	Current ICU patients-LB	Current ICU patients-UB	ventilators-LB	ventilators-UB	Recovered-LB	Recovered-UB	Deaths-LB	Deaths-UB	new infections today-LB	new infections today-UB	total number of infections-LB	total number of infections-UB	Confirmed total number of infections-LB	Confirmed total number of infections-UB	
0	8.39872e+006	8.39872e+006	16	16	0	0	0	0	0	0	0	0	0	0	0	0	0	0	0	0	16	16	0	0	
1	8.39858e+006	8.39858e+006	160	160	0	0	0	0	0	0	0	0	0	0	0	0	0	0	144	144	160	160	0	0	
2	8.39843e+006	8.39843e+006	304	304	0	0	0	0	0	0	0	0	0	0	0	0	0	0	144	144	304	304	0	0	
3	8.39826e+006	8.39826e+006	473	478	0	0	0	0	0	0	0	0	0	0	0	0	0	0	169	174	473	478	0	0	
4	8.39796e+006	8.39798e+006	736	756	16	16	0	0	0	0	0	0	0	0	0	0	0	0	277	296	752	772	16	16	
5	8.39755e+006	8.39759e+006	982	1023	119	128	32	41	0	0	0	0	0	0	0	0	0	0	384	416	1142	1183	119	128	
6	8.397e+006	8.39707e+006	1367	1434	226	238	66	78	0	0	0	0	0	0	0	0	0	0	523	561	1671	1738	226	238	
7	8.39619e+006	8.3963e+006	1964	2066	353	368	108	122	0	0	0	0	0	0	0	0	0	0	760	813	2439	2542	353	368	
8	8.39504e+006	8.39519e+006	2786	2928	560	587	179	198	0	0	0	0	0	0	0	0	0	0	1095	1163	3543	3696	563	585	
9	8.39356e+006	8.39379e+006	3795	3995	856	903	272	295	0	0	0	0	0	0	0	0	0	0	1393	1483	4943	5172	861	897	
10	8.39172e+006	8.39203e+006	5031	5282	1234	1307	402	433	0	0	0	0	0	0	16	16	0	0	1754	1853	6709	7013	1259	1314	
11	8.38942e+006	8.38983e+006	6460	6781	1709	1820	546	586	24	32	0	0	0	0	128	136	0	0	2185	2316	8904	9318	1853	1936	
12	8.38674e+006	8.38727e+006	7917	8311	2417	2580	789	845	50	61	0	0	0	0	243	254	0	0	2551	2694	11465	12001	2679	2795	
13	8.38377e+006	8.38443e+006	9352	9806	3331	3572	1093	1168	82	95	0	0	0	0	381	394	0	0	2823	2983	14302	14970	3737	3909	
14	8.38068e+006	8.38148e+006	10542	11052	4447	4756	1449	1545	136	154	0	0	0	0	606	629	0	0	2946	3097	17258	18058	5086	5316	
15	8.37773e+006	8.37866e+006	11160	11699	5775	6178	1915	2029	214	233	0	0	0	0	919	959	0	0	2806	2959	20073	21009	6740	7054	
16	8.37528e+006	8.37633e+006	10932	11464	7283	7784	2427	2565	321	347	0	0	0	0	1339	1401	0	0	2323	2459	22410	23454	8682	9090	
17	8.3724e+006	8.37358e+006	10842	11379	8799	9396	2969	3128	446	477	14	18	13	16	1967	2058	0	0	2737	2893	25156	26338	10834	11348	
18	8.36914e+006	8.37047e+006	10995	11543	10166	10850	3441	3621	633	675	23	28	18	21	2874	3006	0	0	3095	3266	28263	29592	13105	13719	
19	8.36566e+006	8.36717e+006	11486	12073	11215	11964	3793	3995	857	917	31	38	22	26	4039	4232	0	0	3296	3490	31568	33072	15288	16001	
20	8.36211e+006	8.36378e+006	12533	13183	11617	12399	3957	4169	1160	1230	48	56	29	34	5486	5742	0	0	3374	3565	34954	36626	17109	17902	
21	8.35828e+006	8.36013e+006	13440	14124	12015	12834	4101	4322	1495	1585	69	80	40	47	7323	7670	0	0	3639	3839	38606	40452	19249	20152	
22	8.35425e+006	8.35629e+006	14169	14907	12413	13260	4248	4466	1888	1992	98	112	52	60	9459	9917	0	0	3826	4046	42443	44487	21673	22693	
23	8.3501e+006	8.35233e+006	14821	15580	12765	13654	4358	4590	2292	2413	141	158	72	83	11851	12419	0	0	3950	4161	46406	48635	24278	25437	
24	8.3458e+006	8.34823e+006	15539	16328	13087	14011	4464	4701	2662	2804	199	219	99	113	14377	15055	0	0	4089	4316	50507	52939	26953	28255	
25	8.34127e+006	8.34392e+006	16195	17035	13704	14670	4680	4921	2955	3103	273	298	134	150	16825	17629	0	0	4298	4544	54817	57471	29827	31265	
26	8.33653e+006	8.33939e+006	16883	17739	14828	15890	5038	5310	3048	3204	376	405	178	198	18965	19866	0	0	4513	4752	59343	62210	32828	34410	
27	8.3315e+006	8.33459e+006	17727	18620	15757	16865	5321	5604	3147	3311	473	511	214	240	21498	22526	13	16	4792	5043	64149	67240	35934	37658	
28	8.32619e+006	8.32953e+006	18688	19626	16509	17680	5552	5851	3245	3425	620	664	280	309	24358	25507	16	19	5053	5319	69210	72551	39171	41059	
29	8.32065e+006	8.32425e+006	19650	20633	17237	18469	5816	6126	3321	3509	769	821	347	380	27436	28744	19	22	5260	5550	74483	78088	42538	44606	
30	8.31482e+006	8.3187e+006	20684	21716	18108	19385	6078	6403	3399	3597	924	980	421	456	30583	32049	22	26	5545	5837	80041	83912	46107	48346	
31	8.30875e+006	8.31289e+006	21682	22758	18947	20272	6387	6724	3558	3774	1056	1123	482	522	33938	35550	26	32	5792	6083	85845	89984	49870	52287	
32	8.30235e+006	8.30678e+006	22733	23852	19868	21242	6692	7028	3864	4091	1152	1228	528	573	37368	39155	32	39	6102	6415	91957	96389	53867	56490	
33	8.29566e+006	8.30042e+006	23821	25002	20833	22288	7026	7382	4117	4350	1254	1337	575	620	40965	42924	42	51	6350	6697	98318	103075	58009	60836	
34	8.28871e+006	8.29376e+006	24918	26132	21912	23432	7393	7770	4329	4564	1371	1464	632	681	44724	46871	57	68	6640	6970	104974	110029	62390	65419	
35	8.28135e+006	8.28675e+006	26131	27413	23068	24638	7723	8112	4541	4779	1478	1578	688	741	48697	51055	73	88	6999	7370	111988	117385	66983	70223	
36	8.27359e+006	8.27936e+006	27405	28769	24239	25885	8134	8534	4759	5003	1573	1677	734	792	52885	55444	98	115	7376	7771	119376	125144	71787	75261	
37	8.26549e+006	8.27165e+006	28754	30182	25400	27149	8515	8940	5004	5248	1659	1768	777	836	57332	60111	124	142	7699	8111	127087	133242	76793	80522	
38	8.25694e+006	8.26348e+006	30264	31787	26581	28386	8916	9360	5221	5475	1719	1832	809	869	62080	65092	160	182	8152	8573	135254	141801	82034	85993	
39	8.24805e+006	8.25502e+006	31713	33321	27857	29743	9365	9837	5479	5759	1780	1896	837	898	66994	70240	199	223	8450	8902	143718	150688	87537	91759	
40	8.24336e+006	8.25055e+006	28787	30254	29213	31208	9824	10321	5758	6050	1838	1961	862	927	72176	75669	237	264	4450	4703	148182	155379	93351	97863	
41	8.2385e+006	8.24592e+006	25707	27014	30606	32719	10323	10852	6065	6362	1919	2046	897	962	77553	81302	277	306	4620	4870	152815	160236	99411	104228	
42	8.23337e+006	8.24102e+006	22446	23590	32559	34774	10414	10961	6365	6684	2039	2167	950	1019	83212	87231	309	338	4893	5147	157720	165371	106251	111393	
43	8.22839e+006	8.23625e+006	18750	19678	34575	36893	10498	11047	6667	7015	2161	2296	1005	1079	89114	93421	345	375	4753	4991	162485	170350	113347	118848	
44	8.22353e+006	8.23162e+006	18927	19841	33162	35405	9735	10254	6995	7360	2264	2401	1052	1124	95296	99880	387	421	4626	4868	167121	175207	117235	122936	
45	8.21884e+006	8.22713e+006	18777	19675	31656	33775	8890	9356	7328	7701	2374	2518	1097	1168	101823	106735	428	466	4469	4707	171607	179896	121288	127186	
46	8.2144e+006	8.22289e+006	18106	18981	30073	32042	8022	8434	7678	8064	2490	2637	1157	1230	108698	113961	476	517	4222	4452	175844	184334	125573	131673	
47	8.21017e+006	8.21886e+006	17374	18231	28134	29927	7041	7403	8043	8457	2630	2779	1217	1294	115849	121461	533	578	4023	4239	179878	188562	129763	136054	
48	8.20616e+006	8.21503e+006	16568	17390	25325	26937	6348	6664	8429	8869	2760	2914	1273	1352	123447	129415	587	635	3820	4026	183710	192576	133777	140269	
49	8.20245e+006	8.21149e+006	15621	16412	22182	23569	5537	5808	8826	9277	2905	3067	1334	1416	131315	137687	640	690	3524	3726	187248	196289	137719	144399	
50	8.19918e+006	8.20838e+006	14490	15237	21992	23351	5505	5770	8377	8816	3050	3216	1409	1492	136026	142632	694	749	3092	3277	190353	199552	141266	148122	
51	8.19592e+006	8.20528e+006	13558	14271	21497	22823	5405	5664	7920	8349	3207	3379	1483	1571	140902	147736	749	809	3088	3275	193456	202812	144664	151686	
52	8.1928e+006	8.20228e+006	12718	13389	20633	21914	5196	5452	7454	7869	3373	3553	1558	1650	146046	153115	810	872	2979	3145	196452	205941	147921	155097	
53	8.18981e+006	8.19944e+006	12025	12664	19635	20878	4973	5216	6892	7264	3543	3726	1637	1729	151142	158455	874	939	2831	3000	199295	208929	150917	158248	
54	8.18697e+006	8.19675e+006	11613	12233	18426	19615	4653	4884	6230	6564	3717	3910	1722	1821	156193	163756	944	1013	2683	2844	201987	211765	153598	161069	
55	8.18429e+006	8.19419e+006	11074	11649	17316	18458	4382	4609	5451	5736	3905	4107	1803	1907	161198	168997	1019	1091	2548	2692	204549	214442	156265	163864	
56	8.18178e+006	8.19179e+006	10471	11030	16360	17434	4097	4324	5407	5688	3846	4048	1765	1867	165466	173468	1090	1166	2378	2525	206943	216952	158846	166549	
57	8.17938e+006	8.1895e+006	9925	10442	15421	16448	3850	4066	5285	5555	3762	3966	1731	1834	169627	177830	1169	1247	2283	2415	209238	219354	161274	169100	
58	8.17711e+006	8.18732e+006	9413	9884	14509	15497	3622	3839	5048	5308	3689	3890	1698	1799	173686	182079	1251	1335	2165	2292	211418	221630	163568	171509	
59	8.17496e+006	8.18528e+006	8889	9352	13761	14684	3404	3606	4810	5063	3588	3782	1661	1758	177481	186054	1336	1423	2024	2160	213457	223775	165767	173814	
60	8.17288e+006	8.18329e+006	8486	8926	13176	14063	3276	3474	4487	4734	3469	3667	1595	1690	180937	189670	1424	1518	1976	2098	215448	225859	167796	175941	
61	8.17093e+006	8.18143e+006	8050	8477	12535	13367	3118	3303	4225	4461	3328	3524	1527	1620	184348	193240	1521	1620	1849	1963	217310	227809	169759	177997	
62	8.16907e+006	8.17966e+006	7641	8060	11871	12658	2976	3150	4012	4235	3147	3338	1442	1533	187640	196681	1619	1722	1759	1872	219080	229669	171620	179935	
63	8.16733e+006	8.178e+006	7265	7648	11245	11993	2801	2968	3771	3989	2938	3117	1343	1431	190822	200019	1731	1837	1647	1750	220739	231407	173375	181780	
64	8.16569e+006	8.17642e+006	6852	7209	10686	11385	2665	2819	3552	3762	2702	2866	1224	1305	193867	203222	1834	1946	1563	1658	222316	233051	175061	183546	
65	8.16407e+006	8.17489e+006	6521	6872	10113	10782	2543	2690	3346	3542	2431	2574	1100	1174	196794	206287	1947	2070	1520	1624	223848	234663	176644	185207	
66	8.1626e+006	8.17348e+006	6156	6481	9616	10255	2420	2563	3215	3404	2348	2486	1066	1137	199336	208961	2009	2134	1395	1480	225254	236132	178149	186787	
67	8.16119e+006	8.17214e+006	5840	6158	9270	9885	2133	2266	3064	3246	2263	2397	1022	1093	201803	211551	2069	2199	1333	1425	226596	237548	179735	188446	
68	8.15982e+006	8.17083e+006	5576	5880	8963	9550	1842	1964	2887	3058	2164	2297	977	1045	204197	214045	2133	2267	1299	1380	227910	238913	181249	190022	
69	8.15854e+006	8.1696e+006	5264	5551	8709	9263	1601	1706	2730	2896	2058	2186	930	995	206435	216396	2197	2334	1208	1295	229133	240194	182705	191553	
70	8.15732e+006	8.16843e+006	5032	5307	8402	8918	1335	1425	2605	2761	1945	2067	882	946	208599	218668	2259	2403	1161	1238	230306	241419	184052	192964	
71	8.15614e+006	8.16729e+006	4823	5078	8135	8633	1087	1170	2462	2613	1832	1949	831	894	210664	220825	2313	2460	1124	1196	231444	242601	185336	194313	
72	8.15504e+006	8.16624e+006	4561	4809	7907	8370	865	931	2340	2483	1732	1840	785	846	212603	222864	2369	2519	1040	1108	232497	243696	186586	195614	
73	8.15399e+006	8.16524e+006	4343	4574	7515	7965	817	884	2207	2342	1634	1741	742	802	214437	224785	2423	2576	991	1060	233501	244743	187725	196805	
74	8.15301e+006	8.16429e+006	4108	4340	7143	7577	788	850	2102	2230	1541	1642	696	755	216157	226583	2478	2634	927	1003	234442	245731	188806	197934	
75	8.15208e+006	8.1634e+006	3864	4086	6790	7192	747	805	2019	2137	1447	1548	654	715	217815	228329	2528	2688	880	943	235336	246660	189860	199029	
76	8.15118e+006	8.16254e+006	3672	3890	6469	6851	714	773	1903	2012	1396	1494	629	688	219351	229935	2567	2728	848	911	236194	247560	190832	200039	
77	8.15033e+006	8.16174e+006	3476	3684	6164	6521	679	735	1809	1917	1324	1419	593	650	220817	231475	2610	2773	796	854	237001	248403	191764	201009	
78	8.14953e+006	8.16096e+006	3312	3499	5827	6188	640	696	1719	1826	1252	1340	560	613	222249	232967	2652	2817	763	817	237776	249207	192636	201923	
79	8.14878e+006	8.16024e+006	3139	3318	5537	5873	605	654	1635	1742	1189	1273	529	579	223582	234357	2690	2858	707	761	238495	249957	193472	202791	
80	8.14805e+006	8.15955e+006	2969	3148	5258	5585	570	617	1541	1644	1134	1212	502	548	224870	235703	2726	2896	678	741	239182	250689	194267	203625	
81	8.14735e+006	8.15889e+006	2831	3006	4961	5275	538	584	1460	1559	1073	1149	475	517	226120	237001	2755	2928	657	713	239851	251390	195015	204406	
82	8.14671e+006	8.15827e+006	2672	2847	4712	5013	511	556	1401	1488	1026	1097	453	494	227253	238187	2783	2958	606	655	240471	252031	195733	205150	
83	8.14608e+006	8.15766e+006	2557	2727	4457	4745	483	524	1329	1409	978	1048	431	473	228343	239328	2815	2993	590	643	241075	252661	196399	205846	
84	8.14547e+006	8.15708e+006	2446	2597	4230	4505	461	503	1261	1341	926	991	411	451	229376	240411	2844	3023	565	613	241652	253262	197034	206520	
85	8.14492e+006	8.15656e+006	2299	2451	4026	4295	440	484	1198	1275	886	948	392	432	230344	241424	2870	3051	515	562	242177	253814	197658	207174	
86	8.14439e+006	8.15605e+006	2191	2336	3809	4064	416	459	1146	1224	826	884	363	402	231286	242409	2899	3081	495	543	242687	254342	198233	207769	
87	8.14388e+006	8.15556e+006	2079	2220	3627	3874	396	435	1077	1150	785	841	347	385	232179	243343	2923	3106	482	524	243179	254856	198793	208351	
88	8.14339e+006	8.15509e+006	1965	2106	3454	3695	371	410	1012	1085	747	799	331	366	233036	244229	2945	3130	454	496	243643	255342	199331	208910	
89	8.14294e+006	8.15466e+006	1877	2006	3275	3514	355	393	963	1028	705	755	311	346	233826	245053	2967	3153	424	465	244078	255796	199816	209420	
90	8.1425e+006	8.15425e+006	1784	1910	3117	3336	334	371	916	979	671	719	302	336	234574	245846	2990	3176	403	445	244491	256232	200289	209909	
91	8.14208e+006	8.15384e+006	1699	1819	2951	3165	322	356	862	924	646	689	293	326	235302	246611	3010	3198	396	433	244900	256652	200744	210385	
92	8.14167e+006	8.15344e+006	1627	1747	2817	3026	304	336	808	865	609	653	277	308	235993	247327	3029	3218	384	424	245294	257066	201175	210837	
93	8.14129e+006	8.15307e+006	1560	1679	2664	2864	289	322	769	825	572	614	260	287	236650	248017	3049	3240	357	395	245662	257451	201575	211255	
94	8.14092e+006	8.15272e+006	1498	1610	2512	2710	277	310	737	792	544	585	250	276	237271	248664	3065	3258	340	377	246014	257816	201954	211655	
95	8.14058e+006	8.1524e+006	1413	1529	2410	2592	264	295	698	755	510	547	233	257	237849	249272	3083	3276	312	352	246338	258156	202333	212045	
96	8.14026e+006	8.15209e+006	1327	1435	2310	2490	251	280	668	720	490	527	225	249	238396	249839	3097	3292	298	331	246646	258476	202699	212430	
97	8.13994e+006	8.15179e+006	1264	1367	2194	2370	242	272	636	690	467	501	213	237	238928	250396	3111	3306	294	328	246949	258795	203036	212782	
98	8.13964e+006	8.1515e+006	1201	1298	2086	2256	237	266	610	665	437	470	198	221	239431	250920	3127	3324	277	308	247236	259092	203359	213117	
99	8.13935e+006	8.15122e+006	1157	1252	1989	2158	222	251	578	634	417	450	191	214	239906	251413	3139	3337	270	304	247516	259386	203661	213432	
100	8.13908e+006	8.15096e+006	1111	1204	1900	2059	207	233	539	597	396	427	176	196	240366	251892	3154	3352	252	282	247777	259659	203948	213731	
101	8.13881e+006	8.1507e+006	1062	1154	1807	1963	198	224	511	568	373	404	161	180	240815	252353	3165	3363	247	275	248033	259926	204227	214025	
102	8.13856e+006	8.15047e+006	1011	1103	1706	1854	192	216	486	538	359	388	156	173	241238	252799	3177	3375	226	258	248270	260173	204489	214298	
103	8.13831e+006	8.15022e+006	978	1063	1629	1775	181	204	456	503	342	373	148	166	241641	253221	3188	3388	236	263	248517	260425	204748	214571	
104	8.13808e+006	8.15e+006	937	1018	1550	1692	171	194	438	483	328	360	140	158	242015	253609	3198	3398	210	239	248737	260654	204989	214823	
105	8.13786e+006	8.14979e+006	892	972	1487	1621	167	190	420	464	313	345	136	153	242364	253974	3206	3407	203	229	248948	260875	205223	215068	
106	8.13765e+006	8.14959e+006	857	933	1419	1552	163	187	401	437	296	329	129	146	242701	254326	3216	3416	192	218	249149	261084	205441	215294	
107	8.13744e+006	8.14938e+006	814	890	1363	1492	161	183	380	414	285	316	127	145	243030	254672	3224	3424	194	220	249352	261294	205664	215522	
108	8.13725e+006	8.1492e+006	783	856	1306	1431	152	173	361	394	272	303	123	141	243342	254993	3231	3433	178	205	249540	261490	205867	215735	
109	8.13706e+006	8.14902e+006	751	822	1246	1367	144	164	346	379	258	289	113	131	243645	255310	3237	3439	171	196	249719	261678	206062	215938	
110	8.13687e+006	8.14884e+006	731	797	1194	1310	137	157	327	360	244	274	110	127	243931	255610	3244	3446	171	194	249899	261862	206250	216133	
111	8.1367e+006	8.14867e+006	692	755	1148	1261	130	150	313	346	228	256	107	124	244210	255900	3251	3454	155	177	250062	262032	206438	216327	
112	8.13654e+006	8.14851e+006	666	724	1106	1216	123	142	299	333	212	238	100	116	244468	256168	3261	3464	153	173	250224	262196	206612	216509	
113	8.13638e+006	8.14836e+006	640	697	1052	1160	112	131	293	324	197	222	94	110	244728	256437	3269	3472	146	168	250378	262356	206779	216683	
114	8.13623e+006	8.14821e+006	610	665	1017	1117	107	128	280	311	189	213	90	105	244963	256681	3275	3479	141	161	250527	262509	206945	216853	
115	8.13607e+006	8.14806e+006	598	650	975	1071	102	122	272	303	180	203	86	100	245187	256914	3280	3485	143	162	250677	262664	207097	217011	
116	8.13593e+006	8.14792e+006	575	629	939	1030	99	119	261	291	172	195	82	96	245401	257137	3285	3491	131	152	250817	262808	207246	217162	
117	8.1358e+006	8.14779e+006	548	600	897	985	93	112	249	279	164	188	75	91	245617	257360	3291	3497	119	138	250944	262938	207390	217311	
118	8.13566e+006	8.14765e+006	535	588	863	946	90	108	239	268	156	178	72	86	245820	257573	3295	3502	129	149	251082	263079	207528	217454	
119	8.13543e+006	8.14744e+006	599	659	838	918	85	103	224	253	153	175	71	86	246014	257774	3299	3506	205	233	251296	263303	207669	217598	
120	8.13521e+006	8.14722e+006	677	738	804	882	81	97	213	240	148	167	67	81	246207	257973	3303	3510	207	234	251514	263525	207798	217730	
121	8.13499e+006	8.14701e+006	765	834	772	849	76	91	202	229	144	163	65	77	246379	258153	3307	3515	205	236	251731	263749	207917	217853	
122	8.13476e+006	8.14679e+006	841	918	754	829	72	86	193	221	140	160	63	74	246548	258327	3312	3520	205	234	251947	263973	208046	217985	
123	8.13454e+006	8.14657e+006	845	923	809	888	76	92	186	215	137	155	61	72	246710	258493	3315	3524	210	237	252169	264198	208243	218192	
124	8.1343e+006	8.14633e+006	862	945	869	953	82	98	183	211	126	143	56	67	246870	258658	3318	3527	225	254	252407	264439	208444	218398	
125	8.13405e+006	8.14609e+006	883	970	927	1019	88	105	175	201	122	138	53	63	247029	258823	3322	3531	228	260	252647	264686	208644	218604	
126	8.1338e+006	8.14584e+006	917	1005	993	1094	95	113	167	192	116	132	50	60	247180	258978	3325	3534	240	269	252901	264941	208841	218808	
127	8.13353e+006	8.14558e+006	953	1051	1073	1179	107	127	162	187	108	126	47	57	247315	259117	3329	3537	247	282	253161	265209	209042	219010	
128	8.13325e+006	8.1453e+006	992	1090	1154	1268	121	143	157	182	105	123	44	54	247458	259260	3333	3541	263	294	253437	265491	209255	219227	
129	8.13294e+006	8.145e+006	1047	1145	1175	1296	122	143	166	190	99	116	41	51	247667	259478	3338	3546	282	315	253733	265793	209479	219457	
130	8.13262e+006	8.14469e+006	1101	1213	1200	1327	126	149	175	201	95	112	39	49	247875	259692	3340	3548	292	339	254043	266113	209710	219690	
131	8.13229e+006	8.14437e+006	1159	1278	1232	1367	133	158	191	219	90	106	38	48	248077	259902	3344	3552	304	346	254363	266444	209947	219932	
132	8.13196e+006	8.14404e+006	1210	1336	1285	1420	140	164	212	242	84	101	36	47	248275	260107	3345	3554	314	353	254693	266781	210199	220191	
133	8.1316e+006	8.1437e+006	1255	1388	1350	1493	146	170	229	260	81	98	35	46	248482	260315	3347	3556	328	367	255036	267133	210471	220468	
134	8.13123e+006	8.14334e+006	1309	1444	1415	1571	151	174	247	278	80	98	35	47	248699	260537	3349	3558	347	393	255401	267508	210756	220762	
135	8.13084e+006	8.14296e+006	1363	1499	1479	1644	162	188	250	281	81	99	35	47	248933	260779	3351	3560	358	401	255777	267892	211049	221063	
136	8.13045e+006	8.14257e+006	1418	1562	1549	1722	168	192	255	285	83	101	36	47	249177	261025	3354	3563	369	416	256168	268286	211353	221374	
137	8.13004e+006	8.14217e+006	1469	1617	1624	1801	174	199	259	288	84	102	38	49	249429	261284	3357	3566	379	422	256563	268692	211666	221696	
138	8.1296e+006	8.14174e+006	1535	1684	1696	1889	185	211	268	300	90	109	42	54	249688	261546	3359	3568	413	460	256995	269133	211998	222037	
139	8.12916e+006	8.14131e+006	1590	1744	1764	1968	192	220	283	314	95	113	44	57	249963	261827	3361	3570	412	464	257430	269574	212341	222388	
140	8.1287e+006	8.14085e+006	1653	1812	1830	2036	202	230	292	325	98	117	46	59	250258	262130	3363	3572	433	483	257882	270038	212696	222747	
141	8.1282e+006	8.14036e+006	1745	1916	1900	2106	207	235	306	344	103	121	48	60	250556	262439	3364	3574	469	527	258375	270540	213058	223122	
142	8.12769e+006	8.13987e+006	1801	1983	1985	2200	219	250	325	365	111	128	50	62	250856	262746	3366	3576	470	526	258870	271042	213451	223522	
143	8.12717e+006	8.13935e+006	1880	2067	2065	2291	223	256	346	389	114	132	51	64	251171	263069	3369	3579	490	549	259384	271567	213852	223930	
144	8.12661e+006	8.13881e+006	1967	2169	2139	2372	234	266	353	399	126	144	55	69	251513	263421	3372	3582	519	585	259931	272124	214262	224349	
145	8.12604e+006	8.13824e+006	2032	2245	2242	2484	243	277	376	422	132	151	62	75	251856	263773	3373	3584	534	604	260492	272701	214714	224810	
146	8.12543e+006	8.13765e+006	2125	2350	2337	2589	248	284	397	446	138	157	65	78	252217	264136	3376	3587	563	630	261083	273304	215171	225273	
147	8.1248e+006	8.13703e+006	2224	2466	2441	2706	257	292	422	474	141	162	66	80	252578	264506	3380	3591	591	664	261704	273937	215647	225758	
148	8.12414e+006	8.13639e+006	2323	2564	2533	2818	271	305	444	495	145	166	67	81	252982	264917	3384	3595	617	684	262348	274595	216146	226267	
149	8.12348e+006	8.13573e+006	2412	2656	2642	2944	284	320	460	512	152	173	71	86	253389	265333	3387	3599	623	696	263004	275258	216660	226797	
150	8.12276e+006	8.13502e+006	2525	2781	2762	3081	293	330	480	533	155	177	72	86	253815	265769	3389	3601	678	753	263712	275980	217201	227349	
151	8.122e+006	8.13429e+006	2636	2906	2866	3202	310	347	499	558	166	192	77	92	254270	266235	3392	3604	704	787	264448	276735	217766	227925	
152	8.12124e+006	8.13353e+006	2738	3019	3002	3348	321	360	516	575	173	200	82	97	254738	266709	3395	3607	718	798	265202	277498	218362	228532	
153	8.12046e+006	8.13277e+006	2843	3134	3111	3471	341	387	525	588	185	214	88	105	255224	267206	3398	3611	727	811	265963	278276	218956	229135	
154	8.11963e+006	8.13197e+006	2938	3243	3260	3631	350	397	542	607	191	219	91	109	255742	267736	3403	3616	772	863	266769	279104	219608	229801	
155	8.11876e+006	8.1311e+006	3058	3372	3407	3795	369	420	557	626	199	227	92	111	256277	268281	3407	3620	825	915	267634	279979	220282	230489	
156	8.11786e+006	8.13021e+006	3187	3521	3536	3940	391	446	582	655	206	234	95	115	256826	268846	3412	3625	847	947	268527	280881	220965	231180	
157	8.11692e+006	8.1293e+006	3335	3679	3660	4075	404	459	599	672	216	245	100	120	257416	269447	3416	3629	875	970	269438	281815	221661	231892	
158	8.11595e+006	8.12835e+006	3473	3831	3794	4230	426	481	642	717	223	254	101	122	258001	270048	3423	3636	911	1013	270389	282788	222401	232652	
159	8.11494e+006	8.12735e+006	3601	3968	3975	4431	445	501	673	754	231	264	104	126	258605	270662	3429	3643	951	1054	271383	283799	223192	233453	
160	8.11388e+006	8.12632e+006	3747	4123	4121	4603	466	526	708	792	243	276	111	134	259263	271332	3431	3646	993	1102	272420	284858	224007	234275	
161	8.11281e+006	8.12526e+006	3877	4269	4277	4770	481	541	747	832	246	280	114	136	259952	272039	3436	3651	1005	1116	273472	285928	224846	235135	
162	8.11166e+006	8.12414e+006	4045	4449	4455	4970	494	558	784	869	257	291	120	141	260653	272747	3442	3657	1079	1193	274598	287073	225716	236027	
163	8.11046e+006	8.12297e+006	4218	4642	4660	5191	514	579	806	894	266	303	125	147	261376	273483	3448	3662	1124	1247	275771	288272	226625	236955	
164	8.10921e+006	8.12174e+006	4399	4840	4859	5411	534	601	827	917	280	318	128	150	262142	274268	3453	3669	1174	1301	276993	289524	227578	237931	
165	8.10791e+006	8.12047e+006	4613	5076	5027	5600	545	614	853	948	294	335	134	157	262957	275092	3459	3675	1218	1354	278262	290827	228545	238916	
166	8.10656e+006	8.11916e+006	4801	5283	5233	5817	572	641	884	985	308	352	140	164	263794	275938	3465	3681	1269	1398	279577	292178	229573	239963	
167	8.10517e+006	8.11781e+006	4979	5473	5463	6076	589	662	925	1028	322	366	147	172	264643	276808	3472	3689	1301	1439	280927	293568	230656	241071	
168	8.10372e+006	8.11639e+006	5169	5681	5705	6342	610	683	952	1061	341	383	154	178	265542	277726	3478	3694	1364	1509	282346	295021	231776	242222	
169	8.10221e+006	8.11492e+006	5367	5893	5940	6609	640	718	1006	1115	355	399	158	182	266461	278663	3484	3700	1417	1565	283819	296530	232936	243412	
170	8.10067e+006	8.11342e+006	5538	6087	6182	6874	669	752	1052	1169	371	417	163	189	267424	279647	3491	3708	1440	1591	285317	298063	234137	244651	
171	8.09905e+006	8.11184e+006	5761	6326	6447	7161	701	785	1090	1209	388	437	171	199	268413	280652	3496	3713	1523	1679	286899	299683	235373	245926	
172	8.09735e+006	8.11017e+006	5993	6590	6703	7448	730	815	1142	1264	406	459	179	209	269461	281716	3503	3720	1597	1771	288562	301388	236669	247254	
173	8.09558e+006	8.10845e+006	6241	6851	6955	7725	771	856	1188	1314	418	471	184	212	270567	282848	3511	3728	1664	1827	290285	303155	238016	248637	
174	8.09377e+006	8.10668e+006	6510	7137	7183	7979	805	896	1245	1376	428	483	192	221	271712	284015	3521	3738	1709	1879	292059	304969	239379	250037	
175	8.09186e+006	8.10483e+006	6769	7433	7456	8272	836	929	1300	1438	441	499	196	229	272903	285231	3530	3747	1784	1973	293906	306879	240826	251522	
176	8.0899e+006	8.10293e+006	7008	7691	7753	8614	865	963	1344	1480	456	517	203	236	274150	286510	3540	3757	1836	2029	295811	308838	242351	253089	
177	8.08785e+006	8.10095e+006	7258	7979	8074	8962	906	1004	1406	1552	477	540	215	248	275403	287801	3549	3766	1914	2113	297791	310886	243928	254707	
178	8.08576e+006	8.09892e+006	7516	8254	8383	9296	941	1040	1455	1611	498	564	226	260	276736	289163	3562	3778	1966	2155	299817	312981	245546	256367	
179	8.08356e+006	8.09679e+006	7790	8556	8708	9663	980	1085	1511	1674	523	590	241	276	278115	290573	3574	3790	2057	2277	301951	315181	247228	258114	
180	8.08129e+006	8.0946e+006	8072	8870	9072	10068	1010	1119	1577	1744	544	612	253	288	279515	292004	3584	3801	2117	2343	304141	317450	248975	259915	
181	8.0789e+006	8.09228e+006	8402	9219	9420	10463	1047	1164	1635	1806	566	638	262	297	281004	293529	3593	3810	2245	2462	306458	319841	250783	261791	
182	8.07643e+006	8.08989e+006	8755	9600	9752	10809	1083	1204	1705	1884	589	660	272	308	282557	295125	3607	3824	2318	2536	308843	322310	252639	263712	
183	8.07391e+006	8.08746e+006	9054	9923	10097	11209	1129	1256	1776	1956	614	690	283	321	284172	296780	3617	3835	2355	2601	311278	324830	254580	265719	
184	8.07123e+006	8.08488e+006	9436	10329	10464	11631	1168	1300	1838	2018	644	723	294	334	285836	298488	3632	3850	2500	2748	313853	327503	256586	267800	
185	8.06851e+006	8.08227e+006	9733	10664	10892	12086	1202	1334	1908	2094	669	748	307	347	287574	300287	3644	3862	2542	2798	316469	330226	258709	269998	
186	8.06567e+006	8.07953e+006	10070	11049	11314	12534	1260	1396	1981	2173	703	780	321	362	289358	302125	3655	3873	2657	2919	319203	333068	260883	272254	
187	8.06269e+006	8.07667e+006	10495	11508	11703	12965	1313	1450	2056	2256	732	811	334	374	291218	304043	3671	3890	2780	3060	322064	336047	263103	274562	
188	8.0596e+006	8.07371e+006	10878	11928	12171	13493	1375	1519	2117	2326	758	842	350	395	293137	306020	3688	3908	2882	3168	325026	339135	265448	277003	
189	8.05636e+006	8.0706e+006	11369	12446	12612	13971	1415	1566	2201	2423	781	869	360	407	295145	308087	3703	3923	3031	3318	328132	342379	267840	279498	
190	8.05308e+006	8.06745e+006	11779	12889	13095	14494	1467	1623	2273	2509	816	907	377	425	297211	310218	3719	3939	3066	3362	331285	345654	270332	282097	
191	8.04967e+006	8.06419e+006	12181	13317	13565	15027	1528	1692	2363	2605	843	936	392	442	299394	312470	3733	3954	3182	3487	334543	349066	272947	284826	
192	8.04607e+006	8.06075e+006	12651	13834	14077	15608	1577	1747	2439	2681	878	973	406	457	301655	314809	3748	3969	3354	3684	337983	352664	275661	287657	
193	8.04236e+006	8.0572e+006	13081	14320	14705	16275	1625	1797	2511	2760	917	1017	422	475	303957	317188	3768	3990	3461	3803	341539	356373	278510	290643	
194	8.03849e+006	8.05349e+006	13628	14927	15221	16838	1675	1850	2617	2872	946	1048	437	492	306375	319700	3788	4011	3614	3969	345243	360251	281397	293649	
195	8.03452e+006	8.04972e+006	14140	15480	15794	17459	1740	1921	2697	2963	991	1098	461	516	308844	322265	3808	4031	3695	4039	349015	364213	284370	296775	
196	8.03042e+006	8.0458e+006	14613	15991	16406	18141	1818	2010	2813	3081	1014	1126	475	532	311414	324938	3831	4054	3826	4197	352932	368320	287499	300060	
197	8.02613e+006	8.04172e+006	15147	16561	17016	18814	1885	2086	2917	3196	1046	1160	487	547	314115	327746	3853	4078	3993	4375	357014	372606	290752	303462	
198	8.02172e+006	8.03753e+006	15644	17085	17663	19532	1969	2168	3040	3340	1081	1197	500	559	316894	330634	3876	4100	4109	4495	361210	377014	294134	307018	
199	8.01715e+006	8.0332e+006	16190	17708	18237	20167	2051	2262	3184	3486	1115	1235	515	576	319796	333668	3901	4126	4242	4661	365540	381586	297579	310645	
200	8.01243e+006	8.02873e+006	16735	18318	18915	20919	2131	2348	3298	3614	1156	1277	530	591	322766	336748	3928	4153	4373	4806	370003	386302	301160	314414	
201	8.00752e+006	8.02407e+006	17320	18945	19647	21725	2208	2431	3423	3746	1206	1331	553	614	325826	339948	3952	4176	4579	5001	374670	391215	304894	318344	
202	8.00238e+006	8.01921e+006	17978	19679	20333	22464	2277	2501	3585	3926	1249	1379	576	639	329035	343293	3978	4203	4766	5229	379523	396357	308735	322388	
203	7.99707e+006	8.01419e+006	18666	20421	21019	23225	2371	2600	3709	4067	1291	1425	594	660	332397	346789	4004	4230	4931	5402	384545	401668	312677	326575	
204	7.99165e+006	8.00908e+006	19321	21124	21712	23996	2430	2673	3841	4208	1351	1492	626	696	335878	350431	4035	4260	5024	5512	389661	407089	316769	330912	
205	7.98594e+006	8.00371e+006	20036	21903	22498	24863	2523	2773	3969	4352	1401	1539	648	715	339445	354169	4063	4289	5293	5781	395030	412793	321023	335404	
206	7.98003e+006	7.99816e+006	20739	22670	23339	25798	2619	2872	4122	4514	1467	1614	678	748	343108	358008	4095	4322	5471	5995	400581	418709	325458	340120	
207	7.97394e+006	7.99246e+006	21426	23437	24179	26728	2711	2976	4259	4665	1519	1674	703	776	346967	362053	4128	4355	5617	6169	406280	424796	330046	344985	
208	7.96765e+006	7.98654e+006	22227	24299	25005	27654	2796	3072	4370	4782	1585	1745	732	806	350956	366236	4160	4388	5827	6374	412192	431085	334722	349956	
209	7.96115e+006	7.98043e+006	22970	25108	25958	28673	2895	3171	4539	4972	1659	1826	766	847	355006	370515	4190	4419	6035	6590	418310	437591	339634	355195	
210	7.95439e+006	7.97406e+006	23781	25949	26920	29725	3029	3311	4674	5127	1712	1888	794	878	359243	374981	4225	4455	6281	6838	424673	444347	344694	360608	
211	7.94738e+006	7.9675e+006	24643	26880	27870	30805	3111	3405	4852	5319	1778	1963	816	904	363632	379593	4258	4490	6478	7100	431241	451357	349916	366200	
212	7.94019e+006	7.96076e+006	25477	27770	28808	31829	3227	3533	5027	5517	1841	2030	844	933	368214	384430	4294	4528	6659	7265	437980	458543	355313	371961	
213	7.93283e+006	7.95385e+006	26267	28630	29812	32915	3322	3640	5237	5750	1908	2101	884	975	372918	389399	4332	4567	6827	7448	444887	465911	360924	377942	
214	7.92512e+006	7.94665e+006	27113	29570	30943	34115	3445	3767	5421	5955	1963	2161	903	996	377751	394517	4372	4609	7125	7780	452091	473613	366742	384141	
215	7.91714e+006	7.93921e+006	27999	30532	31997	35303	3565	3909	5601	6142	2037	2245	932	1032	382829	399903	4414	4652	7368	8059	459529	481601	372742	390557	
216	7.90886e+006	7.93147e+006	28998	31620	33073	36460	3669	4031	5815	6371	2094	2307	953	1055	388071	405475	4458	4698	7657	8354	467265	489875	378912	397144	
217	7.90036e+006	7.92354e+006	30032	32734	34154	37612	3797	4160	6018	6606	2179	2401	992	1096	393438	411189	4502	4743	7862	8561	475192	498372	385230	403907	
218	7.89158e+006	7.91536e+006	31018	33811	35331	38892	3914	4290	6212	6809	2253	2482	1033	1144	399037	417148	4547	4788	8112	8856	483380	507152	391821	410968	
219	7.88254e+006	7.90692e+006	32017	34874	36520	40220	4048	4441	6426	7035	2336	2569	1070	1182	404812	423290	4596	4839	8367	9121	491819	516201	398644	418304	
220	7.87317e+006	7.89819e+006	33017	35952	37759	41604	4174	4584	6668	7300	2422	2662	1110	1224	410798	429638	4643	4888	8655	9434	500545	525564	405733	425909	
221	7.86349e+006	7.88917e+006	34104	37147	39013	42940	4300	4712	6918	7576	2508	2755	1156	1276	416979	436223	4696	4943	8949	9756	509564	535251	413006	433722	
222	7.8535e+006	7.87988e+006	35211	38350	40326	44386	4442	4856	7171	7842	2596	2855	1192	1316	423330	442986	4745	4997	9220	10058	518856	545237	420502	441781	
223	7.84314e+006	7.87024e+006	36412	39657	41699	45895	4601	5028	7387	8066	2704	2974	1232	1361	429863	449956	4797	5051	9568	10429	528493	555597	428224	450081	
224	7.83256e+006	7.86038e+006	37550	40869	43083	47406	4741	5176	7669	8377	2794	3075	1266	1400	436640	457192	4850	5106	9792	10646	538353	566176	436228	458684	
225	7.82156e+006	7.85017e+006	38751	42185	44488	48925	4916	5356	7969	8710	2887	3174	1315	1448	443636	464680	4907	5166	10150	11072	548571	577180	444478	467561	
226	7.81026e+006	7.83963e+006	39999	43493	45887	50465	5071	5530	8232	9002	2996	3289	1363	1504	450944	472489	4964	5226	10469	11366	559108	588478	452999	476729	
227	7.79855e+006	7.82874e+006	41257	44834	47397	52140	5256	5734	8492	9270	3103	3406	1412	1555	458443	480534	5026	5291	10826	11770	569994	600187	461817	486220	
228	7.78657e+006	7.81759e+006	42545	46240	48883	53735	5444	5935	8751	9552	3211	3523	1452	1599	466201	488857	5085	5352	11078	12053	581146	612167	470833	495905	
229	7.77426e+006	7.8061e+006	43826	47541	50497	55516	5605	6113	9063	9889	3319	3637	1502	1648	474154	497375	5156	5426	11430	12375	592641	624476	480204	506007	
230	7.76159e+006	7.79434e+006	45066	48893	52121	57259	5793	6303	9363	10217	3439	3765	1556	1706	482385	506212	5228	5500	11709	12718	604401	637143	489857	516383	
231	7.74847e+006	7.78214e+006	46384	50302	53801	59078	5981	6507	9619	10491	3564	3905	1613	1768	490952	515412	5298	5574	12142	13180	616599	650268	499819	527117	
232	7.73498e+006	7.76955e+006	47830	51805	55453	60860	6184	6723	9941	10833	3698	4049	1681	1844	499711	524832	5374	5655	12526	13555	629188	663759	510028	538100	
233	7.72114e+006	7.75668e+006	49210	53333	57141	62633	6352	6901	10268	11211	3803	4162	1734	1905	508830	534617	5457	5742	12809	13904	642059	677601	520567	549396	
234	7.70681e+006	7.7433e+006	50815	55003	58865	64516	6537	7097	10603	11559	3942	4303	1800	1976	518149	544621	5531	5821	13314	14389	655437	691926	531325	561002	
235	7.69213e+006	7.72961e+006	52297	56562	60632	66394	6759	7330	10938	11915	4066	4442	1853	2037	527828	555042	5612	5907	13626	14736	669122	706603	542490	573028	
236	7.67713e+006	7.71561e+006	53714	58070	62472	68365	6966	7558	11269	12263	4214	4604	1925	2113	537802	565736	5698	5998	13942	15063	683129	721602	554030	585403	
237	7.6617e+006	7.70119e+006	55264	59652	64230	70276	7173	7801	11654	12674	4352	4749	1995	2189	548076	576788	5790	6096	14360	15486	697544	737032	565809	598074	
238	7.64585e+006	7.68637e+006	56716	61176	66225	72373	7404	8049	12021	13065	4486	4899	2067	2269	558640	588129	5881	6191	14764	15914	712371	752884	578065	611201	
239	7.62952e+006	7.6711e+006	58307	62824	68181	74495	7635	8296	12399	13448	4648	5082	2145	2356	569499	599770	5978	6293	15216	16386	727638	769219	590592	624651	
240	7.61283e+006	7.65552e+006	59891	64507	70189	76616	7848	8534	12770	13860	4782	5223	2203	2420	580660	611779	6076	6394	15528	16744	743218	785910	603416	638393	
241	7.59568e+006	7.63946e+006	61540	66226	72181	78704	8065	8761	13164	14296	4936	5379	2271	2489	592207	624203	6179	6503	16009	17204	759281	803060	616620	652537	
242	7.57804e+006	7.62293e+006	63254	67993	74190	80829	8289	9001	13551	14707	5090	5538	2343	2562	604146	637007	6288	6620	16479	17681	775810	820692	630214	667080	
243	7.55999e+006	7.60601e+006	64888	69726	76387	83098	8505	9206	13903	15081	5277	5741	2422	2643	616378	650162	6390	6729	16849	18119	792726	838745	644215	682072	
244	7.54154e+006	7.58871e+006	66616	71484	78403	85257	8698	9407	14329	15533	5445	5933	2498	2728	629063	663730	6492	6838	17255	18503	810029	857200	658516	697406	
245	7.52261e+006	7.57092e+006	68342	73256	80536	87476	8942	9664	14742	15976	5641	6137	2585	2822	642027	677632	6607	6963	17734	18977	827816	876124	673231	713130	
246	7.50325e+006	7.55275e+006	69992	74983	82818	89838	9195	9921	15204	16461	5800	6309	2660	2904	655284	691841	6733	7098	18130	19407	845990	895486	688384	729300	
247	7.48345e+006	7.53412e+006	71716	76722	85054	92213	9447	10180	15634	16909	5981	6510	2739	2989	668961	706483	6863	7236	18575	19857	864617	915290	703864	745839	
248	7.4632e+006	7.51506e+006	73466	78519	87316	94576	9678	10404	16123	17418	6169	6705	2819	3071	682986	721485	6994	7376	19005	20302	883676	935537	719758	762805	
249	7.44254e+006	7.49559e+006	75145	80252	89544	96881	9953	10705	16607	17914	6326	6871	2891	3148	697482	737014	7124	7518	19408	20714	903142	956195	736039	780125	
250	7.42126e+006	7.47556e+006	76999	82176	91857	99255	10243	10992	17040	18381	6548	7111	3000	3261	712282	752869	7249	7650	19983	21331	923174	977477	752685	797876	
251	7.39961e+006	7.4551e+006	78824	84030	94173	101653	10493	11247	17525	18883	6724	7300	3082	3352	727548	769186	7384	7792	20400	21710	943632	999129	769763	816042	
252	7.37738e+006	7.43407e+006	80793	86008	96454	104029	10732	11498	18011	19392	6918	7515	3164	3440	743259	785939	7525	7943	20975	22280	964663	1.02135e+006	787243	834619	
253	7.35495e+006	7.41283e+006	82567	87791	98762	106370	10983	11752	18499	19892	7086	7693	3251	3534	759360	803148	7683	8109	21183	22496	985906	1.04379e+006	805086	853571	
254	7.33197e+006	7.39102e+006	84339	89491	101166	108874	11299	12083	18946	20358	7276	7883	3347	3625	775875	820783	7835	8274	21754	23033	1.00771e+006	1.06677e+006	823427	873068	
255	7.30845e+006	7.36875e+006	86162	91347	103575	111345	11559	12343	19439	20870	7478	8099	3445	3725	792817	838817	7986	8433	22224	23565	1.02999e+006	1.09028e+006	842170	892908	
256	7.28451e+006	7.34599e+006	87886	93072	106153	113950	11818	12619	19912	21346	7692	8325	3542	3827	810152	857305	8142	8602	22698	24005	1.05274e+006	1.11423e+006	861453	913294	
257	7.2601e+006	7.32276e+006	89882	95038	108492	116320	12088	12887	20403	21864	7906	8548	3641	3932	827911	876187	8307	8781	23178	24464	1.07597e+006	1.13864e+006	880925	933872	
258	7.23534e+006	7.29919e+006	91642	96818	110946	118755	12394	13173	20887	22364	8128	8778	3737	4029	846099	895527	8472	8958	23513	24814	1.09954e+006	1.1634e+006	900890	954933	
259	7.21012e+006	7.27515e+006	93408	98533	113461	121312	12684	13477	21418	22911	8365	9032	3848	4150	864615	915191	8652	9152	23985	25285	1.12359e+006	1.18862e+006	921314	976496	
260	7.18448e+006	7.25065e+006	95142	100226	115950	123759	12907	13707	21947	23463	8563	9241	3928	4241	883739	935512	8835	9350	24433	25698	1.14808e+006	1.21426e+006	942206	998487	
261	7.15838e+006	7.22573e+006	96825	101921	118467	126243	13183	13961	22484	24011	8805	9498	4036	4358	903236	956165	9016	9546	24860	26159	1.17301e+006	1.24035e+006	963509	1.0209e+006	
262	7.13186e+006	7.2003e+006	98669	103700	120742	128512	13448	14225	23078	24617	9026	9720	4154	4476	923263	977361	9203	9747	25356	26594	1.19843e+006	1.26688e+006	985121	1.04361e+006	
263	7.10507e+006	7.17464e+006	100294	105264	123269	131021	13725	14502	23559	25081	9271	9987	4271	4607	943583	998855	9401	9959	25611	26847	1.2241e+006	1.29367e+006	1.00716e+006	1.06674e+006	
264	7.07776e+006	7.14843e+006	101999	106940	125719	133455	13949	14737	24098	25608	9529	10254	4396	4740	964404	1.02083e+006	9593	10164	26137	27375	1.25031e+006	1.32097e+006	1.02966e+006	1.09029e+006	
265	7.05017e+006	7.12187e+006	103633	108442	128113	135796	14197	14984	24572	26109	9770	10490	4513	4857	985763	1.04339e+006	9798	10383	26492	27663	1.27687e+006	1.34857e+006	1.05252e+006	1.11424e+006	
266	7.02226e+006	7.09503e+006	105050	109820	130476	138088	14500	15274	25097	26625	10021	10752	4626	4974	1.00753e+006	1.06633e+006	10011	10613	26773	27971	1.30371e+006	1.37647e+006	1.07582e+006	1.13856e+006	
267	6.99384e+006	7.06765e+006	106756	111462	132680	140245	14734	15495	25630	27158	10285	11024	4760	5110	1.02974e+006	1.08969e+006	10238	10853	27315	28492	1.33109e+006	1.4049e+006	1.09936e+006	1.16316e+006	
268	6.96522e+006	7.04002e+006	108167	112779	135059	142561	14986	15733	26101	27608	10560	11317	4892	5255	1.05233e+006	1.11346e+006	10469	11101	27546	28695	1.35872e+006	1.43351e+006	1.12342e+006	1.18824e+006	
269	6.93641e+006	7.01215e+006	109480	113992	137323	144688	15240	15974	26665	28192	10789	11540	4986	5348	1.07536e+006	1.13763e+006	10696	11347	27804	28877	1.38659e+006	1.46232e+006	1.14778e+006	1.21358e+006	
270	6.90704e+006	6.98376e+006	111020	115465	139394	146690	15502	16253	27184	28709	11055	11802	5118	5475	1.09882e+006	1.16223e+006	10939	11605	28314	29443	1.41497e+006	1.49169e+006	1.17238e+006	1.23916e+006	
271	6.87741e+006	6.95503e+006	112358	116692	141636	148804	15731	16454	27729	29234	11288	12047	5226	5587	1.12272e+006	1.18731e+006	11176	11856	28654	29718	1.44371e+006	1.52133e+006	1.19753e+006	1.26528e+006	
272	6.8477e+006	6.92619e+006	113560	117790	143597	150673	15968	16678	28252	29754	11544	12308	5347	5708	1.14712e+006	1.21279e+006	11423	12120	28742	29799	1.47254e+006	1.55103e+006	1.22286e+006	1.29153e+006	
273	6.81762e+006	6.89693e+006	114910	119102	145588	152498	16170	16883	28721	30207	11807	12557	5453	5804	1.1718e+006	1.23862e+006	11672	12385	29156	30187	1.5018e+006	1.58112e+006	1.24846e+006	1.318e+006	
274	6.78718e+006	6.86731e+006	116123	120187	147509	154308	16432	17135	29269	30740	12048	12797	5565	5922	1.19696e+006	1.26489e+006	11926	12651	29522	30533	1.53142e+006	1.61155e+006	1.27448e+006	1.34493e+006	
275	6.7566e+006	6.83748e+006	117221	121138	149489	156177	16623	17312	29750	31189	12303	13066	5676	6041	1.22251e+006	1.29149e+006	12194	12935	29753	30668	1.56126e+006	1.64214e+006	1.30087e+006	1.37216e+006	
276	6.72592e+006	6.80751e+006	118345	122125	151277	157813	16820	17487	30221	31655	12566	13316	5801	6158	1.24835e+006	1.31838e+006	12465	13225	29860	30791	1.59123e+006	1.67282e+006	1.32734e+006	1.39944e+006	
277	6.69511e+006	6.77734e+006	119245	122854	152913	159297	17031	17693	30749	32133	12810	13556	5898	6258	1.27469e+006	1.3458e+006	12739	13517	30056	30918	1.62139e+006	1.70363e+006	1.3542e+006	1.42707e+006	
278	6.66396e+006	6.74683e+006	120125	123586	154752	160984	17180	17832	31165	32533	13054	13786	6024	6371	1.30136e+006	1.37347e+006	13032	13829	30398	31269	1.65191e+006	1.73478e+006	1.38142e+006	1.45504e+006	
279	6.63255e+006	6.71596e+006	121115	124457	156467	162553	17414	18053	31646	33005	13333	14054	6156	6499	1.32819e+006	1.40124e+006	13315	14124	30741	31539	1.68278e+006	1.76619e+006	1.4088e+006	1.48313e+006	
280	6.60119e+006	6.68506e+006	122028	125154	157942	163818	17494	18127	32035	33372	13573	14302	6245	6594	1.35565e+006	1.4297e+006	13604	14429	30767	31494	1.71368e+006	1.79755e+006	1.43637e+006	1.51135e+006	
281	6.56964e+006	6.65396e+006	122919	125933	159220	164889	17623	18251	32461	33803	13822	14519	6364	6707	1.3834e+006	1.45837e+006	13912	14753	30942	31701	1.74478e+006	1.82909e+006	1.46409e+006	1.53968e+006	
282	6.53807e+006	6.62278e+006	123559	126376	160751	166216	17770	18374	32814	34104	14049	14739	6447	6790	1.41134e+006	1.48723e+006	14222	15080	31038	31712	1.77596e+006	1.86066e+006	1.49215e+006	1.56833e+006	
283	6.50649e+006	6.59155e+006	123902	126559	162203	167415	17927	18502	33111	34382	14309	14993	6570	6914	1.43972e+006	1.51647e+006	14531	15404	31080	31726	1.80718e+006	1.89225e+006	1.52049e+006	1.59718e+006	
284	6.47498e+006	6.56035e+006	124151	126757	163314	168232	18083	18624	33483	34706	14520	15205	6664	7008	1.46844e+006	1.54603e+006	14850	15740	31010	31699	1.83838e+006	1.92375e+006	1.54888e+006	1.62601e+006	
285	6.44341e+006	6.529e+006	124348	126845	164409	169161	18199	18707	33780	34953	14750	15410	6752	7088	1.49741e+006	1.57582e+006	15178	16087	31134	31793	1.86974e+006	1.95532e+006	1.57744e+006	1.65499e+006	
286	6.41166e+006	6.49739e+006	124714	127086	165456	169935	18358	18827	34066	35205	14945	15601	6841	7171	1.52657e+006	1.60572e+006	15508	16433	31391	31968	1.90135e+006	1.98707e+006	1.60608e+006	1.68401e+006	
287	6.3801e+006	6.46589e+006	124872	127185	166361	170613	18488	18947	34326	35416	15139	15777	6926	7246	1.55593e+006	1.63579e+006	15848	16792	31237	31825	1.93285e+006	2.01864e+006	1.63475e+006	1.71302e+006	
288	6.34861e+006	6.43445e+006	125058	127210	166905	170962	18569	19013	34674	35726	15278	15904	6975	7290	1.58562e+006	1.66614e+006	16194	17155	31186	31734	1.96428e+006	2.05012e+006	1.66343e+006	1.74197e+006	
289	6.3171e+006	6.40293e+006	125164	127220	167299	171191	18586	19021	35065	36071	15434	16060	7059	7370	1.61559e+006	1.69668e+006	16544	17521	31233	31809	1.99581e+006	2.08164e+006	1.69227e+006	1.77103e+006	
290	6.2857e+006	6.37144e+006	124944	126963	167903	171611	18631	19049	35373	36327	15621	16231	7155	7455	1.64562e+006	1.72727e+006	16899	17890	31159	31723	2.0273e+006	2.11303e+006	1.72133e+006	1.80023e+006	
291	6.25444e+006	6.33999e+006	124761	126801	168233	171739	18614	19028	35648	36577	15784	16392	7234	7524	1.6759e+006	1.75805e+006	17260	18260	31056	31662	2.05875e+006	2.1443e+006	1.75033e+006	1.8293e+006	
292	6.22329e+006	6.30865e+006	124486	126649	168373	171721	18643	19046	35889	36762	15963	16557	7322	7604	1.70631e+006	1.78891e+006	17608	18624	30931	31563	2.09009e+006	2.17545e+006	1.7792e+006	1.85822e+006	
293	6.19249e+006	6.27762e+006	123866	126051	168549	171826	18629	19016	36030	36860	16105	16686	7393	7662	1.73686e+006	1.81991e+006	17975	19002	30614	31209	2.12112e+006	2.20625e+006	1.80821e+006	1.88723e+006	
294	6.16169e+006	6.24649e+006	123333	125637	168713	171836	18639	19005	36143	36961	16296	16854	7449	7707	1.76737e+006	1.85079e+006	18339	19381	30638	31297	2.15225e+006	2.23705e+006	1.83715e+006	1.91611e+006	
295	6.13111e+006	6.21555e+006	122683	125086	168650	171697	18634	19003	36193	36985	16438	16990	7534	7799	1.79813e+006	1.88183e+006	18722	19777	30416	31100	2.18319e+006	2.26763e+006	1.86611e+006	1.94489e+006	
296	6.10093e+006	6.18495e+006	121781	124279	168225	171339	18585	18969	36282	37052	16608	17136	7603	7859	1.82908e+006	1.913e+006	19101	20170	30031	30754	2.21379e+006	2.29781e+006	1.89494e+006	1.97356e+006	
297	6.07099e+006	6.15458e+006	120967	123575	167612	170750	18568	18948	36320	37057	16763	17262	7700	7945	1.85997e+006	1.94405e+006	19492	20570	29805	30501	2.24416e+006	2.32775e+006	1.92347e+006	2.00189e+006	
298	6.0412e+006	6.12427e+006	119979	122721	167102	170394	18499	18899	36351	37063	16897	17374	7769	8008	1.89084e+006	1.97503e+006	19876	20970	29654	30440	2.27447e+006	2.35753e+006	1.9521e+006	2.03024e+006	
299	6.0117e+006	6.0942e+006	118966	121794	166296	169734	18460	18878	36446	37139	17006	17463	7811	8048	1.92175e+006	2.00601e+006	20264	21369	29401	30175	2.30454e+006	2.38704e+006	1.98052e+006	2.05834e+006	
300	5.98245e+006	6.0643e+006	118077	121044	165271	168896	18328	18777	36478	37133	17065	17511	7859	8097	1.95271e+006	2.03698e+006	20671	21789	29145	30001	2.33443e+006	2.41629e+006	2.00868e+006	2.08612e+006	
301	5.95363e+006	6.03484e+006	116990	120099	164136	167864	18198	18660	36424	37055	17172	17609	7890	8124	1.98367e+006	2.06783e+006	21082	22211	28725	29547	2.36389e+006	2.4451e+006	2.03663e+006	2.11369e+006	
302	5.92505e+006	6.00556e+006	115826	119034	162949	166846	18098	18564	36348	36979	17258	17680	7927	8163	2.01457e+006	2.09861e+006	21479	22621	28498	29367	2.39317e+006	2.47369e+006	2.06452e+006	2.14111e+006	
303	5.89688e+006	5.97661e+006	114509	117903	161838	165929	17977	18467	36185	36820	17282	17678	7938	8162	2.0453e+006	2.12916e+006	21890	23044	28091	29037	2.42213e+006	2.50186e+006	2.09216e+006	2.16826e+006	
304	5.86902e+006	5.94801e+006	113121	116599	160478	164770	17842	18333	36091	36773	17286	17675	7978	8193	2.07603e+006	2.15966e+006	22315	23475	27759	28694	2.45073e+006	2.52971e+006	2.11969e+006	2.19519e+006	
305	5.84159e+006	5.91975e+006	111756	115388	158945	163388	17666	18180	35948	36668	17323	17702	7968	8173	2.10661e+006	2.18995e+006	22724	23893	27359	28337	2.47899e+006	2.55715e+006	2.14678e+006	2.22171e+006	
306	5.81448e+006	5.89174e+006	110299	114093	157532	162140	17526	18061	35743	36490	17312	17684	7972	8177	2.13696e+006	2.21994e+006	23148	24323	27040	28074	2.507e+006	2.58425e+006	2.17373e+006	2.24804e+006	
307	5.7877e+006	5.86407e+006	108918	112790	155914	160791	17408	17969	35469	36247	17296	17647	7946	8138	2.16715e+006	2.24978e+006	23572	24745	26710	27735	2.53466e+006	2.61103e+006	2.20034e+006	2.27395e+006	
308	5.76143e+006	5.83685e+006	107367	111385	154174	159232	17230	17806	35203	36023	17300	17648	7929	8118	2.19722e+006	2.27945e+006	23990	25169	26210	27287	2.56189e+006	2.63731e+006	2.22665e+006	2.29958e+006	
309	5.73545e+006	5.80993e+006	105915	110038	152318	157592	17037	17616	35019	35851	17263	17603	7898	8082	2.22703e+006	2.30878e+006	24419	25610	25905	26992	2.58881e+006	2.66328e+006	2.25267e+006	2.32485e+006	
310	5.70997e+006	5.78346e+006	104289	108501	150432	155883	16810	17405	34694	35547	17243	17581	7866	8048	2.2568e+006	2.33801e+006	24828	26021	25415	26537	2.61528e+006	2.68876e+006	2.27848e+006	2.34981e+006	
311	5.68495e+006	5.75744e+006	102540	106847	148612	154262	16608	17220	34355	35225	17204	17551	7857	8051	2.28617e+006	2.36681e+006	25239	26434	24960	26080	2.6413e+006	2.71378e+006	2.30393e+006	2.37446e+006	
312	5.66035e+006	5.73179e+006	100876	105268	146514	152381	16409	17031	33995	34900	17135	17485	7828	8017	2.31539e+006	2.39541e+006	25678	26874	24546	25710	2.66695e+006	2.73839e+006	2.32897e+006	2.39864e+006	
313	5.63618e+006	5.70658e+006	99072	103548	144585	150588	16152	16778	33725	34679	17075	17432	7810	8001	2.34418e+006	2.42352e+006	26095	27290	24105	25268	2.69216e+006	2.76255e+006	2.35379e+006	2.42261e+006	
314	5.61253e+006	5.68186e+006	97262	101788	142496	148684	15896	16524	33322	34289	17005	17386	7770	7966	2.37279e+006	2.45144e+006	26506	27705	23606	24776	2.71688e+006	2.78621e+006	2.37819e+006	2.44611e+006	
315	5.58925e+006	5.65748e+006	95521	100136	140340	146672	15648	16284	32877	33899	16878	17270	7728	7934	2.40111e+006	2.47903e+006	26940	28140	23222	24425	2.74126e+006	2.80948e+006	2.40216e+006	2.46915e+006	
316	5.56648e+006	5.63363e+006	93687	98337	138066	144534	15416	16070	32501	33567	16766	17173	7674	7888	2.42912e+006	2.50623e+006	27346	28551	22713	23908	2.76511e+006	2.83226e+006	2.42577e+006	2.4918e+006	
317	5.54417e+006	5.61017e+006	91824	96595	135766	142378	15105	15766	32133	33262	16618	17038	7603	7819	2.45681e+006	2.53312e+006	27758	28962	22251	23518	2.78856e+006	2.85457e+006	2.44904e+006	2.51411e+006	
318	5.52221e+006	5.58706e+006	90132	94976	133447	140149	14821	15482	31752	32915	16488	16931	7568	7792	2.48406e+006	2.5595e+006	28174	29374	21912	23158	2.81168e+006	2.87653e+006	2.47182e+006	2.53592e+006	
319	5.50078e+006	5.56454e+006	88286	93129	131015	137845	14555	15234	31322	32514	16387	16855	7524	7763	2.51103e+006	2.58559e+006	28595	29792	21378	22577	2.8342e+006	2.89795e+006	2.49428e+006	2.55739e+006	
320	5.47983e+006	5.54245e+006	86478	91351	128573	135485	14289	14973	30881	32102	16238	16724	7453	7699	2.53761e+006	2.61127e+006	29013	30205	20904	22131	2.85629e+006	2.9189e+006	2.51628e+006	2.57838e+006	
321	5.45933e+006	5.52077e+006	84686	89558	126106	133179	14027	14735	30455	31708	16059	16554	7361	7606	2.56376e+006	2.6365e+006	29430	30613	20461	21722	2.87797e+006	2.9394e+006	2.53788e+006	2.59893e+006	
322	5.43929e+006	5.49959e+006	82766	87630	123728	130886	13767	14481	29949	31235	15882	16395	7281	7535	2.58962e+006	2.66138e+006	29851	31029	19994	21229	2.89915e+006	2.95945e+006	2.55916e+006	2.61916e+006	
323	5.4197e+006	5.47883e+006	80928	85867	121235	128438	13527	14244	29408	30715	15723	16253	7189	7455	2.61508e+006	2.68586e+006	30250	31423	19542	20813	2.91991e+006	2.97904e+006	2.57993e+006	2.63891e+006	
324	5.40062e+006	5.45858e+006	79052	84033	118816	126080	13232	13970	28872	30210	15542	16076	7105	7370	2.64006e+006	2.70984e+006	30664	31831	19031	20294	2.94016e+006	2.99811e+006	2.60031e+006	2.65826e+006	
325	5.38197e+006	5.43876e+006	77209	82169	116303	123627	12984	13719	28346	29706	15375	15931	7032	7302	2.66468e+006	2.73341e+006	31070	32232	18616	19860	2.95998e+006	3.01677e+006	2.62028e+006	2.67715e+006	
326	5.36376e+006	5.41944e+006	75371	80312	113860	121231	12703	13442	27861	29225	15161	15729	6937	7212	2.6888e+006	2.75648e+006	31477	32631	18160	19368	2.9793e+006	3.03498e+006	2.63983e+006	2.69566e+006	
327	5.34604e+006	5.40057e+006	73503	78412	111433	118814	12407	13166	27358	28761	14979	15569	6858	7152	2.71249e+006	2.77911e+006	31860	33007	17672	18915	2.99816e+006	3.0527e+006	2.65898e+006	2.71375e+006	
328	5.32872e+006	5.38213e+006	71743	76605	108830	116238	12118	12889	26847	28256	14762	15373	6754	7053	2.73591e+006	2.80142e+006	32248	33385	17269	18488	3.01661e+006	3.07001e+006	2.67763e+006	2.73133e+006	
329	5.31188e+006	5.36417e+006	69923	74742	106341	113797	11836	12621	26335	27750	14517	15142	6652	6955	2.75878e+006	2.82322e+006	32643	33772	16795	17998	3.03456e+006	3.08685e+006	2.69592e+006	2.74855e+006	
330	5.29552e+006	5.34672e+006	68077	72876	103836	111278	11601	12373	25818	27257	14305	14939	6566	6871	2.78118e+006	2.84454e+006	33019	34138	16312	17504	3.05202e+006	3.10321e+006	2.71371e+006	2.76532e+006	
331	5.27961e+006	5.32974e+006	66270	70983	101353	108775	11292	12073	25260	26706	14063	14705	6473	6780	2.80326e+006	2.86548e+006	33390	34503	15866	17020	3.06899e+006	3.11912e+006	2.73111e+006	2.78169e+006	
332	5.26407e+006	5.31311e+006	64493	69175	98885	106294	11036	11811	24694	26166	13811	14456	6357	6668	2.82485e+006	2.88598e+006	33768	34869	15492	16680	3.08563e+006	3.13466e+006	2.74813e+006	2.79767e+006	
333	5.249e+006	5.29696e+006	62729	67372	96411	103745	10776	11533	24155	25622	13569	14225	6246	6557	2.84602e+006	2.90601e+006	34128	35218	15031	16195	3.10178e+006	3.14974e+006	2.76468e+006	2.8132e+006	
334	5.23419e+006	5.28106e+006	61182	65802	93988	101241	10493	11234	23636	25096	13328	14006	6129	6443	2.86665e+006	2.9255e+006	34490	35569	14767	15933	3.11767e+006	3.16454e+006	2.7808e+006	2.8283e+006	
335	5.21991e+006	5.26576e+006	59552	64132	91520	98688	10214	10946	23078	24560	13065	13736	6006	6318	2.88692e+006	2.94463e+006	34848	35914	14234	15352	3.13298e+006	3.17882e+006	2.79647e+006	2.84301e+006	
336	5.20597e+006	5.2508e+006	57949	62459	89158	96304	9914	10636	22535	24000	12820	13509	5883	6200	2.90668e+006	2.96329e+006	35197	36253	13889	15007	3.14794e+006	3.19276e+006	2.81185e+006	2.85737e+006	
337	5.19238e+006	5.23621e+006	56462	60898	86755	93820	9691	10385	22012	23472	12559	13257	5767	6084	2.92596e+006	2.98144e+006	35559	36600	13544	14635	3.16252e+006	3.20636e+006	2.82673e+006	2.87126e+006	
338	5.17925e+006	5.22207e+006	54780	59156	84529	91541	9416	10107	21518	22970	12293	12988	5632	5949	2.94483e+006	2.99919e+006	35903	36925	13082	14193	3.17667e+006	3.21948e+006	2.84142e+006	2.88495e+006	
339	5.16656e+006	5.2084e+006	53184	57524	82213	89139	9171	9863	20933	22373	12055	12759	5516	5841	2.96326e+006	3.01652e+006	36249	37260	12643	13715	3.19034e+006	3.23218e+006	2.85551e+006	2.89812e+006	
340	5.15428e+006	5.19518e+006	51535	55785	80035	86888	8931	9612	20385	21824	11778	12480	5398	5719	2.9812e+006	3.03338e+006	36595	37592	12242	13266	3.20356e+006	3.24446e+006	2.86933e+006	2.91098e+006	
341	5.1423e+006	5.18228e+006	49923	54094	77953	84741	8696	9369	19851	21249	11522	12235	5273	5599	2.99866e+006	3.04977e+006	36920	37907	11936	12940	3.21645e+006	3.25644e+006	2.88279e+006	2.92354e+006	
342	5.13068e+006	5.16974e+006	48412	52492	75766	82475	8469	9151	19338	20731	11298	12010	5160	5490	3.01572e+006	3.06575e+006	37239	38208	11572	12591	3.229e+006	3.26806e+006	2.89584e+006	2.93566e+006	
343	5.11938e+006	5.15756e+006	47023	50993	73631	80254	8218	8891	18784	20178	11016	11731	5045	5377	3.03238e+006	3.08135e+006	37560	38516	11253	12217	3.24117e+006	3.27935e+006	2.90845e+006	2.94737e+006	
344	5.10843e+006	5.14575e+006	45686	49584	71344	77828	7980	8650	18344	19730	10758	11470	4945	5280	3.04866e+006	3.09655e+006	37883	38823	10906	11855	3.25298e+006	3.29031e+006	2.92066e+006	2.95873e+006	
345	5.09781e+006	5.13429e+006	44326	48157	69293	75668	7738	8392	17861	19220	10499	11222	4817	5159	3.06442e+006	3.11128e+006	38182	39111	10574	11514	3.26444e+006	3.30093e+006	2.93254e+006	2.96978e+006	
346	5.08762e+006	5.12326e+006	42896	46645	67206	73488	7500	8164	17418	18736	10242	10964	4723	5069	3.07984e+006	3.12565e+006	38469	39380	10141	11080	3.27548e+006	3.31112e+006	2.94411e+006	2.9805e+006	
347	5.07764e+006	5.11248e+006	41568	45255	65141	71301	7279	7929	16966	18277	9975	10683	4596	4936	3.09488e+006	3.13969e+006	38755	39657	9925	10827	3.28626e+006	3.32109e+006	2.95535e+006	2.99095e+006	
348	5.06797e+006	5.10203e+006	40285	43902	63212	69215	7038	7671	16490	17796	9721	10420	4484	4817	3.10949e+006	3.15329e+006	39027	39918	9624	10503	3.29671e+006	3.33077e+006	2.96628e+006	3.00109e+006	
349	5.0586e+006	5.09189e+006	39026	42583	61375	67240	6818	7432	16057	17333	9456	10144	4363	4687	3.12362e+006	3.16641e+006	39308	40184	9318	10192	3.30685e+006	3.34014e+006	2.97687e+006	3.01091e+006	
350	5.04956e+006	5.08209e+006	37873	41345	59482	65260	6619	7217	15510	16754	9229	9914	4249	4572	3.13738e+006	3.1792e+006	39584	40447	8988	9841	3.31664e+006	3.34917e+006	2.98706e+006	3.02034e+006	
351	5.04083e+006	5.07262e+006	36638	40043	57704	63378	6395	6977	15113	16329	8996	9665	4154	4467	3.15067e+006	3.19156e+006	39855	40703	8688	9527	3.32612e+006	3.35791e+006	2.99702e+006	3.02956e+006	
352	5.03232e+006	5.06341e+006	35482	38788	55932	61467	6227	6792	14620	15823	8755	9422	4048	4362	3.16369e+006	3.20366e+006	40127	40957	8467	9247	3.33532e+006	3.36642e+006	3.00664e+006	3.03847e+006	
353	5.02407e+006	5.05451e+006	34356	37547	54179	59627	6049	6604	14150	15328	8546	9203	3939	4255	3.17633e+006	3.2154e+006	40378	41190	8190	8954	3.34422e+006	3.37467e+006	3.01598e+006	3.04711e+006	
354	5.01617e+006	5.04594e+006	33212	36331	52434	57783	5885	6426	13718	14865	8288	8939	3811	4121	3.18862e+006	3.22682e+006	40621	41419	7844	8624	3.35279e+006	3.38257e+006	3.02502e+006	3.05545e+006	
355	5.00851e+006	5.03764e+006	32128	35158	50748	55995	5687	6224	13272	14401	8065	8707	3721	4029	3.20052e+006	3.23787e+006	40875	41657	7606	8352	3.36109e+006	3.39022e+006	3.03377e+006	3.06352e+006	
356	5.00109e+006	5.02959e+006	31025	34022	49245	54332	5527	6044	12883	13990	7854	8487	3609	3911	3.21195e+006	3.24845e+006	41110	41878	7366	8109	3.36915e+006	3.39764e+006	3.04227e+006	3.07138e+006	
357	4.99388e+006	5.02178e+006	29997	32925	47671	52620	5375	5874	12455	13560	7667	8300	3515	3819	3.22313e+006	3.25882e+006	41332	42088	7160	7859	3.37696e+006	3.40486e+006	3.05048e+006	3.079e+006	
358	4.98691e+006	5.01426e+006	29068	31869	46084	50934	5189	5676	12107	13193	7462	8092	3432	3735	3.23394e+006	3.26884e+006	41547	42292	6915	7569	3.38447e+006	3.41182e+006	3.05838e+006	3.08628e+006	
359	4.98017e+006	5.00693e+006	28157	30901	44547	49266	5018	5500	11755	12837	7250	7874	3336	3637	3.24445e+006	3.27856e+006	41766	42495	6696	7384	3.39181e+006	3.41857e+006	3.06604e+006	3.09336e+006	
360	4.97372e+006	4.99992e+006	27181	29855	43106	47713	4843	5314	11415	12488	7045	7663	3246	3546	3.25458e+006	3.28794e+006	41984	42701	6392	7061	3.39881e+006	3.42501e+006	3.07349e+006	3.10023e+006	
361	4.96744e+006	4.99312e+006	26243	28859	41737	46205	4689	5149	11086	12134	6825	7434	3145	3437	3.26444e+006	3.29703e+006	42188	42894	6225	6861	3.40562e+006	3.43129e+006	3.08071e+006	3.10691e+006	
362	4.9614e+006	4.98656e+006	25324	27896	40355	44701	4521	4972	10736	11765	6599	7189	3038	3319	3.27406e+006	3.30594e+006	42384	43079	5996	6606	3.41218e+006	3.43734e+006	3.08766e+006	3.11336e+006	
363	4.95553e+006	4.98019e+006	24449	26931	39016	43288	4365	4816	10407	11409	6377	6953	2942	3213	3.28334e+006	3.31454e+006	42590	43271	5820	6421	3.41854e+006	3.44321e+006	3.09442e+006	3.1196e+006	
364	4.94985e+006	4.97403e+006	23686	26082	37717	41878	4220	4655	10044	11031	6216	6773	2876	3139	3.29228e+006	3.32278e+006	42781	43449	5628	6212	3.42471e+006	3.44889e+006	3.10088e+006	3.12555e+006	
