Day	Susceptible	Exposed	Current Detected Mild Infections	Current Undetected Mild Infections	Current Hospitalizations	Current ICU patients	ventilators	Recovered	Deaths	new infections today	total number of infections 	Confirmed total number of infections 	
0	8.39872e+006	16	0	0	0	0	0	0	0	0	16	0	
1	8.39856e+006	176	0	0	0	0	0	0	0	160	176	0	
2	8.3984e+006	336	0	0	0	0	0	0	0	160	336	0	
3	8.39822e+006	515	0	0	0	0	0	0	0	179	515	0	
4	8.39802e+006	715	0	0	0	0	0	0	0	200	715	0	
5	8.39779e+006	947	0	0	0	0	0	0	0	232	947	0	
6	8.39752e+006	1216	0	0	0	0	0	0	0	269	1216	0	
7	8.39721e+006	1510	16	0	0	0	0	0	0	310	1526	16	
8	8.39686e+006	1699	136	40	0	0	0	0	0	349	1875	136	
9	8.39647e+006	1926	256	80	0	0	0	0	0	387	2262	256	
10	8.39607e+006	2154	374	124	0	0	0	16	0	407	2669	390	
11	8.39562e+006	2407	404	135	31	0	0	145	0	452	3121	546	
12	8.39512e+006	2667	458	153	61	0	0	275	0	493	3614	722	
13	8.39458e+006	2940	531	171	95	0	0	420	0	543	4156	933	
14	8.39403e+006	3176	619	193	134	0	0	581	0	546	4702	1180	
15	8.39344e+006	3421	701	227	180	0	0	767	0	594	5296	1449	
16	8.39281e+006	3665	798	248	235	0	0	982	0	632	5927	1763	
17	8.39212e+006	3946	863	279	261	17	15	1248	0	687	6614	2080	
18	8.3914e+006	4217	946	300	299	28	20	1548	0	724	7338	2437	
19	8.39063e+006	4490	1012	340	346	36	25	1880	0	765	8103	2822	
20	8.38996e+006	4621	1114	374	387	48	29	2234	0	674	8777	3255	
21	8.38924e+006	4799	1181	400	437	63	38	2621	0	723	9501	3695	
22	8.38848e+006	4958	1262	420	479	78	45	3056	0	753	10254	4165	
23	8.38768e+006	5128	1334	437	525	94	52	3537	0	801	11056	4666	
24	8.38687e+006	5255	1444	468	562	113	60	4027	0	813	11869	5214	
25	8.38605e+006	5349	1537	505	595	136	71	4565	0	818	12687	5785	
26	8.38522e+006	5414	1638	538	638	158	81	5132	0	830	13517	6388	
27	8.38438e+006	5584	1626	537	680	169	81	5750	15	844	14361	6923	
28	8.3835e+006	5736	1622	540	728	184	90	6408	18	876	15237	7493	
29	8.3826e+006	5880	1604	546	763	206	98	7113	21	898	16135	8087	
30	8.38167e+006	6007	1698	580	793	225	104	7737	22	928	17062	8716	
31	8.38076e+006	6111	1761	607	814	245	112	8416	26	918	17980	9345	
32	8.37979e+006	6255	1811	622	838	262	120	9125	29	962	18942	9985	
33	8.37885e+006	6370	1831	631	851	288	131	9883	33	945	19888	10639	
34	8.37788e+006	6497	1861	631	859	309	140	10664	37	971	20858	11305	
35	8.37685e+006	6649	1901	649	882	326	148	11436	43	1028	21886	11996	
36	8.37583e+006	6776	1953	664	906	343	157	12218	51	1024	22910	12704	
37	8.37478e+006	6890	2019	682	946	354	160	13003	58	1042	23952	13445	
38	8.37371e+006	7048	2056	687	973	373	167	13826	64	1076	25028	14177	
39	8.37262e+006	7173	2105	702	1003	389	177	14671	71	1087	26116	14940	
40	8.37151e+006	7340	2119	706	1033	406	187	15545	78	1112	27228	15698	
41	8.37037e+006	7505	2160	717	1045	416	191	16434	85	1135	28363	16472	
42	8.3692e+006	7646	2265	679	1071	429	195	17349	93	1169	29532	17344	
43	8.36802e+006	7811	2365	657	1084	435	200	18266	103	1189	30721	18207	
44	8.3668e+006	7988	2465	629	1104	446	208	19197	111	1218	31940	19078	
45	8.36556e+006	8150	2493	649	1113	458	214	20196	120	1238	33178	19969	
46	8.36429e+006	8330	2545	660	1133	476	220	21172	129	1268	34446	20877	
47	8.36301e+006	8500	2607	669	1158	484	224	22172	139	1282	35728	21804	
48	8.36168e+006	8692	2669	665	1193	494	228	23193	148	1327	37055	22759	
49	8.36031e+006	8893	2733	683	1224	500	230	24232	160	1370	38425	23733	
50	8.35891e+006	9108	2795	698	1245	507	232	25301	174	1404	39829	24726	
51	8.3575e+006	9302	2855	722	1270	520	239	26388	185	1412	41241	25742	
52	8.35607e+006	9489	2914	732	1293	535	249	27508	195	1426	42667	26776	
53	8.35458e+006	9713	2972	752	1323	544	255	28647	208	1491	44159	27828	
54	8.35307e+006	9939	3018	770	1343	554	259	29822	220	1508	45667	28898	
55	8.35152e+006	10162	3089	788	1373	566	264	31006	232	1550	47217	30010	
56	8.34994e+006	10374	3173	807	1413	567	268	32219	247	1581	48798	31154	
57	8.34834e+006	10564	3264	837	1453	586	274	33429	259	1595	50393	32313	
58	8.3467e+006	10796	3325	861	1496	594	280	34693	272	1644	52037	33488	
59	8.345e+006	11073	3361	881	1537	608	288	35995	285	1703	53741	34673	
60	8.34331e+006	11268	3455	874	1567	620	296	37342	299	1686	55427	35936	
61	8.34156e+006	11505	3549	877	1598	638	306	38693	312	1745	57172	37206	
62	8.33978e+006	11742	3658	892	1620	651	311	40068	329	1787	58959	38500	
63	8.33795e+006	11986	3712	927	1655	674	321	41489	341	1825	60785	39815	
64	8.33613e+006	12218	3774	952	1685	688	325	42940	354	1827	62611	41146	
65	8.33421e+006	12490	3855	965	1719	706	332	44422	370	1916	64528	42529	
66	8.33225e+006	12748	3972	971	1750	726	339	45937	385	1961	66488	43969	
67	8.33026e+006	13049	4219	814	1779	737	347	47478	399	1988	68476	45555	
68	8.32823e+006	13337	4471	664	1808	757	355	49058	414	2033	70509	47187	
69	8.32615e+006	13625	4703	516	1846	775	364	50690	429	2075	72584	48856	
70	8.32403e+006	13924	4824	535	1879	791	371	52311	446	2124	74708	50532	
71	8.32188e+006	14247	4893	546	1903	805	374	53997	466	2151	76859	52207	
72	8.31968e+006	14528	5015	554	1953	818	384	55702	485	2197	79055	53973	
73	8.31744e+006	14804	5129	574	2013	828	388	57438	505	2237	81293	55770	
74	8.31514e+006	15124	5270	594	2055	840	393	59193	523	2307	83600	57585	
75	8.31279e+006	15441	5385	597	2108	848	397	61032	541	2351	85950	59470	
76	8.31039e+006	15757	5502	594	2155	862	402	62913	559	2391	88342	61382	
77	8.30795e+006	16082	5631	601	2225	880	407	64792	579	2448	90790	63336	
78	8.30547e+006	16411	5719	631	2258	894	411	66757	601	2480	93270	65305	
79	8.30293e+006	16752	5818	652	2303	915	416	68745	622	2538	95807	67323	
80	8.30034e+006	17108	5917	668	2362	924	419	70779	643	2593	98401	69375	
81	8.29769e+006	17444	6062	679	2399	949	434	72848	663	2643	101044	71494	
82	8.295e+006	17784	6205	690	2454	972	440	74946	683	2690	103734	73654	
83	8.29226e+006	18139	6348	701	2492	999	452	77096	705	2747	106481	75852	
84	8.28945e+006	18498	6473	718	2558	1024	468	79292	725	2807	109288	78098	
85	8.28657e+006	18900	6586	733	2606	1056	483	81542	746	2882	112170	80380	
86	8.28365e+006	19277	6725	741	2664	1082	497	83830	766	2914	115084	82716	
87	8.28069e+006	19645	6864	747	2714	1104	509	86183	789	2962	118046	85108	
88	8.27765e+006	20042	7014	760	2768	1129	523	88559	812	3040	121086	87537	
89	8.27457e+006	20431	7149	778	2819	1157	536	90989	842	3079	124165	90010	
90	8.27142e+006	20835	7277	803	2868	1191	553	93477	864	3150	127315	92533	
91	8.26822e+006	21224	7426	818	2930	1207	557	96015	891	3197	130512	95111	
92	8.26494e+006	21626	7586	850	3000	1236	573	98582	916	3284	133796	97748	
93	8.26162e+006	22034	7742	861	3065	1246	579	101223	947	3322	137118	100429	
94	8.25823e+006	22464	7882	877	3123	1274	593	103915	975	3392	140511	103151	
95	8.25476e+006	22893	8038	878	3192	1296	600	106681	1001	3468	143979	105947	
96	8.25124e+006	23335	8168	913	3258	1325	613	109468	1032	3521	147500	108761	
97	8.24768e+006	23743	8329	940	3318	1353	626	112317	1058	3558	151058	111646	
98	8.24406e+006	24163	8463	963	3372	1389	644	115238	1086	3617	154676	114578	
99	8.24036e+006	24577	8669	962	3416	1410	658	118225	1115	3698	158373	117598	
100	8.23662e+006	25000	8827	976	3482	1437	675	121254	1142	3745	162119	120653	
101	8.2328e+006	25426	8998	1001	3540	1470	691	124326	1176	3818	165936	123757	
102	8.22889e+006	25868	9151	1032	3592	1496	701	127498	1210	3910	169847	126934	
103	8.22493e+006	26302	9325	1058	3649	1546	721	130684	1238	3956	173803	130165	
104	8.22094e+006	26740	9491	1056	3713	1579	733	133944	1273	3996	177799	133439	
105	8.21688e+006	27177	9632	1065	3810	1604	748	137255	1310	4054	181852	136762	
106	8.21275e+006	27613	9799	1074	3888	1631	762	140632	1350	4134	185986	140169	
107	8.20855e+006	28067	9972	1088	3960	1665	777	144048	1384	4199	190185	143623	
108	8.20434e+006	28464	10157	1103	4044	1686	781	147522	1423	4215	194400	147135	
109	8.2001e+006	28791	10343	1131	4127	1713	788	151070	1464	4237	198638	150725	
110	8.19578e+006	29153	10508	1176	4221	1739	794	154660	1498	4318	202956	154348	
111	8.19138e+006	29554	10668	1194	4291	1770	807	158341	1534	4397	207353	158023	
112	8.18699e+006	29897	10788	1218	4368	1806	821	162097	1576	4396	211749	161736	
113	8.18252e+006	30226	10966	1218	4427	1826	832	165932	1618	4464	216213	165545	
114	8.178e+006	30550	11151	1236	4511	1852	841	169777	1659	4522	220735	169408	
115	8.17348e+006	30860	11299	1249	4567	1888	854	173696	1702	4526	225261	173276	
116	8.16885e+006	31248	11372	1279	4636	1925	870	177685	1741	4625	229886	177157	
117	8.1642e+006	31579	11478	1293	4715	1959	883	181726	1785	4649	234535	181126	
118	8.15954e+006	31845	11669	1283	4779	2008	909	185785	1829	4663	239198	185187	
119	8.15482e+006	32163	11838	1273	4857	2041	927	189864	1875	4714	243912	189239	
120	8.15009e+006	32433	11955	1302	4909	2082	947	194041	1923	4733	248646	193329	
121	8.1453e+006	32707	12046	1336	4995	2120	970	198271	1966	4796	253441	197480	
122	8.1405e+006	32976	12158	1353	5029	2159	986	202546	2014	4795	258237	201640	
123	8.13565e+006	33199	12305	1368	5082	2201	1009	206869	2061	4848	263085	205884	
124	8.13076e+006	33447	12418	1382	5118	2250	1030	211259	2107	4896	267981	210151	
125	8.12584e+006	33694	12535	1402	5174	2274	1041	215655	2158	4911	272892	214438	
126	8.1209e+006	33929	12629	1397	5242	2307	1054	220127	2209	4949	277841	218783	
127	8.11599e+006	34098	12709	1401	5283	2343	1071	224648	2262	4902	282744	223134	
128	8.11104e+006	34257	12829	1415	5348	2361	1078	229170	2319	4955	287699	227546	
129	8.1061e+006	34402	12887	1438	5384	2395	1090	233763	2369	4940	292639	231940	
130	8.10107e+006	34583	12992	1448	5437	2412	1101	238375	2422	5029	297668	236403	
131	8.09604e+006	34716	13077	1463	5492	2431	1103	243040	2479	5030	302698	240902	
132	8.09101e+006	34834	13196	1460	5537	2455	1114	247709	2535	5029	307727	245428	
133	8.08598e+006	34916	13278	1478	5577	2475	1120	252438	2595	5031	312757	249970	
134	8.08092e+006	35077	13286	1477	5620	2487	1130	257216	2658	5063	317821	254485	
135	8.07583e+006	35211	13319	1488	5650	2525	1150	262007	2710	5088	322909	259040	
136	8.07072e+006	35382	13320	1477	5709	2539	1159	266823	2770	5111	328020	263587	
137	8.06564e+006	35425	13427	1497	5735	2565	1173	271614	2830	5072	333093	268198	
138	8.06053e+006	35511	13504	1495	5740	2591	1182	276476	2892	5116	338209	272823	
139	8.05544e+006	35571	13578	1510	5776	2614	1197	281301	2947	5089	343297	277447	
140	8.05028e+006	35695	13586	1504	5816	2659	1220	286192	3000	5155	348453	282077	
141	8.04513e+006	35788	13619	1504	5858	2678	1235	291100	3062	5157	353609	286740	
142	8.03996e+006	35864	13671	1512	5861	2707	1245	296033	3126	5164	358773	291411	
143	8.03481e+006	35904	13749	1514	5880	2730	1256	300960	3188	5151	363924	296120	
144	8.02968e+006	35964	13738	1533	5894	2745	1259	305929	3252	5132	369056	300774	
145	8.02452e+006	36005	13777	1522	5916	2761	1262	310916	3317	5158	374214	305485	
146	8.01935e+006	36086	13759	1518	5893	2784	1279	315963	3380	5169	379383	310173	
147	8.0142e+006	36085	13847	1513	5904	2795	1286	320948	3446	5155	384538	314924	
148	8.00898e+006	36143	13887	1513	5901	2792	1292	326005	3511	5215	389753	319674	
149	8.00383e+006	36133	13954	1521	5913	2798	1296	331008	3578	5153	394906	324422	
150	7.9987e+006	36113	13933	1539	5933	2797	1290	336073	3649	5131	400037	329141	
151	7.99357e+006	36114	13893	1554	5909	2811	1293	341174	3715	5134	405171	333849	
152	7.98837e+006	36154	13875	1567	5947	2804	1292	346239	3783	5197	410368	338584	
153	7.98323e+006	36125	13904	1555	5944	2804	1292	351324	3852	5140	415508	343339	
154	7.97807e+006	36128	13934	1548	5973	2811	1295	356354	3918	5158	420666	348082	
155	7.9729e+006	36087	14000	1539	5987	2828	1310	361414	3985	5173	425839	352883	
156	7.96781e+006	36023	13985	1537	5994	2830	1301	366508	4052	5090	430929	357622	
157	7.96263e+006	36068	13950	1549	6033	2829	1299	371556	4120	5176	436105	362334	
158	7.95751e+006	36051	13857	1561	6026	2854	1307	376689	4184	5117	441222	367044	
159	7.95242e+006	35951	13867	1595	6031	2859	1302	381762	4253	5097	446319	371789	
160	7.9473e+006	35928	13896	1575	6025	2876	1314	386813	4323	5117	451436	376533	
161	7.9422e+006	35875	13932	1563	6019	2887	1317	391875	4391	5105	456541	381283	
162	7.93714e+006	35756	13944	1527	6028	2892	1320	396989	4460	5054	461595	386053	
163	7.93206e+006	35743	13896	1524	6036	2904	1330	402040	4528	5076	466672	390739	
164	7.92695e+006	35680	13909	1530	6041	2907	1328	407120	4598	5114	471786	395494	
165	7.92195e+006	35565	13850	1533	6060	2892	1321	412218	4669	5001	476787	400199	
166	7.91691e+006	35507	13845	1545	6027	2901	1328	417264	4737	5039	481826	404878	
167	7.91186e+006	35437	13802	1529	6014	2900	1328	422387	4804	5047	486874	409583	
168	7.9068e+006	35395	13800	1519	6003	2896	1331	427449	4875	5063	491936	414288	
169	7.90182e+006	35321	13767	1510	5985	2896	1338	432493	4944	4980	496916	418943	
170	7.89684e+006	35221	13730	1506	5966	2888	1330	437565	5017	4976	501892	423624	
171	7.89181e+006	35138	13750	1494	5962	2890	1327	442604	5085	5031	506923	428348	
172	7.88684e+006	35106	13699	1493	5976	2878	1327	447587	5154	4970	511893	432941	
173	7.88183e+006	35077	13667	1488	5998	2861	1312	452586	5226	5011	516904	437592	
174	7.87685e+006	35016	13596	1492	5963	2858	1323	457663	5302	4986	521890	442229	
175	7.87191e+006	34887	13651	1498	5953	2868	1327	462599	5368	4933	526823	446885	
176	7.86698e+006	34837	13585	1504	5936	2863	1328	467588	5439	4931	531753	451456	
177	7.86204e+006	34802	13517	1502	5902	2867	1336	472602	5502	4941	536695	456035	
178	7.85708e+006	34732	13478	1509	5887	2867	1332	477606	5576	4960	541655	460641	
179	7.85217e+006	34673	13467	1510	5839	2876	1337	482558	5643	4911	546566	465202	
180	7.84727e+006	34565	13489	1523	5846	2875	1339	487458	5714	4903	551469	469807	
181	7.84236e+006	34485	13470	1497	5824	2861	1338	492452	5786	4906	556375	474401	
182	7.83745e+006	34468	13428	1502	5817	2872	1339	497348	5856	4915	561290	478929	
183	7.83259e+006	34397	13363	1486	5805	2881	1345	502297	5920	4860	566151	483468	
184	7.82773e+006	34307	13313	1492	5803	2865	1337	507228	5994	4851	571002	488007	
185	7.82287e+006	34208	13351	1481	5795	2859	1324	512104	6065	4861	575863	492573	
186	7.81804e+006	34129	13325	1487	5774	2862	1319	516981	6136	4832	580695	497079	
187	7.81322e+006	34043	13300	1474	5760	2859	1311	521867	6210	4818	585512	501591	
188	7.80842e+006	33944	13267	1453	5756	2848	1301	526776	6276	4807	590319	506120	
189	7.80363e+006	33817	13282	1442	5755	2819	1290	531644	6347	4788	595107	510645	
190	7.79882e+006	33765	13238	1443	5740	2809	1285	536503	6417	4808	599916	515121	
191	7.79407e+006	33666	13179	1448	5739	2796	1279	541348	6492	4753	604668	519589	
192	7.78928e+006	33591	13138	1434	5747	2786	1273	546197	6561	4785	609453	524073	
193	7.78452e+006	33524	13118	1426	5717	2772	1265	551028	6634	4765	614218	528520	
194	7.77977e+006	33451	13096	1414	5697	2778	1267	555829	6698	4745	618963	532962	
195	7.77505e+006	33369	13032	1425	5673	2771	1267	560657	6761	4726	623689	537382	
196	7.77035e+006	33283	12968	1445	5654	2757	1259	565454	6829	4701	628390	541764	
197	7.76565e+006	33170	12946	1458	5649	2742	1253	570226	6895	4696	633086	546187	
198	7.76101e+006	33057	12902	1447	5638	2745	1261	574977	6960	4639	637726	550558	
199	7.75636e+006	32927	12920	1426	5640	2744	1250	579701	7023	4654	642380	554964	
200	7.75171e+006	32810	12872	1431	5636	2735	1249	584455	7090	4649	647029	559343	
201	7.74707e+006	32699	12861	1434	5628	2742	1254	589145	7154	4633	651662	563705	
202	7.74245e+006	32600	12803	1432	5637	2730	1248	593866	7220	4627	656289	568049	
203	7.73781e+006	32533	12743	1429	5618	2734	1249	598580	7286	4635	660923	572362	
204	7.73322e+006	32425	12692	1432	5586	2728	1242	603293	7356	4588	665512	576675	
205	7.72869e+006	32320	12603	1434	5577	2717	1243	607971	7424	4534	670046	580934	
206	7.72417e+006	32187	12572	1418	5550	2710	1247	612636	7494	4522	674567	585215	
207	7.71961e+006	32097	12537	1406	5544	2710	1252	617277	7555	4559	679126	589492	
208	7.7151e+006	31970	12547	1390	5486	2702	1243	621914	7623	4506	683632	593760	
209	7.71066e+006	31787	12505	1404	5476	2686	1245	626535	7683	4444	688076	597996	
210	7.70616e+006	31650	12491	1404	5476	2690	1240	631114	7748	4497	692573	602256	
211	7.70172e+006	31501	12438	1411	5447	2680	1237	635722	7813	4440	697013	606467	
212	7.69729e+006	31404	12375	1382	5418	2674	1235	640322	7875	4437	701450	610646	
213	7.69289e+006	31275	12282	1362	5391	2664	1231	644926	7942	4392	705842	614812	
214	7.68847e+006	31137	12279	1335	5389	2644	1221	649470	8008	4421	710263	619020	
215	7.68415e+006	30952	12242	1344	5343	2643	1215	653986	8074	4320	714584	623155	
216	7.67982e+006	30845	12161	1347	5312	2638	1214	658476	8141	4337	718921	627233	
217	7.67552e+006	30647	12088	1359	5300	2628	1205	662996	8203	4299	723220	631356	
218	7.67123e+006	30490	12039	1343	5287	2606	1196	667467	8271	4283	727503	635443	
219	7.66695e+006	30333	12044	1331	5252	2608	1195	671883	8333	4280	731783	639534	
220	7.66267e+006	30227	11944	1325	5238	2590	1187	676348	8398	4286	736069	643559	
221	7.65839e+006	30085	11928	1322	5249	2578	1175	680723	8463	4279	740348	647630	
222	7.65416e+006	29992	11801	1332	5229	2574	1171	685122	8526	4227	744575	651588	
223	7.64992e+006	29891	11770	1309	5202	2564	1166	689484	8592	4236	748812	655588	
224	7.64576e+006	29758	11661	1296	5193	2570	1172	693847	8654	4166	752978	659548	
225	7.64155e+006	29688	11640	1279	5172	2558	1172	698136	8718	4212	757190	663490	
226	7.63741e+006	29539	11581	1281	5158	2533	1156	702441	8788	4131	761322	667428	
227	7.6333e+006	29372	11566	1283	5111	2529	1148	706728	8852	4119	765441	671367	
228	7.62913e+006	29256	11561	1285	5073	2522	1141	710994	8913	4164	769604	675298	
229	7.62503e+006	29127	11517	1275	5064	2507	1132	715238	8975	4098	773702	679196	
230	7.62097e+006	28954	11459	1283	5041	2503	1135	719487	9038	4064	777766	683083	
231	7.61687e+006	28884	11364	1266	5029	2495	1131	723719	9105	4096	781862	686916	
232	7.61285e+006	28700	11354	1261	5009	2485	1131	727915	9166	4028	785890	690801	
233	7.60883e+006	28584	11264	1246	4987	2471	1124	732121	9233	4016	789906	694593	
234	7.6048e+006	28494	11208	1255	4974	2461	1116	736250	9294	4029	793935	698366	
235	7.60082e+006	28314	11153	1261	4957	2460	1114	740418	9356	3984	797919	702192	
236	7.59687e+006	28169	11115	1265	4916	2469	1118	744520	9416	3952	801871	705951	
237	7.5929e+006	28071	11078	1247	4891	2456	1115	748614	9479	3967	805837	709689	
238	7.58895e+006	27920	11015	1243	4867	2456	1116	752744	9538	3945	809782	713451	
239	7.58503e+006	27815	10959	1229	4859	2456	1118	756792	9595	3924	813706	717155	
240	7.58112e+006	27708	10917	1223	4834	2436	1107	760839	9656	3908	817614	720846	
241	7.57725e+006	27548	10868	1205	4807	2420	1104	764917	9718	3869	821483	724562	
242	7.57343e+006	27389	10817	1211	4784	2408	1097	768924	9775	3824	825308	728218	
243	7.56963e+006	27234	10755	1210	4758	2394	1096	772923	9832	3797	829105	731848	
244	7.56584e+006	27058	10700	1202	4740	2379	1092	776926	9890	3790	832895	735499	
245	7.56208e+006	26872	10678	1186	4711	2364	1080	780895	9949	3760	836655	739125	
246	7.55832e+006	26712	10650	1184	4688	2345	1075	784827	10011	3763	840418	742730	
247	7.55455e+006	26575	10594	1183	4645	2332	1079	788789	10071	3771	844189	746331	
248	7.55088e+006	26375	10531	1170	4648	2315	1080	792691	10128	3669	847858	749892	
249	7.5472e+006	26224	10445	1156	4622	2299	1070	796601	10184	3674	851532	753410	
250	7.54355e+006	26080	10351	1140	4598	2299	1068	800481	10235	3653	855185	756915	
251	7.53997e+006	25868	10269	1143	4580	2289	1065	804320	10294	3579	858764	760387	
252	7.53638e+006	25697	10208	1139	4546	2275	1052	808137	10350	3588	862352	763845	
253	7.53282e+006	25497	10168	1145	4523	2266	1042	811916	10401	3563	865915	767301	
254	7.52927e+006	25279	10152	1142	4477	2254	1031	815709	10454	3553	869468	770762	
255	7.52576e+006	25114	10072	1132	4459	2227	1018	819456	10513	3505	872972	774133	
256	7.5223e+006	24903	10002	1112	4412	2202	1005	823234	10570	3462	876434	777522	
257	7.51879e+006	24766	9902	1094	4386	2190	995	826985	10627	3516	879951	780882	
258	7.51534e+006	24630	9818	1087	4368	2173	987	830637	10680	3443	883393	784169	
259	7.51193e+006	24459	9730	1090	4364	2159	981	834272	10736	3417	886811	787468	
260	7.50849e+006	24335	9664	1067	4333	2139	971	837918	10795	3440	890250	790758	
261	7.50512e+006	24149	9656	1048	4286	2134	966	841500	10844	3367	893617	794033	
262	7.5018e+006	23965	9579	1042	4271	2120	970	845063	10898	3321	896937	797259	
263	7.49844e+006	23864	9468	1051	4232	2106	964	848631	10947	3360	900298	800430	
264	7.49513e+006	23652	9423	1060	4204	2089	955	852174	11001	3305	903603	803664	
265	7.49186e+006	23487	9364	1056	4159	2083	955	855676	11054	3277	906880	806828	
266	7.4886e+006	23323	9331	1046	4140	2079	949	859113	11103	3253	910133	809973	
267	7.48537e+006	23115	9257	1042	4139	2060	940	862594	11157	3232	913365	813134	
268	7.48217e+006	22945	9194	1029	4092	2056	934	866035	11210	3197	916562	816231	
269	7.47902e+006	22781	9102	1025	4062	2044	926	869444	11260	3156	919718	819272	
270	7.47581e+006	22625	9031	1017	4054	2021	913	872870	11305	3205	922923	822357	
271	7.47266e+006	22472	8981	1005	4013	2001	904	876247	11356	3151	926074	825403	
272	7.46954e+006	22312	8954	988	3958	1991	899	879580	11408	3118	929192	828424	
273	7.46646e+006	22142	8857	978	3920	1981	898	882940	11457	3083	932275	831414	
274	7.46337e+006	22002	8802	961	3896	1975	903	886226	11506	3092	935367	834400	
275	7.46033e+006	21848	8731	952	3870	1957	898	889498	11555	3044	938411	837346	
276	7.45725e+006	21764	8661	924	3823	1954	900	892750	11606	3071	941482	840267	
277	7.45425e+006	21563	8625	933	3807	1945	893	895962	11651	3004	944486	843223	
278	7.45124e+006	21421	8584	928	3798	1922	886	899138	11704	3009	947496	846125	
279	7.44826e+006	21288	8543	931	3771	1921	886	902273	11753	2985	950480	848993	
280	7.44532e+006	21143	8426	925	3755	1915	890	905454	11800	2938	953418	851828	
281	7.44238e+006	20992	8364	929	3740	1909	890	908578	11846	2941	956360	854671	
282	7.43948e+006	20851	8299	920	3721	1898	883	911680	11893	2902	959261	857478	
283	7.43659e+006	20661	8280	928	3676	1885	868	914776	11938	2882	962143	860290	
284	7.43375e+006	20501	8194	925	3648	1873	862	917862	11985	2844	964987	863043	
285	7.43091e+006	20328	8161	924	3615	1869	856	920896	12030	2836	967824	865813	
286	7.4281e+006	20159	8101	897	3598	1847	845	923959	12079	2816	970640	868567	
287	7.42528e+006	20035	8043	889	3560	1844	848	926956	12126	2814	973454	871259	
288	7.42251e+006	19864	7971	893	3533	1828	839	929962	12173	2769	976223	873958	
289	7.41979e+006	19689	7890	891	3529	1804	829	932931	12216	2727	978950	876629	
290	7.41711e+006	19485	7852	872	3498	1791	820	935871	12258	2678	981628	879287	
291	7.41442e+006	19332	7781	846	3477	1767	810	938813	12303	2691	984319	881915	
292	7.41174e+006	19176	7726	836	3435	1755	801	941725	12346	2680	986999	884525	
293	7.40907e+006	19031	7665	831	3395	1744	806	944615	12389	2671	989671	887118	
294	7.40645e+006	18834	7624	843	3364	1732	802	947456	12435	2617	992288	889695	
295	7.40385e+006	18663	7561	838	3334	1716	798	950297	12477	2598	994886	892242	
296	7.40124e+006	18545	7472	838	3323	1693	787	953102	12521	2609	997495	894746	
297	7.39864e+006	18469	7356	819	3298	1666	775	955927	12563	2603	1.0001e+006	897217	
298	7.39612e+006	18299	7283	813	3279	1658	768	958679	12607	2520	1.00262e+006	899694	
299	7.3936e+006	18135	7230	819	3254	1650	766	961395	12651	2516	1.00513e+006	902144	
300	7.3911e+006	17962	7219	824	3213	1641	764	964081	12693	2499	1.00763e+006	904595	
301	7.38859e+006	17863	7144	825	3174	1634	758	966777	12734	2518	1.01015e+006	906993	
302	7.38615e+006	17702	7090	797	3150	1619	753	969453	12777	2437	1.01259e+006	909387	
303	7.38371e+006	17535	7037	787	3129	1598	741	972127	12817	2442	1.01503e+006	911787	
304	7.38127e+006	17371	7038	772	3091	1583	733	974754	12860	2439	1.01747e+006	914186	
305	7.37888e+006	17240	6957	775	3073	1565	723	977350	12898	2389	1.01986e+006	916501	
306	7.37647e+006	17128	6885	754	3061	1559	720	979940	12935	2405	1.02226e+006	918831	
307	7.3741e+006	17005	6785	750	3064	1549	712	982510	12975	2375	1.02464e+006	921128	
308	7.37177e+006	16811	6795	738	3019	1541	715	985041	13016	2325	1.02696e+006	923449	
309	7.36948e+006	16671	6706	748	2986	1532	712	987561	13055	2297	1.02926e+006	925679	
310	7.36718e+006	16523	6658	739	2982	1516	698	990045	13090	2293	1.03155e+006	927929	
311	7.3649e+006	16370	6572	746	2971	1497	692	992555	13128	2286	1.03384e+006	930161	
312	7.36264e+006	16234	6541	728	2951	1486	688	994984	13167	2253	1.03609e+006	932364	
313	7.36044e+006	16037	6503	730	2903	1478	684	997445	13204	2208	1.0383e+006	934574	
314	7.35822e+006	15879	6454	715	2888	1458	670	999883	13240	2216	1.04052e+006	936757	
315	7.35599e+006	15780	6392	713	2864	1457	668	1.00226e+006	13278	2226	1.04274e+006	938901	
316	7.35383e+006	15650	6303	693	2847	1446	664	1.00466e+006	13314	2167	1.04491e+006	941025	
317	7.35165e+006	15529	6228	687	2811	1441	660	1.00704e+006	13351	2173	1.04708e+006	943133	
318	7.34954e+006	15353	6196	680	2780	1425	646	1.00937e+006	13388	2110	1.04919e+006	945235	
319	7.34745e+006	15194	6145	688	2760	1404	633	1.01167e+006	13422	2094	1.05129e+006	947298	
320	7.34533e+006	15107	6069	678	2731	1392	636	1.01397e+006	13459	2121	1.05341e+006	949330	
321	7.34325e+006	14974	6005	673	2723	1384	629	1.01624e+006	13490	2084	1.05549e+006	951369	
322	7.3412e+006	14797	6002	649	2683	1376	630	1.01851e+006	13522	2049	1.05754e+006	953435	
323	7.33916e+006	14665	5964	645	2657	1356	615	1.02073e+006	13556	2035	1.05957e+006	955428	
324	7.33713e+006	14529	5925	641	2648	1345	612	1.02294e+006	13588	2036	1.06161e+006	957433	
325	7.33513e+006	14419	5797	652	2635	1321	606	1.02516e+006	13626	2000	1.06361e+006	959362	
326	7.33315e+006	14298	5727	650	2620	1309	603	1.02732e+006	13659	1974	1.06558e+006	961277	
327	7.33116e+006	14168	5675	650	2591	1299	602	1.0295e+006	13694	1991	1.06758e+006	963226	
328	7.32922e+006	14026	5672	627	2569	1299	602	1.03159e+006	13730	1942	1.06952e+006	965160	
329	7.32728e+006	13915	5639	614	2549	1295	606	1.03368e+006	13761	1938	1.07146e+006	967046	
330	7.32534e+006	13821	5567	601	2528	1289	600	1.0358e+006	13789	1941	1.0734e+006	968920	
331	7.32343e+006	13694	5510	610	2505	1276	595	1.03789e+006	13822	1909	1.07531e+006	970791	
332	7.32156e+006	13568	5460	612	2491	1259	581	1.03994e+006	13854	1874	1.07718e+006	972628	
333	7.31968e+006	13476	5406	604	2457	1254	586	1.04198e+006	13881	1882	1.07906e+006	974450	
334	7.31782e+006	13341	5366	598	2434	1245	581	1.04402e+006	13913	1855	1.08092e+006	976284	
335	7.316e+006	13224	5326	580	2413	1231	574	1.04603e+006	13941	1825	1.08274e+006	978079	
336	7.31419e+006	13090	5287	583	2386	1225	568	1.048e+006	13971	1804	1.08454e+006	979860	
337	7.3124e+006	12946	5247	573	2375	1212	560	1.04998e+006	14004	1797	1.08634e+006	981651	
338	7.31058e+006	12856	5216	572	2337	1194	554	1.05195e+006	14035	1819	1.08816e+006	983408	
339	7.30882e+006	12737	5170	554	2316	1180	538	1.05389e+006	14068	1755	1.08992e+006	985140	
340	7.30706e+006	12614	5105	560	2301	1170	531	1.05583e+006	14097	1759	1.09167e+006	986865	
341	7.3053e+006	12521	5037	575	2279	1157	528	1.05775e+006	14120	1762	1.09344e+006	988554	
342	7.30357e+006	12428	4981	581	2255	1148	525	1.05963e+006	14150	1732	1.09517e+006	990225	
343	7.30185e+006	12339	4908	576	2222	1145	518	1.06151e+006	14179	1714	1.09688e+006	991874	
344	7.30016e+006	12233	4872	553	2220	1131	511	1.06336e+006	14207	1691	1.09857e+006	993536	
345	7.29848e+006	12097	4874	546	2210	1126	509	1.06518e+006	14230	1683	1.10026e+006	995211	
346	7.2968e+006	12019	4840	531	2183	1114	504	1.06699e+006	14259	1676	1.10193e+006	996829	
347	7.29517e+006	11896	4808	525	2171	1099	495	1.06878e+006	14289	1637	1.10357e+006	998450	
348	7.29353e+006	11775	4761	515	2149	1090	489	1.0706e+006	14318	1641	1.10521e+006	1.00007e+006	
349	7.29192e+006	11645	4744	509	2131	1080	492	1.07236e+006	14346	1602	1.10681e+006	1.00167e+006	
350	7.29033e+006	11525	4702	506	2096	1076	491	1.07413e+006	14375	1594	1.10841e+006	1.00325e+006	
351	7.28875e+006	11412	4629	509	2068	1072	487	1.07589e+006	14403	1578	1.10999e+006	1.0048e+006	
352	7.28717e+006	11306	4574	515	2043	1064	483	1.07763e+006	14431	1578	1.11156e+006	1.00635e+006	
353	7.28563e+006	11170	4537	514	2028	1051	476	1.07935e+006	14455	1540	1.1131e+006	1.00789e+006	
354	7.28409e+006	11076	4498	498	2012	1047	475	1.08104e+006	14480	1543	1.11465e+006	1.0094e+006	
355	7.28254e+006	10989	4469	485	2005	1040	468	1.08271e+006	14506	1553	1.1162e+006	1.01092e+006	
356	7.28102e+006	10906	4404	476	1997	1029	463	1.08437e+006	14533	1520	1.11772e+006	1.01239e+006	
357	7.27952e+006	10807	4355	482	1988	1024	460	1.086e+006	14561	1494	1.11921e+006	1.01386e+006	
358	7.27803e+006	10721	4300	474	1976	1012	459	1.08764e+006	14587	1493	1.12071e+006	1.01532e+006	
359	7.27656e+006	10608	4286	464	1946	1004	453	1.08925e+006	14614	1464	1.12217e+006	1.01677e+006	
360	7.2751e+006	10537	4244	452	1910	986	443	1.09087e+006	14639	1469	1.12364e+006	1.01819e+006	
361	7.27364e+006	10446	4210	450	1879	981	441	1.09246e+006	14665	1452	1.12509e+006	1.01961e+006	
362	7.27222e+006	10312	4184	452	1863	972	440	1.09404e+006	14692	1419	1.12651e+006	1.02104e+006	
363	7.27079e+006	10230	4167	450	1845	970	448	1.09557e+006	14715	1438	1.12795e+006	1.02244e+006	
364	7.26938e+006	10139	4117	451	1831	964	447	1.09711e+006	14738	1403	1.12935e+006	1.02381e+006	
External infections start at day 1 and end at:	19	Number of imported cases each day	10	
Number of contacts per day:	1	
Number of contacts per day:	1	
Number of days asymptomatic patients are infectious before symptomatic	2	
Probability of transmission from exposed patients:	0.0418	
Probability of transmission from mild symptomatic patients:	0.0418	
Probability of transmission from hospitalized patients:	0	
Probability of transmission from ICU patients:	0	
Probability of testing for mild symptomatic patients:	0.75	

Adherence to Social Distancing parameters:
Day 0:	0.75	
Day 10:	0.75	
Day 20:	0.75	
Day 30:	0.75	
Day 40:	0.75	
Day 50:	0.75	
Day 60:	0.75	
