Day	Susceptible-LB	Susceptible-UB	Exposed-LB	Exposed-UB	Current Detected Mild Infections-LB	Current Detected Mild Infections-UB	Current Undetected Mild Infections-LB	Current Undetected Mild Infections-UB	Current Hospitalizations-LB	Current Hospitalizations-UB	Current ICU patients-LB	Current ICU patients-UB	ventilators-LB	ventilators-UB	Recovered-LB	Recovered-UB	Deaths-LB	Deaths-UB	new infections today-LB	new infections today-UB	total number of infections-LB	total number of infections-UB	Confirmed total number of infections-LB	Confirmed total number of infections-UB	
0	8.39872e+006	8.39872e+006	16	16	0	0	0	0	0	0	0	0	0	0	0	0	0	0	0	0	16	16	0	0	
1	8.39858e+006	8.39858e+006	160	160	0	0	0	0	0	0	0	0	0	0	0	0	0	0	144	144	160	160	0	0	
2	8.39843e+006	8.39843e+006	304	304	0	0	0	0	0	0	0	0	0	0	0	0	0	0	144	144	304	304	0	0	
3	8.39826e+006	8.39826e+006	473	478	0	0	0	0	0	0	0	0	0	0	0	0	0	0	169	174	473	478	0	0	
4	8.39796e+006	8.39798e+006	736	756	16	16	0	0	0	0	0	0	0	0	0	0	0	0	277	296	752	772	16	16	
5	8.39755e+006	8.39759e+006	982	1023	119	128	32	41	0	0	0	0	0	0	0	0	0	0	384	416	1142	1183	119	128	
6	8.397e+006	8.39707e+006	1367	1434	226	238	66	78	0	0	0	0	0	0	0	0	0	0	523	561	1671	1738	226	238	
7	8.39619e+006	8.3963e+006	1964	2066	353	368	108	122	0	0	0	0	0	0	0	0	0	0	760	813	2439	2542	353	368	
8	8.39504e+006	8.39519e+006	2786	2928	560	587	179	198	0	0	0	0	0	0	0	0	0	0	1095	1163	3543	3696	563	585	
9	8.39343e+006	8.39366e+006	3927	4133	856	903	272	295	0	0	0	0	0	0	0	0	0	0	1525	1621	5075	5310	861	897	
10	8.39114e+006	8.39147e+006	5588	5862	1234	1307	402	433	0	0	0	0	0	0	16	16	0	0	2180	2294	7266	7593	1259	1314	
11	8.38791e+006	8.38839e+006	7902	8291	1709	1820	546	586	24	32	0	0	0	0	128	136	0	0	3070	3247	10346	10829	1853	1936	
12	8.38343e+006	8.38412e+006	11073	11620	2417	2580	789	845	50	61	0	0	0	0	243	254	0	0	4262	4494	14621	15310	2679	2795	
13	8.37722e+006	8.37819e+006	15466	16213	3431	3678	1124	1200	82	95	0	0	0	0	381	394	0	0	5915	6217	20547	21516	3838	4014	
14	8.36841e+006	8.36979e+006	21677	22741	4863	5194	1588	1688	136	154	0	0	0	0	606	629	0	0	8390	8823	28949	30327	5503	5752	
15	8.35617e+006	8.35813e+006	30250	31751	6843	7317	2279	2411	214	233	0	0	0	0	919	959	0	0	11644	12257	40605	42571	7818	8182	
16	8.33913e+006	8.34192e+006	42191	44308	9606	10266	3236	3414	321	347	0	0	0	0	1339	1401	0	0	16204	17050	56821	59610	11026	11552	
17	8.31517e+006	8.31905e+006	59132	62057	13420	14330	4544	4787	446	477	14	18	13	16	1967	2058	0	0	22852	23970	79688	83564	15502	16236	
18	8.28193e+006	8.28733e+006	82446	86495	18822	20099	6398	6719	633	675	23	28	18	21	2874	3006	0	0	31706	33258	111406	116811	21840	22887	
19	8.23558e+006	8.24322e+006	114906	120588	26314	28115	8959	9403	884	944	31	38	22	26	4145	4343	0	0	44101	46352	155519	163152	30632	32126	
20	8.17161e+006	8.18223e+006	159681	167530	36733	39290	12460	13089	1264	1340	48	56	29	34	5939	6212	0	0	60980	63991	216511	227130	42901	45014	
21	8.08318e+006	8.09784e+006	221197	232004	51439	54958	17412	18268	1774	1877	69	80	40	47	8486	8890	0	0	84371	88442	300896	315558	60168	63104	
22	7.96141e+006	7.98153e+006	305792	320528	71851	76731	24259	25444	2499	2636	98	112	52	60	12005	12582	0	0	116303	121780	417209	437328	84146	88244	
23	7.79524e+006	7.82279e+006	420419	440352	100242	107130	33786	35449	3531	3709	141	158	72	83	16856	17669	0	0	158728	166177	575948	603494	117538	123333	
24	7.57029e+006	7.6074e+006	574817	601331	139396	148937	46877	49156	4945	5209	199	219	99	113	23786	24918	0	0	215376	224971	791337	828451	163722	171806	
25	7.2698e+006	7.31878e+006	779049	813386	193482	206588	65014	68194	6930	7295	280	305	137	154	33376	34991	0	0	288602	300498	1.07995e+006	1.12894e+006	227588	238706	
26	6.87516e+006	6.93901e+006	1.04251e+006	1.08626e+006	267795	285680	90145	94486	9683	10184	409	441	192	214	46709	49005	0	0	379759	394659	1.45973e+006	1.52358e+006	315547	330795	
27	6.36842e+006	6.44943e+006	1.37335e+006	1.42684e+006	368846	393280	124043	130020	13540	14210	561	606	254	283	65553	68755	13	16	489561	506756	1.94931e+006	2.03031e+006	435767	456579	
28	5.74013e+006	5.83876e+006	1.76862e+006	1.83019e+006	505386	538122	170006	178058	18869	19807	796	854	362	397	91701	96155	16	19	610630	628335	2.55998e+006	2.65861e+006	598777	626785	
29	4.9923e+006	5.10719e+006	2.21155e+006	2.27754e+006	687419	730101	231095	241603	26223	27542	1128	1202	517	560	128129	134406	19	22	731518	747875	3.29155e+006	3.40644e+006	817390	854377	
30	4.22616e+006	4.35139e+006	2.58754e+006	2.64909e+006	924767	979712	310821	324364	36543	38336	1583	1690	736	793	178340	187102	22	26	755707	766241	4.04735e+006	4.17258e+006	1.10524e+006	1.15349e+006	
31	3.48467e+006	3.61254e+006	2.83669e+006	2.88396e+006	1.22698e+006	1.29543e+006	411982	428778	50751	53195	2214	2351	1033	1106	247881	260004	26	32	738310	742029	4.7862e+006	4.91407e+006	1.47671e+006	1.53801e+006	
32	2.81261e+006	2.93563e+006	2.90264e+006	2.928e+006	1.59622e+006	1.67724e+006	535362	555224	70111	73462	3078	3269	1435	1529	343957	360588	32	39	671786	677178	5.46311e+006	5.58613e+006	1.94043e+006	2.01521e+006	
33	2.25252e+006	2.3654e+006	2.73689e+006	2.74468e+006	2.02438e+006	2.11451e+006	678823	700826	96508	101117	4307	4561	2011	2128	475060	497795	42	51	559965	570358	6.03334e+006	6.14622e+006	2.49668e+006	2.58402e+006	
34	1.81895e+006	1.91937e+006	2.40664e+006	2.43258e+006	2.42961e+006	2.52057e+006	813929	836028	132215	138372	6026	6358	2797	2952	653006	683687	57	68	433501	446098	6.47937e+006	6.57979e+006	3.07396e+006	3.16958e+006	
35	1.50501e+006	1.59354e+006	1.97939e+006	2.01925e+006	2.76833e+006	2.84988e+006	926703	946473	179831	187891	8405	8851	3898	4103	891608	932139	75	90	313896	325864	6.80519e+006	6.89372e+006	3.6418e+006	3.74004e+006	
36	1.29509e+006	1.37401e+006	1.51737e+006	1.56176e+006	2.99389e+006	3.05534e+006	1.00097e+006	1.01574e+006	241783	252196	11710	12316	5394	5669	1.2061e+006	1.25898e+006	105	122	209900	219548	7.02472e+006	7.10364e+006	4.16803e+006	4.26347e+006	
37	1.17036e+006	1.24268e+006	1.08208e+006	1.1228e+006	3.05766e+006	3.09179e+006	1.0211e+006	1.02938e+006	320572	333576	16297	17104	7510	7883	1.61226e+006	1.6795e+006	147	167	124714	131354	7.15606e+006	7.22837e+006	4.61961e+006	4.70824e+006	
38	1.06091e+006	1.12679e+006	757993	792622	2.93466e+006	2.94469e+006	979152	982064	416675	432146	22534	23636	10380	10881	2.12053e+006	2.20263e+006	207	231	109435	115903	7.27195e+006	7.33782e+006	4.98354e+006	5.06376e+006	
39	969146	1.02908e+006	535848	564487	2.61051e+006	2.63938e+006	871858	879190	528184	545349	31082	32583	14276	14980	2.73195e+006	2.82822e+006	290	319	91758	97723	7.36966e+006	7.42959e+006	5.26367e+006	5.33581e+006	
40	895818	950506	399261	423523	2.19098e+006	2.23953e+006	732995	744931	633287	650557	42608	44602	19576	20511	3.371e+006	3.47702e+006	410	446	73319	78577	7.44823e+006	7.50292e+006	5.46509e+006	5.5304e+006	
41	838407	888648	331944	354042	1.72743e+006	1.78516e+006	578724	592846	720752	736252	58144	60788	26750	27992	4.00668e+006	4.11647e+006	573	618	57403	61867	7.51009e+006	7.56033e+006	5.59916e+006	5.65962e+006	
42	794612	841230	266293	285568	1.31107e+006	1.37015e+006	432631	446679	778602	790344	78474	81903	36074	37677	4.60517e+006	4.71311e+006	785	847	43786	47427	7.55751e+006	7.60412e+006	5.72472e+006	5.77981e+006	
43	761757	805440	207377	223647	965234	1.01982e+006	310958	323680	794167	800736	104513	108812	48042	50049	5.13342e+006	5.23566e+006	1087	1167	32846	35799	7.5933e+006	7.63698e+006	5.83048e+006	5.88039e+006	
44	737503	778870	158302	171648	700116	747138	217052	227685	761576	763599	136863	142069	62877	65299	5.57856e+006	5.67337e+006	1506	1611	24243	26580	7.61987e+006	7.66123e+006	5.91505e+006	5.96012e+006	
45	719709	759344	118685	129317	511798	551051	150078	158574	678105	683634	175312	181268	80567	83357	5.94432e+006	6.03194e+006	2103	2236	17788	19533	7.63939e+006	7.67903e+006	5.98028e+006	6.02121e+006	
46	706415	744682	88185	96559	390423	423468	106268	113108	569888	579048	214040	220367	98416	101387	6.2288e+006	6.31022e+006	2913	3094	13285	14670	7.65405e+006	7.69232e+006	6.02888e+006	6.0665e+006	
47	696212	733422	65532	72030	323802	353039	81608	87394	449972	460875	250468	256768	115138	118062	6.4407e+006	6.51731e+006	4050	4283	10194	11269	7.66531e+006	7.70252e+006	6.06391e+006	6.09888e+006	
48	687851	724146	49641	54736	256028	281052	64651	69597	340424	351633	281834	287601	129597	132264	6.63286e+006	6.70387e+006	5620	5928	8353	9284	7.67459e+006	7.71089e+006	6.08972e+006	6.1226e+006	
49	681120	716669	38577	42687	197329	218058	49849	53932	249273	259645	304739	309572	140125	142371	6.79747e+006	6.86258e+006	7780	8187	6722	7486	7.68207e+006	7.71762e+006	6.10925e+006	6.1405e+006	
50	675847	710788	30555	33907	149721	166495	37861	41150	179312	188242	317693	321313	146042	147751	6.93152e+006	6.9911e+006	10716	11250	5265	5889	7.68795e+006	7.72289e+006	6.12411e+006	6.15405e+006	
51	671640	706109	24558	27327	112393	125711	28357	30961	129446	136883	319607	321919	146871	147987	7.03886e+006	7.09374e+006	14640	15326	4200	4687	7.69263e+006	7.7271e+006	6.13557e+006	6.16449e+006	
52	668253	702326	19584	21834	84303	94858	21311	23373	97368	103637	310414	311619	142615	143292	7.12346e+006	7.17471e+006	19768	20663	3381	3790	7.69641e+006	7.73048e+006	6.14483e+006	6.17287e+006	
53	665508	699274	15601	17406	63648	71971	16082	17707	79548	85136	289833	290947	133127	133770	7.19113e+006	7.23981e+006	26367	27500	2738	3059	7.69946e+006	7.73323e+006	6.15223e+006	6.17956e+006	
54	663275	696772	12562	14027	48642	55226	12289	13581	62963	67739	261066	263173	119948	121004	7.2545e+006	7.30113e+006	34572	35953	2227	2508	7.70196e+006	7.73546e+006	6.15798e+006	6.18474e+006	
55	661454	694731	10177	11388	37855	43159	9620	10669	48651	52620	224442	227657	103092	104638	7.31476e+006	7.35985e+006	44419	46017	1814	2049	7.70401e+006	7.73728e+006	6.16246e+006	6.18878e+006	
56	659982	693085	8261	9251	30044	34356	7634	8484	36841	40047	185873	189877	85327	87237	7.36951e+006	7.41318e+006	54658	56386	1466	1653	7.70565e+006	7.73875e+006	6.16607e+006	6.19202e+006	
57	658794	691752	6705	7532	24156	27697	6153	6846	27682	30238	147713	152116	67846	69890	7.41835e+006	7.46068e+006	64638	66419	1182	1339	7.70698e+006	7.73994e+006	6.16896e+006	6.19461e+006	
58	657850	690682	5415	6100	19314	22200	4930	5506	20806	22824	112534	116885	51682	53660	7.46111e+006	7.50205e+006	73779	75494	938	1076	7.70805e+006	7.74089e+006	6.17132e+006	6.19672e+006	
59	657121	689855	4325	4884	15450	17798	3947	4409	15689	17279	83125	87080	38171	39981	7.49623e+006	7.53574e+006	81479	83069	725	831	7.70888e+006	7.74162e+006	6.17327e+006	6.19846e+006	
60	656549	689200	3426	3892	12465	14366	3182	3557	11990	13261	60223	63573	27651	29201	7.52366e+006	7.56183e+006	87443	88860	567	660	7.70954e+006	7.74219e+006	6.17482e+006	6.19985e+006	
61	656330	688952	2458	2806	10109	11672	2558	2865	9331	10361	43766	46504	20086	21352	7.54392e+006	7.58094e+006	91817	93075	214	253	7.70978e+006	7.74241e+006	6.17607e+006	6.20097e+006	
62	656154	688752	1689	1936	8187	9475	2065	2320	7446	8283	32864	35127	15078	16135	7.55827e+006	7.59435e+006	94707	95853	173	203	7.70998e+006	7.74258e+006	6.17708e+006	6.20186e+006	
63	656016	688592	1098	1269	6611	7687	1646	1863	5983	6666	26459	28428	12154	13073	7.56788e+006	7.6033e+006	96457	97520	134	163	7.71014e+006	7.74272e+006	6.17787e+006	6.20257e+006	
64	655912	688471	632	734	5316	6202	1303	1477	4760	5316	20750	22421	9548	10334	7.57619e+006	7.611e+006	97998	98992	101	125	7.71027e+006	7.74282e+006	6.1785e+006	6.20312e+006	
65	655827	688371	499	584	4032	4721	1005	1145	3847	4300	16025	17403	7366	8017	7.58294e+006	7.61721e+006	99321	100246	82	102	7.71037e+006	7.74291e+006	6.17878e+006	6.20336e+006	
66	655762	688295	389	460	3015	3546	748	851	3109	3475	12214	13322	5628	6143	7.58842e+006	7.62224e+006	100383	101244	62	79	7.71044e+006	7.74297e+006	6.179e+006	6.20356e+006	
67	655707	688233	305	364	2207	2611	520	600	2536	2836	9261	10155	4261	4684	7.59273e+006	7.62618e+006	101206	102018	52	66	7.7105e+006	7.74303e+006	6.17921e+006	6.20374e+006	
68	655668	688186	241	288	1554	1847	347	402	2059	2315	7025	7723	3210	3548	7.59612e+006	7.62926e+006	101838	102605	36	50	7.71055e+006	7.74307e+006	6.17935e+006	6.20387e+006	
69	655638	688151	185	224	1048	1253	219	257	1661	1873	5334	5895	2432	2705	7.59873e+006	7.63163e+006	102319	103055	26	38	7.71059e+006	7.7431e+006	6.17947e+006	6.20397e+006	
70	655618	688128	140	172	655	784	115	138	1336	1513	4113	4560	1868	2087	7.60073e+006	7.63343e+006	102669	103379	18	26	7.71061e+006	7.74312e+006	6.17956e+006	6.20405e+006	
71	655603	688112	99	125	538	643	73	89	997	1134	3244	3606	1473	1654	7.60205e+006	7.63462e+006	102922	103612	12	18	7.71062e+006	7.74313e+006	6.17963e+006	6.20411e+006	
72	655589	688098	74	93	434	522	42	55	742	849	2606	2903	1187	1334	7.60305e+006	7.63552e+006	103108	103785	11	18	7.71064e+006	7.74315e+006	6.17968e+006	6.20416e+006	
73	655579	688087	54	69	337	409	31	42	526	609	2104	2347	949	1071	7.60385e+006	7.63624e+006	103258	103924	7	13	7.71065e+006	7.74316e+006	6.17972e+006	6.20419e+006	
74	655571	688078	43	54	262	320	23	32	364	423	1690	1891	750	851	7.60449e+006	7.63681e+006	103379	104038	6	11	7.71066e+006	7.74317e+006	6.17974e+006	6.2042e+006	
75	655564	688070	35	46	197	242	18	26	238	280	1351	1515	600	682	7.60501e+006	7.63727e+006	103476	104128	5	10	7.71067e+006	7.74317e+006	6.17976e+006	6.20422e+006	
76	655558	688063	28	38	151	187	13	19	145	174	1086	1223	482	549	7.60541e+006	7.63762e+006	103556	104201	5	8	7.71067e+006	7.74318e+006	6.17977e+006	6.20423e+006	
77	655554	688058	22	31	109	139	10	16	119	145	855	965	379	432	7.60568e+006	7.63787e+006	103627	104267	3	6	7.71068e+006	7.74318e+006	6.17978e+006	6.20424e+006	
78	655549	688053	19	27	83	105	6	11	92	114	680	770	299	343	7.60591e+006	7.63807e+006	103676	104312	3	7	7.71068e+006	7.74319e+006	6.17979e+006	6.20425e+006	
79	655546	688050	15	22	63	80	5	9	72	91	527	601	232	271	7.60608e+006	7.63823e+006	103724	104355	2	5	7.71069e+006	7.74319e+006	6.1798e+006	6.20426e+006	
80	655544	688047	12	18	51	65	2	5	55	71	413	471	180	212	7.60622e+006	7.63835e+006	103756	104385	1	4	7.71069e+006	7.74319e+006	6.17981e+006	6.20426e+006	
81	655542	688044	10	16	42	55	2	4	41	56	310	356	131	157	7.60634e+006	7.63846e+006	103784	104410	1	4	7.71069e+006	7.74319e+006	6.17981e+006	6.20427e+006	
82	655540	688043	7	13	33	45	2	4	31	42	231	270	97	118	7.60643e+006	7.63854e+006	103806	104431	1	3	7.71069e+006	7.7432e+006	6.17982e+006	6.20427e+006	
83	655538	688041	6	11	27	38	1	4	20	28	168	200	71	90	7.60651e+006	7.63861e+006	103823	104446	1	3	7.7107e+006	7.7432e+006	6.17982e+006	6.20428e+006	
84	655536	688037	7	11	22	31	1	4	15	22	116	139	51	66	7.60657e+006	7.63867e+006	103837	104459	2	4	7.7107e+006	7.7432e+006	6.17982e+006	6.20428e+006	
85	655534	688036	6	10	17	26	1	4	11	17	76	95	34	45	7.60662e+006	7.63871e+006	103849	104470	0	2	7.7107e+006	7.7432e+006	6.17983e+006	6.20428e+006	
86	655533	688034	5	10	13	21	1	4	9	14	47	61	22	30	7.60665e+006	7.63873e+006	103857	104479	1	3	7.7107e+006	7.7432e+006	6.17983e+006	6.20428e+006	
87	655531	688033	5	10	11	19	1	3	8	12	37	49	16	24	7.60667e+006	7.63875e+006	103860	104481	0	2	7.7107e+006	7.74321e+006	6.17983e+006	6.20428e+006	
88	655530	688031	4	8	10	17	0	2	6	11	27	38	12	18	7.60668e+006	7.63876e+006	103863	104483	1	3	7.71071e+006	7.74321e+006	6.17983e+006	6.20429e+006	
89	655528	688029	5	8	9	15	-0	2	5	9	21	31	9	15	7.60669e+006	7.63877e+006	103864	104485	1	3	7.71071e+006	7.74321e+006	6.17983e+006	6.20429e+006	
90	655527	688028	4	8	8	14	-0	1	3	6	18	27	8	13	7.6067e+006	7.63878e+006	103865	104486	0	2	7.71071e+006	7.74321e+006	6.17984e+006	6.20429e+006	
91	655526	688026	4	8	8	13	-0	1	3	6	13	21	5	9	7.60671e+006	7.63879e+006	103865	104486	1	3	7.71071e+006	7.74321e+006	6.17984e+006	6.20429e+006	
92	655524	688025	4	8	7	13	0	1	2	4	10	16	3	7	7.60671e+006	7.63879e+006	103867	104487	0	2	7.71071e+006	7.74321e+006	6.17984e+006	6.20429e+006	
93	655523	688024	3	7	8	13	0	1	1	4	6	11	2	4	7.60672e+006	7.6388e+006	103869	104489	0	2	7.71071e+006	7.74321e+006	6.17984e+006	6.20429e+006	
94	655522	688023	4	7	6	11	-0	1	1	3	5	9	1	4	7.60672e+006	7.6388e+006	103869	104489	0	2	7.71071e+006	7.74321e+006	6.17984e+006	6.20429e+006	
95	655521	688022	3	6	6	11	0	1	1	3	4	7	1	3	7.60673e+006	7.6388e+006	103870	104490	0	2	7.71071e+006	7.74322e+006	6.17984e+006	6.2043e+006	
96	655520	688021	3	6	6	11	0	1	1	3	3	6	1	2	7.60673e+006	7.63881e+006	103870	104490	0	2	7.71072e+006	7.74322e+006	6.17984e+006	6.2043e+006	
97	655519	688019	3	6	6	10	0	1	1	3	2	5	0	2	7.60673e+006	7.63881e+006	103870	104490	0	2	7.71072e+006	7.74322e+006	6.17985e+006	6.2043e+006	
98	655518	688019	2	6	5	10	-0	1	1	3	2	5	0	2	7.60673e+006	7.63881e+006	103870	104490	0	1	7.71072e+006	7.74322e+006	6.17985e+006	6.2043e+006	
99	655516	688016	4	7	4	8	0	1	1	3	1	4	0	2	7.60674e+006	7.63881e+006	103870	104490	1	3	7.71072e+006	7.74322e+006	6.17985e+006	6.2043e+006	
100	655514	688014	4	8	4	9	0	2	1	3	1	3	0	2	7.60674e+006	7.63881e+006	103870	104490	1	3	7.71072e+006	7.74322e+006	6.17985e+006	6.2043e+006	
101	655513	688013	4	8	4	8	0	1	1	3	1	2	0	2	7.60674e+006	7.63881e+006	103870	104490	0	2	7.71072e+006	7.74322e+006	6.17985e+006	6.2043e+006	
102	655512	688012	4	8	4	8	0	1	1	3	0	2	0	1	7.60674e+006	7.63882e+006	103871	104490	0	1	7.71072e+006	7.74322e+006	6.17985e+006	6.2043e+006	
103	655510	688011	3	7	4	9	0	2	1	3	0	2	0	1	7.60674e+006	7.63882e+006	103871	104491	1	2	7.71073e+006	7.74323e+006	6.17985e+006	6.2043e+006	
104	655509	688009	3	6	5	10	0	2	0	2	0	2	0	1	7.60674e+006	7.63882e+006	103871	104491	1	2	7.71073e+006	7.74323e+006	6.17985e+006	6.20431e+006	
105	655508	688008	3	6	5	10	0	2	0	1	-0	2	-0	1	7.60675e+006	7.63882e+006	103871	104491	0	2	7.71073e+006	7.74323e+006	6.17985e+006	6.20431e+006	
106	655507	688007	3	7	5	9	0	2	0	2	-0	2	-0	1	7.60675e+006	7.63882e+006	103871	104491	0	2	7.71073e+006	7.74323e+006	6.17986e+006	6.20431e+006	
107	655506	688006	3	6	5	10	0	1	0	2	-0	2	-0	1	7.60675e+006	7.63882e+006	103871	104491	0	2	7.71073e+006	7.74323e+006	6.17986e+006	6.20431e+006	
108	655503	688003	4	8	6	10	0	2	0	2	-0	2	-0	1	7.60675e+006	7.63882e+006	103871	104491	1	4	7.71073e+006	7.74323e+006	6.17986e+006	6.20431e+006	
109	655502	688001	5	9	5	9	0	1	0	2	-0	2	-0	1	7.60675e+006	7.63883e+006	103871	104491	1	3	7.71074e+006	7.74323e+006	6.17986e+006	6.20431e+006	
110	655500	688000	5	9	4	8	0	1	1	3	-0	1	-0	0	7.60675e+006	7.63883e+006	103871	104491	1	3	7.71074e+006	7.74324e+006	6.17986e+006	6.20431e+006	
111	655498	687998	6	10	5	8	-0	1	1	3	-0	1	-0	0	7.60675e+006	7.63883e+006	103871	104491	1	3	7.71074e+006	7.74324e+006	6.17986e+006	6.20431e+006	
112	655497	687997	4	8	6	10	-0	2	1	3	-0	1	-0	0	7.60675e+006	7.63883e+006	103871	104491	0	2	7.71074e+006	7.74324e+006	6.17986e+006	6.20432e+006	
113	655496	687995	4	8	6	10	0	2	1	2	-0	1	-0	0	7.60676e+006	7.63883e+006	103871	104491	1	3	7.71074e+006	7.74324e+006	6.17987e+006	6.20432e+006	
114	655495	687994	3	7	6	11	0	2	1	2	0	1	-0	1	7.60676e+006	7.63883e+006	103871	104491	0	1	7.71074e+006	7.74324e+006	6.17987e+006	6.20432e+006	
115	655494	687993	3	7	6	11	0	2	1	2	-0	2	-0	1	7.60676e+006	7.63883e+006	103871	104491	1	3	7.71074e+006	7.74324e+006	6.17987e+006	6.20432e+006	
116	655492	687991	4	8	6	11	1	2	1	3	-0	2	-0	1	7.60676e+006	7.63883e+006	103871	104491	1	3	7.71075e+006	7.74324e+006	6.17987e+006	6.20432e+006	
117	655490	687989	4	7	6	12	0	2	0	2	-0	2	-0	1	7.60676e+006	7.63884e+006	103871	104491	1	3	7.71075e+006	7.74325e+006	6.17987e+006	6.20432e+006	
118	655489	687988	5	8	5	10	0	2	1	3	-0	2	-0	1	7.60676e+006	7.63884e+006	103871	104491	0	2	7.71075e+006	7.74325e+006	6.17987e+006	6.20432e+006	
119	655487	687986	5	9	5	10	0	1	1	3	-0	2	-0	1	7.60676e+006	7.63884e+006	103871	104491	1	3	7.71075e+006	7.74325e+006	6.17987e+006	6.20432e+006	
120	655485	687984	5	9	6	10	0	1	1	3	0	2	-0	1	7.60677e+006	7.63884e+006	103871	104491	1	3	7.71075e+006	7.74325e+006	6.17988e+006	6.20433e+006	
121	655483	687982	5	9	6	10	0	1	1	3	0	2	-0	1	7.60677e+006	7.63884e+006	103871	104491	1	3	7.71075e+006	7.74325e+006	6.17988e+006	6.20433e+006	
122	655482	687980	5	9	6	11	-0	1	1	3	0	1	-0	1	7.60677e+006	7.63884e+006	103871	104491	1	2	7.71076e+006	7.74325e+006	6.17988e+006	6.20433e+006	
123	655481	687979	4	8	6	11	0	1	1	3	0	1	-0	1	7.60677e+006	7.63884e+006	103871	104491	0	2	7.71076e+006	7.74326e+006	6.17988e+006	6.20433e+006	
124	655478	687976	5	9	7	12	0	2	1	3	-0	1	0	0	7.60677e+006	7.63885e+006	103871	104491	1	4	7.71076e+006	7.74326e+006	6.17988e+006	6.20433e+006	
125	655477	687975	5	9	7	12	0	2	1	2	-0	1	0	0	7.60677e+006	7.63885e+006	103871	104491	1	3	7.71076e+006	7.74326e+006	6.17988e+006	6.20433e+006	
126	655475	687973	5	9	6	12	0	2	1	3	-0	1	-0	0	7.60678e+006	7.63885e+006	103871	104491	0	2	7.71076e+006	7.74326e+006	6.17988e+006	6.20434e+006	
127	655474	687972	5	9	6	11	0	2	1	3	0	1	-0	1	7.60678e+006	7.63885e+006	103871	104491	1	3	7.71076e+006	7.74326e+006	6.17989e+006	6.20434e+006	
128	655473	687971	4	8	7	12	0	2	1	3	0	1	-0	1	7.60678e+006	7.63885e+006	103871	104491	0	2	7.71077e+006	7.74326e+006	6.17989e+006	6.20434e+006	
129	655472	687970	3	7	7	12	0	2	1	3	0	1	-0	1	7.60678e+006	7.63885e+006	103871	104491	0	2	7.71077e+006	7.74326e+006	6.17989e+006	6.20434e+006	
130	655470	687968	4	7	7	12	0	2	1	2	-0	1	-0	1	7.60678e+006	7.63886e+006	103871	104491	1	3	7.71077e+006	7.74327e+006	6.17989e+006	6.20434e+006	
131	655469	687967	3	7	7	11	0	1	1	3	-0	1	-0	1	7.60678e+006	7.63886e+006	103871	104491	0	2	7.71077e+006	7.74327e+006	6.17989e+006	6.20434e+006	
132	655467	687965	4	7	6	11	0	1	1	3	-0	1	-0	1	7.60679e+006	7.63886e+006	103871	104491	1	3	7.71077e+006	7.74327e+006	6.17989e+006	6.20434e+006	
133	655466	687964	4	8	6	11	-0	1	1	3	0	1	-0	1	7.60679e+006	7.63886e+006	103871	104491	0	2	7.71077e+006	7.74327e+006	6.1799e+006	6.20435e+006	
134	655465	687963	4	7	6	10	-0	1	1	3	0	1	-0	1	7.60679e+006	7.63886e+006	103871	104491	0	2	7.71077e+006	7.74327e+006	6.1799e+006	6.20435e+006	
135	655463	687961	4	7	5	10	-0	1	1	4	0	1	0	1	7.60679e+006	7.63886e+006	103871	104491	1	2	7.71078e+006	7.74327e+006	6.1799e+006	6.20435e+006	
136	655461	687959	4	7	6	10	-0	1	1	4	0	1	-0	1	7.60679e+006	7.63886e+006	103871	104491	1	3	7.71078e+006	7.74328e+006	6.1799e+006	6.20435e+006	
137	655460	687957	4	8	5	10	0	1	1	3	-0	1	-0	1	7.60679e+006	7.63887e+006	103871	104491	1	3	7.71078e+006	7.74328e+006	6.1799e+006	6.20435e+006	
138	655459	687956	4	8	5	9	0	2	0	3	0	1	-0	1	7.6068e+006	7.63887e+006	103871	104491	0	2	7.71078e+006	7.74328e+006	6.1799e+006	6.20435e+006	
139	655458	687955	4	8	5	9	0	2	1	3	0	1	-0	1	7.6068e+006	7.63887e+006	103871	104491	0	2	7.71078e+006	7.74328e+006	6.1799e+006	6.20435e+006	
140	655456	687953	4	8	5	10	0	2	1	3	0	1	-0	1	7.6068e+006	7.63887e+006	103871	104491	1	3	7.71078e+006	7.74328e+006	6.1799e+006	6.20435e+006	
141	655454	687952	3	7	6	11	0	2	1	4	0	2	-0	1	7.6068e+006	7.63887e+006	103871	104491	1	3	7.71078e+006	7.74328e+006	6.17991e+006	6.20436e+006	
142	655453	687951	4	7	5	10	0	2	1	4	0	2	-0	1	7.6068e+006	7.63887e+006	103871	104491	0	2	7.71079e+006	7.74328e+006	6.17991e+006	6.20436e+006	
143	655452	687949	4	8	5	10	0	2	1	4	0	1	-0	1	7.6068e+006	7.63887e+006	103871	104491	0	2	7.71079e+006	7.74328e+006	6.17991e+006	6.20436e+006	
144	655451	687948	4	7	5	11	0	2	1	3	0	1	-0	1	7.6068e+006	7.63887e+006	103871	104491	0	2	7.71079e+006	7.74329e+006	6.17991e+006	6.20436e+006	
145	655450	687947	3	7	5	11	1	3	1	3	0	1	-0	1	7.6068e+006	7.63888e+006	103871	104491	1	3	7.71079e+006	7.74329e+006	6.17991e+006	6.20436e+006	
146	655449	687945	3	7	4	9	1	3	0	2	0	2	0	1	7.60681e+006	7.63888e+006	103871	104491	0	2	7.71079e+006	7.74329e+006	6.17991e+006	6.20436e+006	
147	655447	687944	3	7	3	9	1	3	0	2	0	2	0	1	7.60681e+006	7.63888e+006	103871	104491	0	2	7.71079e+006	7.74329e+006	6.17991e+006	6.20436e+006	
148	655446	687943	3	7	3	8	1	3	0	2	0	2	0	1	7.60681e+006	7.63888e+006	103871	104491	1	2	7.71079e+006	7.74329e+006	6.17991e+006	6.20436e+006	
149	655444	687941	3	7	4	9	1	3	0	2	0	2	0	1	7.60681e+006	7.63888e+006	103871	104491	1	3	7.7108e+006	7.74329e+006	6.17992e+006	6.20436e+006	
150	655444	687940	3	7	4	8	1	3	0	2	0	2	0	1	7.60681e+006	7.63888e+006	103871	104491	0	1	7.7108e+006	7.74329e+006	6.17992e+006	6.20436e+006	
151	655443	687939	3	6	4	8	0	2	1	3	0	1	0	1	7.60681e+006	7.63889e+006	103871	104491	0	2	7.7108e+006	7.74329e+006	6.17992e+006	6.20437e+006	
152	655441	687938	3	6	4	9	1	3	1	3	0	1	0	1	7.60682e+006	7.63889e+006	103871	104491	0	2	7.7108e+006	7.7433e+006	6.17992e+006	6.20437e+006	
153	655441	687937	2	5	4	9	1	3	0	3	0	1	0	1	7.60682e+006	7.63889e+006	103871	104491	0	1	7.7108e+006	7.7433e+006	6.17992e+006	6.20437e+006	
154	655440	687936	3	6	4	8	1	3	0	2	0	1	0	1	7.60682e+006	7.63889e+006	103871	104491	0	2	7.7108e+006	7.7433e+006	6.17992e+006	6.20437e+006	
155	655438	687935	3	6	3	8	1	3	0	2	0	1	-0	1	7.60682e+006	7.63889e+006	103871	104491	1	2	7.7108e+006	7.7433e+006	6.17992e+006	6.20437e+006	
156	655437	687933	3	7	4	9	0	2	0	2	-0	1	-0	0	7.60682e+006	7.63889e+006	103871	104491	1	3	7.7108e+006	7.7433e+006	6.17992e+006	6.20437e+006	
157	655435	687931	4	7	4	8	0	2	0	2	-0	1	-0	0	7.60682e+006	7.63889e+006	103871	104491	0	2	7.71081e+006	7.7433e+006	6.17992e+006	6.20437e+006	
158	655434	687930	4	7	4	8	0	1	0	1	-0	1	0	0	7.60682e+006	7.6389e+006	103871	104491	0	2	7.71081e+006	7.7433e+006	6.17992e+006	6.20437e+006	
159	655433	687929	3	7	4	8	0	1	0	1	-0	1	0	0	7.60683e+006	7.6389e+006	103871	104491	0	1	7.71081e+006	7.7433e+006	6.17993e+006	6.20437e+006	
160	655433	687928	3	6	4	9	0	1	0	2	-0	1	0	0	7.60683e+006	7.6389e+006	103871	104491	0	2	7.71081e+006	7.7433e+006	6.17993e+006	6.20438e+006	
161	655431	687927	3	6	5	9	0	1	0	2	-0	1	0	0	7.60683e+006	7.6389e+006	103871	104491	1	3	7.71081e+006	7.74331e+006	6.17993e+006	6.20438e+006	
162	655429	687925	4	7	5	9	0	1	1	3	-0	1	0	0	7.60683e+006	7.6389e+006	103871	104491	1	3	7.71081e+006	7.74331e+006	6.17993e+006	6.20438e+006	
163	655428	687924	4	7	5	9	0	1	1	3	0	1	0	0	7.60683e+006	7.6389e+006	103871	104491	0	1	7.71081e+006	7.74331e+006	6.17993e+006	6.20438e+006	
164	655427	687923	4	7	4	8	0	2	1	3	-0	1	0	0	7.60683e+006	7.6389e+006	103871	104491	1	3	7.71081e+006	7.74331e+006	6.17993e+006	6.20438e+006	
165	655425	687921	4	7	5	9	0	1	1	3	0	1	-0	0	7.60683e+006	7.6389e+006	103871	104491	1	3	7.71082e+006	7.74331e+006	6.17993e+006	6.20438e+006	
166	655424	687920	3	7	5	9	0	1	1	3	-0	1	-0	0	7.60683e+006	7.6389e+006	103871	104491	0	2	7.71082e+006	7.74331e+006	6.17994e+006	6.20438e+006	
167	655422	687918	4	8	4	8	0	1	1	3	-0	1	-0	0	7.60683e+006	7.6389e+006	103871	104491	1	3	7.71082e+006	7.74331e+006	6.17994e+006	6.20438e+006	
168	655421	687917	4	8	5	8	0	1	1	3	-0	1	-0	0	7.60684e+006	7.63891e+006	103871	104491	0	2	7.71082e+006	7.74332e+006	6.17994e+006	6.20439e+006	
169	655419	687914	5	8	5	10	0	1	1	3	-0	1	-0	0	7.60684e+006	7.63891e+006	103871	104491	1	3	7.71082e+006	7.74332e+006	6.17994e+006	6.20439e+006	
170	655419	687914	4	8	5	10	0	1	1	2	-0	1	-0	0	7.60684e+006	7.63891e+006	103871	104491	-0	1	7.71082e+006	7.74332e+006	6.17994e+006	6.20439e+006	
171	655417	687913	3	7	6	11	-0	1	0	2	-0	1	-0	0	7.60684e+006	7.63891e+006	103871	104491	0	2	7.71082e+006	7.74332e+006	6.17994e+006	6.20439e+006	
172	655416	687912	3	7	5	10	-0	1	1	3	0	1	-0	0	7.60684e+006	7.63891e+006	103871	104491	0	2	7.71082e+006	7.74332e+006	6.17994e+006	6.20439e+006	
173	655415	687911	2	5	7	11	-0	1	1	3	0	1	-0	1	7.60684e+006	7.63891e+006	103871	104491	0	2	7.71083e+006	7.74332e+006	6.17995e+006	6.20439e+006	
174	655413	687909	3	7	6	10	-0	1	1	2	0	1	-0	1	7.60684e+006	7.63891e+006	103871	104491	1	3	7.71083e+006	7.74332e+006	6.17995e+006	6.20439e+006	
175	655412	687908	3	7	5	10	-0	1	1	3	0	1	-0	1	7.60684e+006	7.63891e+006	103872	104492	0	2	7.71083e+006	7.74332e+006	6.17995e+006	6.20439e+006	
176	655411	687907	3	7	6	10	-0	1	1	3	0	1	-0	1	7.60684e+006	7.63892e+006	103872	104492	0	2	7.71083e+006	7.74333e+006	6.17995e+006	6.2044e+006	
177	655410	687905	4	7	5	9	-0	0	1	3	0	1	-0	1	7.60685e+006	7.63892e+006	103872	104492	1	3	7.71083e+006	7.74333e+006	6.17995e+006	6.2044e+006	
178	655409	687904	3	6	5	10	-0	0	0	2	0	1	-0	1	7.60685e+006	7.63892e+006	103872	104492	0	2	7.71083e+006	7.74333e+006	6.17995e+006	6.2044e+006	
179	655407	687902	4	7	4	8	-0	1	1	3	0	1	-0	1	7.60685e+006	7.63892e+006	103872	104492	1	3	7.71083e+006	7.74333e+006	6.17995e+006	6.2044e+006	
180	655406	687901	4	7	5	9	-0	1	1	2	0	1	-0	1	7.60685e+006	7.63892e+006	103872	104492	0	2	7.71084e+006	7.74333e+006	6.17995e+006	6.2044e+006	
181	655404	687899	4	7	5	9	-0	1	0	2	0	1	-0	1	7.60685e+006	7.63892e+006	103872	104492	1	3	7.71084e+006	7.74333e+006	6.17995e+006	6.2044e+006	
182	655403	687898	4	8	5	9	-0	1	0	2	0	1	-0	1	7.60685e+006	7.63892e+006	103872	104492	0	2	7.71084e+006	7.74333e+006	6.17996e+006	6.2044e+006	
183	655402	687897	3	7	6	10	-0	1	0	2	-0	1	-0	0	7.60686e+006	7.63893e+006	103872	104492	0	2	7.71084e+006	7.74333e+006	6.17996e+006	6.2044e+006	
184	655400	687895	4	8	5	9	-0	1	1	3	-0	1	0	0	7.60686e+006	7.63893e+006	103872	104492	1	3	7.71084e+006	7.74334e+006	6.17996e+006	6.20441e+006	
185	655399	687893	4	8	5	10	0	1	1	2	-0	2	-0	1	7.60686e+006	7.63893e+006	103872	104492	1	2	7.71084e+006	7.74334e+006	6.17996e+006	6.20441e+006	
186	655397	687892	4	8	5	10	0	1	1	3	-0	2	-0	1	7.60686e+006	7.63893e+006	103872	104492	1	2	7.71084e+006	7.74334e+006	6.17996e+006	6.20441e+006	
187	655396	687891	4	8	5	10	-0	1	1	3	-0	2	-0	1	7.60686e+006	7.63893e+006	103872	104492	0	2	7.71085e+006	7.74334e+006	6.17996e+006	6.20441e+006	
188	655394	687888	5	9	5	10	0	2	1	3	0	1	-0	1	7.60686e+006	7.63893e+006	103872	104492	1	4	7.71085e+006	7.74334e+006	6.17996e+006	6.20441e+006	
189	655392	687887	5	8	5	10	0	2	1	3	0	1	-0	1	7.60686e+006	7.63893e+006	103872	104492	0	2	7.71085e+006	7.74334e+006	6.17996e+006	6.20441e+006	
190	655391	687885	5	9	5	10	0	2	1	3	-0	2	-0	1	7.60686e+006	7.63893e+006	103872	104492	1	3	7.71085e+006	7.74335e+006	6.17997e+006	6.20441e+006	
191	655389	687884	5	9	5	10	0	2	0	3	0	2	-0	1	7.60687e+006	7.63893e+006	103872	104492	1	2	7.71085e+006	7.74335e+006	6.17997e+006	6.20441e+006	
192	655388	687882	4	8	6	11	0	2	0	2	0	2	-0	1	7.60687e+006	7.63894e+006	103872	104492	1	3	7.71085e+006	7.74335e+006	6.17997e+006	6.20442e+006	
193	655386	687880	5	8	6	11	0	2	0	2	0	2	-0	1	7.60687e+006	7.63894e+006	103872	104492	1	3	7.71086e+006	7.74335e+006	6.17997e+006	6.20442e+006	
194	655384	687878	5	9	6	11	0	2	1	2	0	2	-0	1	7.60687e+006	7.63894e+006	103872	104492	1	3	7.71086e+006	7.74335e+006	6.17997e+006	6.20442e+006	
195	655383	687877	5	9	6	11	0	1	1	3	0	1	0	0	7.60687e+006	7.63894e+006	103872	104492	1	2	7.71086e+006	7.74335e+006	6.17997e+006	6.20442e+006	
196	655381	687875	5	9	6	11	0	2	1	3	0	1	0	0	7.60687e+006	7.63894e+006	103872	104492	1	3	7.71086e+006	7.74336e+006	6.17997e+006	6.20442e+006	
197	655379	687873	5	9	7	12	0	2	1	3	0	1	0	0	7.60687e+006	7.63894e+006	103872	104492	1	3	7.71086e+006	7.74336e+006	6.17998e+006	6.20442e+006	
198	655378	687871	5	8	6	11	0	2	1	3	0	1	-0	0	7.60688e+006	7.63894e+006	103872	104492	1	2	7.71087e+006	7.74336e+006	6.17998e+006	6.20443e+006	
199	655376	687869	5	9	6	11	1	3	1	3	0	1	-0	0	7.60688e+006	7.63895e+006	103872	104492	1	3	7.71087e+006	7.74336e+006	6.17998e+006	6.20443e+006	
200	655375	687868	5	9	6	11	1	3	1	4	0	1	-0	0	7.60688e+006	7.63895e+006	103872	104492	1	3	7.71087e+006	7.74336e+006	6.17998e+006	6.20443e+006	
201	655373	687867	4	8	6	11	1	3	1	4	-0	1	-0	1	7.60688e+006	7.63895e+006	103872	104492	0	2	7.71087e+006	7.74336e+006	6.17998e+006	6.20443e+006	
202	655372	687865	4	8	6	11	1	3	1	4	0	1	-0	1	7.60688e+006	7.63895e+006	103872	104492	1	3	7.71087e+006	7.74336e+006	6.17998e+006	6.20443e+006	
203	655371	687863	4	8	6	11	1	3	2	4	0	1	-0	1	7.60688e+006	7.63895e+006	103872	104492	1	2	7.71087e+006	7.74337e+006	6.17999e+006	6.20443e+006	
204	655370	687863	3	7	5	11	1	3	1	4	-0	1	-0	1	7.60689e+006	7.63895e+006	103872	104492	0	1	7.71087e+006	7.74337e+006	6.17999e+006	6.20443e+006	
205	655369	687862	3	6	6	11	0	2	1	4	-0	1	-0	1	7.60689e+006	7.63896e+006	103872	104492	0	1	7.71087e+006	7.74337e+006	6.17999e+006	6.20443e+006	
206	655369	687862	2	5	6	12	0	1	1	3	0	1	-0	1	7.60689e+006	7.63896e+006	103872	104492	-0	1	7.71087e+006	7.74337e+006	6.17999e+006	6.20444e+006	
207	655367	687860	2	5	6	11	0	1	1	3	0	1	-0	1	7.60689e+006	7.63896e+006	103872	104492	1	3	7.71088e+006	7.74337e+006	6.17999e+006	6.20444e+006	
208	655365	687858	3	6	6	10	-0	1	1	2	0	1	-0	0	7.60689e+006	7.63896e+006	103872	104492	1	3	7.71088e+006	7.74337e+006	6.17999e+006	6.20444e+006	
209	655364	687856	3	7	5	9	-0	1	0	2	0	1	-0	1	7.6069e+006	7.63896e+006	103872	104492	1	2	7.71088e+006	7.74337e+006	6.17999e+006	6.20444e+006	
210	655362	687855	5	9	4	8	-0	0	1	3	0	2	-0	1	7.6069e+006	7.63896e+006	103872	104492	1	3	7.71088e+006	7.74337e+006	6.17999e+006	6.20444e+006	
211	655361	687853	4	8	4	8	-0	0	1	3	0	1	-0	0	7.6069e+006	7.63897e+006	103872	104492	0	2	7.71088e+006	7.74338e+006	6.18e+006	6.20444e+006	
212	655360	687852	4	8	5	9	-0	0	1	3	0	1	-0	0	7.6069e+006	7.63897e+006	103872	104492	1	2	7.71088e+006	7.74338e+006	6.18e+006	6.20444e+006	
213	655358	687850	4	8	4	9	-0	0	1	3	0	1	-0	0	7.6069e+006	7.63897e+006	103872	104492	1	3	7.71089e+006	7.74338e+006	6.18e+006	6.20444e+006	
214	655357	687850	3	7	5	10	-0	1	1	3	0	1	-0	0	7.6069e+006	7.63897e+006	103872	104492	0	1	7.71089e+006	7.74338e+006	6.18e+006	6.20445e+006	
215	655356	687848	3	7	6	11	-0	0	1	3	0	1	-0	0	7.6069e+006	7.63897e+006	103872	104492	0	2	7.71089e+006	7.74338e+006	6.18e+006	6.20445e+006	
216	655356	687848	2	6	7	12	-0	0	0	2	-0	1	-0	0	7.6069e+006	7.63897e+006	103872	104492	-0	1	7.71089e+006	7.74338e+006	6.18e+006	6.20445e+006	
217	655354	687847	2	5	7	12	-0	0	-0	2	-0	1	-0	0	7.60691e+006	7.63897e+006	103872	104492	0	2	7.71089e+006	7.74338e+006	6.18e+006	6.20445e+006	
218	655353	687845	3	6	6	11	-0	0	0	2	-0	1	-0	0	7.60691e+006	7.63897e+006	103872	104492	1	2	7.71089e+006	7.74338e+006	6.18001e+006	6.20445e+006	
219	655352	687845	2	5	6	10	-0	0	0	2	-0	1	-0	0	7.60691e+006	7.63898e+006	103873	104492	0	1	7.71089e+006	7.74338e+006	6.18001e+006	6.20445e+006	
220	655351	687844	3	6	5	9	0	0	1	3	-0	0	-0	0	7.60691e+006	7.63898e+006	103873	104492	0	2	7.71089e+006	7.74339e+006	6.18001e+006	6.20445e+006	
221	655350	687843	3	6	4	8	-0	0	1	3	-0	1	-0	0	7.60691e+006	7.63898e+006	103873	104492	0	2	7.71089e+006	7.74339e+006	6.18001e+006	6.20445e+006	
222	655348	687841	3	6	4	8	-0	1	1	3	-0	1	-0	0	7.60691e+006	7.63898e+006	103873	104492	1	3	7.7109e+006	7.74339e+006	6.18001e+006	6.20445e+006	
223	655347	687839	4	7	3	7	-0	1	1	3	-0	1	-0	0	7.60691e+006	7.63898e+006	103873	104492	1	3	7.7109e+006	7.74339e+006	6.18001e+006	6.20446e+006	
224	655346	687839	4	7	3	7	-0	1	0	3	-0	1	-0	1	7.60692e+006	7.63898e+006	103873	104492	0	1	7.7109e+006	7.74339e+006	6.18001e+006	6.20446e+006	
225	655344	687837	4	8	3	7	0	1	0	2	-0	1	-0	1	7.60692e+006	7.63898e+006	103873	104492	1	3	7.7109e+006	7.74339e+006	6.18001e+006	6.20446e+006	
226	655343	687836	3	7	4	8	0	2	0	2	-0	1	-0	1	7.60692e+006	7.63898e+006	103873	104492	0	1	7.7109e+006	7.74339e+006	6.18001e+006	6.20446e+006	
227	655343	687835	2	5	5	9	0	1	0	2	-0	2	-0	1	7.60692e+006	7.63898e+006	103873	104492	-0	1	7.7109e+006	7.74339e+006	6.18001e+006	6.20446e+006	
228	655342	687835	2	5	4	8	0	1	0	2	-0	2	-0	1	7.60692e+006	7.63899e+006	103873	104492	0	1	7.7109e+006	7.74339e+006	6.18002e+006	6.20446e+006	
229	655341	687833	2	5	5	9	0	2	0	1	0	1	-0	1	7.60692e+006	7.63899e+006	103873	104493	0	2	7.7109e+006	7.7434e+006	6.18002e+006	6.20446e+006	
230	655339	687832	2	5	5	9	0	2	-0	1	0	1	-0	1	7.60692e+006	7.63899e+006	103873	104493	1	2	7.7109e+006	7.7434e+006	6.18002e+006	6.20446e+006	
231	655338	687831	3	6	4	8	0	2	-0	0	0	1	-0	1	7.60692e+006	7.63899e+006	103873	104493	0	2	7.71091e+006	7.7434e+006	6.18002e+006	6.20446e+006	
232	655337	687830	3	7	4	8	0	1	-0	1	0	1	-0	1	7.60692e+006	7.63899e+006	103873	104493	1	3	7.71091e+006	7.7434e+006	6.18002e+006	6.20447e+006	
233	655335	687828	3	7	3	7	0	2	0	1	0	1	-0	1	7.60693e+006	7.63899e+006	103873	104493	0	2	7.71091e+006	7.7434e+006	6.18002e+006	6.20447e+006	
234	655334	687826	4	8	3	7	0	2	0	1	-0	1	-0	1	7.60693e+006	7.63899e+006	103873	104493	1	3	7.71091e+006	7.7434e+006	6.18002e+006	6.20447e+006	
235	655332	687825	4	8	3	7	0	1	0	2	-0	1	-0	1	7.60693e+006	7.639e+006	103873	104493	1	2	7.71091e+006	7.7434e+006	6.18002e+006	6.20447e+006	
236	655331	687823	4	8	3	8	0	1	0	2	-0	1	-0	1	7.60693e+006	7.639e+006	103873	104493	1	2	7.71091e+006	7.74341e+006	6.18002e+006	6.20447e+006	
237	655330	687822	4	8	4	9	0	1	0	2	-0	0	-0	0	7.60693e+006	7.639e+006	103873	104493	0	2	7.71091e+006	7.74341e+006	6.18002e+006	6.20447e+006	
238	655329	687821	3	7	5	10	0	2	0	2	-0	0	-0	0	7.60693e+006	7.639e+006	103873	104493	0	2	7.71092e+006	7.74341e+006	6.18003e+006	6.20447e+006	
239	655327	687819	3	7	6	10	0	1	1	2	-0	0	-0	0	7.60693e+006	7.639e+006	103873	104493	1	3	7.71092e+006	7.74341e+006	6.18003e+006	6.20447e+006	
240	655326	687818	3	7	6	11	0	1	1	3	0	0	0	0	7.60693e+006	7.639e+006	103873	104493	0	2	7.71092e+006	7.74341e+006	6.18003e+006	6.20447e+006	
241	655324	687816	3	7	6	11	0	1	1	2	-0	0	-0	0	7.60693e+006	7.639e+006	103873	104493	1	2	7.71092e+006	7.74341e+006	6.18003e+006	6.20448e+006	
242	655323	687815	4	8	5	10	0	1	0	2	-0	0	-0	0	7.60694e+006	7.639e+006	103873	104493	0	2	7.71092e+006	7.74341e+006	6.18003e+006	6.20448e+006	
243	655321	687814	4	7	5	10	0	1	1	2	-0	0	-0	0	7.60694e+006	7.639e+006	103873	104493	1	3	7.71092e+006	7.74342e+006	6.18003e+006	6.20448e+006	
244	655320	687812	4	7	5	9	0	2	1	3	-0	1	-0	1	7.60694e+006	7.639e+006	103873	104493	0	2	7.71092e+006	7.74342e+006	6.18003e+006	6.20448e+006	
245	655319	687811	4	7	4	9	0	2	0	2	-0	1	-0	1	7.60694e+006	7.63901e+006	103873	104493	1	2	7.71093e+006	7.74342e+006	6.18004e+006	6.20448e+006	
246	655318	687810	4	7	4	9	0	2	1	2	-0	1	-0	1	7.60694e+006	7.63901e+006	103873	104493	0	2	7.71093e+006	7.74342e+006	6.18004e+006	6.20448e+006	
247	655316	687808	4	7	4	9	0	2	1	3	0	1	0	1	7.60694e+006	7.63901e+006	103873	104493	1	3	7.71093e+006	7.74342e+006	6.18004e+006	6.20448e+006	
248	655315	687806	4	8	5	10	0	2	1	3	0	1	0	1	7.60694e+006	7.63901e+006	103873	104493	1	3	7.71093e+006	7.74342e+006	6.18004e+006	6.20448e+006	
249	655313	687804	4	8	5	9	0	2	1	3	0	1	0	1	7.60694e+006	7.63901e+006	103873	104493	1	3	7.71093e+006	7.74342e+006	6.18004e+006	6.20449e+006	
250	655313	687804	4	8	5	9	0	1	0	2	0	1	0	1	7.60695e+006	7.63901e+006	103873	104493	-0	1	7.71093e+006	7.74342e+006	6.18004e+006	6.20449e+006	
251	655311	687803	4	7	6	10	-0	1	1	3	0	1	-0	1	7.60695e+006	7.63901e+006	103873	104493	0	2	7.71093e+006	7.74343e+006	6.18004e+006	6.20449e+006	
252	655310	687801	3	6	6	10	0	1	1	3	0	1	-0	1	7.60695e+006	7.63902e+006	103873	104493	0	2	7.71094e+006	7.74343e+006	6.18004e+006	6.20449e+006	
253	655309	687800	3	6	6	10	0	1	0	2	0	2	-0	1	7.60695e+006	7.63902e+006	103873	104493	1	3	7.71094e+006	7.74343e+006	6.18005e+006	6.20449e+006	
254	655308	687799	3	6	5	10	0	1	1	3	0	1	-0	1	7.60695e+006	7.63902e+006	103873	104493	-0	1	7.71094e+006	7.74343e+006	6.18005e+006	6.20449e+006	
255	655307	687798	3	6	5	10	-0	1	0	2	0	1	-0	0	7.60695e+006	7.63902e+006	103873	104493	0	2	7.71094e+006	7.74343e+006	6.18005e+006	6.20449e+006	
256	655306	687797	3	6	5	10	-0	1	0	2	0	1	-0	0	7.60695e+006	7.63902e+006	103873	104493	0	2	7.71094e+006	7.74343e+006	6.18005e+006	6.20449e+006	
257	655304	687795	3	6	5	10	0	1	0	2	0	1	0	0	7.60696e+006	7.63902e+006	103873	104493	1	3	7.71094e+006	7.74343e+006	6.18005e+006	6.2045e+006	
258	655301	687792	5	9	4	8	-0	1	0	2	0	1	0	0	7.60696e+006	7.63902e+006	103873	104493	1	4	7.71094e+006	7.74344e+006	6.18005e+006	6.2045e+006	
259	655300	687791	5	10	3	7	0	1	0	2	0	1	0	0	7.60696e+006	7.63903e+006	103873	104493	1	3	7.71095e+006	7.74344e+006	6.18005e+006	6.2045e+006	
260	655299	687790	5	9	4	8	0	2	0	1	-0	1	0	0	7.60696e+006	7.63903e+006	103873	104493	0	1	7.71095e+006	7.74344e+006	6.18005e+006	6.2045e+006	
261	655297	687787	5	9	5	9	0	2	0	1	-0	1	0	0	7.60696e+006	7.63903e+006	103873	104493	1	4	7.71095e+006	7.74344e+006	6.18006e+006	6.2045e+006	
262	655296	687786	4	8	6	10	0	2	0	2	-0	1	0	0	7.60696e+006	7.63903e+006	103873	104493	0	2	7.71095e+006	7.74344e+006	6.18006e+006	6.2045e+006	
263	655295	687786	3	7	5	10	0	2	0	1	-0	1	-0	0	7.60697e+006	7.63903e+006	103873	104493	0	1	7.71095e+006	7.74344e+006	6.18006e+006	6.2045e+006	
264	655293	687784	4	8	5	10	0	2	-0	1	0	1	-0	0	7.60697e+006	7.63903e+006	103873	104493	1	3	7.71095e+006	7.74344e+006	6.18006e+006	6.2045e+006	
265	655292	687783	3	6	7	12	0	2	-0	1	-0	1	-0	0	7.60697e+006	7.63903e+006	103873	104493	0	2	7.71095e+006	7.74344e+006	6.18006e+006	6.20451e+006	
266	655291	687781	3	7	7	12	0	1	0	1	-0	1	-0	0	7.60697e+006	7.63903e+006	103873	104493	1	3	7.71096e+006	7.74345e+006	6.18006e+006	6.20451e+006	
267	655289	687780	4	7	6	11	0	1	0	1	-0	1	-0	0	7.60697e+006	7.63904e+006	103873	104493	0	2	7.71096e+006	7.74345e+006	6.18006e+006	6.20451e+006	
268	655288	687778	4	7	5	10	-0	1	0	2	-0	1	-0	0	7.60697e+006	7.63904e+006	103873	104493	1	3	7.71096e+006	7.74345e+006	6.18007e+006	6.20451e+006	
269	655286	687777	4	8	5	9	-0	1	1	3	-0	1	-0	0	7.60697e+006	7.63904e+006	103873	104493	1	3	7.71096e+006	7.74345e+006	6.18007e+006	6.20451e+006	
270	655285	687775	4	8	6	11	-0	1	1	3	-0	1	-0	0	7.60697e+006	7.63904e+006	103873	104493	1	3	7.71096e+006	7.74345e+006	6.18007e+006	6.20451e+006	
271	655283	687773	5	8	5	9	-0	0	1	3	-0	1	-0	0	7.60698e+006	7.63904e+006	103873	104493	0	2	7.71096e+006	7.74345e+006	6.18007e+006	6.20451e+006	
272	655282	687772	4	8	5	10	-0	0	1	3	-0	1	-0	0	7.60698e+006	7.63904e+006	103873	104493	0	2	7.71096e+006	7.74345e+006	6.18007e+006	6.20451e+006	
273	655280	687770	4	8	6	11	-0	1	1	3	-0	1	-0	0	7.60698e+006	7.63904e+006	103873	104493	1	3	7.71097e+006	7.74346e+006	6.18007e+006	6.20452e+006	
274	655279	687769	4	8	6	11	-0	1	1	3	-0	0	-0	0	7.60698e+006	7.63904e+006	103873	104493	1	2	7.71097e+006	7.74346e+006	6.18007e+006	6.20452e+006	
275	655275	687765	6	10	7	11	-0	1	1	3	-0	1	-0	0	7.60698e+006	7.63905e+006	103873	104493	2	5	7.71097e+006	7.74346e+006	6.18008e+006	6.20452e+006	
276	655274	687764	6	10	6	11	-0	1	1	3	-0	1	-0	0	7.60698e+006	7.63905e+006	103873	104493	1	3	7.71097e+006	7.74346e+006	6.18008e+006	6.20452e+006	
277	655272	687763	6	10	7	12	-0	1	1	3	-0	1	-0	0	7.60698e+006	7.63905e+006	103873	104493	0	2	7.71097e+006	7.74346e+006	6.18008e+006	6.20452e+006	
278	655271	687762	5	10	6	11	-0	1	0	3	-0	1	-0	1	7.60699e+006	7.63905e+006	103873	104493	0	2	7.71097e+006	7.74347e+006	6.18008e+006	6.20452e+006	
279	655270	687760	4	8	8	13	-0	1	0	3	-0	1	-0	1	7.60699e+006	7.63905e+006	103873	104493	1	2	7.71098e+006	7.74347e+006	6.18008e+006	6.20453e+006	
280	655267	687758	4	8	8	13	-0	1	1	3	-0	1	-0	1	7.60699e+006	7.63905e+006	103873	104493	1	4	7.71098e+006	7.74347e+006	6.18008e+006	6.20453e+006	
281	655266	687756	5	9	8	13	0	1	1	3	0	1	-0	1	7.60699e+006	7.63905e+006	103873	104493	1	3	7.71098e+006	7.74347e+006	6.18009e+006	6.20453e+006	
282	655265	687755	5	9	8	13	0	1	1	3	0	1	-0	1	7.60699e+006	7.63906e+006	103873	104493	0	2	7.71098e+006	7.74347e+006	6.18009e+006	6.20453e+006	
283	655262	687752	6	10	6	12	0	2	1	3	0	1	-0	1	7.60699e+006	7.63906e+006	103873	104493	1	3	7.71098e+006	7.74347e+006	6.18009e+006	6.20453e+006	
284	655261	687751	5	9	7	13	1	2	1	3	0	1	-0	1	7.60699e+006	7.63906e+006	103873	104493	1	3	7.71099e+006	7.74348e+006	6.18009e+006	6.20453e+006	
285	655259	687749	5	9	5	11	1	3	1	3	-0	1	-0	1	7.607e+006	7.63906e+006	103873	104493	1	3	7.71099e+006	7.74348e+006	6.18009e+006	6.20453e+006	
286	655258	687747	5	9	5	10	1	3	1	3	-0	1	-0	1	7.607e+006	7.63906e+006	103873	104493	1	2	7.71099e+006	7.74348e+006	6.18009e+006	6.20454e+006	
287	655256	687746	4	8	6	11	0	2	1	3	0	1	-0	1	7.607e+006	7.63907e+006	103873	104493	1	2	7.71099e+006	7.74348e+006	6.1801e+006	6.20454e+006	
288	655255	687744	4	8	6	12	1	2	1	3	-0	1	-0	0	7.607e+006	7.63907e+006	103874	104493	1	2	7.71099e+006	7.74348e+006	6.1801e+006	6.20454e+006	
289	655252	687742	4	9	8	13	0	1	1	3	0	1	-0	1	7.607e+006	7.63907e+006	103874	104493	1	3	7.71099e+006	7.74348e+006	6.1801e+006	6.20454e+006	
290	655251	687741	4	9	7	11	0	2	1	3	0	1	-0	1	7.60701e+006	7.63907e+006	103874	104493	1	2	7.711e+006	7.74349e+006	6.1801e+006	6.20454e+006	
291	655248	687738	6	10	6	11	0	2	0	2	0	1	-0	1	7.60701e+006	7.63907e+006	103874	104493	2	4	7.711e+006	7.74349e+006	6.1801e+006	6.20454e+006	
292	655247	687737	5	10	6	11	0	2	0	2	-0	1	-0	0	7.60701e+006	7.63907e+006	103874	104493	0	2	7.711e+006	7.74349e+006	6.1801e+006	6.20454e+006	
293	655245	687734	6	10	5	11	1	3	0	2	-0	1	-0	0	7.60701e+006	7.63908e+006	103874	104493	1	3	7.711e+006	7.74349e+006	6.1801e+006	6.20455e+006	
294	655244	687733	5	9	5	11	0	3	0	2	0	2	-0	0	7.60701e+006	7.63908e+006	103874	104493	0	2	7.711e+006	7.74349e+006	6.18011e+006	6.20455e+006	
295	655242	687731	4	8	6	12	1	3	1	3	0	2	-0	0	7.60701e+006	7.63908e+006	103874	104493	1	3	7.71101e+006	7.74349e+006	6.18011e+006	6.20455e+006	
296	655240	687730	5	9	6	12	1	3	1	3	0	2	-0	0	7.60702e+006	7.63908e+006	103874	104493	1	3	7.71101e+006	7.7435e+006	6.18011e+006	6.20455e+006	
297	655238	687727	5	8	7	13	0	2	1	4	0	2	-0	0	7.60702e+006	7.63908e+006	103874	104493	1	3	7.71101e+006	7.7435e+006	6.18011e+006	6.20455e+006	
298	655237	687726	5	9	7	13	0	2	1	4	0	2	-0	0	7.60702e+006	7.63908e+006	103874	104493	1	2	7.71101e+006	7.7435e+006	6.18011e+006	6.20456e+006	
299	655236	687725	4	8	7	12	0	2	1	3	0	1	0	0	7.60702e+006	7.63909e+006	103874	104494	0	1	7.71101e+006	7.7435e+006	6.18011e+006	6.20456e+006	
300	655235	687724	4	7	7	12	1	2	1	3	0	2	-0	1	7.60702e+006	7.63909e+006	103874	104494	0	2	7.71101e+006	7.7435e+006	6.18012e+006	6.20456e+006	
301	655234	687723	3	6	6	11	0	2	1	3	0	2	-0	1	7.60702e+006	7.63909e+006	103874	104494	0	2	7.71101e+006	7.7435e+006	6.18012e+006	6.20456e+006	
302	655233	687722	3	5	7	11	0	2	1	3	0	2	-0	1	7.60703e+006	7.63909e+006	103874	104494	0	1	7.71101e+006	7.7435e+006	6.18012e+006	6.20456e+006	
303	655232	687721	2	5	5	10	0	2	1	3	0	2	-0	1	7.60703e+006	7.63909e+006	103874	104494	0	1	7.71102e+006	7.7435e+006	6.18012e+006	6.20456e+006	
304	655231	687720	3	6	5	10	0	2	1	3	0	2	-0	1	7.60703e+006	7.63909e+006	103874	104494	1	3	7.71102e+006	7.74351e+006	6.18012e+006	6.20456e+006	
305	655229	687718	3	6	5	10	0	1	1	4	0	2	-0	1	7.60703e+006	7.63909e+006	103874	104494	1	3	7.71102e+006	7.74351e+006	6.18012e+006	6.20456e+006	
306	655228	687717	4	7	5	9	0	1	1	3	0	2	0	1	7.60703e+006	7.6391e+006	103874	104494	1	2	7.71102e+006	7.74351e+006	6.18012e+006	6.20456e+006	
307	655227	687716	4	7	4	7	-0	1	1	3	0	2	0	1	7.60703e+006	7.6391e+006	103874	104494	0	1	7.71102e+006	7.74351e+006	6.18012e+006	6.20457e+006	
308	655225	687714	4	7	4	7	0	1	2	4	0	2	0	1	7.60704e+006	7.6391e+006	103874	104494	1	3	7.71102e+006	7.74351e+006	6.18013e+006	6.20457e+006	
309	655224	687713	4	7	4	8	0	1	2	4	0	2	0	1	7.60704e+006	7.6391e+006	103874	104494	1	2	7.71102e+006	7.74351e+006	6.18013e+006	6.20457e+006	
310	655222	687711	4	7	5	9	0	1	1	4	0	2	0	1	7.60704e+006	7.6391e+006	103874	104494	1	3	7.71103e+006	7.74351e+006	6.18013e+006	6.20457e+006	
311	655221	687710	4	8	4	8	0	1	1	3	0	2	0	1	7.60704e+006	7.6391e+006	103874	104494	0	2	7.71103e+006	7.74352e+006	6.18013e+006	6.20457e+006	
312	655220	687709	4	7	5	9	0	1	1	4	0	2	0	1	7.60704e+006	7.6391e+006	103874	104494	0	2	7.71103e+006	7.74352e+006	6.18013e+006	6.20457e+006	
313	655219	687707	3	7	6	10	-0	1	1	3	1	3	0	2	7.60704e+006	7.6391e+006	103874	104494	0	2	7.71103e+006	7.74352e+006	6.18013e+006	6.20457e+006	
314	655217	687706	4	7	6	10	-0	1	0	2	1	3	0	2	7.60704e+006	7.63911e+006	103874	104494	1	3	7.71103e+006	7.74352e+006	6.18013e+006	6.20457e+006	
315	655215	687703	5	9	5	10	-0	1	0	2	1	3	0	2	7.60704e+006	7.63911e+006	103874	104494	1	4	7.71103e+006	7.74352e+006	6.18013e+006	6.20458e+006	
316	655213	687702	5	9	5	9	0	1	0	2	1	3	0	2	7.60705e+006	7.63911e+006	103874	104494	1	3	7.71103e+006	7.74352e+006	6.18014e+006	6.20458e+006	
317	655212	687700	5	9	5	10	0	1	0	1	1	3	0	2	7.60705e+006	7.63911e+006	103874	104494	0	2	7.71104e+006	7.74352e+006	6.18014e+006	6.20458e+006	
318	655210	687698	5	10	5	9	0	2	0	1	1	3	0	2	7.60705e+006	7.63911e+006	103874	104494	1	3	7.71104e+006	7.74353e+006	6.18014e+006	6.20458e+006	
319	655209	687697	4	8	6	11	0	2	0	2	1	3	0	2	7.60705e+006	7.63911e+006	103874	104494	0	2	7.71104e+006	7.74353e+006	6.18014e+006	6.20458e+006	
320	655208	687696	4	7	6	11	0	2	0	2	0	2	0	1	7.60705e+006	7.63911e+006	103874	104494	0	2	7.71104e+006	7.74353e+006	6.18014e+006	6.20458e+006	
321	655206	687694	4	8	6	11	0	2	1	3	0	2	0	1	7.60705e+006	7.63912e+006	103875	104494	1	2	7.71104e+006	7.74353e+006	6.18014e+006	6.20458e+006	
322	655205	687693	3	6	7	12	0	2	1	3	0	1	-0	1	7.60705e+006	7.63912e+006	103875	104494	0	2	7.71104e+006	7.74353e+006	6.18014e+006	6.20459e+006	
323	655204	687692	4	7	7	11	0	2	1	4	-0	1	0	0	7.60705e+006	7.63912e+006	103875	104495	1	3	7.71104e+006	7.74353e+006	6.18015e+006	6.20459e+006	
324	655202	687690	4	7	7	11	0	1	1	4	-0	1	-0	0	7.60706e+006	7.63912e+006	103875	104495	1	2	7.71105e+006	7.74353e+006	6.18015e+006	6.20459e+006	
325	655201	687688	4	8	5	10	0	1	2	5	0	1	-0	1	7.60706e+006	7.63912e+006	103875	104495	1	3	7.71105e+006	7.74354e+006	6.18015e+006	6.20459e+006	
326	655200	687688	4	7	5	10	0	1	1	4	0	1	-0	1	7.60706e+006	7.63912e+006	103875	104495	0	1	7.71105e+006	7.74354e+006	6.18015e+006	6.20459e+006	
327	655199	687687	3	6	6	10	0	1	1	4	0	1	-0	1	7.60706e+006	7.63912e+006	103875	104495	0	2	7.71105e+006	7.74354e+006	6.18015e+006	6.20459e+006	
328	655198	687685	3	6	5	9	-0	1	1	4	-0	1	-0	1	7.60706e+006	7.63913e+006	103875	104495	1	2	7.71105e+006	7.74354e+006	6.18015e+006	6.20459e+006	
329	655197	687684	2	6	5	10	-0	1	1	4	0	1	0	1	7.60706e+006	7.63913e+006	103875	104495	0	1	7.71105e+006	7.74354e+006	6.18015e+006	6.20459e+006	
330	655196	687683	3	6	5	10	-0	1	1	4	0	2	0	1	7.60707e+006	7.63913e+006	103875	104495	0	2	7.71105e+006	7.74354e+006	6.18015e+006	6.20459e+006	
331	655195	687682	3	6	5	9	-0	1	0	2	0	2	0	1	7.60707e+006	7.63913e+006	103875	104495	0	2	7.71105e+006	7.74354e+006	6.18016e+006	6.2046e+006	
332	655193	687680	3	7	5	10	-0	1	1	2	0	2	0	1	7.60707e+006	7.63913e+006	103875	104495	1	3	7.71106e+006	7.74354e+006	6.18016e+006	6.2046e+006	
333	655192	687678	4	8	4	9	-0	1	1	3	0	2	0	1	7.60707e+006	7.63913e+006	103875	104495	1	2	7.71106e+006	7.74354e+006	6.18016e+006	6.2046e+006	
334	655191	687677	4	8	5	8	-0	1	1	3	0	2	-0	1	7.60707e+006	7.63913e+006	103875	104495	0	2	7.71106e+006	7.74355e+006	6.18016e+006	6.2046e+006	
335	655190	687676	4	7	4	8	-0	1	1	3	0	2	-0	1	7.60707e+006	7.63914e+006	103875	104495	0	2	7.71106e+006	7.74355e+006	6.18016e+006	6.2046e+006	
336	655188	687674	4	7	4	9	0	1	1	3	0	2	-0	1	7.60707e+006	7.63914e+006	103875	104495	1	3	7.71106e+006	7.74355e+006	6.18016e+006	6.2046e+006	
337	655187	687673	3	7	4	9	0	2	1	3	0	2	-0	1	7.60708e+006	7.63914e+006	103875	104495	0	2	7.71106e+006	7.74355e+006	6.18016e+006	6.2046e+006	
338	655186	687672	3	7	4	9	0	2	1	3	0	2	-0	1	7.60708e+006	7.63914e+006	103875	104495	0	2	7.71106e+006	7.74355e+006	6.18016e+006	6.2046e+006	
339	655184	687670	4	7	5	9	0	2	0	2	0	2	-0	1	7.60708e+006	7.63914e+006	103875	104495	0	2	7.71107e+006	7.74355e+006	6.18017e+006	6.2046e+006	
340	655183	687669	3	7	5	10	0	2	0	1	1	2	-0	1	7.60708e+006	7.63914e+006	103875	104495	1	2	7.71107e+006	7.74355e+006	6.18017e+006	6.20461e+006	
341	655182	687667	4	7	5	10	0	2	0	2	1	2	-0	1	7.60708e+006	7.63914e+006	103875	104495	1	3	7.71107e+006	7.74355e+006	6.18017e+006	6.20461e+006	
342	655181	687666	3	7	5	9	0	2	0	2	1	2	-0	1	7.60708e+006	7.63914e+006	103875	104495	0	1	7.71107e+006	7.74356e+006	6.18017e+006	6.20461e+006	
343	655180	687664	3	7	5	9	0	1	0	2	1	2	-0	1	7.60708e+006	7.63914e+006	103875	104495	1	2	7.71107e+006	7.74356e+006	6.18017e+006	6.20461e+006	
344	655179	687663	3	7	5	9	0	1	0	2	0	2	-0	1	7.60708e+006	7.63915e+006	103875	104495	0	2	7.71107e+006	7.74356e+006	6.18017e+006	6.20461e+006	
345	655178	687662	3	6	6	10	0	1	0	2	0	2	0	1	7.60709e+006	7.63915e+006	103875	104495	0	2	7.71107e+006	7.74356e+006	6.18017e+006	6.20461e+006	
346	655177	687661	3	6	5	9	0	1	1	3	0	2	-0	1	7.60709e+006	7.63915e+006	103875	104495	0	2	7.71108e+006	7.74356e+006	6.18017e+006	6.20461e+006	
347	655174	687659	4	7	5	10	-0	1	0	2	1	2	-0	1	7.60709e+006	7.63915e+006	103875	104495	1	3	7.71108e+006	7.74356e+006	6.18018e+006	6.20461e+006	
348	655174	687659	3	7	5	10	-0	0	0	2	1	2	-0	1	7.60709e+006	7.63915e+006	103875	104495	-0	1	7.71108e+006	7.74356e+006	6.18018e+006	6.20461e+006	
349	655173	687658	3	6	5	9	-0	0	0	2	0	2	-0	1	7.60709e+006	7.63915e+006	103875	104495	-0	1	7.71108e+006	7.74356e+006	6.18018e+006	6.20462e+006	
350	655171	687655	4	8	5	9	-0	1	0	2	0	1	-0	1	7.60709e+006	7.63915e+006	103875	104495	1	4	7.71108e+006	7.74357e+006	6.18018e+006	6.20462e+006	
351	655169	687654	4	7	5	10	-0	1	1	3	0	1	-0	1	7.60709e+006	7.63915e+006	103875	104495	1	3	7.71108e+006	7.74357e+006	6.18018e+006	6.20462e+006	
352	655168	687653	4	8	5	9	-0	1	0	2	0	1	-0	1	7.6071e+006	7.63916e+006	103875	104495	0	2	7.71108e+006	7.74357e+006	6.18018e+006	6.20462e+006	
353	655167	687651	5	8	4	8	-0	1	1	3	0	1	-0	1	7.6071e+006	7.63916e+006	103875	104495	0	2	7.71109e+006	7.74357e+006	6.18018e+006	6.20462e+006	
354	655166	687650	4	7	6	10	-0	1	1	3	0	1	-0	1	7.6071e+006	7.63916e+006	103875	104495	0	2	7.71109e+006	7.74357e+006	6.18018e+006	6.20462e+006	
355	655165	687650	3	6	6	10	0	1	1	3	0	1	-0	1	7.6071e+006	7.63916e+006	103875	104495	0	2	7.71109e+006	7.74357e+006	6.18019e+006	6.20462e+006	
356	655163	687648	3	6	6	10	0	1	1	3	0	1	-0	1	7.6071e+006	7.63916e+006	103875	104495	0	2	7.71109e+006	7.74357e+006	6.18019e+006	6.20462e+006	
357	655162	687647	3	6	5	9	0	2	1	3	0	1	0	1	7.6071e+006	7.63916e+006	103875	104495	0	1	7.71109e+006	7.74357e+006	6.18019e+006	6.20463e+006	
358	655161	687646	3	6	5	9	0	2	1	3	-0	1	-0	1	7.6071e+006	7.63916e+006	103875	104495	1	2	7.71109e+006	7.74358e+006	6.18019e+006	6.20463e+006	
359	655159	687644	4	7	5	10	0	2	1	3	0	1	0	1	7.6071e+006	7.63916e+006	103875	104495	1	3	7.71109e+006	7.74358e+006	6.18019e+006	6.20463e+006	
360	655158	687642	4	8	4	8	0	2	1	3	0	1	0	1	7.60711e+006	7.63916e+006	103875	104495	1	3	7.71109e+006	7.74358e+006	6.18019e+006	6.20463e+006	
361	655156	687641	5	8	4	8	0	1	1	3	0	1	0	1	7.60711e+006	7.63917e+006	103875	104495	1	2	7.7111e+006	7.74358e+006	6.18019e+006	6.20463e+006	
362	655154	687639	5	9	4	8	0	1	1	3	0	2	0	2	7.60711e+006	7.63917e+006	103875	104495	1	3	7.7111e+006	7.74358e+006	6.18019e+006	6.20463e+006	
363	655152	687637	6	10	4	9	0	2	0	2	0	2	0	2	7.60711e+006	7.63917e+006	103875	104495	1	4	7.7111e+006	7.74358e+006	6.18019e+006	6.20463e+006	
364	655151	687636	5	8	5	9	0	2	0	2	1	2	0	2	7.60711e+006	7.63917e+006	103875	104495	0	1	7.7111e+006	7.74359e+006	6.1802e+006	6.20463e+006	
