Day	Susceptible	Exposed	Current Detected Mild Infections	Current Undetected Mild Infections	Current Hospitalizations	Current ICU patients	ventilators	Recovered	Deaths	new infections today	total number of infections 	Confirmed total number of infections 	
0	8.39872e+006	16	0	0	0	0	0	0	0	0	16	0	
1	8.39858e+006	160	0	0	0	0	0	0	0	144	160	0	
2	8.39843e+006	304	0	0	0	0	0	0	0	144	304	0	
3	8.39826e+006	476	0	0	0	0	0	0	0	172	476	0	
4	8.39797e+006	746	16	0	0	0	0	0	0	287	762	16	
5	8.39757e+006	1002	124	36	0	0	0	0	0	400	1162	124	
6	8.39703e+006	1400	232	72	0	0	0	0	0	542	1704	232	
7	8.39625e+006	2015	361	115	0	0	0	0	0	786	2491	361	
8	8.39512e+006	2857	574	189	0	0	0	0	0	1129	3619	574	
9	8.39354e+006	4030	879	283	0	0	0	0	0	1573	5192	879	
10	8.39131e+006	5725	1271	418	0	0	0	16	0	2237	7429	1287	
11	8.38815e+006	8097	1765	566	28	0	0	132	0	3158	10587	1895	
12	8.38377e+006	11346	2498	817	56	0	0	248	0	4378	14966	2737	
13	8.3777e+006	15839	3554	1162	88	0	0	388	0	6066	21032	3926	
14	8.3691e+006	22209	5028	1638	145	0	0	618	0	8606	29638	5628	
15	8.35715e+006	31001	7080	2345	224	0	0	939	0	11950	41588	8000	
16	8.34052e+006	43250	9936	3325	334	0	0	1370	0	16627	58215	11289	
17	8.31711e+006	60595	13875	4666	462	16	15	2012	0	23411	81626	15869	
18	8.28463e+006	84471	19460	6559	654	25	20	2940	0	32482	114108	22364	
19	8.2394e+006	117747	27215	9181	914	35	24	4244	0	45227	159335	31379	
20	8.17692e+006	163606	38012	12775	1302	52	31	6075	0	62486	221821	43957	
21	8.09051e+006	226601	53199	17840	1825	74	43	8688	0	86406	308227	61636	
22	7.97147e+006	313160	74291	24852	2567	105	56	12293	0	119042	427268	86195	
23	7.80902e+006	430386	103686	34617	3620	149	77	17262	0	162452	589721	120435	
24	7.58884e+006	588074	144166	48017	5077	209	106	24352	0	220174	809894	167764	
25	7.29429e+006	796217	200035	66604	7112	292	146	34183	0	294550	1.10444e+006	233147	
26	6.90708e+006	1.06439e+006	276738	92316	9933	425	203	47857	0	387209	1.49165e+006	323171	
27	6.40892e+006	1.40009e+006	381063	127032	13875	583	269	67154	14	498159	1.98981e+006	446173	
28	5.78944e+006	1.7994e+006	521754	174032	19338	825	380	93928	18	619483	2.6093e+006	612781	
29	5.04975e+006	2.24455e+006	708760	236349	26882	1165	539	131268	20	739697	3.34899e+006	835884	
30	4.28877e+006	2.61831e+006	952240	317593	37440	1636	764	182721	24	760974	4.10997e+006	1.12937e+006	
31	3.5486e+006	2.86032e+006	1.26121e+006	420380	51973	2282	1069	253942	29	740169	4.85014e+006	1.50736e+006	
32	2.87412e+006	2.91532e+006	1.63673e+006	545293	71787	3173	1482	352273	36	674482	5.52462e+006	1.97782e+006	
33	2.30896e+006	2.74079e+006	2.06945e+006	689825	98813	4434	2069	486428	47	565162	6.08978e+006	2.54035e+006	
34	1.86916e+006	2.41961e+006	2.47509e+006	824978	135294	6192	2875	668347	62	439800	6.52958e+006	3.12177e+006	
35	1.54928e+006	1.99932e+006	2.8091e+006	936588	183861	8628	4000	911873	82	319880	6.84946e+006	3.69092e+006	
36	1.33455e+006	1.53957e+006	3.02461e+006	1.00835e+006	246990	12013	5532	1.23254e+006	114	214724	7.06418e+006	4.21575e+006	
37	1.20652e+006	1.10244e+006	3.07473e+006	1.02524e+006	327074	16700	7696	1.64588e+006	157	128034	7.19222e+006	4.66392e+006	
38	1.09385e+006	775307	2.93968e+006	980608	424411	23085	10630	2.16158e+006	219	112669	7.30489e+006	5.02365e+006	
39	999110	550168	2.62494e+006	875524	536766	31832	14628	2.78009e+006	305	94740	7.39963e+006	5.29974e+006	
40	923162	411392	2.21525e+006	738963	641922	43605	20044	3.42401e+006	428	75948	7.47557e+006	5.49774e+006	
41	863527	342993	1.7563e+006	585785	728502	59466	27371	4.06157e+006	595	59635	7.53521e+006	5.62939e+006	
42	817921	275930	1.34061e+006	439655	784473	80188	36876	4.65914e+006	816	45607	7.58082e+006	5.75227e+006	
43	783598	215512	992529	317319	797452	106662	49045	5.18454e+006	1127	34323	7.61514e+006	5.85544e+006	
44	758187	164975	723627	222369	762587	139466	64088	5.62597e+006	1559	25411	7.64055e+006	5.93758e+006	
45	739526	124001	531425	154326	680869	178290	81962	5.98813e+006	2169	18660	7.65921e+006	6.00074e+006	
46	725549	92372	406946	109688	574468	217204	99902	6.26951e+006	3003	13978	7.67319e+006	6.04769e+006	
47	714817	68781	338420	84501	455423	253618	116600	6.47901e+006	4167	10732	7.68392e+006	6.0814e+006	
48	705999	52188	268540	67124	346029	284717	130930	6.66837e+006	5774	8819	7.69274e+006	6.10616e+006	
49	698895	40632	207694	51890	254459	307155	141248	6.83003e+006	7984	7104	7.69984e+006	6.12487e+006	
50	693318	32231	158108	39506	183777	319503	146897	6.96131e+006	10983	5577	7.70542e+006	6.13908e+006	
51	688875	25942	119052	29659	133164	320763	147429	7.0663e+006	14983	4443	7.70986e+006	6.15003e+006	
52	685289	20709	89580	22342	100502	311016	142954	7.14908e+006	20216	3585	7.71345e+006	6.15885e+006	
53	682391	16504	67809	16894	82342	290390	133448	7.21547e+006	26934	2898	7.71635e+006	6.1659e+006	
54	680023	13295	51934	12935	65351	262119	120476	7.27782e+006	35262	2368	7.71871e+006	6.17136e+006	
55	678092	10782	40507	10145	50636	226049	103865	7.33731e+006	45218	1931	7.72064e+006	6.17562e+006	
56	676533	8756	32200	8059	38444	187875	86282	7.39135e+006	55522	1559	7.7222e+006	6.17904e+006	
57	675273	7118	25927	6500	28960	149915	68868	7.43952e+006	65529	1260	7.72346e+006	6.18179e+006	
58	674266	5758	20757	5218	21815	114710	52671	7.48158e+006	74636	1007	7.72447e+006	6.18402e+006	
59	673488	4605	16624	4178	16484	85103	39076	7.51598e+006	82274	778	7.72525e+006	6.18587e+006	
60	672874	3659	13415	3370	12625	61898	28426	7.54274e+006	88152	613	7.72586e+006	6.18733e+006	
61	672641	2632	10891	2711	9846	45135	20719	7.56243e+006	92446	233	7.7261e+006	6.18852e+006	
62	672453	1813	8831	2192	7865	33996	15606	7.57631e+006	95280	188	7.72628e+006	6.18947e+006	
63	672304	1184	7149	1755	6324	27444	12613	7.58559e+006	96988	149	7.72643e+006	6.19022e+006	
64	672191	683	5759	1390	5038	21586	9941	7.59359e+006	98495	113	7.72655e+006	6.19081e+006	
65	672099	542	4376	1075	4074	16714	7691	7.60007e+006	99783	92	7.72664e+006	6.19107e+006	
66	672029	424	3281	800	3292	12768	5885	7.60533e+006	100813	71	7.72671e+006	6.19128e+006	
67	671970	334	2409	560	2686	9708	4473	7.60946e+006	101612	59	7.72677e+006	6.19147e+006	
68	671927	264	1700	374	2187	7374	3379	7.61269e+006	102222	43	7.72681e+006	6.19161e+006	
69	671895	205	1150	238	1767	5615	2568	7.61518e+006	102687	32	7.72684e+006	6.19172e+006	
70	671873	156	719	126	1425	4336	1977	7.61708e+006	103024	22	7.72686e+006	6.19181e+006	
71	671858	112	590	81	1066	3425	1564	7.61834e+006	103267	15	7.72688e+006	6.19187e+006	
72	671843	84	478	48	796	2755	1261	7.61929e+006	103447	14	7.72689e+006	6.19192e+006	
73	671833	62	373	36	568	2225	1010	7.62005e+006	103591	10	7.7269e+006	6.19195e+006	
74	671824	48	291	28	393	1791	800	7.62065e+006	103709	8	7.72691e+006	6.19197e+006	
75	671817	41	220	22	259	1433	641	7.62114e+006	103802	8	7.72692e+006	6.19199e+006	
76	671811	33	169	16	160	1155	516	7.62152e+006	103879	6	7.72693e+006	6.192e+006	
77	671806	27	124	13	132	910	406	7.62178e+006	103947	4	7.72693e+006	6.19201e+006	
78	671801	23	94	9	103	725	321	7.62199e+006	103994	5	7.72694e+006	6.19202e+006	
79	671798	19	71	7	82	564	252	7.62216e+006	104040	3	7.72694e+006	6.19203e+006	
80	671796	15	58	4	63	442	196	7.62229e+006	104071	3	7.72694e+006	6.19204e+006	
81	671793	13	48	3	49	333	144	7.6224e+006	104097	2	7.72694e+006	6.19204e+006	
82	671791	10	39	3	36	250	108	7.62249e+006	104118	2	7.72695e+006	6.19204e+006	
83	671790	8	32	2	24	184	80	7.62256e+006	104135	2	7.72695e+006	6.19205e+006	
84	671787	9	26	3	19	128	58	7.62262e+006	104148	3	7.72695e+006	6.19205e+006	
85	671785	8	22	2	14	85	39	7.62266e+006	104160	1	7.72695e+006	6.19205e+006	
86	671784	8	17	2	12	54	26	7.62269e+006	104168	2	7.72695e+006	6.19205e+006	
87	671782	7	15	2	10	43	20	7.62271e+006	104170	1	7.72695e+006	6.19206e+006	
88	671780	6	14	1	8	33	15	7.62272e+006	104173	2	7.72696e+006	6.19206e+006	
89	671779	7	12	1	7	26	12	7.62273e+006	104174	2	7.72696e+006	6.19206e+006	
90	671778	6	11	1	5	22	10	7.62274e+006	104175	1	7.72696e+006	6.19206e+006	
91	671776	6	10	0	4	17	7	7.62275e+006	104176	2	7.72696e+006	6.19206e+006	
92	671775	6	10	1	3	13	5	7.62275e+006	104177	1	7.72696e+006	6.19206e+006	
93	671774	5	10	1	2	8	3	7.62276e+006	104179	1	7.72696e+006	6.19207e+006	
94	671772	5	8	0	2	7	3	7.62276e+006	104179	1	7.72696e+006	6.19207e+006	
95	671771	5	8	1	2	6	2	7.62276e+006	104180	1	7.72697e+006	6.19207e+006	
96	671770	5	8	1	2	4	1	7.62277e+006	104180	1	7.72697e+006	6.19207e+006	
97	671769	5	8	1	2	4	1	7.62277e+006	104180	1	7.72697e+006	6.19207e+006	
98	671768	4	8	0	2	3	1	7.62277e+006	104180	1	7.72697e+006	6.19207e+006	
99	671766	5	6	1	2	3	1	7.62277e+006	104180	2	7.72697e+006	6.19207e+006	
100	671764	6	7	1	2	2	1	7.62278e+006	104180	2	7.72697e+006	6.19207e+006	
101	671763	6	6	1	2	1	1	7.62278e+006	104180	1	7.72697e+006	6.19208e+006	
102	671762	6	6	1	2	1	1	7.62278e+006	104180	1	7.72697e+006	6.19208e+006	
103	671761	5	7	1	2	1	1	7.62278e+006	104181	1	7.72698e+006	6.19208e+006	
104	671759	5	7	1	1	1	1	7.62278e+006	104181	1	7.72698e+006	6.19208e+006	
105	671758	5	7	1	1	1	0	7.62278e+006	104181	1	7.72698e+006	6.19208e+006	
106	671757	5	7	1	1	1	0	7.62278e+006	104181	1	7.72698e+006	6.19208e+006	
107	671756	5	8	1	1	1	0	7.62278e+006	104181	1	7.72698e+006	6.19208e+006	
108	671753	6	8	1	1	1	0	7.62279e+006	104181	3	7.72698e+006	6.19208e+006	
109	671752	7	7	1	1	1	0	7.62279e+006	104181	2	7.72698e+006	6.19209e+006	
110	671750	7	6	1	2	0	0	7.62279e+006	104181	2	7.72699e+006	6.19209e+006	
111	671748	8	7	0	2	0	0	7.62279e+006	104181	2	7.72699e+006	6.19209e+006	
112	671747	6	8	1	2	0	0	7.62279e+006	104181	1	7.72699e+006	6.19209e+006	
113	671745	6	8	1	1	0	0	7.62279e+006	104181	2	7.72699e+006	6.19209e+006	
114	671745	5	8	1	1	1	0	7.62279e+006	104181	1	7.72699e+006	6.19209e+006	
115	671743	5	9	1	1	1	0	7.6228e+006	104181	2	7.72699e+006	6.19209e+006	
116	671741	6	9	1	2	1	0	7.6228e+006	104181	2	7.727e+006	6.1921e+006	
117	671740	6	9	1	1	1	0	7.6228e+006	104181	2	7.727e+006	6.1921e+006	
118	671738	7	8	1	2	1	0	7.6228e+006	104181	1	7.727e+006	6.1921e+006	
119	671736	7	8	1	2	1	0	7.6228e+006	104181	2	7.727e+006	6.1921e+006	
120	671734	7	8	1	2	1	0	7.6228e+006	104181	2	7.727e+006	6.1921e+006	
121	671732	7	8	1	2	1	0	7.6228e+006	104181	2	7.727e+006	6.1921e+006	
122	671731	7	8	0	2	1	0	7.62281e+006	104181	1	7.72701e+006	6.1921e+006	
123	671730	6	8	1	2	1	0	7.62281e+006	104181	1	7.72701e+006	6.1921e+006	
124	671727	7	9	1	2	0	0	7.62281e+006	104181	3	7.72701e+006	6.19211e+006	
125	671726	7	10	1	1	0	0	7.62281e+006	104181	2	7.72701e+006	6.19211e+006	
126	671724	7	9	1	2	0	0	7.62281e+006	104181	1	7.72701e+006	6.19211e+006	
127	671723	7	9	1	2	1	0	7.62281e+006	104181	2	7.72701e+006	6.19211e+006	
128	671722	6	10	1	2	1	0	7.62282e+006	104181	1	7.72701e+006	6.19211e+006	
129	671721	5	10	1	2	1	0	7.62282e+006	104181	1	7.72702e+006	6.19212e+006	
130	671719	5	9	1	1	0	0	7.62282e+006	104181	2	7.72702e+006	6.19212e+006	
131	671718	5	9	1	2	0	0	7.62282e+006	104181	1	7.72702e+006	6.19212e+006	
132	671716	6	9	1	2	0	0	7.62282e+006	104181	2	7.72702e+006	6.19212e+006	
133	671715	6	9	0	2	1	0	7.62282e+006	104181	1	7.72702e+006	6.19212e+006	
134	671714	5	8	0	2	1	0	7.62283e+006	104181	1	7.72702e+006	6.19212e+006	
135	671712	5	7	0	2	1	1	7.62283e+006	104181	1	7.72702e+006	6.19212e+006	
136	671710	6	8	0	2	1	0	7.62283e+006	104181	2	7.72703e+006	6.19212e+006	
137	671708	6	7	1	2	0	0	7.62283e+006	104181	2	7.72703e+006	6.19213e+006	
138	671707	6	7	1	2	1	0	7.62283e+006	104181	1	7.72703e+006	6.19213e+006	
139	671706	6	7	1	2	1	0	7.62283e+006	104181	1	7.72703e+006	6.19213e+006	
140	671705	6	8	1	2	1	0	7.62283e+006	104181	2	7.72703e+006	6.19213e+006	
141	671703	5	8	1	2	1	0	7.62283e+006	104181	2	7.72703e+006	6.19213e+006	
142	671702	5	8	1	3	1	0	7.62284e+006	104181	1	7.72703e+006	6.19213e+006	
143	671701	6	7	1	3	1	0	7.62284e+006	104181	1	7.72704e+006	6.19213e+006	
144	671700	5	8	1	2	1	0	7.62284e+006	104181	1	7.72704e+006	6.19213e+006	
145	671698	5	8	2	2	1	0	7.62284e+006	104181	2	7.72704e+006	6.19214e+006	
146	671697	5	7	2	1	1	1	7.62284e+006	104181	1	7.72704e+006	6.19214e+006	
147	671696	5	6	2	1	1	1	7.62284e+006	104181	1	7.72704e+006	6.19214e+006	
148	671694	5	6	2	1	1	1	7.62285e+006	104181	1	7.72704e+006	6.19214e+006	
149	671693	5	7	2	1	1	1	7.62285e+006	104181	2	7.72704e+006	6.19214e+006	
150	671692	5	6	2	1	1	1	7.62285e+006	104181	1	7.72704e+006	6.19214e+006	
151	671691	5	6	1	2	1	1	7.62285e+006	104181	1	7.72705e+006	6.19214e+006	
152	671690	5	6	2	2	1	1	7.62285e+006	104181	1	7.72705e+006	6.19214e+006	
153	671689	4	6	2	2	1	1	7.62285e+006	104181	1	7.72705e+006	6.19214e+006	
154	671688	4	6	2	1	1	1	7.62285e+006	104181	1	7.72705e+006	6.19214e+006	
155	671686	4	6	2	1	1	0	7.62286e+006	104181	1	7.72705e+006	6.19215e+006	
156	671685	5	6	1	1	0	0	7.62286e+006	104181	2	7.72705e+006	6.19215e+006	
157	671683	5	6	1	1	0	0	7.62286e+006	104181	1	7.72705e+006	6.19215e+006	
158	671682	6	6	1	1	0	0	7.62286e+006	104181	1	7.72705e+006	6.19215e+006	
159	671681	5	6	1	1	0	0	7.62286e+006	104181	1	7.72706e+006	6.19215e+006	
160	671680	4	7	1	1	0	0	7.62286e+006	104181	1	7.72706e+006	6.19215e+006	
161	671679	5	7	1	1	0	0	7.62286e+006	104181	2	7.72706e+006	6.19215e+006	
162	671677	5	7	1	2	0	0	7.62286e+006	104181	2	7.72706e+006	6.19215e+006	
163	671676	5	7	1	2	1	0	7.62286e+006	104181	1	7.72706e+006	6.19215e+006	
164	671675	6	6	1	2	0	0	7.62286e+006	104181	2	7.72706e+006	6.19216e+006	
165	671673	5	7	1	2	1	0	7.62287e+006	104181	2	7.72706e+006	6.19216e+006	
166	671672	5	7	1	2	0	0	7.62287e+006	104181	1	7.72706e+006	6.19216e+006	
167	671670	6	6	1	2	0	0	7.62287e+006	104181	2	7.72707e+006	6.19216e+006	
168	671669	6	7	1	2	0	0	7.62287e+006	104181	1	7.72707e+006	6.19216e+006	
169	671667	6	8	1	2	0	0	7.62287e+006	104181	2	7.72707e+006	6.19216e+006	
170	671666	6	8	1	1	0	0	7.62287e+006	104181	0	7.72707e+006	6.19216e+006	
171	671665	5	8	0	1	0	0	7.62287e+006	104181	1	7.72707e+006	6.19217e+006	
172	671664	5	8	0	2	1	0	7.62288e+006	104181	1	7.72707e+006	6.19217e+006	
173	671663	4	9	0	2	1	0	7.62288e+006	104181	1	7.72707e+006	6.19217e+006	
174	671661	5	8	0	1	1	0	7.62288e+006	104181	2	7.72708e+006	6.19217e+006	
175	671660	5	8	0	2	1	0	7.62288e+006	104182	1	7.72708e+006	6.19217e+006	
176	671659	5	8	0	2	1	0	7.62288e+006	104182	1	7.72708e+006	6.19217e+006	
177	671657	6	7	0	2	1	0	7.62288e+006	104182	2	7.72708e+006	6.19217e+006	
178	671656	5	8	0	1	1	0	7.62288e+006	104182	1	7.72708e+006	6.19217e+006	
179	671655	5	6	0	2	1	0	7.62289e+006	104182	2	7.72708e+006	6.19218e+006	
180	671654	5	7	0	1	1	0	7.62289e+006	104182	1	7.72708e+006	6.19218e+006	
181	671652	5	7	0	1	1	0	7.62289e+006	104182	2	7.72708e+006	6.19218e+006	
182	671651	6	7	0	1	1	0	7.62289e+006	104182	1	7.72709e+006	6.19218e+006	
183	671649	5	8	0	1	0	0	7.62289e+006	104182	1	7.72709e+006	6.19218e+006	
184	671648	6	7	0	2	0	0	7.62289e+006	104182	2	7.72709e+006	6.19218e+006	
185	671646	6	8	1	1	1	0	7.62289e+006	104182	1	7.72709e+006	6.19218e+006	
186	671645	6	8	1	2	1	0	7.62289e+006	104182	1	7.72709e+006	6.19218e+006	
187	671643	6	7	0	2	1	0	7.62289e+006	104182	1	7.72709e+006	6.19219e+006	
188	671641	7	8	1	2	1	0	7.6229e+006	104182	3	7.7271e+006	6.19219e+006	
189	671640	7	7	1	2	1	0	7.6229e+006	104182	1	7.7271e+006	6.19219e+006	
190	671638	7	8	1	2	1	0	7.6229e+006	104182	2	7.7271e+006	6.19219e+006	
191	671636	7	7	1	1	1	0	7.6229e+006	104182	1	7.7271e+006	6.19219e+006	
192	671635	6	8	1	1	1	0	7.6229e+006	104182	2	7.7271e+006	6.19219e+006	
193	671633	6	9	1	1	1	0	7.6229e+006	104182	2	7.7271e+006	6.19219e+006	
194	671631	7	9	1	1	1	0	7.6229e+006	104182	2	7.72711e+006	6.1922e+006	
195	671630	7	9	1	2	1	0	7.62291e+006	104182	1	7.72711e+006	6.1922e+006	
196	671628	7	9	1	2	1	0	7.62291e+006	104182	2	7.72711e+006	6.1922e+006	
197	671626	7	9	1	2	1	0	7.62291e+006	104182	2	7.72711e+006	6.1922e+006	
198	671625	6	9	1	2	1	0	7.62291e+006	104182	1	7.72711e+006	6.1922e+006	
199	671623	7	8	2	2	1	0	7.62291e+006	104182	2	7.72711e+006	6.1922e+006	
200	671621	7	8	2	3	1	0	7.62291e+006	104182	2	7.72712e+006	6.1922e+006	
201	671620	6	9	2	3	0	0	7.62291e+006	104182	1	7.72712e+006	6.19221e+006	
202	671618	6	8	2	2	1	0	7.62292e+006	104182	2	7.72712e+006	6.19221e+006	
203	671617	6	8	2	3	1	0	7.62292e+006	104182	1	7.72712e+006	6.19221e+006	
204	671616	5	8	2	3	0	0	7.62292e+006	104182	1	7.72712e+006	6.19221e+006	
205	671616	4	8	1	3	0	0	7.62292e+006	104182	1	7.72712e+006	6.19221e+006	
206	671615	3	9	1	2	1	0	7.62292e+006	104182	0	7.72712e+006	6.19221e+006	
207	671613	4	8	1	2	1	0	7.62293e+006	104182	2	7.72712e+006	6.19222e+006	
208	671612	5	8	0	1	1	0	7.62293e+006	104182	2	7.72712e+006	6.19222e+006	
209	671610	5	7	0	1	1	0	7.62293e+006	104182	1	7.72713e+006	6.19222e+006	
210	671608	7	6	0	2	1	0	7.62293e+006	104182	2	7.72713e+006	6.19222e+006	
211	671607	6	6	0	2	1	0	7.62293e+006	104182	1	7.72713e+006	6.19222e+006	
212	671606	6	7	0	2	1	0	7.62293e+006	104182	1	7.72713e+006	6.19222e+006	
213	671604	6	7	0	2	1	0	7.62293e+006	104182	2	7.72713e+006	6.19222e+006	
214	671603	5	8	0	2	1	0	7.62294e+006	104182	1	7.72713e+006	6.19222e+006	
215	671602	5	8	0	2	1	0	7.62294e+006	104182	1	7.72713e+006	6.19222e+006	
216	671602	4	9	0	1	0	0	7.62294e+006	104182	0	7.72713e+006	6.19223e+006	
217	671601	4	9	0	1	0	0	7.62294e+006	104182	1	7.72714e+006	6.19223e+006	
218	671599	4	8	0	1	0	0	7.62294e+006	104182	1	7.72714e+006	6.19223e+006	
219	671598	4	8	0	1	0	0	7.62294e+006	104183	1	7.72714e+006	6.19223e+006	
220	671597	4	7	0	2	0	0	7.62294e+006	104183	1	7.72714e+006	6.19223e+006	
221	671596	4	6	0	2	0	0	7.62294e+006	104183	1	7.72714e+006	6.19223e+006	
222	671595	5	6	0	2	0	0	7.62295e+006	104183	2	7.72714e+006	6.19223e+006	
223	671593	5	5	0	2	0	0	7.62295e+006	104183	2	7.72714e+006	6.19223e+006	
224	671592	5	5	0	2	0	0	7.62295e+006	104183	1	7.72714e+006	6.19223e+006	
225	671590	6	5	1	1	1	0	7.62295e+006	104183	2	7.72715e+006	6.19223e+006	
226	671590	5	6	1	1	1	0	7.62295e+006	104183	1	7.72715e+006	6.19224e+006	
227	671589	4	7	1	1	1	0	7.62295e+006	104183	0	7.72715e+006	6.19224e+006	
228	671588	4	6	1	1	1	0	7.62295e+006	104183	1	7.72715e+006	6.19224e+006	
229	671587	3	7	1	1	1	0	7.62295e+006	104183	1	7.72715e+006	6.19224e+006	
230	671586	4	7	1	0	1	0	7.62296e+006	104183	1	7.72715e+006	6.19224e+006	
231	671585	4	6	1	0	1	0	7.62296e+006	104183	1	7.72715e+006	6.19224e+006	
232	671583	5	6	1	0	1	0	7.62296e+006	104183	2	7.72715e+006	6.19224e+006	
233	671582	5	5	1	1	1	0	7.62296e+006	104183	1	7.72715e+006	6.19224e+006	
234	671580	6	5	1	1	0	0	7.62296e+006	104183	2	7.72716e+006	6.19224e+006	
235	671578	6	5	1	1	0	0	7.62296e+006	104183	1	7.72716e+006	6.19225e+006	
236	671577	6	6	1	1	0	0	7.62296e+006	104183	1	7.72716e+006	6.19225e+006	
237	671576	6	7	1	1	0	0	7.62296e+006	104183	1	7.72716e+006	6.19225e+006	
238	671575	5	8	1	1	0	0	7.62296e+006	104183	1	7.72716e+006	6.19225e+006	
239	671573	5	8	1	1	0	0	7.62296e+006	104183	2	7.72716e+006	6.19225e+006	
240	671572	5	8	1	2	0	0	7.62297e+006	104183	1	7.72716e+006	6.19225e+006	
241	671570	5	8	1	1	0	0	7.62297e+006	104183	1	7.72717e+006	6.19225e+006	
242	671569	6	8	1	1	0	0	7.62297e+006	104183	1	7.72717e+006	6.19225e+006	
243	671568	6	8	1	1	0	0	7.62297e+006	104183	2	7.72717e+006	6.19226e+006	
244	671566	5	7	1	2	0	0	7.62297e+006	104183	1	7.72717e+006	6.19226e+006	
245	671565	5	7	1	1	0	0	7.62297e+006	104183	1	7.72717e+006	6.19226e+006	
246	671564	5	7	1	1	0	0	7.62297e+006	104183	1	7.72717e+006	6.19226e+006	
247	671562	5	7	1	2	1	1	7.62298e+006	104183	2	7.72717e+006	6.19226e+006	
248	671560	6	7	1	2	1	1	7.62298e+006	104183	2	7.72718e+006	6.19226e+006	
249	671559	6	7	1	2	1	1	7.62298e+006	104183	2	7.72718e+006	6.19226e+006	
250	671558	6	7	1	1	1	1	7.62298e+006	104183	0	7.72718e+006	6.19226e+006	
251	671557	5	8	0	2	1	0	7.62298e+006	104183	1	7.72718e+006	6.19227e+006	
252	671556	4	8	1	2	1	0	7.62298e+006	104183	1	7.72718e+006	6.19227e+006	
253	671554	5	8	1	1	1	0	7.62298e+006	104183	2	7.72718e+006	6.19227e+006	
254	671554	5	8	1	2	1	0	7.62298e+006	104183	0	7.72718e+006	6.19227e+006	
255	671553	4	8	0	1	1	0	7.62299e+006	104183	1	7.72718e+006	6.19227e+006	
256	671551	4	8	0	1	1	0	7.62299e+006	104183	1	7.72719e+006	6.19227e+006	
257	671549	5	8	1	1	1	0	7.62299e+006	104183	2	7.72719e+006	6.19227e+006	
258	671547	7	6	0	1	1	0	7.62299e+006	104183	3	7.72719e+006	6.19227e+006	
259	671545	8	5	1	1	1	0	7.62299e+006	104183	2	7.72719e+006	6.19227e+006	
260	671544	7	6	1	1	0	0	7.62299e+006	104183	1	7.72719e+006	6.19228e+006	
261	671542	7	7	1	1	0	0	7.62299e+006	104183	2	7.72719e+006	6.19228e+006	
262	671541	6	8	1	1	0	0	7.623e+006	104183	1	7.7272e+006	6.19228e+006	
263	671540	5	8	1	1	0	0	7.623e+006	104183	1	7.7272e+006	6.19228e+006	
264	671539	6	8	1	0	1	0	7.623e+006	104183	2	7.7272e+006	6.19228e+006	
265	671538	4	10	1	0	0	0	7.623e+006	104183	1	7.7272e+006	6.19228e+006	
266	671536	5	10	1	1	0	0	7.623e+006	104183	2	7.7272e+006	6.19228e+006	
267	671535	5	8	1	1	0	0	7.623e+006	104183	1	7.7272e+006	6.19229e+006	
268	671533	5	8	0	1	0	0	7.623e+006	104183	2	7.7272e+006	6.19229e+006	
269	671532	6	7	0	2	0	0	7.62301e+006	104183	2	7.7272e+006	6.19229e+006	
270	671530	6	8	0	2	0	0	7.62301e+006	104183	2	7.72721e+006	6.19229e+006	
271	671528	7	7	0	2	0	0	7.62301e+006	104183	1	7.72721e+006	6.19229e+006	
272	671527	6	8	0	2	0	0	7.62301e+006	104183	1	7.72721e+006	6.19229e+006	
273	671525	6	8	0	2	0	0	7.62301e+006	104183	2	7.72721e+006	6.19229e+006	
274	671524	6	8	0	2	0	0	7.62301e+006	104183	1	7.72721e+006	6.1923e+006	
275	671520	8	9	0	2	0	0	7.62301e+006	104183	3	7.72722e+006	6.1923e+006	
276	671519	8	9	0	2	0	0	7.62302e+006	104183	2	7.72722e+006	6.1923e+006	
277	671517	8	9	0	2	0	0	7.62302e+006	104183	1	7.72722e+006	6.1923e+006	
278	671516	8	9	0	2	0	0	7.62302e+006	104183	1	7.72722e+006	6.1923e+006	
279	671515	6	11	0	2	0	0	7.62302e+006	104183	1	7.72722e+006	6.1923e+006	
280	671512	6	11	0	2	0	0	7.62302e+006	104183	2	7.72722e+006	6.19231e+006	
281	671511	7	10	1	2	1	0	7.62302e+006	104183	2	7.72723e+006	6.19231e+006	
282	671510	7	10	1	2	1	0	7.62302e+006	104183	1	7.72723e+006	6.19231e+006	
283	671507	8	9	1	2	1	0	7.62303e+006	104183	2	7.72723e+006	6.19231e+006	
284	671506	7	10	1	2	1	0	7.62303e+006	104183	2	7.72723e+006	6.19231e+006	
285	671504	7	8	2	2	0	0	7.62303e+006	104183	2	7.72723e+006	6.19231e+006	
286	671502	7	8	2	2	0	0	7.62303e+006	104183	1	7.72723e+006	6.19231e+006	
287	671501	6	9	1	2	1	0	7.62303e+006	104183	1	7.72724e+006	6.19232e+006	
288	671500	6	9	1	2	0	0	7.62303e+006	104184	1	7.72724e+006	6.19232e+006	
289	671497	7	10	1	2	1	0	7.62304e+006	104184	2	7.72724e+006	6.19232e+006	
290	671496	7	9	1	2	1	0	7.62304e+006	104184	1	7.72724e+006	6.19232e+006	
291	671493	8	8	1	1	1	0	7.62304e+006	104184	3	7.72724e+006	6.19232e+006	
292	671492	8	9	1	1	0	0	7.62304e+006	104184	1	7.72724e+006	6.19232e+006	
293	671489	8	8	2	1	0	0	7.62304e+006	104184	2	7.72725e+006	6.19232e+006	
294	671488	7	8	2	1	1	0	7.62304e+006	104184	1	7.72725e+006	6.19233e+006	
295	671487	6	9	2	2	1	0	7.62305e+006	104184	2	7.72725e+006	6.19233e+006	
296	671485	7	9	2	2	1	0	7.62305e+006	104184	2	7.72725e+006	6.19233e+006	
297	671483	7	10	1	3	1	0	7.62305e+006	104184	2	7.72725e+006	6.19233e+006	
298	671481	7	10	1	2	1	0	7.62305e+006	104184	1	7.72726e+006	6.19233e+006	
299	671481	6	9	1	2	1	0	7.62305e+006	104184	1	7.72726e+006	6.19234e+006	
300	671480	5	9	1	2	1	0	7.62305e+006	104184	1	7.72726e+006	6.19234e+006	
301	671478	5	8	1	2	1	0	7.62306e+006	104184	1	7.72726e+006	6.19234e+006	
302	671477	4	9	1	2	1	0	7.62306e+006	104184	1	7.72726e+006	6.19234e+006	
303	671477	4	8	1	2	1	0	7.62306e+006	104184	1	7.72726e+006	6.19234e+006	
304	671475	4	8	1	2	1	0	7.62306e+006	104184	2	7.72726e+006	6.19234e+006	
305	671474	5	8	1	3	1	0	7.62306e+006	104184	2	7.72726e+006	6.19234e+006	
306	671472	5	7	1	2	1	1	7.62306e+006	104184	1	7.72726e+006	6.19234e+006	
307	671471	5	6	0	2	1	1	7.62307e+006	104184	1	7.72727e+006	6.19234e+006	
308	671470	5	6	1	3	1	1	7.62307e+006	104184	2	7.72727e+006	6.19235e+006	
309	671468	5	6	1	3	1	1	7.62307e+006	104184	1	7.72727e+006	6.19235e+006	
310	671467	5	7	1	3	1	1	7.62307e+006	104184	2	7.72727e+006	6.19235e+006	
311	671466	6	6	1	2	1	1	7.62307e+006	104184	1	7.72727e+006	6.19235e+006	
312	671464	5	7	1	3	1	1	7.62307e+006	104184	1	7.72727e+006	6.19235e+006	
313	671463	5	8	0	2	2	1	7.62307e+006	104184	1	7.72727e+006	6.19235e+006	
314	671461	5	8	0	1	2	1	7.62307e+006	104184	2	7.72728e+006	6.19235e+006	
315	671459	7	8	0	1	2	1	7.62308e+006	104184	3	7.72728e+006	6.19235e+006	
316	671457	7	7	1	1	2	1	7.62308e+006	104184	2	7.72728e+006	6.19236e+006	
317	671456	7	8	1	1	2	1	7.62308e+006	104184	1	7.72728e+006	6.19236e+006	
318	671454	8	7	1	1	2	1	7.62308e+006	104184	2	7.72728e+006	6.19236e+006	
319	671453	6	8	1	1	2	1	7.62308e+006	104184	1	7.72728e+006	6.19236e+006	
320	671452	5	8	1	1	1	1	7.62308e+006	104184	1	7.72728e+006	6.19236e+006	
321	671450	6	8	1	2	1	1	7.62308e+006	104184	1	7.72729e+006	6.19236e+006	
322	671449	5	9	1	2	1	0	7.62308e+006	104184	1	7.72729e+006	6.19237e+006	
323	671448	5	9	1	2	0	0	7.62309e+006	104185	2	7.72729e+006	6.19237e+006	
324	671446	6	9	1	2	0	0	7.62309e+006	104185	1	7.72729e+006	6.19237e+006	
325	671445	6	8	1	3	1	0	7.62309e+006	104185	2	7.72729e+006	6.19237e+006	
326	671444	5	7	1	3	1	0	7.62309e+006	104185	1	7.72729e+006	6.19237e+006	
327	671443	5	8	1	3	1	0	7.62309e+006	104185	1	7.72729e+006	6.19237e+006	
328	671441	5	7	0	2	0	0	7.62309e+006	104185	1	7.7273e+006	6.19237e+006	
329	671441	4	8	0	3	1	1	7.6231e+006	104185	1	7.7273e+006	6.19237e+006	
330	671440	4	8	0	2	1	1	7.6231e+006	104185	1	7.7273e+006	6.19237e+006	
331	671438	5	7	0	1	1	1	7.6231e+006	104185	1	7.7273e+006	6.19238e+006	
332	671436	5	7	0	1	1	1	7.6231e+006	104185	2	7.7273e+006	6.19238e+006	
333	671435	6	7	0	2	1	1	7.6231e+006	104185	1	7.7273e+006	6.19238e+006	
334	671434	6	6	0	2	1	0	7.6231e+006	104185	1	7.7273e+006	6.19238e+006	
335	671433	5	6	0	2	1	0	7.6231e+006	104185	1	7.7273e+006	6.19238e+006	
336	671431	6	7	1	2	1	0	7.62311e+006	104185	2	7.72731e+006	6.19238e+006	
337	671430	5	7	1	2	1	0	7.62311e+006	104185	1	7.72731e+006	6.19238e+006	
338	671429	5	7	1	2	1	0	7.62311e+006	104185	1	7.72731e+006	6.19238e+006	
339	671427	5	7	1	1	1	0	7.62311e+006	104185	1	7.72731e+006	6.19238e+006	
340	671426	5	8	1	1	1	0	7.62311e+006	104185	1	7.72731e+006	6.19239e+006	
341	671424	6	7	1	1	1	0	7.62311e+006	104185	2	7.72731e+006	6.19239e+006	
342	671424	5	7	1	1	1	0	7.62311e+006	104185	1	7.72731e+006	6.19239e+006	
343	671422	5	7	1	1	1	0	7.62311e+006	104185	1	7.72731e+006	6.19239e+006	
344	671421	5	7	1	1	1	0	7.62312e+006	104185	1	7.72732e+006	6.19239e+006	
345	671420	4	8	1	1	1	1	7.62312e+006	104185	1	7.72732e+006	6.19239e+006	
346	671419	5	7	1	2	1	0	7.62312e+006	104185	1	7.72732e+006	6.19239e+006	
347	671417	5	7	0	1	1	0	7.62312e+006	104185	2	7.72732e+006	6.19239e+006	
348	671416	5	7	0	1	1	0	7.62312e+006	104185	0	7.72732e+006	6.1924e+006	
349	671416	4	7	0	1	1	0	7.62312e+006	104185	0	7.72732e+006	6.1924e+006	
350	671413	6	7	0	1	1	0	7.62312e+006	104185	3	7.72732e+006	6.1924e+006	
351	671411	5	7	0	2	1	0	7.62312e+006	104185	2	7.72733e+006	6.1924e+006	
352	671410	6	7	0	1	1	0	7.62313e+006	104185	1	7.72733e+006	6.1924e+006	
353	671409	7	6	0	2	1	0	7.62313e+006	104185	1	7.72733e+006	6.1924e+006	
354	671408	5	8	0	2	1	0	7.62313e+006	104185	1	7.72733e+006	6.1924e+006	
355	671407	4	8	1	2	1	0	7.62313e+006	104185	1	7.72733e+006	6.1924e+006	
356	671406	4	8	1	2	1	0	7.62313e+006	104185	1	7.72733e+006	6.19241e+006	
357	671405	4	7	1	2	1	1	7.62313e+006	104185	1	7.72733e+006	6.19241e+006	
358	671404	4	7	1	2	0	0	7.62313e+006	104185	1	7.72733e+006	6.19241e+006	
359	671402	5	8	1	2	1	1	7.62313e+006	104185	2	7.72733e+006	6.19241e+006	
360	671400	6	6	1	2	1	1	7.62314e+006	104185	2	7.72734e+006	6.19241e+006	
361	671398	7	6	1	2	1	1	7.62314e+006	104185	1	7.72734e+006	6.19241e+006	
362	671396	7	6	1	2	1	1	7.62314e+006	104185	2	7.72734e+006	6.19241e+006	
363	671394	8	6	1	1	1	1	7.62314e+006	104185	2	7.72734e+006	6.19241e+006	
364	671393	7	7	1	1	1	1	7.62314e+006	104185	1	7.72734e+006	6.19241e+006	
External infections start at day 1 and end at:	19	Number of imported cases each day	9	
Number of contacts per day:	7	
Number of contacts per day:	7	
Number of days asymptomatic patients are infectious before symptomatic	2	
Probability of transmission from exposed patients:	0.0418	
Probability of transmission from mild symptomatic patients:	0.0418	
Probability of transmission from hospitalized patients:	0.00850339	
Probability of transmission from ICU patients:	0.00850339	
Probability of testing for mild symptomatic patients:	0.75	

Adherence to Social Distancing parameters:
Day 0:	0	
Day 10:	0	
Day 20:	0	
Day 30:	0.1	
Day 40:	0.8	
Day 50:	0.8	
Day 60:	0.8	
