Day	Susceptible	Exposed	Current Detected Mild Infections	Current Undetected Mild Infections	Current Hospitalizations	Current ICU patients	ventilators	Recovered	Deaths	new infections today	total number of infections 	Confirmed total number of infections 	
0	8.39872e+006	16	0	0	0	0	0	0	0	0	16	0	
1	8.39858e+006	160	0	0	0	0	0	0	0	144	160	0	
2	8.39843e+006	304	0	0	0	0	0	0	0	144	304	0	
3	8.39826e+006	474	0	0	0	0	0	0	0	170	474	0	
4	8.39802e+006	699	16	0	0	0	0	0	0	240	715	16	
5	8.39772e+006	861	124	36	0	0	0	0	0	307	1021	124	
6	8.39738e+006	1055	232	72	0	0	0	0	0	337	1359	232	
7	8.39699e+006	1268	360	114	0	0	0	0	0	384	1742	360	
8	8.3966e+006	1426	539	175	0	0	0	0	0	399	2141	539	
9	8.39622e+006	1496	772	250	0	0	0	0	0	377	2518	772	
10	8.39579e+006	1592	1015	328	0	0	0	16	0	433	2951	1031	
11	8.39527e+006	1726	1192	390	28	0	0	132	0	517	3468	1322	
12	8.39473e+006	1870	1392	445	56	0	0	248	0	542	4011	1631	
13	8.39415e+006	2067	1548	495	88	0	0	387	0	575	4585	1920	
14	8.39352e+006	2270	1696	540	136	0	0	579	0	636	5221	2259	
15	8.39281e+006	2458	1846	600	195	0	0	827	0	706	5927	2654	
16	8.39207e+006	2651	1996	656	262	0	0	1097	0	735	6662	3079	
17	8.39127e+006	2880	2140	703	305	16	15	1421	0	803	7465	3524	
18	8.39041e+006	3103	2311	769	358	25	20	1757	0	858	8324	4020	
19	8.38951e+006	3295	2563	846	397	34	24	2086	0	898	9222	4578	
20	8.38865e+006	3426	2789	922	433	50	30	2468	0	866	10088	5164	
21	8.38769e+006	3583	3010	987	480	66	39	2922	0	960	11048	5796	
22	8.3867e+006	3716	3249	1064	510	84	47	3416	0	992	12040	6467	
23	8.38562e+006	3890	3488	1148	549	105	57	3931	0	1072	13112	7167	
24	8.3845e+006	4153	3657	1210	594	127	66	4500	0	1129	14241	7846	
25	8.3833e+006	4388	3829	1292	660	148	77	5119	0	1195	15436	8583	
26	8.38206e+006	4638	4021	1357	722	170	88	5770	0	1243	16678	9359	
27	8.38076e+006	4860	4219	1428	776	186	88	6489	14	1293	17972	10194	
28	8.37938e+006	5116	4416	1501	841	202	95	7263	18	1385	19356	11075	
29	8.37798e+006	5319	4625	1589	903	227	105	8072	20	1398	20755	11990	
30	8.37646e+006	5595	4909	1682	944	249	116	8872	24	1519	22274	12957	
31	8.37487e+006	5897	5180	1744	996	271	126	9753	27	1596	23869	13980	
32	8.3732e+006	6181	5473	1844	1038	293	137	10676	33	1669	25538	15059	
33	8.37231e+006	5673	5714	1929	1086	322	148	11665	38	890	26428	16150	
34	8.37137e+006	5095	6001	2032	1154	341	157	12703	44	940	27368	17338	
35	8.37038e+006	4489	6306	2127	1217	373	170	13795	50	990	28358	18580	
36	8.36942e+006	3774	6629	2231	1289	399	182	14936	54	954	29312	19897	
37	8.36848e+006	3828	6308	2148	1358	428	193	16123	63	944	30256	20622	
38	8.36757e+006	3795	5976	2036	1442	458	207	17389	67	907	31163	21396	
39	8.36669e+006	3691	5677	1926	1507	488	223	18687	72	886	32049	22207	
40	8.36584e+006	3582	5246	1792	1578	513	237	20100	82	845	32894	22987	
41	8.36505e+006	3432	4766	1621	1653	540	246	21585	91	793	33687	23770	
42	8.36432e+006	3258	4238	1387	1735	571	259	23132	99	734	34421	24571	
43	8.36365e+006	3033	4292	1330	1654	595	273	24068	110	661	35082	25328	
44	8.36299e+006	2854	4258	1268	1568	632	292	25048	120	666	35748	26045	
45	8.36235e+006	2701	4152	1177	1484	661	307	26079	133	641	36388	26730	
46	8.36173e+006	2586	4035	1075	1373	697	323	27095	146	618	37007	27366	
47	8.36115e+006	2509	3863	964	1242	725	341	28128	161	585	37591	27943	
48	8.36058e+006	2409	3656	929	1094	764	361	29130	175	565	38156	28497	
49	8.36005e+006	2300	3456	883	1089	754	355	30015	192	532	38688	29044	
50	8.35954e+006	2190	3280	833	1068	746	349	30873	206	508	39197	29569	
51	8.35906e+006	2084	3103	801	1036	736	348	31695	220	479	39675	30060	
52	8.3586e+006	1976	2968	768	985	722	345	32473	242	457	40132	30535	
53	8.35816e+006	1886	2861	746	930	700	334	33194	258	442	40574	30982	
54	8.35774e+006	1798	2746	703	893	667	318	33910	277	420	40994	31414	
55	8.35734e+006	1722	2616	671	845	635	303	34610	299	403	41397	31820	
56	8.35695e+006	1649	2486	640	802	599	284	35286	320	384	41782	32210	
57	8.35659e+006	1569	2379	604	761	555	264	35935	340	362	42144	32588	
58	8.35625e+006	1497	2268	570	734	501	234	36556	365	348	42491	32949	
59	8.35591e+006	1424	2167	542	705	485	228	37120	379	331	42822	33291	
60	8.3556e+006	1355	2070	515	663	467	222	37675	391	315	43136	33622	
61	8.35529e+006	1299	1975	493	637	446	211	38188	404	306	43442	33929	
62	8.355e+006	1246	1886	473	607	424	199	38684	417	295	43737	34224	
63	8.35472e+006	1197	1802	445	581	407	192	39157	429	282	44019	34514	
64	8.35445e+006	1150	1719	423	556	395	186	39605	439	268	44287	34784	
65	8.35418e+006	1114	1644	401	539	370	174	40035	453	269	44556	35048	
66	8.35393e+006	1071	1570	385	519	351	168	40448	463	252	44808	35300	
67	8.3537e+006	1022	1536	340	495	336	157	40837	475	233	45041	35565	
68	8.35346e+006	988	1500	295	473	319	153	41215	485	234	45275	35820	
69	8.35324e+006	940	1471	263	445	309	149	41573	495	220	45496	36072	
70	8.35303e+006	895	1445	227	417	298	142	41919	503	208	45704	36312	
71	8.35283e+006	866	1407	192	399	286	136	42244	513	204	45908	36534	
72	8.35264e+006	826	1385	153	381	268	129	42565	523	193	46101	36757	
73	8.35246e+006	785	1330	147	364	255	124	42868	532	179	46280	36962	
74	8.35227e+006	764	1274	143	346	244	117	43159	538	187	46468	37153	
75	8.3521e+006	734	1216	136	336	235	114	43440	545	174	46641	37343	
76	8.35193e+006	710	1163	130	324	224	108	43709	552	170	46811	37522	
77	8.35176e+006	699	1116	122	305	212	103	43964	560	168	46980	37690	
78	8.35159e+006	674	1073	120	290	202	96	44217	566	162	47142	37864	
79	8.35144e+006	651	1032	114	274	189	87	44459	573	151	47292	38025	
80	8.3513e+006	628	999	108	261	177	83	44684	581	147	47439	38183	
81	8.35116e+006	601	971	101	250	170	81	44899	589	142	47581	38342	
82	8.35102e+006	579	942	98	243	165	79	45099	594	139	47720	38493	
83	8.35089e+006	558	913	99	235	158	74	45287	600	130	47850	38630	
84	8.35076e+006	539	877	95	228	151	72	45482	606	128	47978	38766	
85	8.35064e+006	520	848	91	221	145	69	45665	610	123	48101	38897	
86	8.35052e+006	501	824	85	215	140	65	45843	614	120	48221	39027	
87	8.35039e+006	498	784	86	204	134	64	46023	619	127	48348	39145	
88	8.35027e+006	486	753	83	199	132	64	46188	623	116	48464	39264	
89	8.35017e+006	467	729	80	194	128	62	46344	626	104	48568	39378	
90	8.35006e+006	455	707	76	189	123	59	46497	629	108	48676	39490	
91	8.34994e+006	444	693	74	186	116	54	46646	633	116	48793	39608	
92	8.34984e+006	429	670	74	180	112	52	46791	638	100	48893	39715	
93	8.34974e+006	424	648	71	173	107	49	46929	640	100	48993	39811	
94	8.34964e+006	418	629	69	166	104	48	47064	644	101	49094	39909	
95	8.34955e+006	396	624	67	164	100	45	47192	646	95	49189	40018	
96	8.34939e+006	458	604	68	158	97	45	47319	648	162	49351	40109	
97	8.34922e+006	524	580	64	152	92	43	47453	651	166	49517	40203	
98	8.34906e+006	579	567	62	151	86	40	47574	654	156	49673	40296	
99	8.34891e+006	641	558	63	148	83	39	47682	656	158	49831	40381	
100	8.34873e+006	657	607	68	145	81	39	47793	657	177	50008	40528	
101	8.34855e+006	672	649	75	140	79	38	47914	660	181	50189	40677	
102	8.34835e+006	709	699	81	133	78	36	48020	662	193	50382	40819	
103	8.34816e+006	749	752	86	130	75	36	48123	664	198	50580	40966	
104	8.34794e+006	787	822	92	124	69	33	48232	668	214	50794	41128	
105	8.34771e+006	841	900	100	123	68	32	48329	669	236	51030	41292	
106	8.34746e+006	892	930	101	133	66	31	48481	671	244	51274	41471	
107	8.3472e+006	953	962	102	143	64	29	48636	674	259	51533	41654	
108	8.34695e+006	993	1016	106	157	64	29	48777	675	254	51787	41849	
109	8.34668e+006	1026	1086	114	162	62	28	48931	676	269	52056	42066	
110	8.34638e+006	1078	1145	122	179	60	27	49091	678	296	52352	42288	
111	8.34607e+006	1130	1215	129	190	62	26	49258	680	310	52663	42525	
112	8.34576e+006	1192	1264	141	199	64	28	49438	681	316	52979	42755	
113	8.34542e+006	1263	1323	153	202	66	29	49628	683	340	53319	42996	
114	8.34507e+006	1318	1395	163	213	69	30	49828	685	351	53671	43265	
115	8.34469e+006	1380	1459	174	234	68	30	50042	686	372	54043	43548	
116	8.3443e+006	1457	1523	182	244	73	32	50271	687	394	54437	43836	
117	8.34389e+006	1523	1596	190	264	75	33	50505	689	406	54842	44146	
118	8.34348e+006	1585	1689	195	276	80	36	50741	690	413	55256	44469	
119	8.34302e+006	1675	1784	203	289	86	40	50989	692	462	55718	44808	
120	8.34255e+006	1753	1872	212	304	94	42	51261	693	472	56189	45168	
121	8.34206e+006	1838	1964	216	319	100	45	51549	695	491	56680	45543	
122	8.34154e+006	1936	2049	228	341	103	46	51838	697	512	57192	45919	
123	8.34101e+006	2004	2158	240	353	109	48	52158	699	530	57722	46340	
124	8.34044e+006	2103	2267	252	370	116	51	52485	700	571	58292	46773	
125	8.33987e+006	2190	2378	259	397	123	53	52820	702	578	58870	47226	
126	8.33927e+006	2275	2486	269	415	131	57	53185	705	597	59467	47696	
127	8.33864e+006	2376	2596	283	431	142	61	53563	707	630	60097	48183	
128	8.33798e+006	2468	2741	295	447	149	63	53951	708	663	60760	48706	
129	8.33728e+006	2585	2844	308	468	156	67	54383	711	695	61455	49233	
130	8.33655e+006	2715	2958	320	491	164	73	54821	713	727	62182	49783	
131	8.33579e+006	2846	3080	337	506	171	77	55287	716	760	62943	50359	
132	8.33503e+006	2951	3216	352	528	180	84	55765	719	768	63711	50966	
133	8.33419e+006	3092	3361	372	553	187	88	56260	722	836	64547	51601	
134	8.33333e+006	3219	3505	385	583	196	91	56788	725	854	65402	52269	
135	8.33245e+006	3345	3667	406	608	206	99	57327	728	886	66288	52958	
136	8.33152e+006	3509	3816	428	633	217	104	57886	732	932	67220	53658	
137	8.33053e+006	3656	3998	452	660	222	107	58479	737	984	68203	54419	
138	8.32951e+006	3823	4166	476	691	230	111	59096	742	1021	69224	55196	
139	8.32846e+006	3988	4342	490	724	242	114	59743	746	1051	70276	56011	
140	8.32737e+006	4148	4521	517	752	256	119	60422	752	1092	71368	56864	
141	8.3262e+006	4330	4732	529	789	263	121	61132	758	1165	72533	57769	
142	8.32501e+006	4498	4963	551	825	274	123	61847	765	1190	73723	58705	
143	8.32376e+006	4699	5163	565	863	289	133	62624	771	1252	74975	59671	
144	8.32247e+006	4899	5383	583	902	303	141	63421	776	1292	76267	60671	
145	8.32112e+006	5085	5633	612	941	315	146	64252	780	1351	77618	61741	
146	8.31971e+006	5304	5869	634	987	328	150	65118	786	1409	79027	62832	
147	8.3182e+006	5559	6106	666	1026	348	160	66038	792	1507	80534	63980	
148	8.31667e+006	5803	6356	687	1073	365	172	66985	800	1536	82070	65172	
149	8.31507e+006	6051	6620	722	1127	382	180	67957	809	1599	83669	66406	
150	8.31342e+006	6286	6902	757	1169	395	186	68985	818	1644	85313	67691	
151	8.31172e+006	6484	7210	791	1221	417	194	70070	825	1705	87018	69072	
152	8.30991e+006	6753	7514	833	1260	434	206	71194	834	1804	88823	70469	
153	8.308e+006	7072	7839	854	1309	449	209	72375	843	1918	90741	71945	
154	8.30602e+006	7400	8151	895	1350	471	218	73595	850	1972	92713	73452	
155	8.304e+006	7723	8475	925	1405	496	230	74858	860	2028	94741	75017	
156	8.30183e+006	8081	8831	965	1486	509	236	76163	868	2162	96904	76662	
157	8.29957e+006	8422	9199	1007	1554	528	242	77573	880	2259	99163	78424	
158	8.29727e+006	8758	9600	1043	1629	553	254	78997	890	2308	101471	80235	
159	8.29482e+006	9175	9970	1103	1707	578	267	80482	902	2445	103916	82084	
160	8.29231e+006	9518	10437	1154	1787	602	279	82009	914	2506	106422	84063	
161	8.2897e+006	9878	10936	1208	1855	630	292	83606	927	2619	109041	86132	
162	8.28696e+006	10301	11384	1264	1921	660	304	85303	939	2731	111772	88237	
163	8.28412e+006	10702	11853	1322	2010	697	321	87083	951	2846	114618	90470	
164	8.28116e+006	11156	12337	1372	2094	728	336	88925	965	2960	117578	92769	
165	8.27808e+006	11620	12873	1427	2181	760	349	90822	978	3082	120660	95172	
166	8.27489e+006	12080	13381	1488	2278	800	371	92833	992	3191	123851	97674	
167	8.27154e+006	12578	13900	1556	2384	842	396	94926	1011	3344	127196	100277	
168	8.26805e+006	13110	14503	1605	2478	873	412	97092	1027	3493	130688	102996	
169	8.26445e+006	13624	15073	1671	2577	916	430	99378	1044	3596	134284	105814	
170	8.26069e+006	14199	15685	1744	2676	954	442	101731	1061	3766	138050	108735	
171	8.25678e+006	14756	16334	1821	2792	991	458	104179	1080	3901	141952	111794	
172	8.25272e+006	15328	17018	1899	2906	1033	480	106735	1098	4065	146016	114989	
173	8.24852e+006	15935	17699	1967	3016	1073	502	109410	1119	4203	150219	118287	
174	8.2441e+006	16582	18423	2049	3135	1112	515	112193	1138	4413	154633	121742	
175	8.23955e+006	17231	19171	2120	3245	1160	539	115094	1161	4550	159183	125317	
176	8.23477e+006	17949	19943	2222	3366	1201	559	118098	1187	4782	163965	129027	
177	8.22983e+006	18688	20718	2305	3496	1244	576	121247	1209	4942	168907	132874	
178	8.22471e+006	19397	21543	2401	3647	1296	598	124513	1232	5122	174029	136904	
179	8.21939e+006	20166	22393	2506	3800	1334	618	127895	1255	5319	179348	141068	
180	8.21384e+006	20935	23307	2608	3969	1384	648	131417	1280	5552	184900	145452	
181	8.20808e+006	21753	24241	2714	4128	1439	675	135076	1308	5760	190660	149975	
182	8.20218e+006	22530	25212	2801	4304	1488	692	138886	1338	5899	196560	154671	
183	8.19601e+006	23374	26201	2928	4492	1547	717	142812	1368	6163	202722	159526	
184	8.18956e+006	24276	27236	3032	4676	1618	755	146940	1398	6454	209177	164612	
185	8.18287e+006	25207	28336	3141	4848	1677	778	151228	1430	6690	215867	169884	
186	8.17597e+006	26206	29343	3251	5022	1755	809	155726	1462	6899	222766	175294	
187	8.1688e+006	27213	30435	3381	5243	1824	841	160340	1500	7170	229935	180936	
188	8.16132e+006	28242	31635	3513	5471	1892	867	165131	1535	7483	237419	186861	
189	8.15358e+006	29294	32880	3639	5688	1976	903	170111	1574	7743	245161	192980	
190	8.14555e+006	30423	34098	3768	5898	2064	941	175326	1613	8028	253189	199309	
191	8.13725e+006	31548	35370	3904	6105	2140	976	180757	1659	8294	261483	205871	
192	8.12857e+006	32744	36796	4063	6336	2234	1020	186286	1703	8680	270163	212722	
193	8.11963e+006	33948	38227	4212	6587	2321	1057	192068	1746	8947	279110	219820	
194	8.11026e+006	35287	39634	4378	6834	2415	1101	198133	1794	9366	288476	227166	
195	8.10065e+006	36608	41084	4532	7083	2527	1155	204412	1845	9616	298091	234760	
196	8.09067e+006	37904	42667	4730	7333	2628	1202	210909	1896	9976	308067	242692	
197	8.08034e+006	39289	44254	4921	7665	2729	1243	217591	1950	10331	318399	250879	
198	8.06962e+006	40641	45934	5123	7943	2838	1295	224635	2003	10718	329117	259439	
199	8.05856e+006	42084	47625	5305	8236	2953	1349	231911	2061	11058	340175	268250	
200	8.04694e+006	43730	49404	5474	8538	3065	1403	239466	2120	11623	351797	277407	
201	8.03506e+006	45280	51216	5699	8847	3204	1464	247253	2178	11881	363678	286852	
202	8.02273e+006	46891	53064	5890	9212	3330	1528	255380	2241	12329	376008	296676	
203	8.00991e+006	48650	54976	6089	9542	3476	1592	263779	2312	12817	388824	306797	
204	7.99672e+006	50215	57004	6317	9928	3592	1646	272578	2378	13188	402012	317429	
205	7.98306e+006	51995	59042	6545	10262	3713	1704	281662	2455	13661	415673	328311	
206	7.969e+006	53728	61133	6808	10658	3854	1772	291027	2529	14063	429736	339587	
207	7.95449e+006	55422	63363	7063	11050	3999	1844	300748	2602	14511	444246	351295	
208	7.93945e+006	57275	65606	7290	11436	4160	1913	310838	2683	15041	459287	363384	
209	7.92382e+006	59240	67937	7561	11842	4314	1984	321247	2772	15626	474914	375890	
210	7.90778e+006	61221	70137	7802	12308	4475	2056	332157	2858	16043	490957	388775	
211	7.89118e+006	63311	72510	8058	12778	4618	2118	343337	2944	16600	507557	402082	
212	7.87425e+006	65202	74960	8320	13205	4790	2205	354978	3035	16932	524489	415871	
213	7.85673e+006	67094	77510	8579	13710	4940	2276	367040	3134	17519	542008	430178	
214	7.83862e+006	69156	80047	8897	14226	5118	2347	379437	3232	18105	560113	444869	
215	7.82003e+006	71151	82715	9169	14711	5305	2426	392322	3336	18595	578709	460088	
216	7.80075e+006	73498	85322	9432	15165	5503	2504	405623	3445	19279	597987	475620	
217	7.78091e+006	75817	88021	9741	15673	5713	2591	419301	3559	19838	617825	491674	
218	7.76055e+006	78076	90771	10055	16187	5896	2690	433526	3678	20364	638189	508251	
219	7.73975e+006	80277	93479	10316	16721	6110	2792	448283	3800	20796	658985	525333	
220	7.71824e+006	82510	96419	10612	17253	6343	2901	463438	3922	21512	680497	543017	
221	7.69609e+006	84818	99322	10946	17864	6565	3014	479077	4052	22145	702643	561196	
222	7.67341e+006	87133	102361	11339	18407	6791	3109	495108	4184	22680	725322	579819	
223	7.65024e+006	89506	105308	11669	18982	7028	3212	511678	4320	23169	748492	598872	
224	7.62639e+006	91852	108396	11988	19600	7283	3323	528764	4467	23858	772349	618601	
225	7.6019e+006	94198	111552	12382	20200	7572	3461	546319	4618	24491	796841	638886	
226	7.57681e+006	96606	114595	12740	20864	7819	3580	564526	4778	25087	821928	659674	
227	7.55113e+006	99113	117603	13063	21499	8090	3707	583293	4943	25677	847605	680928	
228	7.52483e+006	101562	120804	13356	22192	8355	3811	602539	5103	26306	873911	702831	
229	7.49788e+006	104013	124105	13751	22802	8605	3915	622312	5266	26943	900854	725247	
230	7.47026e+006	106552	127303	14127	23490	8849	4027	642707	5451	27626	928480	748246	
231	7.44207e+006	109064	130480	14482	24165	9120	4142	663719	5639	28189	956669	771802	
232	7.4134e+006	111427	133722	14867	24772	9412	4278	685309	5830	28669	985338	795887	
233	7.38404e+006	113842	137098	15264	25394	9709	4417	707368	6021	29358	1.0147e+006	820571	
234	7.3542e+006	116059	140457	15673	26070	9996	4570	730056	6228	29843	1.04454e+006	845887	
235	7.32389e+006	118175	143780	16048	26798	10252	4691	753347	6444	30305	1.07484e+006	871713	
236	7.29295e+006	120446	147013	16397	27486	10554	4839	777222	6666	30940	1.10578e+006	898019	
237	7.26143e+006	122608	150340	16751	28139	10864	4987	801709	6893	31519	1.1373e+006	924930	
238	7.22942e+006	124775	153573	17054	28860	11196	5165	826734	7120	32010	1.16931e+006	952332	
239	7.19673e+006	127163	156607	17382	29571	11516	5323	852410	7357	32693	1.20201e+006	980135	
240	7.16355e+006	129398	159603	17701	30302	11845	5466	878724	7609	33175	1.23518e+006	1.00852e+006	
241	7.12995e+006	131479	162710	17925	31092	12183	5634	905529	7866	33601	1.26878e+006	1.03752e+006	
242	7.09599e+006	133435	165680	18295	31765	12502	5781	932943	8129	33965	1.30275e+006	1.06685e+006	
243	7.06147e+006	135264	168686	18624	32511	12800	5913	960983	8401	34522	1.33727e+006	1.09683e+006	
244	7.02642e+006	137137	171620	19024	33219	13146	6077	989507	8666	35048	1.37232e+006	1.12723e+006	
245	6.99096e+006	138989	174583	19356	33898	13492	6253	1.01851e+006	8945	35453	1.40777e+006	1.15805e+006	
246	6.95514e+006	140845	177301	19662	34537	13829	6400	1.04818e+006	9240	35821	1.44359e+006	1.18922e+006	
247	6.91881e+006	142654	179942	20025	35119	14167	6563	1.07847e+006	9546	36331	1.47992e+006	1.22092e+006	
248	6.8823e+006	144122	182703	20302	35781	14498	6697	1.10918e+006	9858	36516	1.51644e+006	1.2531e+006	
249	6.84546e+006	145500	185168	20597	36442	14870	6868	1.14052e+006	10179	36832	1.55327e+006	1.28563e+006	
250	6.80822e+006	146921	187618	20794	37052	15197	7039	1.17243e+006	10502	37242	1.59051e+006	1.31856e+006	
251	6.77086e+006	147950	190075	21066	37694	15526	7193	1.20473e+006	10828	37360	1.62787e+006	1.3519e+006	
252	6.73322e+006	149076	192366	21327	38320	15866	7352	1.23739e+006	11172	37643	1.66552e+006	1.38543e+006	
253	6.69531e+006	150159	194417	21585	38971	16239	7536	1.27055e+006	11511	37914	1.70343e+006	1.41924e+006	
254	6.65729e+006	150932	196422	21773	39566	16547	7665	1.30435e+006	11852	38015	1.74145e+006	1.45347e+006	
255	6.61909e+006	151773	198159	21944	40088	16912	7799	1.33855e+006	12219	38201	1.77965e+006	1.48779e+006	
256	6.58074e+006	152478	199737	22187	40587	17234	7945	1.37318e+006	12590	38348	1.818e+006	1.52235e+006	
257	6.54236e+006	152944	201194	22313	41068	17517	8057	1.40836e+006	12978	38380	1.85638e+006	1.55721e+006	
258	6.50392e+006	153369	202582	22424	41537	17833	8190	1.4437e+006	13372	38440	1.89482e+006	1.59218e+006	
259	6.46543e+006	153661	203804	22571	41873	18118	8317	1.4795e+006	13778	38492	1.93331e+006	1.62725e+006	
260	6.42711e+006	153629	204753	22728	42355	18432	8455	1.51555e+006	14178	38316	1.97162e+006	1.66247e+006	
261	6.3888e+006	153558	205682	22818	42728	18718	8580	1.55183e+006	14597	38309	2.00993e+006	1.69775e+006	
262	6.35047e+006	153447	206421	22877	43073	18972	8684	1.58846e+006	15008	38329	2.04826e+006	1.73308e+006	
263	6.31243e+006	152996	206914	22963	43387	19208	8791	1.6254e+006	15433	38042	2.0863e+006	1.76845e+006	
264	6.2744e+006	152716	207153	23025	43681	19470	8908	1.66244e+006	15855	38036	2.12434e+006	1.80369e+006	
265	6.23658e+006	152228	207249	23037	43988	19624	8989	1.69972e+006	16318	37820	2.16216e+006	1.8389e+006	
266	6.19899e+006	151481	207258	23009	44061	19835	9117	1.73732e+006	16782	37582	2.19974e+006	1.87414e+006	
267	6.1617e+006	150729	206936	22993	44287	20072	9226	1.77479e+006	17230	37290	2.23703e+006	1.90913e+006	
268	6.12472e+006	149673	206572	22952	44510	20250	9319	1.81237e+006	17688	36980	2.27401e+006	1.94411e+006	
269	6.088e+006	148574	205950	22903	44648	20423	9400	1.85007e+006	18163	36721	2.31073e+006	1.97889e+006	
270	6.05154e+006	147457	205331	22788	44749	20575	9468	1.88767e+006	18625	36465	2.3472e+006	2.01352e+006	
271	6.01542e+006	146286	204448	22652	44800	20719	9515	1.92531e+006	19101	36120	2.38332e+006	2.04784e+006	
272	5.97981e+006	144915	203231	22520	44918	20847	9586	1.96292e+006	19580	35609	2.41893e+006	2.08189e+006	
273	5.94461e+006	143390	202060	22371	44800	20979	9644	2.00045e+006	20073	35197	2.45413e+006	2.11569e+006	
274	5.90975e+006	141784	200601	22258	44752	21085	9696	2.03793e+006	20572	34859	2.48898e+006	2.14921e+006	
275	5.87539e+006	140026	199076	22083	44594	21171	9730	2.07534e+006	21052	34362	2.52335e+006	2.18245e+006	
276	5.84149e+006	138323	197241	21944	44429	21236	9756	2.11251e+006	21564	33906	2.55725e+006	2.21522e+006	
277	5.80804e+006	136574	195313	21779	44174	21284	9784	2.14949e+006	22087	33447	2.5907e+006	2.24758e+006	
278	5.77532e+006	134432	193416	21555	43969	21348	9799	2.18611e+006	22584	32718	2.62342e+006	2.2797e+006	
279	5.74308e+006	132313	191297	21315	43718	21330	9800	2.22258e+006	23108	32243	2.65566e+006	2.31135e+006	
280	5.71121e+006	130274	189087	20965	43402	21368	9809	2.2588e+006	23628	31866	2.68753e+006	2.34263e+006	
281	5.67995e+006	128088	186681	20698	43132	21358	9824	2.29469e+006	24140	31262	2.71879e+006	2.37344e+006	
282	5.64921e+006	126106	184083	20405	42707	21344	9813	2.33022e+006	24657	30735	2.74952e+006	2.40359e+006	
283	5.61919e+006	123888	181457	20077	42340	21253	9775	2.36536e+006	25173	30025	2.77955e+006	2.4333e+006	
284	5.58976e+006	121453	178763	19778	41859	21173	9732	2.40026e+006	25691	29431	2.80898e+006	2.46267e+006	
285	5.56087e+006	119077	175934	19507	41427	21106	9700	2.43461e+006	26205	28886	2.83786e+006	2.49146e+006	
286	5.53257e+006	116645	173027	19244	40881	21008	9632	2.46864e+006	26726	28303	2.86617e+006	2.51977e+006	
287	5.50485e+006	114344	169915	18934	40371	20893	9583	2.50218e+006	27255	27723	2.89389e+006	2.54741e+006	
288	5.47778e+006	111977	166954	18608	39752	20707	9516	2.53519e+006	27771	27064	2.92096e+006	2.57454e+006	
289	5.45134e+006	109531	163932	18273	39153	20554	9436	2.56767e+006	28285	26440	2.9474e+006	2.60117e+006	
290	5.42554e+006	107027	160684	17958	38551	20338	9343	2.59982e+006	28814	25800	2.9732e+006	2.62725e+006	
291	5.40037e+006	104477	157526	17578	37870	20171	9263	2.63141e+006	29338	25173	2.99837e+006	2.65284e+006	
292	5.37584e+006	101937	154264	17169	37310	19945	9144	2.66242e+006	29849	24525	3.02289e+006	2.67784e+006	
293	5.35192e+006	99420	151057	16791	36628	19753	9041	2.69283e+006	30340	23923	3.04682e+006	2.70222e+006	
294	5.32856e+006	96981	147804	16413	36034	19491	8931	2.72262e+006	30836	23360	3.07018e+006	2.72602e+006	
295	5.30578e+006	94591	144467	16037	35416	19221	8836	2.7519e+006	31324	22783	3.09296e+006	2.74925e+006	
296	5.28364e+006	92200	141077	15648	34682	18971	8733	2.7807e+006	31815	22134	3.11509e+006	2.77187e+006	
297	5.26213e+006	89788	137631	15293	34032	18660	8586	2.80889e+006	32313	21511	3.1366e+006	2.79394e+006	
298	5.24109e+006	87470	134261	14959	33263	18420	8466	2.83649e+006	32784	21041	3.15765e+006	2.81548e+006	
299	5.22076e+006	85019	130987	14576	32575	18131	8341	2.86345e+006	33240	20332	3.17798e+006	2.83652e+006	
300	5.20109e+006	82559	127688	14210	31865	17814	8188	2.88981e+006	33705	19674	3.19765e+006	2.85695e+006	
301	5.18193e+006	80201	124377	13860	31157	17494	8052	2.91554e+006	34171	19153	3.21681e+006	2.87679e+006	
302	5.16323e+006	77864	121235	13518	30495	17185	7910	2.94059e+006	34622	18704	3.23551e+006	2.8962e+006	
303	5.14515e+006	75606	118021	13140	29786	16866	7772	2.96509e+006	35075	18074	3.25358e+006	2.91497e+006	
304	5.12777e+006	73319	114703	12773	29074	16567	7629	2.98903e+006	35509	17388	3.27097e+006	2.93314e+006	
305	5.11076e+006	71167	111444	12402	28359	16249	7465	3.01243e+006	35922	17001	3.28797e+006	2.95084e+006	
306	5.09428e+006	68946	108361	12056	27697	15881	7282	3.03516e+006	36350	16483	3.30445e+006	2.96811e+006	
307	5.07843e+006	66728	105285	11694	27028	15562	7146	3.05724e+006	36777	15856	3.32031e+006	2.98482e+006	
308	5.06309e+006	64672	102002	11324	26294	15218	7000	3.07894e+006	37193	15332	3.33564e+006	3.00088e+006	
309	5.04818e+006	62588	98995	11000	25611	14918	6854	3.09984e+006	37607	14918	3.35056e+006	3.01657e+006	
310	5.03368e+006	60607	96121	10682	24899	14595	6707	3.12015e+006	38005	14501	3.36506e+006	3.03178e+006	
311	5.01979e+006	58631	93124	10382	24213	14240	6537	3.13995e+006	38398	13881	3.37894e+006	3.04641e+006	
312	5.00626e+006	56834	90068	10066	23550	13912	6403	3.15928e+006	38768	13534	3.39248e+006	3.06056e+006	
313	4.99331e+006	54867	87219	9759	22824	13593	6260	3.17802e+006	39142	12951	3.40543e+006	3.07434e+006	
314	4.98074e+006	52933	84647	9443	22138	13259	6101	3.19607e+006	39505	12568	3.418e+006	3.08776e+006	
315	4.96854e+006	51252	81844	9126	21486	12945	5957	3.21368e+006	39861	12199	3.43019e+006	3.10058e+006	
316	4.95679e+006	49469	79175	8847	20841	12648	5828	3.23076e+006	40206	11752	3.44195e+006	3.11306e+006	
317	4.94543e+006	47877	76576	8540	20151	12299	5662	3.24731e+006	40551	11359	3.4533e+006	3.12502e+006	
318	4.93447e+006	46270	74088	8265	19457	11947	5487	3.26336e+006	40883	10960	3.46427e+006	3.13663e+006	
319	4.92393e+006	44615	71655	7979	18825	11590	5332	3.27893e+006	41216	10544	3.47481e+006	3.14791e+006	
320	4.91378e+006	43014	69169	7715	18239	11248	5172	3.29405e+006	41522	10151	3.48496e+006	3.15878e+006	
321	4.90394e+006	41497	66908	7454	17629	10929	5018	3.30856e+006	41823	9842	3.4948e+006	3.16928e+006	
322	4.89442e+006	40053	64619	7169	17068	10600	4862	3.32269e+006	42123	9516	3.50432e+006	3.17941e+006	
323	4.88533e+006	38595	62452	6930	16542	10253	4713	3.33621e+006	42423	9086	3.5134e+006	3.18915e+006	
324	4.87664e+006	37135	60298	6666	16001	9945	4588	3.34934e+006	42708	8691	3.52209e+006	3.19854e+006	
325	4.86817e+006	35768	58175	6432	15510	9619	4431	3.36207e+006	42990	8475	3.53057e+006	3.20766e+006	
326	4.85998e+006	34442	56174	6198	14985	9307	4280	3.37439e+006	43261	8190	3.53876e+006	3.21646e+006	
327	4.85215e+006	33188	54120	5979	14466	9017	4143	3.3863e+006	43517	7831	3.54659e+006	3.22486e+006	
328	4.84457e+006	32070	52062	5768	13950	8741	4024	3.3978e+006	43777	7573	3.55416e+006	3.23288e+006	
329	4.83727e+006	30899	50209	5552	13446	8466	3896	3.40888e+006	44022	7304	3.56147e+006	3.24071e+006	
330	4.83028e+006	29693	48452	5349	12991	8205	3788	3.41951e+006	44256	6984	3.56845e+006	3.2483e+006	
331	4.82357e+006	28573	46611	5179	12504	7923	3662	3.42988e+006	44492	6711	3.57516e+006	3.25552e+006	
332	4.81704e+006	27528	44855	4992	12101	7661	3541	3.43984e+006	44712	6528	3.58169e+006	3.26253e+006	
333	4.81084e+006	26426	43236	4829	11661	7416	3410	3.4494e+006	44924	6202	3.58789e+006	3.26926e+006	
334	4.80486e+006	25428	41716	4642	11214	7161	3293	3.45859e+006	45129	5987	3.59388e+006	3.27571e+006	
335	4.79903e+006	24544	40145	4450	10856	6916	3188	3.46747e+006	45330	5827	3.59971e+006	3.28193e+006	
336	4.79345e+006	23594	38630	4302	10480	6673	3085	3.47608e+006	45530	5579	3.60529e+006	3.28797e+006	
337	4.78811e+006	22728	37167	4136	10064	6439	2976	3.48437e+006	45718	5336	3.61062e+006	3.29369e+006	
338	4.78298e+006	21879	35734	3983	9670	6215	2877	3.49238e+006	45897	5137	3.61576e+006	3.29923e+006	
339	4.77805e+006	20975	34408	3831	9365	5980	2761	3.50004e+006	46082	4923	3.62068e+006	3.30461e+006	
340	4.7733e+006	20146	33136	3697	9054	5770	2661	3.50738e+006	46253	4750	3.62543e+006	3.30977e+006	
341	4.76877e+006	19349	31882	3576	8692	5591	2584	3.51448e+006	46406	4539	3.62997e+006	3.31471e+006	
342	4.76439e+006	18584	30631	3436	8351	5394	2490	3.52138e+006	46567	4372	3.63434e+006	3.31945e+006	
343	4.76015e+006	17900	29492	3296	8037	5189	2407	3.52795e+006	46717	4239	3.63858e+006	3.324e+006	
344	4.75608e+006	17223	28386	3166	7732	5007	2310	3.53428e+006	46868	4073	3.64266e+006	3.3284e+006	
345	4.75223e+006	16536	27236	3028	7412	4854	2239	3.54043e+006	47012	3852	3.64651e+006	3.3326e+006	
346	4.74848e+006	15915	26161	2897	7132	4666	2149	3.54634e+006	47144	3752	3.65026e+006	3.33665e+006	
347	4.7449e+006	15258	25164	2797	6860	4504	2077	3.55198e+006	47281	3581	3.65384e+006	3.34057e+006	
348	4.74147e+006	14616	24196	2700	6620	4328	1993	3.5574e+006	47408	3431	3.65727e+006	3.34432e+006	
349	4.7382e+006	14031	23232	2594	6423	4187	1928	3.56254e+006	47533	3267	3.66054e+006	3.34788e+006	
350	4.73509e+006	13389	22333	2494	6191	4031	1854	3.56756e+006	47649	3109	3.66365e+006	3.35136e+006	
351	4.73203e+006	12870	21472	2396	5936	3862	1768	3.57241e+006	47763	3063	3.66671e+006	3.35467e+006	
352	4.7291e+006	12366	20614	2313	5703	3719	1713	3.57705e+006	47872	2927	3.66964e+006	3.35784e+006	
353	4.72631e+006	11886	19738	2218	5475	3583	1644	3.58155e+006	47975	2787	3.67242e+006	3.36085e+006	
354	4.72362e+006	11471	18887	2106	5256	3438	1583	3.58588e+006	48080	2694	3.67512e+006	3.36373e+006	
355	4.72108e+006	10949	18173	2029	5027	3292	1518	3.59001e+006	48180	2541	3.67766e+006	3.36656e+006	
356	4.7186e+006	10498	17419	1959	4802	3181	1471	3.594e+006	48273	2476	3.68014e+006	3.36926e+006	
357	4.71622e+006	10092	16704	1880	4633	3044	1412	3.59779e+006	48370	2381	3.68252e+006	3.37184e+006	
358	4.71397e+006	9645	16046	1801	4454	2931	1356	3.60144e+006	48451	2247	3.68476e+006	3.37433e+006	
359	4.71179e+006	9286	15406	1715	4274	2805	1295	3.60493e+006	48534	2182	3.68695e+006	3.37669e+006	
360	4.7097e+006	8904	14827	1661	4084	2695	1245	3.60826e+006	48612	2094	3.68904e+006	3.37897e+006	
361	4.70769e+006	8529	14221	1585	3932	2588	1197	3.6115e+006	48685	2006	3.69105e+006	3.38117e+006	
362	4.70579e+006	8181	13609	1516	3776	2483	1147	3.61462e+006	48758	1899	3.69294e+006	3.38325e+006	
363	4.70396e+006	7829	13060	1461	3614	2378	1105	3.61761e+006	48821	1830	3.69477e+006	3.38526e+006	
364	4.70215e+006	7544	12517	1404	3456	2284	1058	3.62049e+006	48891	1809	3.69658e+006	3.38719e+006	
External infections start at day 1 and end at:	19	Number of imported cases each day	9	
Number of contacts per day:	0	
Number of contacts per day:	0	
Number of days asymptomatic patients are infectious before symptomatic	2	
Probability of transmission from exposed patients:	0.0418	
Probability of transmission from mild symptomatic patients:	0.0418	
Probability of transmission from hospitalized patients:	0.00850339	
Probability of transmission from ICU patients:	0.00850339	
Probability of testing for mild symptomatic patients:	0.75	

Adherence to Social Distancing parameters:
Day 0:	0	
Day 10:	0.8	
Day 20:	0.8	
Day 30:	0.8	
Day 40:	0.9	
Day 50:	0.9	
Day 60:	0.9	
