Day	Susceptible-LB	Susceptible-UB	Exposed-LB	Exposed-UB	Current Detected Mild Infections-LB	Current Detected Mild Infections-UB	Current Undetected Mild Infections-LB	Current Undetected Mild Infections-UB	Current Hospitalizations-LB	Current Hospitalizations-UB	Current ICU patients-LB	Current ICU patients-UB	ventilators-LB	ventilators-UB	Recovered-LB	Recovered-UB	Deaths-LB	Deaths-UB	new infections today-LB	new infections today-UB	total number of infections-LB	total number of infections-UB	Confirmed total number of infections-LB	Confirmed total number of infections-UB	
0	8.39872e+006	8.39872e+006	16	16	0	0	0	0	0	0	0	0	0	0	0	0	0	0	0	0	16	16	0	0	
1	8.39856e+006	8.39856e+006	176	176	0	0	0	0	0	0	0	0	0	0	0	0	0	0	160	160	176	176	0	0	
2	8.3984e+006	8.3984e+006	336	336	0	0	0	0	0	0	0	0	0	0	0	0	0	0	160	160	336	336	0	0	
3	8.39821e+006	8.39822e+006	521	526	0	0	0	0	0	0	0	0	0	0	0	0	0	0	185	190	521	526	0	0	
4	8.39788e+006	8.39791e+006	830	852	0	0	0	0	0	0	0	0	0	0	0	0	0	0	307	328	830	852	0	0	
5	8.39743e+006	8.39748e+006	1260	1302	0	0	0	0	0	0	0	0	0	0	0	0	0	0	424	455	1260	1302	0	0	
6	8.39683e+006	8.3969e+006	1839	1908	0	0	0	0	0	0	0	0	0	0	0	0	0	0	573	613	1839	1908	0	0	
7	8.39593e+006	8.39604e+006	2681	2788	16	16	0	0	0	0	0	0	0	0	0	0	0	0	850	903	2697	2804	16	16	
8	8.39468e+006	8.39484e+006	3721	3881	131	140	36	45	0	0	0	0	0	0	0	0	0	0	1190	1263	3897	4057	131	140	
9	8.39305e+006	8.39329e+006	5112	5351	251	262	74	85	0	0	0	0	0	0	0	0	0	0	1543	1638	5448	5687	251	262	
10	8.39083e+006	8.39116e+006	7056	7382	374	390	119	134	0	0	0	0	0	0	16	16	0	0	2119	2231	7579	7906	390	406	
11	8.38768e+006	8.38816e+006	9740	10206	485	512	157	175	27	35	0	0	0	0	141	149	0	0	2986	3158	10576	11053	629	653	
12	8.38345e+006	8.38412e+006	13347	13996	690	736	222	242	56	67	0	0	0	0	269	280	0	0	4025	4250	14613	15291	958	995	
13	8.37779e+006	8.37871e+006	18178	19048	981	1056	317	347	90	103	0	0	0	0	420	435	0	0	5401	5668	20023	20950	1401	1456	
14	8.36998e+006	8.37127e+006	24760	25962	1393	1498	444	483	147	165	0	0	0	0	673	697	0	0	7428	7822	27464	28759	2067	2152	
15	8.35934e+006	8.36117e+006	33660	35345	1960	2100	639	693	238	259	0	0	0	0	1012	1052	0	0	10089	10646	37565	39393	2988	3108	
16	8.34513e+006	8.34765e+006	45631	47933	2682	2874	886	945	347	374	0	0	0	0	1482	1543	0	0	13511	14230	51088	53610	4175	4357	
17	8.32567e+006	8.32912e+006	62031	65168	3635	3878	1198	1273	487	521	15	19	14	17	2182	2276	0	0	18521	19465	69621	73063	5835	6087	
18	8.29941e+006	8.30416e+006	83987	88289	4954	5298	1663	1760	685	732	25	30	19	22	3171	3310	0	0	24943	26278	94576	99328	8133	8499	
19	8.26401e+006	8.27057e+006	113540	119446	6781	7254	2301	2434	959	1018	34	40	23	27	4441	4642	0	0	33578	35408	128168	134722	11222	11741	
20	8.21628e+006	8.22523e+006	153460	161527	9202	9841	3134	3311	1317	1387	51	60	31	36	6195	6475	0	0	45318	47752	173502	182458	15367	16067	
21	8.15227e+006	8.16449e+006	206759	217730	12495	13361	4257	4482	1806	1902	77	88	44	51	8675	9081	0	0	60725	64026	234244	246468	21055	22040	
22	8.06635e+006	8.08293e+006	278213	293017	16984	18192	5788	6089	2481	2614	109	123	58	68	12002	12575	0	0	81542	85935	315803	332386	28787	30189	
23	7.95211e+006	7.97435e+006	373272	393046	23020	24689	7804	8213	3377	3543	159	177	80	93	16467	17251	0	0	108565	114263	424387	446630	39208	41145	
24	7.80036e+006	7.83022e+006	498864	525352	31286	33522	10557	11097	4593	4824	223	246	110	125	22627	23711	0	0	144111	151773	568519	598381	53459	56112	
25	7.601e+006	7.64076e+006	663360	698450	42342	45379	14244	14982	6239	6565	316	343	150	169	30988	32507	0	0	189427	199387	757978	797736	72654	76317	
26	7.34201e+006	7.39397e+006	876547	922060	57216	61402	19271	20302	8484	8921	434	467	202	225	42149	44244	0	0	246755	259028	1.00477e+006	1.05673e+006	98530	103566	
27	7.01006e+006	7.07684e+006	1.14832e+006	1.20629e+006	77167	82883	25923	27304	11503	12090	594	637	269	297	57488	60343	13	16	317077	331992	1.32189e+006	1.38867e+006	133482	140380	
28	6.5931e+006	6.67734e+006	1.48707e+006	1.55925e+006	103723	111458	34884	36742	15589	16374	806	863	365	400	78142	82093	17	20	399467	416997	1.7214e+006	1.80563e+006	180207	189635	
29	6.08199e+006	6.1849e+006	1.89792e+006	1.98447e+006	139331	149709	46875	49383	21037	22143	1102	1170	503	546	105987	111410	19	22	492400	511153	2.21383e+006	2.31675e+006	242978	255734	
30	5.52195e+006	5.64164e+006	2.33258e+006	2.43029e+006	186172	199926	62795	66162	28416	29934	1505	1596	696	748	143534	150928	22	26	543206	560094	2.7571e+006	2.87679e+006	326544	343655	
31	4.93092e+006	5.06425e+006	2.76581e+006	2.8696e+006	248163	266422	83545	88059	38299	40349	2032	2152	947	1015	193859	203957	28	35	577307	591118	3.33449e+006	3.46782e+006	437729	460667	
32	4.33244e+006	4.47422e+006	3.16635e+006	3.26875e+006	328237	352230	110568	116492	51535	54283	2766	2922	1291	1372	261439	275165	35	43	589887	598613	3.92451e+006	4.0663e+006	583744	614262	
33	3.76568e+006	3.90975e+006	3.48399e+006	3.57655e+006	430938	461702	145142	152699	69042	72724	3735	3945	1734	1839	351535	369933	47	56	564035	567197	4.48899e+006	4.63306e+006	773984	813943	
34	3.2625e+006	3.40384e+006	3.6727e+006	3.74788e+006	559639	597867	188401	197759	92118	97019	5073	5348	2353	2486	471235	495968	64	75	502728	506371	4.9949e+006	5.13624e+006	1.01889e+006	1.0703e+006	
35	2.84111e+006	2.97601e+006	3.70079e+006	3.75253e+006	716119	762164	240884	252149	122403	128818	6857	7226	3185	3356	628602	661628	84	97	421215	428002	5.42273e+006	5.55763e+006	1.32773e+006	1.39266e+006	
36	2.51034e+006	2.63712e+006	3.54652e+006	3.57291e+006	899832	952560	301905	314789	161546	169850	9266	9780	4294	4526	833808	877006	113	128	330633	339016	5.76161e+006	5.88839e+006	1.70927e+006	1.7888e+006	
37	2.26783e+006	2.38689e+006	3.24854e+006	3.26033e+006	1.06921e+006	1.12394e+006	358428	371745	211471	221998	12510	13207	5763	6080	1.09771e+006	1.15333e+006	159	178	242385	250362	6.01184e+006	6.13091e+006	2.13219e+006	2.22509e+006	
38	2.10315e+006	2.21566e+006	2.8262e+006	2.85016e+006	1.20294e+006	1.25378e+006	403123	415440	273140	286260	16883	17794	7785	8199	1.43112e+006	1.50139e+006	211	235	164542	171371	6.18308e+006	6.29559e+006	2.58436e+006	2.68835e+006	
39	1.97332e+006	2.07985e+006	2.35814e+006	2.39536e+006	1.27724e+006	1.31766e+006	427771	437553	347828	363511	22662	23892	10437	10994	1.84301e+006	1.92908e+006	285	313	129692	135950	6.31889e+006	6.42542e+006	3.05083e+006	3.16207e+006	
40	1.86871e+006	1.96985e+006	1.89612e+006	1.94076e+006	1.2948e+006	1.32059e+006	433263	439510	425593	443086	30288	31900	13914	14658	2.30078e+006	2.40143e+006	388	423	104452	110160	6.42889e+006	6.53003e+006	3.50051e+006	3.61439e+006	
41	1.78802e+006	1.88459e+006	1.47361e+006	1.52011e+006	1.24282e+006	1.25315e+006	415145	417719	501022	519400	40298	42410	18503	19482	2.79259e+006	2.9055e+006	520	564	80494	85452	6.51414e+006	6.61072e+006	3.90797e+006	4.02052e+006	
42	1.72744e+006	1.82027e+006	1.11272e+006	1.15668e+006	1.13738e+006	1.1468e+006	351579	353787	567782	585396	53329	56072	24538	25801	3.30263e+006	3.42413e+006	709	763	60372	64525	6.57846e+006	6.6713e+006	4.27907e+006	4.38685e+006	
43	1.6829e+006	1.77282e+006	826395	865352	976549	995271	276081	280064	615526	630773	70096	73617	32240	33861	3.80234e+006	3.92771e+006	957	1024	44338	47653	6.62592e+006	6.71584e+006	4.57732e+006	4.67863e+006	
44	1.6502e+006	1.73782e+006	616516	650186	793067	816541	198678	203326	636361	647740	90955	95395	41841	43868	4.26618e+006	4.39183e+006	1296	1379	32524	35177	6.66092e+006	6.74854e+006	4.80188e+006	4.8969e+006	
45	1.6262e+006	1.71201e+006	475801	504794	587467	611032	147569	152241	623760	630392	116514	121917	53599	56070	4.68051e+006	4.80365e+006	1756	1862	23846	25960	6.68672e+006	6.77254e+006	4.95535e+006	5.04493e+006	
46	1.60791e+006	1.69221e+006	364264	388788	426932	448351	107386	111633	583624	586233	144393	150557	66360	69214	5.03067e+006	5.14969e+006	2341	2496	18170	19928	6.70653e+006	6.79083e+006	5.07715e+006	5.16165e+006	
47	1.59388e+006	1.67697e+006	273713	293988	316795	335909	79825	83638	517500	520958	173218	179960	79652	82783	5.31485e+006	5.42973e+006	3163	3369	13915	15346	6.72177e+006	6.80485e+006	5.17476e+006	5.2547e+006	
48	1.58339e+006	1.66552e+006	203612	220084	249810	267020	62976	66393	433307	439311	201527	208497	92682	95939	5.53819e+006	5.64907e+006	4255	4509	10400	11541	6.73322e+006	6.81534e+006	5.24961e+006	5.32566e+006	
49	1.57572e+006	1.65712e+006	150836	164032	194451	209522	49243	52237	348695	356273	226877	233644	104333	107481	5.73016e+006	5.83686e+006	5732	6061	7599	8470	6.74161e+006	6.82302e+006	5.30628e+006	5.37911e+006	
50	1.56997e+006	1.6508e+006	112185	122768	146662	159292	37206	39675	271202	279248	247153	253355	113670	116520	5.89496e+006	5.99724e+006	7673	8095	5691	6386	6.74794e+006	6.82877e+006	5.34857e+006	5.41883e+006	
51	1.56574e+006	1.64614e+006	83834	92310	108566	118855	27571	29597	204820	212525	260547	265856	119839	122264	6.031e+006	6.12912e+006	10226	10774	4176	4715	6.7526e+006	6.833e+006	5.37984e+006	5.44812e+006	
52	1.56253e+006	1.64259e+006	63150	69942	79669	87878	20164	21787	152147	159081	265652	269896	122103	124056	6.14033e+006	6.23484e+006	13562	14245	3166	3589	6.75614e+006	6.83621e+006	5.40299e+006	5.46968e+006	
53	1.56014e+006	1.63993e+006	47335	52716	58919	65546	14904	16237	113644	119685	261890	264916	120363	121770	6.22662e+006	6.31835e+006	17873	18773	2357	2700	6.75881e+006	6.8386e+006	5.42065e+006	5.48605e+006	
54	1.55835e+006	1.63794e+006	35178	39384	44195	49573	11173	12225	88018	93298	249159	250985	114481	115381	6.29528e+006	6.38501e+006	23283	24422	1761	2012	6.7608e+006	6.84039e+006	5.43422e+006	5.49855e+006	
55	1.557e+006	1.63642e+006	26103	29386	33548	37938	8479	9336	67380	71853	229073	230121	105212	105791	6.35574e+006	6.44397e+006	29862	31261	1326	1542	6.76232e+006	6.84174e+006	5.44436e+006	5.50787e+006	
56	1.55601e+006	1.6353e+006	19476	22058	25177	28665	6369	7060	50538	54266	203984	205476	93733	94527	6.41008e+006	6.49703e+006	37173	38804	972	1141	6.76344e+006	6.84273e+006	5.45185e+006	5.51473e+006	
57	1.55559e+006	1.63483e+006	14194	16158	18676	21415	4727	5268	37589	40635	175554	177883	80655	81795	6.45866e+006	6.54456e+006	44954	46789	408	487	6.76391e+006	6.84315e+006	5.4575e+006	5.51988e+006	
58	1.55527e+006	1.63447e+006	10330	11810	13769	15895	3476	3898	27884	30319	145575	148511	66827	68240	6.50178e+006	6.58672e+006	52913	54859	312	366	6.76427e+006	6.84347e+006	5.46164e+006	5.52366e+006	
59	1.55503e+006	1.6342e+006	7393	8502	10258	11930	2601	2934	20717	22688	116500	119711	53486	55003	6.53896e+006	6.62303e+006	60532	62498	231	279	6.76454e+006	6.84371e+006	5.46479e+006	5.52651e+006	
60	1.55485e+006	1.634e+006	5205	6011	7598	8912	1964	2229	15495	17070	90182	93353	41409	42876	6.57034e+006	6.65352e+006	67408	69334	170	207	6.76474e+006	6.84389e+006	5.46715e+006	5.52863e+006	
61	1.55473e+006	1.63385e+006	3562	4149	5699	6718	1483	1684	11617	12863	67956	70862	31191	32521	6.59591e+006	6.67822e+006	73164	75003	120	149	6.76488e+006	6.84401e+006	5.46892e+006	5.53022e+006	
62	1.55463e+006	1.63374e+006	2325	2725	4257	5067	1103	1270	8704	9683	50486	53046	23193	24375	6.61585e+006	6.69737e+006	77741	79475	92	116	6.76499e+006	6.84411e+006	5.47026e+006	5.53142e+006	
63	1.55457e+006	1.63367e+006	1409	1661	3192	3823	804	936	6486	7269	37648	39840	17302	18312	6.63072e+006	6.71154e+006	81137	82775	58	75	6.76507e+006	6.84417e+006	5.47128e+006	5.53233e+006	
64	1.55453e+006	1.63363e+006	1034	1222	2128	2583	533	632	4804	5412	28984	30866	13321	14194	6.64119e+006	6.72145e+006	83459	85017	35	47	6.76511e+006	6.84421e+006	5.47173e+006	5.53273e+006	
65	1.5545e+006	1.63359e+006	747	894	1334	1626	334	393	3587	4076	22092	23673	10148	10887	6.64939e+006	6.72916e+006	85291	86776	26	37	6.76514e+006	6.84424e+006	5.47208e+006	5.53304e+006	
66	1.55448e+006	1.63357e+006	535	644	746	916	192	229	2663	3043	16579	17900	7592	8216	6.6558e+006	6.73519e+006	86790	88203	20	28	6.76517e+006	6.84426e+006	5.47234e+006	5.53327e+006	
67	1.55446e+006	1.63355e+006	379	457	581	712	123	149	1953	2244	12319	13405	5633	6158	6.66043e+006	6.73954e+006	87909	89266	14	20	6.76519e+006	6.84428e+006	5.47254e+006	5.53345e+006	
68	1.55445e+006	1.63353e+006	271	328	445	550	71	89	1398	1616	9150	10029	4185	4613	6.66392e+006	6.7428e+006	88756	90062	12	19	6.7652e+006	6.84429e+006	5.47268e+006	5.53357e+006	
69	1.55443e+006	1.63352e+006	187	229	348	429	32	44	974	1133	6817	7528	3113	3456	6.66651e+006	6.74521e+006	89402	90671	9	15	6.76522e+006	6.8443e+006	5.47279e+006	5.53367e+006	
70	1.55443e+006	1.63351e+006	134	166	246	306	23	33	671	791	5081	5648	2328	2601	6.66845e+006	6.747e+006	89872	91114	7	11	6.76522e+006	6.84431e+006	5.47286e+006	5.53373e+006	
71	1.55442e+006	1.6335e+006	105	132	170	213	16	23	433	517	3795	4248	1742	1958	6.66989e+006	6.74832e+006	90237	91457	7	12	6.76523e+006	6.84432e+006	5.4729e+006	5.53377e+006	
72	1.55441e+006	1.63349e+006	85	106	109	140	12	18	257	313	2850	3200	1294	1459	6.67097e+006	6.7493e+006	90502	91701	6	10	6.76524e+006	6.84433e+006	5.47293e+006	5.53379e+006	
73	1.5544e+006	1.63349e+006	72	89	74	98	8	14	181	223	2107	2381	954	1085	6.67175e+006	6.75001e+006	90697	91882	7	11	6.76525e+006	6.84434e+006	5.47296e+006	5.53381e+006	
74	1.55439e+006	1.63348e+006	62	77	55	73	6	11	132	165	1548	1758	695	793	6.67231e+006	6.75053e+006	90851	92022	5	8	6.76526e+006	6.84434e+006	5.47297e+006	5.53383e+006	
75	1.55439e+006	1.63347e+006	54	66	42	58	5	10	96	122	1132	1302	506	586	6.67273e+006	6.75091e+006	90961	92125	4	8	6.76526e+006	6.84435e+006	5.47299e+006	5.53384e+006	
76	1.55438e+006	1.63346e+006	51	63	33	46	4	7	68	86	810	941	360	421	6.67306e+006	6.75121e+006	91052	92208	7	10	6.76527e+006	6.84436e+006	5.473e+006	5.53385e+006	
77	1.55437e+006	1.63346e+006	49	59	27	38	2	5	46	61	592	693	258	306	6.67329e+006	6.75141e+006	91109	92260	4	8	6.76528e+006	6.84436e+006	5.47301e+006	5.53386e+006	
78	1.55437e+006	1.63345e+006	47	57	22	33	2	5	32	43	424	503	185	223	6.67346e+006	6.75157e+006	91157	92304	6	9	6.76529e+006	6.84437e+006	5.47302e+006	5.53387e+006	
79	1.55436e+006	1.63344e+006	45	55	20	29	1	4	27	37	294	350	127	156	6.67359e+006	6.75168e+006	91198	92340	5	8	6.76529e+006	6.84438e+006	5.47303e+006	5.53388e+006	
80	1.55435e+006	1.63344e+006	43	52	20	28	1	4	21	30	205	247	89	111	6.67368e+006	6.75177e+006	91222	92363	4	8	6.7653e+006	6.84438e+006	5.47304e+006	5.53389e+006	
81	1.55435e+006	1.63343e+006	44	54	18	26	0	2	18	25	138	168	58	74	6.67375e+006	6.75183e+006	91242	92381	7	10	6.76531e+006	6.84439e+006	5.47304e+006	5.53389e+006	
82	1.55434e+006	1.63342e+006	44	54	17	24	0	2	14	20	79	99	35	47	6.67381e+006	6.75189e+006	91262	92398	4	8	6.76531e+006	6.8444e+006	5.47305e+006	5.5339e+006	
83	1.55433e+006	1.63342e+006	42	52	17	23	1	2	12	18	53	68	22	32	6.67385e+006	6.75192e+006	91269	92405	5	9	6.76532e+006	6.8444e+006	5.47306e+006	5.53391e+006	
84	1.55433e+006	1.63341e+006	41	52	16	23	1	2	10	15	39	52	16	25	6.67387e+006	6.75194e+006	91272	92408	4	7	6.76533e+006	6.84441e+006	5.47306e+006	5.53391e+006	
85	1.55432e+006	1.6334e+006	41	51	18	24	1	3	9	14	29	40	12	19	6.67389e+006	6.75195e+006	91275	92411	5	9	6.76533e+006	6.84442e+006	5.47307e+006	5.53392e+006	
86	1.55431e+006	1.63339e+006	41	52	15	21	1	3	9	14	20	28	7	13	6.67391e+006	6.75197e+006	91277	92412	5	9	6.76534e+006	6.84442e+006	5.47308e+006	5.53392e+006	
87	1.55431e+006	1.63339e+006	44	55	14	21	1	4	7	12	11	19	4	8	6.67392e+006	6.75198e+006	91280	92414	7	11	6.76535e+006	6.84443e+006	5.47308e+006	5.53393e+006	
88	1.5543e+006	1.63338e+006	43	53	14	21	1	4	6	11	8	13	3	6	6.67393e+006	6.75199e+006	91281	92416	5	9	6.76536e+006	6.84444e+006	5.47309e+006	5.53394e+006	
89	1.55429e+006	1.63337e+006	45	55	14	21	1	4	7	11	6	11	2	4	6.67394e+006	6.752e+006	91281	92416	6	10	6.76537e+006	6.84445e+006	5.47309e+006	5.53394e+006	
90	1.55429e+006	1.63337e+006	43	53	15	22	1	4	7	12	5	9	1	4	6.67395e+006	6.752e+006	91281	92416	3	7	6.76537e+006	6.84445e+006	5.4731e+006	5.53395e+006	
91	1.55428e+006	1.63336e+006	45	55	13	19	1	4	6	10	5	9	1	4	6.67396e+006	6.75201e+006	91282	92416	5	9	6.76538e+006	6.84446e+006	5.4731e+006	5.53395e+006	
92	1.55427e+006	1.63335e+006	44	55	14	20	1	3	6	10	5	9	1	3	6.67396e+006	6.75202e+006	91282	92417	4	8	6.76539e+006	6.84446e+006	5.47311e+006	5.53396e+006	
93	1.55427e+006	1.63334e+006	45	55	14	21	1	3	5	10	4	8	1	3	6.67397e+006	6.75203e+006	91282	92417	6	10	6.76539e+006	6.84447e+006	5.47312e+006	5.53397e+006	
94	1.55426e+006	1.63334e+006	44	54	18	25	0	2	5	10	4	8	1	3	6.67398e+006	6.75203e+006	91282	92417	6	10	6.7654e+006	6.84448e+006	5.47313e+006	5.53397e+006	
95	1.55425e+006	1.63333e+006	44	54	19	26	0	1	5	9	3	7	1	3	6.67399e+006	6.75204e+006	91282	92417	5	9	6.76541e+006	6.84449e+006	5.47313e+006	5.53398e+006	
96	1.55424e+006	1.63332e+006	44	55	19	26	0	2	5	9	3	6	1	3	6.67399e+006	6.75205e+006	91283	92417	6	10	6.76542e+006	6.84449e+006	5.47314e+006	5.53399e+006	
97	1.55424e+006	1.63331e+006	46	57	15	21	1	3	6	10	3	6	1	3	6.674e+006	6.75206e+006	91283	92417	6	9	6.76542e+006	6.8445e+006	5.47315e+006	5.53399e+006	
98	1.55423e+006	1.6333e+006	47	58	14	21	1	4	5	10	2	5	1	3	6.67401e+006	6.75206e+006	91283	92417	6	10	6.76543e+006	6.84451e+006	5.47315e+006	5.534e+006	
99	1.55422e+006	1.6333e+006	50	61	13	20	1	3	6	11	2	5	1	3	6.67402e+006	6.75207e+006	91283	92418	7	11	6.76544e+006	6.84452e+006	5.47316e+006	5.534e+006	
100	1.55421e+006	1.63329e+006	51	61	15	22	2	4	5	10	2	5	0	2	6.67402e+006	6.75208e+006	91283	92418	6	10	6.76545e+006	6.84453e+006	5.47317e+006	5.53401e+006	
101	1.5542e+006	1.63328e+006	51	61	16	23	1	4	5	10	2	5	1	2	6.67403e+006	6.75208e+006	91284	92418	6	10	6.76546e+006	6.84453e+006	5.47317e+006	5.53402e+006	
102	1.5542e+006	1.63327e+006	51	61	16	23	2	5	6	10	2	4	1	3	6.67404e+006	6.75209e+006	91284	92418	5	9	6.76547e+006	6.84454e+006	5.47318e+006	5.53402e+006	
103	1.55419e+006	1.63327e+006	47	59	18	25	1	3	5	9	2	5	1	2	6.67405e+006	6.7521e+006	91284	92418	3	6	6.76547e+006	6.84455e+006	5.47319e+006	5.53403e+006	
104	1.55418e+006	1.63326e+006	47	58	17	24	1	3	5	10	2	5	1	2	6.67405e+006	6.7521e+006	91284	92418	5	9	6.76548e+006	6.84455e+006	5.47319e+006	5.53404e+006	
105	1.55418e+006	1.63325e+006	47	59	18	25	1	3	5	10	2	5	0	2	6.67406e+006	6.75211e+006	91284	92418	7	11	6.76549e+006	6.84456e+006	5.4732e+006	5.53405e+006	
106	1.55417e+006	1.63324e+006	45	56	18	26	1	4	6	11	2	4	0	2	6.67407e+006	6.75212e+006	91284	92418	5	9	6.76549e+006	6.84457e+006	5.47321e+006	5.53405e+006	
107	1.55416e+006	1.63324e+006	43	54	19	26	2	4	7	12	2	5	0	2	6.67407e+006	6.75213e+006	91284	92418	4	8	6.7655e+006	6.84457e+006	5.47322e+006	5.53406e+006	
108	1.55416e+006	1.63323e+006	42	52	19	26	2	4	7	11	2	5	1	2	6.67408e+006	6.75213e+006	91284	92418	4	8	6.76551e+006	6.84458e+006	5.47322e+006	5.53407e+006	
109	1.55415e+006	1.63322e+006	41	52	16	24	2	4	7	12	2	5	1	2	6.67409e+006	6.75214e+006	91284	92418	5	9	6.76551e+006	6.84459e+006	5.47323e+006	5.53407e+006	
110	1.55414e+006	1.63322e+006	43	54	14	21	1	3	7	12	2	5	0	2	6.6741e+006	6.75215e+006	91284	92418	5	9	6.76552e+006	6.84459e+006	5.47324e+006	5.53408e+006	
111	1.55414e+006	1.63321e+006	43	54	13	20	1	4	7	12	2	4	0	1	6.67411e+006	6.75216e+006	91284	92418	5	9	6.76553e+006	6.8446e+006	5.47324e+006	5.53408e+006	
112	1.55413e+006	1.6332e+006	42	53	14	22	1	4	7	12	2	5	0	2	6.67411e+006	6.75216e+006	91284	92418	5	9	6.76553e+006	6.84461e+006	5.47325e+006	5.53409e+006	
113	1.55412e+006	1.63319e+006	42	53	16	23	2	4	7	11	2	5	0	2	6.67412e+006	6.75217e+006	91284	92418	5	9	6.76554e+006	6.84461e+006	5.47326e+006	5.5341e+006	
114	1.55412e+006	1.63319e+006	42	53	16	23	1	3	6	10	2	5	0	2	6.67413e+006	6.75218e+006	91284	92419	4	8	6.76555e+006	6.84462e+006	5.47326e+006	5.5341e+006	
115	1.55411e+006	1.63318e+006	42	53	14	21	1	3	6	10	2	6	1	3	6.67414e+006	6.75218e+006	91284	92419	4	8	6.76556e+006	6.84463e+006	5.47327e+006	5.53411e+006	
116	1.5541e+006	1.63317e+006	43	54	14	21	0	2	6	10	3	6	1	3	6.67414e+006	6.75219e+006	91284	92419	5	9	6.76556e+006	6.84463e+006	5.47328e+006	5.53412e+006	
117	1.5541e+006	1.63317e+006	44	54	15	22	1	2	6	10	2	6	1	3	6.67415e+006	6.7522e+006	91284	92419	6	10	6.76557e+006	6.84464e+006	5.47328e+006	5.53412e+006	
118	1.55409e+006	1.63316e+006	44	55	16	23	1	3	5	9	2	6	1	3	6.67416e+006	6.7522e+006	91284	92419	6	10	6.76558e+006	6.84465e+006	5.47329e+006	5.53413e+006	
119	1.55408e+006	1.63315e+006	44	55	16	23	1	3	5	9	2	6	1	3	6.67416e+006	6.75221e+006	91284	92419	5	9	6.76559e+006	6.84466e+006	5.4733e+006	5.53414e+006	
120	1.55408e+006	1.63314e+006	44	55	16	23	1	3	6	10	2	6	1	4	6.67417e+006	6.75222e+006	91285	92419	5	9	6.76559e+006	6.84466e+006	5.4733e+006	5.53414e+006	
121	1.55407e+006	1.63314e+006	44	56	16	22	1	2	5	10	2	6	1	4	6.67418e+006	6.75222e+006	91285	92419	5	9	6.7656e+006	6.84467e+006	5.47331e+006	5.53415e+006	
122	1.55406e+006	1.63313e+006	44	55	14	22	1	3	5	9	2	6	1	3	6.67419e+006	6.75223e+006	91285	92419	4	8	6.76561e+006	6.84467e+006	5.47331e+006	5.53415e+006	
123	1.55406e+006	1.63312e+006	44	55	15	22	0	3	5	9	2	5	1	3	6.67419e+006	6.75224e+006	91285	92419	5	9	6.76561e+006	6.84468e+006	5.47332e+006	5.53416e+006	
124	1.55405e+006	1.63311e+006	44	56	15	22	1	4	5	10	2	5	1	3	6.6742e+006	6.75224e+006	91285	92419	7	11	6.76562e+006	6.84469e+006	5.47333e+006	5.53417e+006	
125	1.55404e+006	1.63311e+006	44	55	17	24	1	4	5	10	1	4	0	2	6.67421e+006	6.75225e+006	91285	92420	5	9	6.76563e+006	6.8447e+006	5.47334e+006	5.53417e+006	
126	1.55403e+006	1.6331e+006	44	54	16	24	1	4	5	10	1	4	1	2	6.67421e+006	6.75226e+006	91286	92420	4	8	6.76564e+006	6.8447e+006	5.47334e+006	5.53418e+006	
127	1.55403e+006	1.6331e+006	42	53	16	23	1	3	6	10	1	4	0	2	6.67422e+006	6.75226e+006	91286	92420	4	7	6.76564e+006	6.84471e+006	5.47335e+006	5.53419e+006	
128	1.55402e+006	1.63309e+006	41	52	16	23	1	2	7	11	2	4	0	2	6.67423e+006	6.75227e+006	91286	92420	4	8	6.76565e+006	6.84471e+006	5.47336e+006	5.53419e+006	
129	1.55401e+006	1.63308e+006	44	55	15	22	1	3	6	11	2	5	1	3	6.67423e+006	6.75228e+006	91286	92420	7	11	6.76566e+006	6.84472e+006	5.47336e+006	5.5342e+006	
130	1.55401e+006	1.63307e+006	43	54	13	21	2	4	5	10	2	4	1	3	6.67424e+006	6.75229e+006	91286	92420	4	8	6.76566e+006	6.84473e+006	5.47337e+006	5.5342e+006	
131	1.554e+006	1.63307e+006	41	53	15	22	2	5	5	9	2	5	1	2	6.67425e+006	6.75229e+006	91286	92420	5	9	6.76567e+006	6.84474e+006	5.47337e+006	5.53421e+006	
132	1.55399e+006	1.63306e+006	41	53	17	24	1	4	5	9	2	5	1	3	6.67425e+006	6.7523e+006	91286	92420	5	9	6.76568e+006	6.84474e+006	5.47338e+006	5.53422e+006	
133	1.55399e+006	1.63305e+006	42	53	18	24	0	2	5	9	2	5	1	2	6.67426e+006	6.7523e+006	91286	92420	5	9	6.76568e+006	6.84475e+006	5.47339e+006	5.53422e+006	
134	1.55398e+006	1.63305e+006	43	55	15	21	0	1	5	9	3	5	1	2	6.67427e+006	6.75231e+006	91286	92420	5	9	6.76569e+006	6.84476e+006	5.47339e+006	5.53423e+006	
135	1.55397e+006	1.63304e+006	45	56	13	20	1	3	5	9	3	6	1	3	6.67428e+006	6.75232e+006	91286	92420	6	10	6.7657e+006	6.84476e+006	5.4734e+006	5.53423e+006	
136	1.55397e+006	1.63303e+006	43	53	14	22	1	4	5	9	2	6	1	3	6.67428e+006	6.75233e+006	91286	92420	4	8	6.76571e+006	6.84477e+006	5.47341e+006	5.53424e+006	
137	1.55396e+006	1.63302e+006	43	54	15	22	1	3	5	9	2	5	1	2	6.67429e+006	6.75233e+006	91286	92420	5	8	6.76571e+006	6.84478e+006	5.47341e+006	5.53425e+006	
138	1.55395e+006	1.63301e+006	45	56	16	23	1	3	5	8	2	5	1	2	6.6743e+006	6.75234e+006	91287	92421	7	11	6.76572e+006	6.84479e+006	5.47342e+006	5.53425e+006	
139	1.55394e+006	1.63301e+006	45	56	15	22	1	3	5	9	2	5	0	2	6.67431e+006	6.75235e+006	91287	92421	5	9	6.76573e+006	6.84479e+006	5.47343e+006	5.53426e+006	
140	1.55394e+006	1.633e+006	48	58	15	22	1	4	4	8	2	5	0	2	6.67431e+006	6.75235e+006	91287	92421	7	11	6.76574e+006	6.8448e+006	5.47343e+006	5.53427e+006	
141	1.55393e+006	1.63299e+006	47	58	14	22	2	4	4	9	2	5	0	2	6.67432e+006	6.75236e+006	91287	92421	5	9	6.76575e+006	6.84481e+006	5.47344e+006	5.53427e+006	
142	1.55392e+006	1.63298e+006	48	58	15	23	2	4	5	9	2	4	0	1	6.67433e+006	6.75237e+006	91287	92421	6	10	6.76575e+006	6.84482e+006	5.47345e+006	5.53428e+006	
143	1.55391e+006	1.63298e+006	49	60	16	23	1	3	5	11	2	4	0	1	6.67433e+006	6.75237e+006	91287	92421	6	9	6.76576e+006	6.84482e+006	5.47345e+006	5.53429e+006	
144	1.55391e+006	1.63297e+006	50	61	16	23	0	2	6	10	1	3	0	1	6.67434e+006	6.75238e+006	91287	92421	5	9	6.76577e+006	6.84483e+006	5.47346e+006	5.53429e+006	
145	1.5539e+006	1.63296e+006	49	61	17	24	1	2	6	11	1	4	0	1	6.67435e+006	6.75239e+006	91287	92421	6	11	6.76578e+006	6.84484e+006	5.47347e+006	5.5343e+006	
146	1.55389e+006	1.63295e+006	51	62	17	24	1	3	7	11	2	4	0	1	6.67435e+006	6.75239e+006	91287	92421	7	11	6.76579e+006	6.84485e+006	5.47347e+006	5.53431e+006	
147	1.55388e+006	1.63294e+006	49	61	19	27	1	4	7	11	2	5	0	1	6.67436e+006	6.7524e+006	91287	92421	5	9	6.76579e+006	6.84486e+006	5.47348e+006	5.53431e+006	
148	1.55387e+006	1.63293e+006	51	63	17	25	1	3	8	12	2	5	0	1	6.67437e+006	6.75241e+006	91287	92421	6	11	6.7658e+006	6.84486e+006	5.47349e+006	5.53432e+006	
149	1.55387e+006	1.63292e+006	51	63	18	26	1	3	7	11	2	5	0	1	6.67438e+006	6.75241e+006	91287	92421	7	11	6.76581e+006	6.84487e+006	5.4735e+006	5.53433e+006	
150	1.55386e+006	1.63292e+006	50	62	16	23	2	4	8	12	2	5	0	1	6.67438e+006	6.75242e+006	91287	92421	4	8	6.76582e+006	6.84488e+006	5.4735e+006	5.53433e+006	
151	1.55385e+006	1.63291e+006	49	61	16	23	2	5	7	11	2	5	0	2	6.67439e+006	6.75243e+006	91287	92421	4	8	6.76583e+006	6.84488e+006	5.47351e+006	5.53434e+006	
152	1.55385e+006	1.6329e+006	47	59	16	24	2	5	7	11	3	6	0	2	6.6744e+006	6.75244e+006	91287	92421	5	9	6.76583e+006	6.84489e+006	5.47352e+006	5.53435e+006	
153	1.55384e+006	1.6329e+006	46	57	19	26	2	4	7	12	3	6	0	2	6.67441e+006	6.75244e+006	91287	92421	6	10	6.76584e+006	6.8449e+006	5.47353e+006	5.53436e+006	
154	1.55383e+006	1.63289e+006	46	58	19	27	1	3	6	11	3	6	1	3	6.67442e+006	6.75245e+006	91287	92421	6	10	6.76585e+006	6.84491e+006	5.47353e+006	5.53436e+006	
155	1.55382e+006	1.63288e+006	46	57	19	27	1	3	6	11	3	6	1	3	6.67442e+006	6.75246e+006	91287	92421	6	10	6.76586e+006	6.84491e+006	5.47354e+006	5.53437e+006	
156	1.55382e+006	1.63287e+006	43	54	19	27	1	3	7	11	2	6	1	2	6.67443e+006	6.75247e+006	91287	92421	4	7	6.76586e+006	6.84492e+006	5.47355e+006	5.53438e+006	
157	1.55381e+006	1.63287e+006	42	53	18	26	1	2	7	12	2	5	1	2	6.67444e+006	6.75247e+006	91287	92421	3	7	6.76587e+006	6.84492e+006	5.47356e+006	5.53438e+006	
158	1.55381e+006	1.63286e+006	44	54	16	24	0	2	8	13	2	5	1	3	6.67445e+006	6.75248e+006	91287	92421	6	10	6.76588e+006	6.84493e+006	5.47356e+006	5.53439e+006	
159	1.5538e+006	1.63285e+006	44	56	15	22	0	2	8	13	2	5	1	3	6.67446e+006	6.75249e+006	91287	92421	6	10	6.76588e+006	6.84494e+006	5.47357e+006	5.5344e+006	
160	1.55379e+006	1.63285e+006	42	54	16	22	1	3	8	13	2	5	1	3	6.67446e+006	6.7525e+006	91287	92421	4	8	6.76589e+006	6.84494e+006	5.47357e+006	5.5344e+006	
161	1.55379e+006	1.63284e+006	42	52	17	23	1	4	8	14	2	5	1	3	6.67447e+006	6.7525e+006	91287	92421	5	8	6.7659e+006	6.84495e+006	5.47358e+006	5.53441e+006	
162	1.55378e+006	1.63283e+006	41	52	18	24	2	4	8	13	2	5	1	3	6.67448e+006	6.75251e+006	91287	92421	6	10	6.7659e+006	6.84496e+006	5.47359e+006	5.53442e+006	
163	1.55377e+006	1.63283e+006	42	53	15	23	2	4	7	11	2	6	1	3	6.67449e+006	6.75252e+006	91287	92421	5	8	6.76591e+006	6.84497e+006	5.47359e+006	5.53442e+006	
164	1.55377e+006	1.63282e+006	44	54	12	20	2	4	6	11	3	7	1	4	6.67449e+006	6.75252e+006	91287	92421	5	8	6.76592e+006	6.84497e+006	5.4736e+006	5.53443e+006	
165	1.55376e+006	1.63281e+006	41	51	13	19	1	4	6	10	3	7	1	3	6.6745e+006	6.75253e+006	91287	92421	3	7	6.76592e+006	6.84498e+006	5.47361e+006	5.53443e+006	
166	1.55375e+006	1.63281e+006	40	50	15	22	1	4	6	10	3	7	1	3	6.67451e+006	6.75254e+006	91288	92422	5	9	6.76593e+006	6.84498e+006	5.47361e+006	5.53444e+006	
167	1.55375e+006	1.6328e+006	41	51	15	22	1	4	5	9	3	7	1	4	6.67451e+006	6.75254e+006	91288	92422	5	9	6.76594e+006	6.84499e+006	5.47362e+006	5.53444e+006	
168	1.55374e+006	1.63279e+006	40	50	14	22	1	4	5	9	3	7	1	3	6.67452e+006	6.75255e+006	91288	92422	4	7	6.76594e+006	6.845e+006	5.47363e+006	5.53445e+006	
169	1.55373e+006	1.63279e+006	39	49	15	22	1	3	6	10	3	6	1	3	6.67453e+006	6.75256e+006	91288	92422	5	9	6.76595e+006	6.845e+006	5.47363e+006	5.53446e+006	
170	1.55373e+006	1.63278e+006	39	48	16	23	1	3	5	9	3	6	1	3	6.67454e+006	6.75257e+006	91288	92422	4	7	6.76596e+006	6.84501e+006	5.47364e+006	5.53446e+006	
171	1.55372e+006	1.63277e+006	38	48	15	22	1	3	5	10	2	6	1	3	6.67454e+006	6.75257e+006	91288	92422	4	8	6.76596e+006	6.84501e+006	5.47364e+006	5.53447e+006	
172	1.55372e+006	1.63277e+006	39	49	12	19	1	3	6	10	2	5	1	2	6.67455e+006	6.75258e+006	91288	92422	5	8	6.76597e+006	6.84502e+006	5.47365e+006	5.53447e+006	
173	1.55371e+006	1.63276e+006	39	50	13	20	1	3	6	11	2	5	1	2	6.67456e+006	6.75259e+006	91288	92422	5	9	6.76598e+006	6.84503e+006	5.47366e+006	5.53448e+006	
174	1.5537e+006	1.63275e+006	39	50	14	21	1	3	6	10	1	3	0	2	6.67457e+006	6.75259e+006	91288	92422	5	9	6.76598e+006	6.84503e+006	5.47366e+006	5.53449e+006	
175	1.5537e+006	1.63275e+006	41	52	15	21	0	2	5	10	1	3	0	2	6.67457e+006	6.7526e+006	91288	92422	5	9	6.76599e+006	6.84504e+006	5.47367e+006	5.53449e+006	
176	1.55369e+006	1.63274e+006	41	52	14	21	1	2	6	10	1	4	0	2	6.67458e+006	6.7526e+006	91288	92422	5	9	6.766e+006	6.84505e+006	5.47367e+006	5.5345e+006	
177	1.55368e+006	1.63273e+006	44	54	13	19	1	3	6	10	2	4	0	2	6.67458e+006	6.75261e+006	91288	92422	6	10	6.76601e+006	6.84506e+006	5.47368e+006	5.5345e+006	
178	1.55367e+006	1.63272e+006	46	56	13	20	1	4	5	9	2	4	0	2	6.67459e+006	6.75262e+006	91288	92422	6	10	6.76601e+006	6.84506e+006	5.47369e+006	5.53451e+006	
179	1.55367e+006	1.63271e+006	48	58	11	19	1	4	6	11	2	4	0	2	6.6746e+006	6.75262e+006	91288	92423	6	10	6.76602e+006	6.84507e+006	5.47369e+006	5.53451e+006	
180	1.55366e+006	1.63271e+006	47	58	13	21	1	4	6	11	2	4	0	2	6.6746e+006	6.75263e+006	91288	92423	6	9	6.76603e+006	6.84508e+006	5.4737e+006	5.53452e+006	
181	1.55365e+006	1.6327e+006	47	59	16	22	1	3	7	11	2	5	0	2	6.67461e+006	6.75263e+006	91288	92423	5	9	6.76604e+006	6.84508e+006	5.4737e+006	5.53452e+006	
182	1.55364e+006	1.63269e+006	48	60	15	22	1	4	6	11	2	5	1	3	6.67461e+006	6.75264e+006	91288	92423	6	10	6.76605e+006	6.84509e+006	5.47371e+006	5.53453e+006	
183	1.55364e+006	1.63268e+006	49	60	15	22	1	4	6	11	3	5	1	3	6.67462e+006	6.75265e+006	91288	92423	6	10	6.76605e+006	6.8451e+006	5.47372e+006	5.53454e+006	
184	1.55363e+006	1.63268e+006	47	59	16	23	1	4	6	10	3	5	1	3	6.67463e+006	6.75265e+006	91288	92423	5	8	6.76606e+006	6.84511e+006	5.47372e+006	5.53454e+006	
185	1.55362e+006	1.63267e+006	45	57	18	25	1	3	5	9	3	5	1	3	6.67464e+006	6.75266e+006	91288	92423	4	8	6.76607e+006	6.84511e+006	5.47373e+006	5.53455e+006	
186	1.55362e+006	1.63266e+006	45	56	18	26	1	4	5	10	2	5	1	3	6.67464e+006	6.75267e+006	91289	92423	6	10	6.76607e+006	6.84512e+006	5.47374e+006	5.53456e+006	
187	1.55361e+006	1.63265e+006	46	57	16	25	1	4	6	10	2	5	1	3	6.67465e+006	6.75267e+006	91289	92423	6	10	6.76608e+006	6.84513e+006	5.47375e+006	5.53456e+006	
188	1.5536e+006	1.63265e+006	48	59	16	24	1	4	7	11	2	4	1	3	6.67466e+006	6.75268e+006	91289	92423	7	11	6.76609e+006	6.84514e+006	5.47375e+006	5.53457e+006	
189	1.55359e+006	1.63264e+006	46	58	16	24	1	4	7	11	2	4	1	2	6.67467e+006	6.75269e+006	91289	92423	5	9	6.7661e+006	6.84514e+006	5.47376e+006	5.53458e+006	
190	1.55359e+006	1.63263e+006	46	57	17	25	1	3	6	10	2	5	1	3	6.67468e+006	6.7527e+006	91289	92423	6	9	6.76611e+006	6.84515e+006	5.47377e+006	5.53459e+006	
191	1.55358e+006	1.63262e+006	47	58	17	24	1	3	6	10	2	5	1	3	6.67468e+006	6.7527e+006	91290	92423	5	9	6.76611e+006	6.84516e+006	5.47377e+006	5.53459e+006	
192	1.55357e+006	1.63262e+006	49	59	16	22	0	2	7	12	2	5	1	2	6.67469e+006	6.75271e+006	91290	92423	6	10	6.76612e+006	6.84516e+006	5.47378e+006	5.5346e+006	
193	1.55356e+006	1.63261e+006	49	59	16	22	0	2	7	12	2	5	0	2	6.6747e+006	6.75272e+006	91290	92424	6	10	6.76613e+006	6.84517e+006	5.47379e+006	5.5346e+006	
194	1.55356e+006	1.6326e+006	48	59	17	24	1	2	6	11	2	5	1	3	6.6747e+006	6.75272e+006	91290	92424	6	10	6.76614e+006	6.84518e+006	5.4738e+006	5.53461e+006	
195	1.55355e+006	1.63259e+006	46	57	19	27	1	3	6	11	2	5	1	2	6.67471e+006	6.75273e+006	91290	92424	5	9	6.76615e+006	6.84519e+006	5.4738e+006	5.53462e+006	
196	1.55354e+006	1.63258e+006	48	59	18	25	1	3	8	13	2	5	1	3	6.67472e+006	6.75274e+006	91290	92424	6	11	6.76615e+006	6.84519e+006	5.47381e+006	5.53463e+006	
197	1.55354e+006	1.63258e+006	45	58	17	25	1	3	8	13	2	5	1	3	6.67472e+006	6.75274e+006	91290	92424	4	7	6.76616e+006	6.8452e+006	5.47382e+006	5.53463e+006	
198	1.55353e+006	1.63257e+006	47	58	16	22	1	4	7	12	3	6	1	3	6.67473e+006	6.75275e+006	91290	92424	6	10	6.76617e+006	6.84521e+006	5.47382e+006	5.53464e+006	
199	1.55352e+006	1.63256e+006	47	59	17	23	1	3	7	11	3	6	1	3	6.67474e+006	6.75276e+006	91290	92424	6	10	6.76618e+006	6.84522e+006	5.47383e+006	5.53465e+006	
200	1.55351e+006	1.63255e+006	47	59	17	24	1	3	7	12	3	5	1	3	6.67475e+006	6.75277e+006	91290	92424	6	10	6.76618e+006	6.84522e+006	5.47384e+006	5.53465e+006	
201	1.55351e+006	1.63254e+006	47	59	17	25	1	4	8	12	2	5	1	3	6.67476e+006	6.75277e+006	91290	92425	6	10	6.76619e+006	6.84523e+006	5.47385e+006	5.53466e+006	
202	1.5535e+006	1.63254e+006	47	58	17	24	1	4	7	11	2	5	1	3	6.67477e+006	6.75278e+006	91290	92425	5	8	6.7662e+006	6.84524e+006	5.47385e+006	5.53467e+006	
203	1.55349e+006	1.63253e+006	45	55	17	25	1	3	6	10	2	5	1	3	6.67477e+006	6.75279e+006	91291	92425	4	8	6.76621e+006	6.84524e+006	5.47386e+006	5.53467e+006	
204	1.55349e+006	1.63252e+006	46	57	16	24	0	2	6	10	2	5	0	2	6.67478e+006	6.7528e+006	91291	92425	5	9	6.76621e+006	6.84525e+006	5.47387e+006	5.53468e+006	
205	1.55348e+006	1.63252e+006	46	56	17	24	1	2	5	9	2	5	1	2	6.67479e+006	6.75281e+006	91291	92425	6	10	6.76622e+006	6.84526e+006	5.47387e+006	5.53469e+006	
206	1.55347e+006	1.63251e+006	45	55	16	24	1	3	6	10	2	4	0	2	6.6748e+006	6.75281e+006	91291	92425	5	9	6.76623e+006	6.84527e+006	5.47388e+006	5.53469e+006	
207	1.55347e+006	1.6325e+006	43	53	18	26	1	3	5	9	2	5	0	2	6.6748e+006	6.75282e+006	91291	92425	4	7	6.76623e+006	6.84527e+006	5.47389e+006	5.5347e+006	
208	1.55346e+006	1.6325e+006	40	50	18	25	2	4	6	10	2	4	0	2	6.67481e+006	6.75283e+006	91291	92425	4	7	6.76624e+006	6.84528e+006	5.4739e+006	5.53471e+006	
209	1.55345e+006	1.63249e+006	41	51	17	23	1	3	6	10	2	4	0	2	6.67482e+006	6.75283e+006	91291	92425	6	9	6.76625e+006	6.84528e+006	5.4739e+006	5.53471e+006	
210	1.55345e+006	1.63248e+006	44	53	15	22	1	3	6	10	2	4	0	2	6.67483e+006	6.75284e+006	91291	92425	6	10	6.76626e+006	6.84529e+006	5.47391e+006	5.53472e+006	
211	1.55344e+006	1.63247e+006	44	55	15	22	0	2	6	11	2	5	0	2	6.67484e+006	6.75285e+006	91291	92425	6	9	6.76626e+006	6.8453e+006	5.47392e+006	5.53473e+006	
212	1.55343e+006	1.63247e+006	44	55	16	22	1	3	5	10	3	5	0	2	6.67484e+006	6.75285e+006	91292	92426	6	10	6.76627e+006	6.84531e+006	5.47392e+006	5.53473e+006	
213	1.55342e+006	1.63246e+006	43	54	16	23	1	4	5	9	2	5	0	2	6.67485e+006	6.75286e+006	91292	92426	5	9	6.76628e+006	6.84531e+006	5.47393e+006	5.53474e+006	
214	1.55342e+006	1.63245e+006	45	56	14	21	1	4	5	8	2	5	0	2	6.67486e+006	6.75287e+006	91292	92426	5	9	6.76629e+006	6.84532e+006	5.47393e+006	5.53474e+006	
215	1.55341e+006	1.63244e+006	45	56	14	20	1	3	6	9	2	5	0	2	6.67486e+006	6.75287e+006	91292	92426	4	8	6.76629e+006	6.84532e+006	5.47394e+006	5.53475e+006	
216	1.5534e+006	1.63244e+006	46	58	14	20	1	2	5	9	3	6	0	2	6.67487e+006	6.75288e+006	91292	92426	7	11	6.7663e+006	6.84533e+006	5.47395e+006	5.53475e+006	
217	1.5534e+006	1.63243e+006	45	58	17	23	1	3	5	9	3	6	1	3	6.67488e+006	6.75289e+006	91292	92426	6	10	6.76631e+006	6.84534e+006	5.47396e+006	5.53476e+006	
218	1.55339e+006	1.63242e+006	46	58	18	25	1	3	5	9	3	6	1	3	6.67488e+006	6.75289e+006	91292	92426	6	10	6.76632e+006	6.84535e+006	5.47396e+006	5.53477e+006	
219	1.55338e+006	1.63241e+006	47	59	18	25	1	3	5	9	3	6	1	3	6.67489e+006	6.7529e+006	91292	92426	6	11	6.76633e+006	6.84536e+006	5.47397e+006	5.53478e+006	
220	1.55337e+006	1.6324e+006	47	59	17	24	1	3	6	10	3	6	1	3	6.6749e+006	6.75291e+006	91292	92426	5	9	6.76633e+006	6.84536e+006	5.47398e+006	5.53478e+006	
221	1.55336e+006	1.63239e+006	49	62	16	23	1	3	5	9	3	7	1	4	6.67491e+006	6.75291e+006	91292	92427	7	12	6.76634e+006	6.84537e+006	5.47398e+006	5.53479e+006	
222	1.55336e+006	1.63239e+006	51	64	15	22	0	2	6	10	3	6	1	3	6.67491e+006	6.75292e+006	91293	92427	6	10	6.76635e+006	6.84538e+006	5.47399e+006	5.53479e+006	
223	1.55335e+006	1.63238e+006	50	63	16	24	1	3	6	10	2	5	1	3	6.67492e+006	6.75293e+006	91293	92427	6	10	6.76636e+006	6.84539e+006	5.474e+006	5.5348e+006	
224	1.55334e+006	1.63237e+006	49	62	15	24	1	4	7	11	2	5	1	3	6.67493e+006	6.75293e+006	91293	92427	5	9	6.76637e+006	6.84539e+006	5.474e+006	5.53481e+006	
225	1.55333e+006	1.63236e+006	51	63	17	25	2	5	7	11	2	5	1	3	6.67493e+006	6.75294e+006	91293	92427	8	12	6.76638e+006	6.8454e+006	5.47401e+006	5.53482e+006	
226	1.55332e+006	1.63235e+006	50	62	17	25	2	5	6	10	2	5	1	3	6.67494e+006	6.75295e+006	91293	92427	6	10	6.76638e+006	6.84541e+006	5.47402e+006	5.53482e+006	
227	1.55332e+006	1.63235e+006	51	63	16	25	2	5	5	10	2	5	1	3	6.67495e+006	6.75296e+006	91293	92427	6	10	6.76639e+006	6.84542e+006	5.47403e+006	5.53483e+006	
228	1.55331e+006	1.63234e+006	51	62	19	27	1	4	5	9	2	5	0	2	6.67496e+006	6.75296e+006	91293	92427	7	12	6.7664e+006	6.84543e+006	5.47404e+006	5.53484e+006	
229	1.5533e+006	1.63233e+006	51	62	18	26	1	4	5	10	3	6	1	3	6.67497e+006	6.75297e+006	91293	92428	6	9	6.76641e+006	6.84544e+006	5.47404e+006	5.53485e+006	
230	1.55329e+006	1.63232e+006	51	61	19	27	1	3	5	9	3	5	1	3	6.67498e+006	6.75298e+006	91294	92428	5	9	6.76642e+006	6.84544e+006	5.47405e+006	5.53485e+006	
231	1.55329e+006	1.63231e+006	51	63	16	23	1	4	5	10	2	5	1	2	6.67498e+006	6.75299e+006	91294	92428	5	9	6.76642e+006	6.84545e+006	5.47406e+006	5.53486e+006	
232	1.55328e+006	1.63231e+006	48	61	18	25	2	4	6	10	2	5	1	3	6.67499e+006	6.753e+006	91294	92428	5	9	6.76643e+006	6.84546e+006	5.47406e+006	5.53487e+006	
233	1.55327e+006	1.6323e+006	48	60	18	25	2	4	6	10	3	5	1	3	6.675e+006	6.753e+006	91294	92428	5	9	6.76644e+006	6.84546e+006	5.47407e+006	5.53487e+006	
234	1.55327e+006	1.63229e+006	47	59	19	26	2	4	6	10	3	6	1	3	6.675e+006	6.75301e+006	91294	92428	5	9	6.76645e+006	6.84547e+006	5.47408e+006	5.53488e+006	
235	1.55326e+006	1.63228e+006	45	56	19	27	1	4	7	11	3	6	1	3	6.67501e+006	6.75302e+006	91294	92428	5	9	6.76645e+006	6.84548e+006	5.47409e+006	5.53489e+006	
236	1.55325e+006	1.63228e+006	44	55	19	27	1	4	6	11	2	5	1	3	6.67502e+006	6.75303e+006	91294	92429	5	8	6.76646e+006	6.84548e+006	5.4741e+006	5.5349e+006	
237	1.55324e+006	1.63227e+006	46	56	19	26	1	3	7	11	2	5	1	3	6.67503e+006	6.75303e+006	91295	92429	7	11	6.76647e+006	6.84549e+006	5.4741e+006	5.5349e+006	
238	1.55324e+006	1.63226e+006	46	56	17	25	0	2	7	12	2	5	0	2	6.67504e+006	6.75304e+006	91295	92429	6	9	6.76648e+006	6.8455e+006	5.47411e+006	5.53491e+006	
239	1.55323e+006	1.63225e+006	48	58	16	24	1	2	7	11	2	4	0	2	6.67505e+006	6.75305e+006	91295	92429	7	11	6.76649e+006	6.84551e+006	5.47412e+006	5.53492e+006	
240	1.55322e+006	1.63225e+006	47	57	16	23	1	3	7	11	2	5	0	2	6.67505e+006	6.75306e+006	91295	92429	4	8	6.76649e+006	6.84552e+006	5.47412e+006	5.53492e+006	
241	1.55321e+006	1.63224e+006	47	57	16	23	1	3	6	10	2	5	0	2	6.67506e+006	6.75306e+006	91295	92429	5	10	6.7665e+006	6.84552e+006	5.47413e+006	5.53493e+006	
242	1.55321e+006	1.63223e+006	47	59	16	23	1	3	6	10	2	5	0	2	6.67507e+006	6.75307e+006	91295	92429	6	10	6.76651e+006	6.84553e+006	5.47414e+006	5.53493e+006	
243	1.5532e+006	1.63222e+006	48	60	16	22	1	3	5	9	2	5	0	2	6.67508e+006	6.75308e+006	91296	92430	5	10	6.76652e+006	6.84554e+006	5.47414e+006	5.53494e+006	
244	1.55319e+006	1.63221e+006	45	58	17	24	1	3	5	9	2	6	0	2	6.67509e+006	6.75309e+006	91296	92430	5	8	6.76652e+006	6.84554e+006	5.47415e+006	5.53495e+006	
245	1.55319e+006	1.63221e+006	45	59	18	25	1	2	5	10	3	6	1	3	6.67509e+006	6.75309e+006	91296	92430	6	10	6.76653e+006	6.84555e+006	5.47416e+006	5.53496e+006	
246	1.55318e+006	1.6322e+006	43	57	20	27	1	3	5	9	3	6	1	3	6.6751e+006	6.7531e+006	91296	92430	5	9	6.76654e+006	6.84556e+006	5.47417e+006	5.53496e+006	
247	1.55317e+006	1.63219e+006	46	59	17	24	1	3	6	10	3	6	1	3	6.67511e+006	6.75311e+006	91296	92430	7	11	6.76655e+006	6.84557e+006	5.47417e+006	5.53497e+006	
248	1.55316e+006	1.63218e+006	47	59	16	24	1	3	6	11	3	6	1	3	6.67511e+006	6.75311e+006	91296	92430	6	10	6.76655e+006	6.84557e+006	5.47418e+006	5.53498e+006	
249	1.55316e+006	1.63218e+006	45	57	15	24	1	3	6	12	3	7	1	4	6.67512e+006	6.75312e+006	91296	92430	4	7	6.76656e+006	6.84558e+006	5.47419e+006	5.53498e+006	
250	1.55315e+006	1.63217e+006	44	55	16	25	1	3	7	12	3	6	1	4	6.67513e+006	6.75313e+006	91296	92430	4	8	6.76657e+006	6.84559e+006	5.47419e+006	5.53499e+006	
251	1.55314e+006	1.63216e+006	45	56	16	24	1	3	8	12	3	6	1	3	6.67513e+006	6.75313e+006	91296	92430	6	10	6.76657e+006	6.84559e+006	5.4742e+006	5.535e+006	
252	1.55314e+006	1.63216e+006	43	53	16	24	1	3	8	13	3	6	1	3	6.67514e+006	6.75314e+006	91296	92430	4	7	6.76658e+006	6.8456e+006	5.47421e+006	5.535e+006	
253	1.55313e+006	1.63215e+006	44	55	15	22	1	3	7	12	3	6	1	4	6.67515e+006	6.75315e+006	91296	92430	6	10	6.76659e+006	6.84561e+006	5.47421e+006	5.53501e+006	
254	1.55312e+006	1.63214e+006	42	53	17	24	1	4	7	11	3	6	1	3	6.67516e+006	6.75315e+006	91296	92430	5	9	6.76659e+006	6.84561e+006	5.47422e+006	5.53502e+006	
255	1.55312e+006	1.63214e+006	40	50	17	25	1	4	7	11	3	6	1	4	6.67517e+006	6.75316e+006	91297	92430	4	7	6.7666e+006	6.84562e+006	5.47423e+006	5.53502e+006	
256	1.55311e+006	1.63213e+006	43	53	17	24	1	3	6	11	3	7	2	4	6.67517e+006	6.75317e+006	91297	92430	6	10	6.76661e+006	6.84563e+006	5.47424e+006	5.53503e+006	
257	1.5531e+006	1.63212e+006	45	56	14	21	1	3	6	10	4	7	2	4	6.67518e+006	6.75318e+006	91297	92431	6	11	6.76662e+006	6.84563e+006	5.47424e+006	5.53503e+006	
258	1.5531e+006	1.63211e+006	44	54	14	21	1	3	6	11	4	7	2	5	6.67519e+006	6.75318e+006	91297	92431	5	8	6.76662e+006	6.84564e+006	5.47425e+006	5.53504e+006	
259	1.55309e+006	1.6321e+006	46	57	15	21	1	2	6	11	3	7	2	4	6.67519e+006	6.75319e+006	91297	92431	6	10	6.76663e+006	6.84565e+006	5.47425e+006	5.53505e+006	
260	1.55308e+006	1.6321e+006	46	57	16	22	1	3	6	11	4	7	2	5	6.6752e+006	6.7532e+006	91297	92431	6	10	6.76664e+006	6.84566e+006	5.47426e+006	5.53505e+006	
261	1.55307e+006	1.63209e+006	46	57	15	22	1	3	6	10	4	8	2	5	6.67521e+006	6.7532e+006	91297	92431	5	8	6.76665e+006	6.84566e+006	5.47427e+006	5.53506e+006	
262	1.55307e+006	1.63208e+006	48	60	15	22	1	3	6	11	4	8	2	5	6.67521e+006	6.75321e+006	91298	92431	6	11	6.76666e+006	6.84567e+006	5.47427e+006	5.53506e+006	
263	1.55306e+006	1.63207e+006	49	61	15	22	1	3	6	10	3	7	2	5	6.67522e+006	6.75321e+006	91298	92432	6	11	6.76666e+006	6.84568e+006	5.47428e+006	5.53507e+006	
264	1.55305e+006	1.63207e+006	45	57	17	24	1	4	6	10	4	7	2	5	6.67523e+006	6.75322e+006	91298	92432	3	7	6.76667e+006	6.84568e+006	5.47429e+006	5.53508e+006	
265	1.55305e+006	1.63206e+006	46	58	17	24	1	4	6	10	3	6	1	4	6.67523e+006	6.75323e+006	91299	92432	5	9	6.76668e+006	6.84569e+006	5.4743e+006	5.53508e+006	
266	1.55304e+006	1.63205e+006	44	56	16	24	1	4	6	11	3	5	1	4	6.67524e+006	6.75324e+006	91299	92432	5	8	6.76668e+006	6.8457e+006	5.4743e+006	5.53509e+006	
267	1.55303e+006	1.63204e+006	45	56	15	23	2	4	7	12	2	5	1	4	6.67525e+006	6.75324e+006	91299	92432	6	10	6.76669e+006	6.84571e+006	5.47431e+006	5.5351e+006	
268	1.55303e+006	1.63204e+006	44	56	16	24	1	4	7	11	2	5	1	3	6.67526e+006	6.75325e+006	91299	92432	4	8	6.7667e+006	6.84571e+006	5.47432e+006	5.53511e+006	
269	1.55302e+006	1.63203e+006	42	54	17	25	1	3	6	10	2	5	1	3	6.67527e+006	6.75326e+006	91299	92432	4	8	6.76671e+006	6.84572e+006	5.47432e+006	5.53511e+006	
270	1.55301e+006	1.63202e+006	42	52	18	26	1	3	6	10	2	5	1	3	6.67528e+006	6.75327e+006	91299	92433	6	10	6.76671e+006	6.84572e+006	5.47433e+006	5.53512e+006	
271	1.553e+006	1.63201e+006	46	57	16	24	1	3	6	10	1	4	1	2	6.67528e+006	6.75327e+006	91299	92433	7	11	6.76672e+006	6.84573e+006	5.47434e+006	5.53513e+006	
272	1.553e+006	1.63201e+006	45	57	14	22	1	4	6	10	2	4	0	2	6.67529e+006	6.75328e+006	91299	92433	6	10	6.76673e+006	6.84574e+006	5.47434e+006	5.53513e+006	
273	1.55299e+006	1.632e+006	45	58	13	19	2	4	6	10	2	5	0	2	6.6753e+006	6.75329e+006	91300	92433	5	8	6.76674e+006	6.84575e+006	5.47435e+006	5.53514e+006	
274	1.55298e+006	1.63199e+006	43	55	16	22	1	4	6	10	2	5	0	2	6.6753e+006	6.75329e+006	91300	92433	4	7	6.76674e+006	6.84575e+006	5.47436e+006	5.53514e+006	
275	1.55298e+006	1.63199e+006	44	55	16	23	1	2	6	11	2	5	0	2	6.67531e+006	6.7533e+006	91300	92434	5	9	6.76675e+006	6.84576e+006	5.47436e+006	5.53515e+006	
276	1.55297e+006	1.63198e+006	44	55	14	22	1	4	6	11	2	5	0	2	6.67532e+006	6.75331e+006	91300	92434	5	9	6.76676e+006	6.84577e+006	5.47437e+006	5.53515e+006	
277	1.55297e+006	1.63197e+006	43	53	15	22	1	3	6	11	2	4	0	2	6.67533e+006	6.75331e+006	91300	92434	4	8	6.76676e+006	6.84577e+006	5.47438e+006	5.53516e+006	
278	1.55296e+006	1.63197e+006	40	51	17	24	2	4	6	11	1	4	0	2	6.67533e+006	6.75332e+006	91300	92434	5	9	6.76677e+006	6.84578e+006	5.47438e+006	5.53517e+006	
279	1.55295e+006	1.63196e+006	39	49	18	26	1	3	6	10	2	4	0	2	6.67534e+006	6.75333e+006	91300	92434	4	8	6.76678e+006	6.84578e+006	5.47439e+006	5.53518e+006	
280	1.55295e+006	1.63195e+006	40	51	17	25	1	3	6	10	2	4	0	2	6.67535e+006	6.75333e+006	91300	92434	6	10	6.76678e+006	6.84579e+006	5.4744e+006	5.53518e+006	
281	1.55294e+006	1.63195e+006	41	52	14	21	1	3	5	9	2	5	0	2	6.67536e+006	6.75334e+006	91300	92434	4	8	6.76679e+006	6.8458e+006	5.4744e+006	5.53519e+006	
282	1.55293e+006	1.63194e+006	41	52	14	20	1	2	4	8	2	5	0	2	6.67537e+006	6.75335e+006	91300	92434	5	8	6.7668e+006	6.8458e+006	5.47441e+006	5.53519e+006	
283	1.55293e+006	1.63193e+006	42	54	14	20	1	3	5	8	1	4	0	2	6.67537e+006	6.75336e+006	91300	92434	7	11	6.76681e+006	6.84581e+006	5.47442e+006	5.5352e+006	
284	1.55292e+006	1.63193e+006	41	52	15	21	1	3	4	8	1	4	1	3	6.67538e+006	6.75336e+006	91300	92434	3	6	6.76681e+006	6.84582e+006	5.47442e+006	5.5352e+006	
285	1.55291e+006	1.63192e+006	42	53	14	21	1	4	4	8	2	4	1	3	6.67539e+006	6.75337e+006	91300	92434	6	10	6.76682e+006	6.84582e+006	5.47443e+006	5.53521e+006	
286	1.55291e+006	1.63191e+006	42	53	14	21	1	3	5	9	2	4	1	3	6.67539e+006	6.75337e+006	91301	92434	4	8	6.76683e+006	6.84583e+006	5.47443e+006	5.53522e+006	
287	1.5529e+006	1.6319e+006	41	53	15	23	1	3	5	9	2	5	1	3	6.6754e+006	6.75338e+006	91301	92434	5	9	6.76683e+006	6.84584e+006	5.47444e+006	5.53522e+006	
288	1.55289e+006	1.6319e+006	41	53	15	22	0	2	5	9	2	5	1	3	6.6754e+006	6.75339e+006	91301	92435	4	8	6.76684e+006	6.84584e+006	5.47445e+006	5.53523e+006	
289	1.55289e+006	1.63189e+006	42	54	15	22	1	3	5	9	2	5	1	3	6.67541e+006	6.75339e+006	91301	92435	5	9	6.76685e+006	6.84585e+006	5.47445e+006	5.53523e+006	
290	1.55288e+006	1.63189e+006	38	49	16	23	1	3	6	11	2	5	1	3	6.67542e+006	6.7534e+006	91301	92435	3	6	6.76685e+006	6.84585e+006	5.47446e+006	5.53524e+006	
291	1.55288e+006	1.63188e+006	40	51	14	21	1	3	5	10	2	5	1	3	6.67542e+006	6.7534e+006	91302	92435	4	8	6.76686e+006	6.84586e+006	5.47447e+006	5.53524e+006	
292	1.55287e+006	1.63187e+006	38	49	15	22	1	3	5	10	2	5	1	3	6.67543e+006	6.75341e+006	91302	92435	5	8	6.76686e+006	6.84587e+006	5.47447e+006	5.53525e+006	
293	1.55286e+006	1.63187e+006	38	49	13	20	1	3	6	11	2	5	1	3	6.67544e+006	6.75342e+006	91302	92435	4	8	6.76687e+006	6.84587e+006	5.47448e+006	5.53526e+006	
294	1.55286e+006	1.63186e+006	39	49	16	23	1	3	6	11	2	5	1	3	6.67544e+006	6.75342e+006	91302	92436	6	10	6.76688e+006	6.84588e+006	5.47449e+006	5.53526e+006	
295	1.55285e+006	1.63185e+006	40	51	15	22	0	3	6	11	2	5	1	3	6.67545e+006	6.75343e+006	91302	92436	6	10	6.76689e+006	6.84589e+006	5.47449e+006	5.53527e+006	
296	1.55284e+006	1.63184e+006	39	50	15	22	1	4	5	10	2	5	1	3	6.67546e+006	6.75344e+006	91302	92436	5	8	6.76689e+006	6.84589e+006	5.4745e+006	5.53528e+006	
297	1.55284e+006	1.63184e+006	43	53	12	19	1	3	5	10	2	5	1	3	6.67547e+006	6.75344e+006	91302	92436	6	10	6.7669e+006	6.8459e+006	5.4745e+006	5.53528e+006	
298	1.55283e+006	1.63183e+006	44	55	12	19	1	3	6	11	2	5	1	3	6.67547e+006	6.75345e+006	91302	92436	5	10	6.76691e+006	6.84591e+006	5.47451e+006	5.53529e+006	
299	1.55282e+006	1.63182e+006	44	55	13	19	0	2	6	11	3	6	1	3	6.67548e+006	6.75346e+006	91302	92436	5	9	6.76691e+006	6.84591e+006	5.47451e+006	5.53529e+006	
300	1.55282e+006	1.63182e+006	44	55	14	20	1	2	6	11	2	5	1	3	6.67548e+006	6.75346e+006	91302	92436	4	7	6.76692e+006	6.84592e+006	5.47452e+006	5.5353e+006	
301	1.55281e+006	1.63181e+006	44	55	14	22	1	4	6	11	2	5	1	3	6.67549e+006	6.75347e+006	91302	92436	6	10	6.76693e+006	6.84593e+006	5.47453e+006	5.5353e+006	
302	1.5528e+006	1.6318e+006	44	56	15	22	1	4	6	11	2	5	1	3	6.67549e+006	6.75347e+006	91303	92436	5	10	6.76694e+006	6.84594e+006	5.47453e+006	5.53531e+006	
303	1.55279e+006	1.63179e+006	45	58	16	23	1	3	6	10	2	5	1	3	6.6755e+006	6.75348e+006	91303	92436	7	10	6.76695e+006	6.84594e+006	5.47454e+006	5.53532e+006	
304	1.55279e+006	1.63178e+006	45	57	17	23	1	3	7	11	3	6	1	3	6.67551e+006	6.75348e+006	91303	92436	5	9	6.76695e+006	6.84595e+006	5.47455e+006	5.53532e+006	
305	1.55278e+006	1.63178e+006	45	57	16	23	1	3	6	10	3	6	1	3	6.67552e+006	6.75349e+006	91303	92436	6	10	6.76696e+006	6.84596e+006	5.47456e+006	5.53533e+006	
306	1.55277e+006	1.63177e+006	46	58	17	24	1	3	6	10	2	6	1	3	6.67552e+006	6.7535e+006	91303	92437	5	9	6.76697e+006	6.84596e+006	5.47456e+006	5.53534e+006	
307	1.55277e+006	1.63176e+006	48	60	14	22	1	3	6	11	2	5	1	3	6.67553e+006	6.75351e+006	91303	92437	5	9	6.76698e+006	6.84597e+006	5.47457e+006	5.53534e+006	
308	1.55276e+006	1.63175e+006	48	59	16	23	1	2	7	12	2	4	0	2	6.67554e+006	6.75351e+006	91304	92437	6	10	6.76698e+006	6.84598e+006	5.47457e+006	5.53535e+006	
309	1.55275e+006	1.63175e+006	47	58	16	23	1	3	7	12	2	4	0	2	6.67554e+006	6.75352e+006	91304	92437	5	9	6.76699e+006	6.84599e+006	5.47458e+006	5.53536e+006	
310	1.55274e+006	1.63174e+006	45	57	17	26	1	4	6	11	2	5	1	3	6.67555e+006	6.75353e+006	91304	92437	4	8	6.767e+006	6.84599e+006	5.47459e+006	5.53536e+006	
311	1.55274e+006	1.63173e+006	45	56	17	24	1	4	6	10	2	5	1	3	6.67556e+006	6.75353e+006	91304	92438	5	9	6.76701e+006	6.846e+006	5.4746e+006	5.53537e+006	
312	1.55273e+006	1.63172e+006	45	56	16	24	2	5	6	11	2	5	1	3	6.67557e+006	6.75354e+006	91304	92438	6	10	6.76701e+006	6.84601e+006	5.4746e+006	5.53538e+006	
313	1.55272e+006	1.63172e+006	46	56	16	24	1	3	6	10	3	6	1	3	6.67557e+006	6.75355e+006	91304	92438	6	10	6.76702e+006	6.84601e+006	5.47461e+006	5.53538e+006	
314	1.55271e+006	1.63171e+006	47	57	16	24	1	3	5	10	2	5	0	2	6.67558e+006	6.75356e+006	91304	92438	6	10	6.76703e+006	6.84602e+006	5.47462e+006	5.53539e+006	
315	1.55271e+006	1.6317e+006	46	57	18	24	1	3	5	11	2	5	0	2	6.67559e+006	6.75356e+006	91304	92438	5	9	6.76704e+006	6.84603e+006	5.47463e+006	5.5354e+006	
316	1.5527e+006	1.63169e+006	44	55	17	23	1	3	6	11	2	5	0	2	6.6756e+006	6.75357e+006	91304	92438	4	7	6.76704e+006	6.84603e+006	5.47463e+006	5.5354e+006	
317	1.5527e+006	1.63169e+006	45	56	16	23	1	3	7	12	2	6	1	3	6.6756e+006	6.75357e+006	91304	92438	5	9	6.76705e+006	6.84604e+006	5.47464e+006	5.53541e+006	
318	1.55269e+006	1.63168e+006	45	56	14	21	1	4	6	10	3	6	1	3	6.67561e+006	6.75358e+006	91304	92438	5	9	6.76706e+006	6.84605e+006	5.47464e+006	5.53541e+006	
319	1.55268e+006	1.63168e+006	43	53	16	22	1	3	6	11	2	6	1	3	6.67562e+006	6.75359e+006	91305	92438	4	7	6.76706e+006	6.84605e+006	5.47465e+006	5.53542e+006	
320	1.55268e+006	1.63167e+006	42	53	16	23	1	4	7	12	2	6	1	3	6.67563e+006	6.75359e+006	91305	92438	5	9	6.76707e+006	6.84606e+006	5.47466e+006	5.53543e+006	
321	1.55267e+006	1.63166e+006	40	50	18	25	1	4	7	12	2	5	1	2	6.67563e+006	6.7536e+006	91305	92439	4	8	6.76708e+006	6.84607e+006	5.47467e+006	5.53543e+006	
322	1.55266e+006	1.63165e+006	39	49	16	24	2	5	6	11	2	5	1	3	6.67564e+006	6.75361e+006	91305	92439	4	8	6.76708e+006	6.84607e+006	5.47467e+006	5.53544e+006	
323	1.55266e+006	1.63165e+006	41	51	14	21	2	5	5	10	2	5	1	3	6.67565e+006	6.75362e+006	91305	92439	5	9	6.76709e+006	6.84608e+006	5.47468e+006	5.53545e+006	
324	1.55265e+006	1.63164e+006	41	51	13	20	1	4	6	11	2	6	1	3	6.67566e+006	6.75363e+006	91305	92439	6	10	6.7671e+006	6.84609e+006	5.47468e+006	5.53545e+006	
325	1.55264e+006	1.63163e+006	41	52	14	21	1	3	6	10	2	5	1	3	6.67567e+006	6.75363e+006	91305	92439	5	9	6.76711e+006	6.84609e+006	5.47469e+006	5.53546e+006	
326	1.55264e+006	1.63163e+006	42	53	14	21	1	3	6	10	3	6	1	3	6.67567e+006	6.75364e+006	91305	92439	4	8	6.76711e+006	6.8461e+006	5.4747e+006	5.53546e+006	
327	1.55263e+006	1.63162e+006	41	52	14	21	1	3	5	10	2	5	1	3	6.67568e+006	6.75365e+006	91305	92439	5	8	6.76712e+006	6.8461e+006	5.4747e+006	5.53547e+006	
328	1.55263e+006	1.63161e+006	42	54	14	20	1	3	6	10	2	5	1	3	6.67569e+006	6.75365e+006	91305	92439	5	9	6.76713e+006	6.84611e+006	5.47471e+006	5.53547e+006	
329	1.55262e+006	1.6316e+006	43	55	14	20	1	4	5	9	2	5	1	3	6.67569e+006	6.75366e+006	91305	92439	5	9	6.76713e+006	6.84612e+006	5.47471e+006	5.53548e+006	
330	1.55261e+006	1.63159e+006	44	56	14	20	1	3	4	8	2	5	1	3	6.6757e+006	6.75367e+006	91305	92439	6	10	6.76714e+006	6.84613e+006	5.47472e+006	5.53549e+006	
331	1.5526e+006	1.63159e+006	43	55	15	22	1	3	5	9	2	5	1	3	6.67571e+006	6.75367e+006	91305	92439	5	9	6.76715e+006	6.84613e+006	5.47473e+006	5.53549e+006	
332	1.5526e+006	1.63158e+006	42	55	16	23	1	3	5	9	1	4	1	3	6.67571e+006	6.75368e+006	91305	92439	5	8	6.76716e+006	6.84614e+006	5.47473e+006	5.5355e+006	
333	1.55259e+006	1.63157e+006	43	55	15	23	1	4	6	10	1	4	1	3	6.67572e+006	6.75368e+006	91305	92439	5	9	6.76716e+006	6.84615e+006	5.47474e+006	5.5355e+006	
334	1.55258e+006	1.63157e+006	45	56	14	21	1	4	6	11	2	4	1	3	6.67573e+006	6.75369e+006	91306	92439	6	10	6.76717e+006	6.84615e+006	5.47475e+006	5.53551e+006	
335	1.55258e+006	1.63156e+006	44	56	14	22	1	4	7	12	2	4	1	3	6.67573e+006	6.7537e+006	91306	92439	5	9	6.76718e+006	6.84616e+006	5.47475e+006	5.53552e+006	
336	1.55257e+006	1.63155e+006	43	55	15	23	1	3	7	12	1	4	1	3	6.67574e+006	6.7537e+006	91306	92439	4	8	6.76718e+006	6.84617e+006	5.47476e+006	5.53552e+006	
337	1.55256e+006	1.63154e+006	43	55	16	24	1	4	7	12	2	5	1	3	6.67575e+006	6.75371e+006	91306	92439	6	10	6.76719e+006	6.84617e+006	5.47477e+006	5.53553e+006	
338	1.55256e+006	1.63154e+006	41	54	16	24	1	4	7	11	2	5	1	4	6.67575e+006	6.75371e+006	91306	92439	4	8	6.7672e+006	6.84618e+006	5.47477e+006	5.53553e+006	
339	1.55255e+006	1.63153e+006	44	58	15	22	1	4	6	10	2	5	1	3	6.67576e+006	6.75372e+006	91306	92440	7	12	6.76721e+006	6.84619e+006	5.47478e+006	5.53554e+006	
340	1.55254e+006	1.63152e+006	45	59	15	22	1	3	7	11	3	6	1	3	6.67577e+006	6.75373e+006	91306	92440	6	10	6.76722e+006	6.8462e+006	5.47479e+006	5.53555e+006	
341	1.55253e+006	1.63151e+006	46	58	15	22	1	4	7	11	3	7	1	3	6.67577e+006	6.75373e+006	91306	92440	6	10	6.76723e+006	6.8462e+006	5.47479e+006	5.53555e+006	
342	1.55253e+006	1.63151e+006	45	57	16	24	1	3	6	10	4	7	1	4	6.67578e+006	6.75374e+006	91306	92440	4	8	6.76723e+006	6.84621e+006	5.4748e+006	5.53556e+006	
343	1.55252e+006	1.6315e+006	45	58	14	22	1	4	5	9	4	7	1	4	6.67579e+006	6.75375e+006	91306	92440	5	9	6.76724e+006	6.84621e+006	5.47481e+006	5.53556e+006	
344	1.55251e+006	1.63149e+006	45	57	14	22	1	4	6	10	3	7	1	3	6.6758e+006	6.75375e+006	91306	92440	5	9	6.76725e+006	6.84622e+006	5.47481e+006	5.53557e+006	
345	1.55251e+006	1.63148e+006	47	58	13	21	1	3	5	10	3	8	1	4	6.6758e+006	6.75376e+006	91306	92440	5	9	6.76725e+006	6.84623e+006	5.47482e+006	5.53558e+006	
346	1.5525e+006	1.63148e+006	44	55	16	25	1	3	4	8	4	8	1	4	6.67581e+006	6.75377e+006	91306	92440	5	8	6.76726e+006	6.84624e+006	5.47483e+006	5.53558e+006	
347	1.5525e+006	1.63147e+006	42	53	18	26	1	3	4	9	3	7	1	3	6.67582e+006	6.75378e+006	91306	92440	5	9	6.76727e+006	6.84624e+006	5.47484e+006	5.53559e+006	
348	1.55249e+006	1.63146e+006	41	51	20	28	1	3	5	10	3	7	1	3	6.67583e+006	6.75378e+006	91306	92440	4	8	6.76727e+006	6.84625e+006	5.47484e+006	5.5356e+006	
349	1.55248e+006	1.63146e+006	41	51	17	24	1	3	6	12	3	7	1	3	6.67583e+006	6.75379e+006	91306	92440	4	8	6.76728e+006	6.84625e+006	5.47485e+006	5.5356e+006	
350	1.55248e+006	1.63145e+006	40	50	15	23	0	2	6	12	2	6	1	3	6.67584e+006	6.7538e+006	91307	92441	4	7	6.76729e+006	6.84626e+006	5.47486e+006	5.53561e+006	
351	1.55247e+006	1.63145e+006	39	49	14	22	1	3	6	11	2	6	1	4	6.67585e+006	6.7538e+006	91307	92441	4	8	6.76729e+006	6.84627e+006	5.47486e+006	5.53562e+006	
352	1.55247e+006	1.63144e+006	39	49	16	23	1	3	7	12	2	7	1	4	6.67586e+006	6.75381e+006	91307	92441	5	9	6.7673e+006	6.84627e+006	5.47487e+006	5.53562e+006	
353	1.55246e+006	1.63143e+006	39	49	16	22	1	3	7	12	3	7	1	4	6.67586e+006	6.75381e+006	91308	92442	5	8	6.7673e+006	6.84628e+006	5.47488e+006	5.53563e+006	
354	1.55245e+006	1.63142e+006	41	51	15	21	1	3	8	13	3	7	1	4	6.67587e+006	6.75382e+006	91308	92442	7	11	6.76731e+006	6.84629e+006	5.47488e+006	5.53563e+006	
355	1.55244e+006	1.63141e+006	44	53	14	21	1	3	8	13	3	7	1	4	6.67588e+006	6.75383e+006	91308	92442	6	11	6.76732e+006	6.84629e+006	5.47489e+006	5.53564e+006	
356	1.55243e+006	1.63141e+006	45	55	13	20	1	4	7	11	2	6	1	4	6.67588e+006	6.75383e+006	91308	92442	6	10	6.76733e+006	6.8463e+006	5.47489e+006	5.53565e+006	
357	1.55243e+006	1.6314e+006	46	56	12	19	1	3	8	12	3	6	1	4	6.67589e+006	6.75384e+006	91308	92442	5	9	6.76734e+006	6.84631e+006	5.4749e+006	5.53565e+006	
358	1.55242e+006	1.63139e+006	47	57	13	19	1	3	8	12	3	6	1	4	6.6759e+006	6.75385e+006	91308	92442	5	9	6.76734e+006	6.84632e+006	5.4749e+006	5.53566e+006	
359	1.55242e+006	1.63139e+006	46	56	13	20	1	3	7	12	3	7	1	4	6.6759e+006	6.75385e+006	91308	92442	4	8	6.76735e+006	6.84632e+006	5.47491e+006	5.53566e+006	
360	1.55241e+006	1.63138e+006	49	60	14	21	1	3	6	10	3	7	1	3	6.67591e+006	6.75386e+006	91308	92442	7	12	6.76736e+006	6.84633e+006	5.47492e+006	5.53567e+006	
361	1.5524e+006	1.63137e+006	46	57	16	23	1	4	5	9	3	6	1	4	6.67592e+006	6.75387e+006	91308	92442	4	7	6.76737e+006	6.84634e+006	5.47492e+006	5.53568e+006	
362	1.55239e+006	1.63136e+006	44	55	17	25	1	4	5	10	3	6	1	3	6.67592e+006	6.75387e+006	91308	92442	5	8	6.76737e+006	6.84634e+006	5.47493e+006	5.53568e+006	
363	1.55239e+006	1.63135e+006	45	56	18	26	1	4	5	9	2	5	0	2	6.67593e+006	6.75388e+006	91309	92443	6	11	6.76738e+006	6.84635e+006	5.47494e+006	5.53569e+006	
364	1.55238e+006	1.63135e+006	45	57	17	24	1	4	5	10	2	5	0	2	6.67594e+006	6.75389e+006	91309	92443	6	10	6.76739e+006	6.84636e+006	5.47495e+006	5.5357e+006	
