Day	Susceptible-LB	Susceptible-UB	Exposed-LB	Exposed-UB	Current Detected Mild Infections-LB	Current Detected Mild Infections-UB	Current Undetected Mild Infections-LB	Current Undetected Mild Infections-UB	Current Hospitalizations-LB	Current Hospitalizations-UB	Current ICU patients-LB	Current ICU patients-UB	ventilators-LB	ventilators-UB	Recovered-LB	Recovered-UB	Deaths-LB	Deaths-UB	new infections today-LB	new infections today-UB	total number of infections-LB	total number of infections-UB	Confirmed total number of infections-LB	Confirmed total number of infections-UB	
0	8.39872e+006	8.39872e+006	16	16	0	0	0	0	0	0	0	0	0	0	0	0	0	0	0	0	16	16	0	0	
1	8.39856e+006	8.39856e+006	176	176	0	0	0	0	0	0	0	0	0	0	0	0	0	0	160	160	176	176	0	0	
2	8.3984e+006	8.3984e+006	336	336	0	0	0	0	0	0	0	0	0	0	0	0	0	0	160	160	336	336	0	0	
3	8.39821e+006	8.39822e+006	520	525	0	0	0	0	0	0	0	0	0	0	0	0	0	0	184	189	520	525	0	0	
4	8.39793e+006	8.39795e+006	791	809	0	0	0	0	0	0	0	0	0	0	0	0	0	0	268	286	791	809	0	0	
5	8.39756e+006	8.39759e+006	1142	1174	0	0	0	0	0	0	0	0	0	0	0	0	0	0	345	370	1142	1174	0	0	
6	8.39714e+006	8.39719e+006	1546	1598	0	0	0	0	0	0	0	0	0	0	0	0	0	0	399	430	1546	1598	0	0	
7	8.39662e+006	8.39669e+006	2029	2102	16	16	0	0	0	0	0	0	0	0	0	0	0	0	492	528	2045	2118	16	16	
8	8.39602e+006	8.39612e+006	2444	2543	131	140	36	45	0	0	0	0	0	0	0	0	0	0	568	607	2620	2719	131	140	
9	8.39539e+006	8.39551e+006	2886	3006	251	262	74	85	0	0	0	0	0	0	0	0	0	0	593	631	3222	3342	251	262	
10	8.39477e+006	8.39491e+006	3300	3441	373	389	118	134	0	0	0	0	0	0	16	16	0	0	592	632	3822	3964	389	405	
11	8.39411e+006	8.39428e+006	3665	3826	454	478	150	166	27	35	0	0	0	0	141	149	0	0	631	673	4460	4631	597	619	
12	8.39334e+006	8.39355e+006	4042	4224	602	640	192	210	56	67	0	0	0	0	269	280	0	0	721	769	5189	5392	869	900	
13	8.39251e+006	8.39275e+006	4437	4636	767	824	242	265	89	103	0	0	0	0	420	434	0	0	792	844	5991	6226	1182	1227	
14	8.39161e+006	8.39188e+006	4801	5012	941	1011	291	321	141	158	0	0	0	0	640	661	0	0	854	906	6855	7122	1575	1635	
15	8.39065e+006	8.39096e+006	5150	5378	1104	1187	351	381	212	231	0	0	0	0	920	953	0	0	915	976	7781	8087	2024	2104	
16	8.38962e+006	8.38996e+006	5540	5787	1242	1332	405	440	292	315	0	0	0	0	1245	1293	0	0	981	1042	8772	9118	2489	2585	
17	8.3885e+006	8.3889e+006	5999	6286	1312	1404	434	472	365	393	15	19	14	17	1653	1718	0	0	1051	1130	9833	10238	2963	3072	
18	8.3873e+006	8.38775e+006	6510	6824	1355	1451	452	494	450	483	25	30	19	22	2132	2219	0	0	1144	1210	10985	11439	3478	3607	
19	8.38602e+006	8.38653e+006	7006	7344	1455	1561	481	520	534	573	34	40	23	27	2639	2744	0	0	1215	1291	12211	12720	4067	4220	
20	8.38479e+006	8.38535e+006	7375	7741	1615	1729	523	562	593	637	49	58	30	35	3162	3288	0	0	1159	1242	13382	13950	4699	4881	
21	8.38345e+006	8.38409e+006	7779	8185	1783	1905	577	620	649	693	69	80	40	47	3725	3874	0	0	1257	1351	14650	15291	5383	5587	
22	8.38201e+006	8.38272e+006	8215	8657	1926	2063	625	673	718	763	91	104	50	58	4363	4543	0	0	1350	1447	16013	16725	6118	6352	
23	8.38052e+006	8.38131e+006	8633	9116	2057	2200	684	733	766	813	119	134	62	73	5088	5298	0	0	1401	1500	17425	18215	6890	7157	
24	8.37899e+006	8.37986e+006	9023	9531	2198	2367	741	789	826	876	153	170	77	90	5857	6095	0	0	1440	1546	18877	19748	7721	8033	
25	8.37735e+006	8.37832e+006	9407	9966	2350	2530	812	865	877	931	186	206	92	107	6697	6971	0	0	1526	1646	20415	21383	8612	8960	
26	8.37564e+006	8.37673e+006	9770	10400	2525	2724	864	927	952	1010	219	240	108	122	7580	7890	0	0	1581	1723	22008	23093	9576	9964	
27	8.37386e+006	8.37506e+006	10264	10961	2615	2809	887	951	1023	1089	239	262	109	125	8532	8897	13	16	1657	1798	23676	24881	10500	10937	
28	8.372e+006	8.37332e+006	10730	11478	2692	2913	920	992	1105	1169	272	296	121	138	9570	9978	17	20	1723	1870	25412	26738	11482	11974	
29	8.37085e+006	8.37226e+006	10429	11191	2786	3030	959	1032	1182	1255	305	332	136	155	10680	11135	19	22	1052	1157	26472	27886	12554	13104	
30	8.36964e+006	8.37115e+006	10133	10910	2964	3230	1017	1096	1247	1325	338	367	150	171	11753	12256	21	25	1109	1216	27588	29095	13671	14286	
31	8.36836e+006	8.36998e+006	9853	10651	3113	3388	1050	1132	1326	1413	366	397	164	185	12910	13472	26	32	1162	1285	28757	30372	14822	15496	
32	8.36712e+006	8.36884e+006	9455	10255	3253	3552	1083	1172	1404	1500	397	428	176	198	14159	14781	31	38	1132	1247	29896	31613	16046	16797	
33	8.36592e+006	8.36773e+006	8975	9742	3372	3718	1136	1235	1483	1583	425	459	188	212	15457	16150	37	46	1100	1209	31004	32814	17309	18153	
34	8.36471e+006	8.36663e+006	8413	9164	3519	3901	1205	1307	1534	1644	459	496	205	229	16813	17579	45	55	1098	1218	32109	34025	18616	19556	
35	8.36355e+006	8.36557e+006	7735	8464	3647	4060	1269	1375	1603	1717	492	533	218	245	18239	19095	54	65	1046	1169	33164	35184	19988	21022	
36	8.36246e+006	8.36457e+006	7675	8405	3261	3637	1132	1227	1678	1801	525	570	237	264	19716	20675	62	73	991	1098	34165	36274	20858	21971	
37	8.36139e+006	8.36359e+006	7539	8272	2869	3214	978	1065	1750	1881	558	604	251	278	21272	22341	70	82	972	1083	35144	37349	21776	22965	
38	8.36037e+006	8.36267e+006	7285	8010	2461	2779	831	908	1810	1951	589	637	270	297	22909	24083	79	92	910	1022	36062	38363	22730	24007	
39	8.3594e+006	8.36179e+006	7031	7741	2510	2840	859	941	1735	1877	630	680	289	317	23995	25253	87	101	878	979	36947	39334	23624	24984	
40	8.35845e+006	8.36093e+006	6782	7491	2494	2827	864	951	1681	1828	658	709	300	328	25125	26468	100	114	852	958	37806	40285	24505	25942	
41	8.35749e+006	8.36007e+006	6535	7238	2439	2770	854	942	1603	1756	695	747	318	348	26326	27767	110	126	854	962	38665	41242	25385	26904	
42	8.35659e+006	8.35926e+006	6287	6982	2432	2770	776	861	1506	1654	735	792	341	374	27507	29049	125	141	800	911	39473	42144	26278	27886	
43	8.35573e+006	8.3585e+006	6055	6752	2404	2740	698	778	1391	1530	772	832	358	393	28679	30320	139	155	761	867	40241	43004	27124	28807	
44	8.35489e+006	8.35774e+006	5832	6519	2372	2694	609	683	1275	1410	795	861	369	404	29861	31602	156	174	751	848	40998	43846	27964	29730	
45	8.35409e+006	8.35702e+006	5633	6308	2267	2581	579	649	1283	1421	786	853	367	404	30900	32743	172	192	713	810	41717	44649	28740	30589	
46	8.35331e+006	8.35632e+006	5442	6119	2184	2492	549	617	1255	1389	787	856	365	403	31910	33844	188	209	689	788	42413	45430	29491	31413	
47	8.35258e+006	8.35568e+006	5229	5894	2080	2382	537	599	1223	1355	783	854	364	402	32910	34937	204	226	639	732	43058	46156	30210	32213	
48	8.35182e+006	8.35501e+006	5039	5695	2029	2331	529	593	1184	1315	776	850	360	401	33859	35978	220	243	664	763	43730	46912	30927	33014	
49	8.35111e+006	8.35437e+006	4867	5506	1958	2274	518	587	1158	1289	754	826	352	395	34773	36979	239	262	627	722	44364	47626	31610	33774	
50	8.35043e+006	8.35376e+006	4713	5331	1896	2212	488	558	1114	1241	735	811	351	393	35674	37974	259	282	605	692	44978	48310	32259	34501	
51	8.34978e+006	8.35319e+006	4528	5136	1822	2128	459	528	1079	1205	706	783	337	376	36575	38971	283	307	567	653	45550	48958	32903	35218	
52	8.34915e+006	8.35263e+006	4365	4959	1755	2048	441	506	1033	1160	674	747	319	356	37437	39929	305	331	549	632	46106	49584	33508	35892	
53	8.34855e+006	8.35209e+006	4212	4784	1698	1984	426	491	989	1116	635	706	300	335	38266	40851	327	354	536	614	46649	50190	34097	36553	
54	8.34796e+006	8.35156e+006	4090	4645	1610	1890	405	466	963	1085	595	661	281	315	39066	41741	351	382	517	594	47173	50777	34646	37174	
55	8.34739e+006	8.35106e+006	3924	4462	1572	1854	394	455	921	1043	592	658	279	313	39816	42574	365	397	498	580	47677	51350	35206	37806	
56	8.34682e+006	8.35056e+006	3787	4311	1515	1794	388	451	891	1016	570	638	270	304	40545	43383	383	417	492	569	48174	51914	35740	38403	
57	8.34628e+006	8.35008e+006	3653	4169	1490	1761	381	443	850	971	551	617	262	296	41234	44159	399	433	473	549	48653	52457	36262	38986	
58	8.34575e+006	8.34961e+006	3549	4058	1411	1667	364	425	829	948	528	594	249	285	41935	44942	415	452	464	541	49124	52991	36741	39526	
59	8.34524e+006	8.34917e+006	3438	3941	1356	1602	341	400	811	924	509	574	238	272	42593	45685	428	466	438	515	49569	53499	37217	40059	
60	8.34473e+006	8.34872e+006	3340	3841	1295	1533	333	390	780	891	491	557	229	262	43239	46399	446	486	437	514	50013	54006	37676	40567	
61	8.34425e+006	8.3483e+006	3236	3734	1268	1496	312	365	753	860	474	540	220	255	43841	47078	460	501	414	485	50433	54486	38121	41067	
62	8.34378e+006	8.3479e+006	3141	3628	1224	1451	305	358	728	832	454	520	214	249	44427	47736	475	517	403	474	50841	54955	38543	41546	
63	8.34333e+006	8.3475e+006	3038	3521	1185	1413	299	351	700	799	435	498	206	240	45007	48385	485	529	388	462	51236	55410	38959	42015	
64	8.34287e+006	8.34711e+006	2950	3429	1152	1381	288	340	669	764	422	483	200	235	45563	49008	498	542	385	458	51627	55863	39368	42478	
65	8.34244e+006	8.34674e+006	2852	3323	1129	1351	280	329	634	726	405	466	190	224	46106	49618	513	559	367	434	51999	56292	39763	42925	
66	8.34204e+006	8.34638e+006	2765	3224	1094	1315	261	310	617	708	392	452	183	218	46620	50202	525	572	351	416	52357	56700	40144	43359	
67	8.34165e+006	8.34604e+006	2658	3109	1107	1326	216	259	593	681	379	438	176	211	47127	50774	535	582	331	398	52696	57091	40558	43833	
68	8.34125e+006	8.3457e+006	2583	3027	1112	1325	166	201	571	656	367	424	170	202	47622	51335	546	595	339	403	53041	57488	40952	44285	
69	8.34087e+006	8.34537e+006	2504	2934	1128	1336	119	145	545	631	353	410	163	195	48097	51869	557	607	322	382	53369	57864	41340	44731	
70	8.3405e+006	8.34505e+006	2432	2849	1087	1293	111	137	528	614	342	396	158	187	48557	52397	566	619	317	377	53691	58237	41708	45154	
71	8.34013e+006	8.34472e+006	2369	2771	1061	1267	109	134	519	605	331	382	153	180	48992	52892	573	627	322	380	54019	58611	42066	45570	
72	8.33978e+006	8.34441e+006	2300	2686	1027	1229	107	132	501	588	317	366	145	172	49421	53384	582	637	297	349	54322	58955	42411	45969	
73	8.33944e+006	8.34412e+006	2240	2620	988	1181	109	133	489	577	308	358	141	168	49827	53849	591	647	292	349	54619	59298	42738	46343	
74	8.33911e+006	8.34384e+006	2182	2553	937	1125	104	131	476	562	295	345	135	161	50235	54318	601	658	274	332	54898	59624	43048	46700	
75	8.33879e+006	8.34356e+006	2116	2473	909	1094	104	132	467	549	278	327	129	154	50624	54766	610	668	273	323	55176	59943	43365	47064	
76	8.33846e+006	8.34327e+006	2076	2427	886	1064	100	126	446	525	269	316	122	147	51005	55200	619	678	282	336	55464	60272	43669	47411	
77	8.33814e+006	8.343e+006	2029	2375	883	1057	89	111	422	498	259	306	119	143	51370	55617	627	687	270	326	55740	60592	43971	47762	
78	8.33785e+006	8.34274e+006	1958	2294	870	1037	88	106	410	485	251	298	117	141	51727	56027	635	697	252	298	55996	60886	44275	48111	
79	8.33755e+006	8.34248e+006	1914	2248	849	1007	84	103	398	471	242	290	112	137	52068	56417	642	705	254	304	56256	61183	44555	48429	
80	8.33726e+006	8.34223e+006	1872	2195	816	970	92	111	384	456	236	285	108	132	52401	56802	650	714	249	297	56511	61474	44823	48741	
81	8.33698e+006	8.34197e+006	1845	2155	769	924	88	111	379	451	229	278	102	125	52733	57180	657	722	247	291	56763	61759	45081	49039	
82	8.3367e+006	8.34174e+006	1803	2113	746	900	87	110	377	446	220	270	97	121	53041	57531	663	728	232	281	57000	62034	45337	49333	
83	8.33643e+006	8.3415e+006	1751	2057	743	892	82	103	380	447	210	260	92	116	53340	57877	669	734	231	279	57236	62308	45603	49640	
84	8.33617e+006	8.34127e+006	1701	1994	741	890	79	100	358	423	206	252	89	111	53640	58227	675	742	221	263	57462	62565	45860	49936	
85	8.33591e+006	8.34104e+006	1673	1968	725	870	74	94	348	412	203	248	88	109	53926	58557	679	746	224	271	57692	62831	46097	50208	
86	8.33565e+006	8.34082e+006	1642	1929	699	840	73	92	342	405	196	239	84	106	54221	58895	685	752	222	266	57919	63091	46337	50482	
87	8.33539e+006	8.34059e+006	1613	1897	681	813	70	89	331	393	190	232	79	101	54507	59228	691	760	220	264	58145	63349	46573	50752	
88	8.33515e+006	8.34039e+006	1567	1845	672	804	73	91	320	380	182	221	76	97	54779	59537	697	766	200	240	58350	63584	46803	51013	
89	8.33491e+006	8.34017e+006	1542	1809	651	783	72	89	311	370	180	218	77	99	55045	59843	701	771	207	245	58562	63824	47021	51267	
90	8.33468e+006	8.33996e+006	1517	1772	631	762	75	91	309	366	172	209	76	96	55302	60140	707	779	205	242	58773	64059	47236	51516	
91	8.33445e+006	8.33976e+006	1491	1746	610	739	70	87	306	362	166	201	75	94	55559	60431	712	785	195	237	58975	64290	47446	51754	
92	8.33422e+006	8.33957e+006	1455	1702	605	732	67	85	301	355	166	201	75	94	55797	60708	716	789	188	228	59168	64513	47659	52001	
93	8.334e+006	8.33938e+006	1420	1664	604	724	61	78	295	348	163	195	73	91	56040	60991	719	793	188	227	59360	64734	47871	52244	
94	8.33377e+006	8.33917e+006	1404	1643	608	731	56	73	290	343	156	188	71	88	56273	61255	724	799	203	243	59569	64971	48082	52486	
95	8.33354e+006	8.33897e+006	1391	1632	584	701	56	71	285	338	150	182	70	87	56510	61526	729	804	188	228	59763	65194	48268	52701	
96	8.33329e+006	8.33876e+006	1394	1641	570	681	55	70	279	334	147	179	69	85	56741	61786	735	811	209	255	59978	65443	48464	52923	
97	8.33304e+006	8.33853e+006	1406	1661	551	654	59	74	267	321	147	179	71	88	56974	62052	738	815	218	261	60202	65698	48655	53138	
98	8.33279e+006	8.33832e+006	1419	1679	549	654	57	71	253	303	147	180	68	86	57191	62299	741	819	208	255	60417	65946	48839	53350	
99	8.33254e+006	8.33811e+006	1438	1703	529	633	59	73	247	299	142	173	64	81	57411	62546	745	823	207	250	60629	66192	49015	53552	
100	8.33229e+006	8.33789e+006	1465	1731	510	620	58	75	244	294	137	167	61	78	57625	62787	749	828	215	255	60849	66442	49189	53752	
101	8.33204e+006	8.33767e+006	1478	1745	517	626	58	75	235	282	135	166	59	77	57833	63028	753	833	216	257	61070	66694	49382	53971	
102	8.33178e+006	8.33744e+006	1511	1784	520	629	55	71	228	274	131	162	58	75	58033	63259	756	837	222	265	61297	66955	49561	54176	
103	8.33154e+006	8.33722e+006	1512	1779	543	657	56	70	226	270	131	162	57	76	58226	63482	758	840	210	250	61513	67199	49758	54406	
104	8.33128e+006	8.337e+006	1511	1779	551	671	59	78	230	277	130	161	57	76	58427	63710	762	843	217	261	61736	67454	49961	54637	
105	8.33102e+006	8.33677e+006	1525	1787	572	698	59	78	226	275	130	161	56	75	58621	63931	765	847	223	263	61963	67713	50161	54870	
106	8.33077e+006	8.33655e+006	1533	1796	570	694	60	77	227	276	130	161	58	76	58834	64174	769	851	213	260	62184	67965	50356	55096	
107	8.33051e+006	8.33632e+006	1540	1807	570	690	59	73	234	285	123	154	54	71	59052	64421	774	856	222	267	62412	68226	50558	55327	
108	8.33026e+006	8.3361e+006	1543	1813	576	691	60	74	237	288	121	150	54	70	59264	64666	777	860	220	262	62639	68481	50764	55560	
109	8.32999e+006	8.33587e+006	1544	1817	588	704	62	76	239	291	117	148	52	69	59475	64908	780	863	224	270	62868	68746	50970	55799	
110	8.32973e+006	8.33564e+006	1562	1836	585	700	61	75	238	292	118	149	52	69	59691	65153	783	866	226	270	63100	69009	51168	56026	
111	8.32946e+006	8.3354e+006	1575	1850	582	702	63	78	244	295	116	146	52	68	59906	65402	786	869	230	275	63337	69278	51373	56260	
112	8.32918e+006	8.33516e+006	1588	1868	583	698	64	79	250	301	113	142	52	67	60126	65658	789	874	236	280	63580	69552	51582	56498	
113	8.32892e+006	8.33493e+006	1599	1877	589	708	62	78	248	298	113	142	53	68	60342	65903	792	876	225	268	63810	69815	51789	56734	
114	8.32866e+006	8.3347e+006	1602	1882	591	710	65	82	251	301	112	142	52	67	60560	66152	795	879	225	272	64041	70081	51997	56972	
115	8.32837e+006	8.33445e+006	1618	1908	585	708	66	85	254	302	111	139	54	68	60783	66407	797	882	236	288	64284	70363	52203	57203	
116	8.3281e+006	8.33421e+006	1632	1922	592	717	68	88	257	305	108	136	50	65	61000	66656	801	886	237	284	64527	70641	52414	57446	
117	8.32781e+006	8.33395e+006	1653	1948	599	721	66	85	258	309	110	137	52	67	61223	66908	804	889	246	296	64782	70928	52626	57688	
118	8.32753e+006	8.33371e+006	1658	1962	610	736	65	83	249	299	111	138	53	68	61455	67169	807	893	236	289	65025	71210	52843	57935	
119	8.32725e+006	8.33346e+006	1663	1969	619	742	69	88	247	298	113	140	54	69	61682	67430	808	895	241	288	65273	71490	53064	58185	
120	8.32695e+006	8.33321e+006	1690	2005	615	738	72	91	248	297	112	140	54	69	61912	67690	812	899	251	306	65531	71790	53273	58425	
121	8.32666e+006	8.33296e+006	1709	2026	607	733	73	94	253	303	114	141	54	69	62139	67949	814	902	242	295	65780	72077	53483	58667	
122	8.32637e+006	8.33269e+006	1726	2040	610	743	72	90	253	302	113	140	53	68	62378	68222	818	906	254	302	66042	72371	53708	58928	
123	8.32608e+006	8.33244e+006	1733	2052	624	761	69	90	254	301	113	140	52	66	62605	68483	820	908	244	295	66292	72661	53933	59182	
124	8.32578e+006	8.33219e+006	1736	2057	649	786	66	86	263	312	114	140	52	66	62825	68736	823	911	250	301	66548	72955	54170	59450	
125	8.32549e+006	8.33194e+006	1743	2064	649	788	66	86	268	316	113	138	50	64	63061	69011	825	915	243	296	66797	73246	54393	59711	
126	8.32519e+006	8.33167e+006	1759	2088	652	790	68	86	272	322	115	140	51	64	63294	69276	829	919	258	310	67062	73549	54623	59969	
127	8.3249e+006	8.33143e+006	1750	2073	653	795	71	92	276	326	118	144	51	65	63538	69552	833	923	242	290	67310	73834	54857	60241	
128	8.3246e+006	8.33116e+006	1768	2093	657	797	72	96	275	328	118	144	52	65	63778	69829	837	927	261	314	67578	74141	55086	60503	
129	8.32429e+006	8.33089e+006	1775	2101	666	810	75	97	277	333	118	144	52	65	64020	70098	841	932	261	310	67847	74443	55325	60772	
130	8.324e+006	8.33063e+006	1786	2110	664	805	71	91	281	339	121	148	52	65	64269	70384	844	935	255	304	68108	74741	55557	61043	
131	8.32369e+006	8.33036e+006	1795	2118	671	812	72	90	279	337	122	150	53	66	64516	70669	846	938	258	310	68372	75045	55791	61314	
132	8.32338e+006	8.3301e+006	1814	2137	662	810	69	88	280	338	125	154	54	68	64772	70957	848	940	261	315	68640	75353	56022	61581	
133	8.32308e+006	8.32983e+006	1812	2138	671	818	75	94	274	334	129	158	55	70	65020	71244	851	943	257	311	68904	75657	56261	61855	
134	8.32276e+006	8.32956e+006	1836	2171	664	807	74	96	280	341	131	159	56	71	65266	71527	853	946	267	323	69177	75973	56490	62117	
135	8.32245e+006	8.32929e+006	1842	2176	681	824	75	96	280	344	135	163	58	73	65507	71809	855	948	265	321	69450	76286	56738	62402	
136	8.32214e+006	8.32902e+006	1841	2186	689	829	69	91	277	338	138	166	59	75	65769	72111	859	953	261	319	69717	76600	56989	62682	
137	8.32183e+006	8.32876e+006	1843	2191	703	845	68	88	285	344	134	162	58	74	66009	72389	863	957	257	309	69979	76904	57232	62959	
138	8.32152e+006	8.32849e+006	1849	2201	701	839	70	88	286	346	135	163	58	75	66273	72689	866	960	264	320	70251	77216	57473	63238	
139	8.32119e+006	8.3282e+006	1866	2222	695	840	75	93	291	351	135	164	59	77	66534	72983	868	964	278	336	70536	77545	57716	63521	
140	8.32087e+006	8.32792e+006	1879	2237	694	844	78	97	291	349	134	163	60	79	66792	73280	872	967	271	325	70814	77863	57957	63800	
141	8.32056e+006	8.32765e+006	1877	2232	701	854	79	100	297	352	137	166	61	81	67045	73574	875	970	263	318	71085	78174	58207	64088	
142	8.32024e+006	8.32737e+006	1885	2237	706	861	78	99	305	362	136	166	62	81	67303	73870	878	974	274	326	71364	78495	58456	64375	
143	8.31991e+006	8.32708e+006	1905	2256	708	870	79	99	306	364	136	166	61	80	67563	74167	881	978	281	339	71652	78826	58702	64664	
144	8.31959e+006	8.32681e+006	1919	2270	700	855	78	99	309	369	138	168	62	80	67829	74472	884	981	270	323	71928	79143	58942	64943	
145	8.31927e+006	8.32652e+006	1932	2284	698	854	79	100	311	373	137	169	62	81	68096	74777	888	985	278	333	72212	79471	59191	65230	
146	8.31895e+006	8.32625e+006	1925	2271	711	868	82	103	315	381	138	171	64	84	68354	75078	891	988	271	324	72489	79788	59451	65529	
147	8.31862e+006	8.32596e+006	1931	2282	726	882	83	104	317	382	144	177	66	85	68607	75373	893	990	278	335	72773	80117	59708	65822	
148	8.31829e+006	8.32567e+006	1952	2304	723	881	84	104	317	384	143	177	66	85	68875	75679	897	995	284	340	73063	80451	59954	66106	
149	8.31794e+006	8.32538e+006	1965	2329	720	871	83	104	325	393	147	183	68	88	69144	75990	901	998	286	352	73355	80797	60208	66401	
150	8.31761e+006	8.3251e+006	1961	2328	728	884	83	106	330	394	149	185	68	86	69413	76300	904	1002	278	337	73638	81129	60473	66706	
151	8.31727e+006	8.32481e+006	1975	2345	735	890	82	105	330	395	153	188	69	87	69676	76604	907	1005	282	342	73929	81462	60727	66997	
152	8.31694e+006	8.32451e+006	1982	2358	741	897	83	104	328	390	156	190	67	86	69953	76924	909	1008	285	346	74222	81801	60986	67297	
153	8.31659e+006	8.32422e+006	1999	2381	732	883	81	103	330	394	153	187	69	88	70238	77250	913	1013	287	347	74514	82143	61241	67589	
154	8.31625e+006	8.32393e+006	2007	2392	740	894	82	103	328	394	152	186	69	87	70513	77566	916	1016	286	346	74807	82482	61501	67891	
155	8.31591e+006	8.32363e+006	2016	2401	745	902	81	103	320	386	157	192	70	87	70796	77890	920	1022	293	350	75107	82825	61769	68198	
156	8.31557e+006	8.32333e+006	2023	2403	754	923	87	111	313	379	156	189	69	85	71077	78212	925	1027	294	352	75407	83171	62033	68510	
157	8.31523e+006	8.32304e+006	2031	2411	754	926	86	111	313	378	153	187	67	84	71362	78539	928	1030	286	346	75698	83511	62294	68818	
158	8.31488e+006	8.32274e+006	2039	2419	754	928	85	110	318	385	154	187	66	84	71643	78863	931	1033	291	350	75996	83854	62563	69126	
159	8.31453e+006	8.32244e+006	2051	2432	754	923	85	109	323	391	155	188	66	84	71925	79198	934	1037	297	359	76301	84205	62831	69434	
160	8.31419e+006	8.32214e+006	2056	2435	763	931	86	110	322	392	151	183	65	83	72209	79530	938	1042	292	350	76599	84549	63100	69750	
161	8.31383e+006	8.32182e+006	2077	2458	766	935	86	111	327	396	147	178	65	83	72493	79859	944	1048	307	369	76913	84910	63368	70060	
162	8.31348e+006	8.32153e+006	2072	2459	780	945	81	103	336	406	146	177	65	83	72775	80185	947	1052	288	352	77208	85255	63645	70378	
163	8.31313e+006	8.32122e+006	2076	2467	788	954	79	100	341	411	149	180	66	84	73055	80514	952	1056	298	360	77513	85608	63926	70704	
164	8.31276e+006	8.32091e+006	2101	2494	787	952	81	101	339	409	149	180	66	85	73346	80851	955	1060	310	373	77830	85975	64193	71015	
165	8.31241e+006	8.3206e+006	2110	2506	783	950	81	104	339	403	145	175	66	84	73646	81199	960	1065	301	361	78136	86330	64468	71331	
166	8.31206e+006	8.32029e+006	2113	2506	782	953	84	108	344	411	145	176	66	85	73937	81534	963	1069	301	358	78444	86681	64748	71654	
167	8.3117e+006	8.31999e+006	2121	2518	790	958	83	107	347	415	145	177	67	87	74222	81863	967	1073	300	362	78750	87037	65024	71972	
168	8.31134e+006	8.31967e+006	2121	2515	804	975	86	109	348	418	148	183	70	90	74512	82195	970	1076	307	366	79063	87397	65313	72305	
169	8.31098e+006	8.31937e+006	2131	2531	793	966	87	111	350	418	150	185	70	91	74810	82540	973	1079	297	367	79369	87756	65583	72622	
170	8.31062e+006	8.31905e+006	2142	2543	801	978	86	109	354	423	155	191	74	95	75097	82871	976	1082	309	371	79684	88121	65866	72950	
171	8.31026e+006	8.31875e+006	2125	2527	802	979	88	111	354	426	159	195	76	96	75405	83221	979	1086	294	357	79985	88472	66156	73284	
172	8.3099e+006	8.31844e+006	2133	2538	814	990	87	112	352	427	160	198	77	98	75695	83558	983	1090	308	373	80301	88836	66440	73612	
173	8.30953e+006	8.31811e+006	2147	2560	814	985	90	115	351	424	160	198	76	98	75999	83909	987	1094	315	380	80623	89209	66722	73934	
174	8.30916e+006	8.31781e+006	2148	2570	809	979	85	109	355	428	162	201	77	98	76305	84266	990	1097	300	372	80930	89574	67003	74263	
175	8.30881e+006	8.3175e+006	2141	2567	813	984	87	110	355	432	165	204	79	101	76604	84608	995	1103	300	364	81237	89930	67291	74596	
176	8.30843e+006	8.31717e+006	2161	2581	817	997	82	104	354	432	166	206	79	101	76907	84952	999	1107	317	381	81562	90304	67578	74932	
177	8.30806e+006	8.31686e+006	2154	2585	822	1004	85	107	354	430	169	209	80	100	77209	85304	1002	1111	302	376	81873	90672	67868	75269	
178	8.30771e+006	8.31655e+006	2165	2591	813	998	81	104	354	428	167	207	78	98	77518	85664	1006	1116	304	364	82185	91029	68146	75592	
179	8.30734e+006	8.31623e+006	2165	2595	815	996	88	114	358	433	166	207	79	99	77815	86014	1011	1122	309	376	82502	91396	68434	75922	
180	8.30697e+006	8.31592e+006	2156	2588	822	1006	87	113	357	433	164	205	77	97	78129	86377	1015	1125	305	373	82814	91762	68733	76268	
181	8.3066e+006	8.3156e+006	2171	2603	826	1016	90	115	357	432	161	203	78	97	78428	86725	1020	1131	316	386	83137	92141	69016	76605	
182	8.30622e+006	8.31528e+006	2181	2619	821	1011	87	111	357	434	162	202	77	96	78741	87085	1023	1134	311	379	83455	92513	69299	76934	
183	8.30585e+006	8.31497e+006	2169	2615	825	1011	87	112	357	437	163	204	76	96	79058	87448	1027	1139	305	378	83768	92883	69598	77277	
184	8.30549e+006	8.31466e+006	2170	2614	829	1020	84	108	357	438	163	204	76	96	79362	87807	1030	1142	303	375	84078	93251	69887	77619	
185	8.30512e+006	8.31435e+006	2167	2621	832	1019	85	109	355	435	164	205	76	97	79666	88162	1034	1147	302	370	84389	93612	70173	77947	
186	8.30476e+006	8.31403e+006	2167	2616	821	1013	86	112	356	435	167	209	78	98	79982	88529	1038	1151	308	371	84704	93976	70464	78282	
187	8.30439e+006	8.31372e+006	2167	2617	819	1005	90	117	357	437	168	210	78	101	80284	88888	1043	1157	305	374	85015	94344	70750	78617	
188	8.30404e+006	8.31342e+006	2146	2595	835	1030	87	113	359	437	169	211	78	101	80589	89240	1046	1161	296	364	85318	94701	71051	78970	
189	8.30368e+006	8.31311e+006	2136	2582	837	1034	87	112	357	434	169	209	78	99	80905	89608	1051	1166	301	365	85627	95059	71343	79312	
190	8.30331e+006	8.31279e+006	2139	2578	843	1044	83	105	363	440	171	214	81	102	81203	89960	1054	1170	308	374	85943	95425	71635	79658	
191	8.30294e+006	8.31247e+006	2148	2583	831	1034	80	105	367	449	173	215	79	100	81517	90325	1058	1175	313	380	86262	95798	71924	80001	
192	8.30257e+006	8.31216e+006	2152	2589	822	1025	80	106	363	445	175	217	80	102	81834	90693	1062	1180	306	376	86576	96166	72209	80330	
193	8.30221e+006	8.31185e+006	2150	2591	823	1018	82	107	359	441	175	216	82	104	82146	91061	1067	1186	306	373	86890	96531	72501	80667	
194	8.30184e+006	8.31153e+006	2152	2594	825	1016	83	107	358	442	175	216	82	104	82455	91423	1070	1189	308	377	87205	96900	72791	81010	
195	8.30147e+006	8.31121e+006	2166	2605	821	1013	80	105	356	438	176	218	84	106	82763	91782	1074	1194	309	375	87522	97269	73070	81340	
196	8.30108e+006	8.31089e+006	2184	2636	813	1004	84	105	352	433	174	217	82	104	83079	92146	1079	1200	319	396	87849	97657	73353	81669	
197	8.30071e+006	8.31058e+006	2179	2638	812	1000	88	109	352	430	172	213	78	100	83388	92514	1084	1206	303	376	88159	98025	73643	82006	
198	8.30034e+006	8.31026e+006	2177	2635	826	1016	89	110	353	432	172	212	80	100	83685	92866	1089	1211	309	379	88475	98397	73937	82351	
199	8.29995e+006	8.30994e+006	2189	2653	830	1025	87	114	353	431	169	211	79	100	83992	93223	1092	1215	318	393	88800	98784	74226	82689	
200	8.29958e+006	8.30962e+006	2194	2654	826	1024	87	117	357	432	169	212	76	98	84300	93579	1098	1221	311	374	89117	99152	74514	83023	
201	8.29921e+006	8.3093e+006	2197	2661	820	1018	89	117	367	444	167	209	74	97	84607	93938	1102	1226	311	384	89435	99529	74802	83363	
202	8.29883e+006	8.30898e+006	2204	2673	821	1013	94	120	368	447	165	209	73	96	84915	94299	1107	1232	317	387	89758	99909	75090	83698	
203	8.29845e+006	8.30866e+006	2200	2659	833	1035	95	121	363	439	167	210	74	98	85230	94666	1110	1235	315	382	90081	100283	75392	84055	
204	8.29807e+006	8.30833e+006	2213	2672	827	1031	96	125	366	443	167	212	73	99	85537	95026	1114	1240	317	388	90405	100665	75677	84392	
205	8.29769e+006	8.30801e+006	2217	2686	824	1033	98	127	368	446	165	209	72	97	85851	95389	1118	1245	314	392	90727	101049	75962	84729	
206	8.2973e+006	8.30768e+006	2222	2685	825	1034	97	123	363	441	167	208	74	98	86177	95778	1122	1249	322	393	91057	101433	76262	85088	
207	8.29691e+006	8.30735e+006	2234	2710	833	1033	97	121	354	430	169	211	77	101	86491	96151	1126	1253	323	398	91389	101824	76552	85425	
208	8.29653e+006	8.30702e+006	2242	2720	842	1044	91	113	353	428	168	210	76	99	86805	96520	1130	1258	319	395	91716	102210	76847	85776	
209	8.29615e+006	8.3067e+006	2238	2719	837	1032	96	118	354	434	170	211	77	99	87124	96895	1133	1263	313	386	92037	102588	77141	86124	
210	8.29577e+006	8.30638e+006	2237	2722	840	1042	95	118	349	431	171	209	78	99	87440	97262	1138	1268	314	384	92359	102964	77436	86468	
211	8.29537e+006	8.30603e+006	2255	2743	844	1045	96	122	353	437	172	212	80	101	87749	97626	1142	1274	335	409	92703	103365	77734	86818	
212	8.29498e+006	8.3057e+006	2270	2751	844	1052	93	120	357	442	175	213	82	102	88062	97995	1146	1278	328	401	93040	103757	78031	87172	
213	8.2946e+006	8.30538e+006	2262	2744	849	1060	95	122	361	446	172	212	80	100	88379	98363	1149	1283	314	386	93361	104136	78330	87521	
214	8.29421e+006	8.30505e+006	2260	2743	852	1067	99	125	363	448	174	213	82	102	88695	98736	1153	1288	321	397	93690	104525	78631	87877	
215	8.29381e+006	8.3047e+006	2275	2760	858	1070	99	124	359	447	175	214	81	101	89017	99115	1157	1292	334	412	94035	104926	78932	88232	
216	8.29342e+006	8.30437e+006	2285	2776	855	1069	93	117	364	452	172	216	81	103	89340	99487	1162	1297	322	402	94367	105318	79229	88585	
217	8.29304e+006	8.30405e+006	2285	2778	849	1060	89	113	365	451	170	215	80	104	89667	99874	1167	1303	314	388	94690	105697	79526	88931	
218	8.29266e+006	8.30372e+006	2265	2760	865	1074	89	113	370	457	172	217	82	105	89982	100246	1173	1309	315	391	95015	106077	79845	89304	
219	8.29228e+006	8.30339e+006	2257	2751	877	1085	92	117	373	463	174	221	82	106	90294	100612	1176	1313	321	392	95344	106461	80156	89665	
220	8.29187e+006	8.30305e+006	2272	2777	876	1084	93	120	370	460	174	220	85	108	90613	100984	1182	1319	330	411	95683	106863	80450	90012	
221	8.29149e+006	8.30273e+006	2270	2769	861	1072	94	121	383	470	174	220	83	108	90939	101371	1187	1325	320	389	96010	107244	80751	90369	
222	8.29111e+006	8.30239e+006	2259	2752	865	1081	95	123	391	478	173	222	81	106	91265	101749	1190	1329	322	394	96342	107629	81068	90737	
223	8.29072e+006	8.30207e+006	2256	2743	872	1096	97	123	391	476	176	224	81	106	91580	102121	1194	1334	320	393	96671	108013	81373	91097	
224	8.29034e+006	8.30174e+006	2263	2749	865	1087	97	123	386	469	174	222	79	104	91911	102513	1200	1340	321	394	96999	108400	81668	91445	
225	8.28994e+006	8.30141e+006	2271	2763	847	1068	95	121	387	470	174	222	79	103	92253	102909	1203	1344	323	404	97331	108795	81966	91795	
226	8.28956e+006	8.30107e+006	2274	2759	846	1059	94	120	387	472	174	217	80	101	92579	103299	1207	1349	323	389	97662	109176	82267	92147	
227	8.28916e+006	8.30074e+006	2270	2755	863	1083	93	120	380	465	178	219	82	103	92902	103677	1212	1354	327	406	97997	109574	82578	92518	
228	8.28877e+006	8.30041e+006	2273	2766	863	1077	99	123	373	457	180	222	84	105	93228	104056	1216	1359	322	401	98327	109967	82875	92863	
229	8.28838e+006	8.30008e+006	2277	2774	861	1074	102	129	372	459	178	220	84	104	93554	104435	1221	1365	326	403	98661	110361	83177	93212	
230	8.288e+006	8.29975e+006	2275	2769	850	1056	103	129	375	462	178	220	82	104	93885	104830	1225	1370	318	389	98988	110741	83477	93564	
231	8.28759e+006	8.29941e+006	2290	2786	854	1064	99	127	373	458	182	224	84	105	94207	105207	1229	1375	336	410	99331	111143	83778	93917	
232	8.2872e+006	8.29907e+006	2292	2784	857	1077	97	124	374	459	180	221	83	105	94535	105587	1234	1382	325	402	99665	111536	84083	94280	
233	8.28679e+006	8.29873e+006	2304	2811	862	1074	97	122	377	463	178	218	83	106	94855	105966	1239	1387	336	416	100010	111944	84387	94630	
234	8.2864e+006	8.2984e+006	2299	2805	865	1083	99	125	374	459	180	221	84	106	95181	106349	1243	1392	322	400	100338	112337	84693	94994	
235	8.28601e+006	8.29806e+006	2305	2804	863	1077	102	126	377	463	178	220	84	109	95506	106738	1247	1397	328	400	100674	112729	84993	95353	
236	8.28562e+006	8.29773e+006	2306	2795	861	1087	104	132	375	458	180	222	82	107	95834	107116	1251	1401	327	393	101008	113115	85298	95711	
237	8.28522e+006	8.2974e+006	2310	2816	854	1070	103	131	377	462	179	223	82	107	96163	107503	1256	1407	322	409	101338	113517	85595	96058	
238	8.28483e+006	8.29707e+006	2295	2804	867	1080	102	131	376	461	177	221	81	105	96492	107895	1261	1411	321	397	101665	113908	85909	96426	
239	8.28444e+006	8.29674e+006	2292	2799	872	1085	98	124	376	460	177	221	81	105	96823	108284	1265	1417	323	397	101995	114298	86218	96792	
240	8.28406e+006	8.29642e+006	2272	2774	894	1116	94	121	376	458	177	221	81	101	97145	108661	1270	1421	316	391	102318	114681	86538	97171	
241	8.28366e+006	8.29609e+006	2277	2771	881	1108	92	119	376	459	175	218	80	100	97486	109059	1275	1426	327	397	102651	115072	86839	97531	
242	8.28327e+006	8.29575e+006	2274	2773	882	1104	94	122	375	462	176	218	82	102	97815	109445	1278	1431	326	402	102985	115466	87148	97890	
243	8.28286e+006	8.29541e+006	2286	2797	872	1081	95	122	384	474	179	222	84	105	98144	109833	1281	1436	338	416	103330	115875	87457	98246	
244	8.28247e+006	8.29508e+006	2284	2781	870	1088	97	124	387	473	179	223	87	108	98465	110219	1287	1442	320	395	103657	116263	87755	98611	
245	8.28209e+006	8.29475e+006	2284	2780	866	1088	95	120	389	476	183	226	89	110	98790	110603	1291	1447	321	397	103986	116651	88058	98975	
246	8.28168e+006	8.29441e+006	2297	2796	864	1094	93	118	389	478	182	225	88	109	99120	110982	1295	1451	335	414	104330	117056	88364	99337	
247	8.28129e+006	8.29408e+006	2300	2800	859	1077	90	118	384	473	181	224	87	107	99450	111384	1301	1457	318	394	104655	117444	88659	99687	
248	8.28091e+006	8.29376e+006	2291	2796	863	1074	93	120	380	467	180	226	85	106	99779	111775	1304	1461	319	393	104980	117830	88965	100045	
249	8.28052e+006	8.29343e+006	2285	2788	865	1080	93	120	368	453	185	232	87	108	100113	112166	1308	1467	319	395	105305	118219	89273	100410	
250	8.28012e+006	8.2931e+006	2271	2775	890	1108	91	118	370	457	185	231	89	111	100430	112542	1312	1471	324	403	105636	118615	89594	100790	
251	8.27973e+006	8.29277e+006	2274	2785	883	1104	91	119	363	452	189	236	89	112	100764	112928	1316	1475	324	403	105968	119011	89894	101146	
252	8.27933e+006	8.29244e+006	2277	2788	874	1095	94	123	364	452	189	237	88	111	101091	113317	1321	1480	322	400	106298	119403	90194	101499	
253	8.27893e+006	8.2921e+006	2269	2782	872	1090	96	122	362	451	189	236	85	109	101436	113724	1324	1484	328	407	106633	119803	90509	101875	
254	8.27854e+006	8.29177e+006	2275	2785	861	1084	103	130	370	459	187	235	84	108	101749	114099	1330	1491	323	399	106965	120193	90800	102222	
255	8.27814e+006	8.29144e+006	2284	2802	861	1081	102	129	378	465	185	232	82	106	102068	114477	1336	1497	328	410	107299	120597	91101	102578	
256	8.27775e+006	8.29111e+006	2280	2805	845	1064	100	129	375	461	184	232	81	106	102411	114883	1340	1501	316	398	107624	120986	91401	102936	
257	8.27736e+006	8.29079e+006	2277	2801	857	1079	95	122	381	465	183	229	80	104	102728	115261	1345	1507	320	400	107951	121379	91708	103304	
258	8.27698e+006	8.29047e+006	2267	2784	864	1090	95	120	384	466	183	228	83	107	103047	115642	1349	1512	313	386	108271	121759	92014	103669	
259	8.27658e+006	8.29014e+006	2268	2793	864	1090	99	125	381	463	182	223	82	105	103371	116030	1354	1519	324	409	108601	122161	92313	104025	
260	8.27618e+006	8.2898e+006	2269	2794	872	1098	95	120	369	455	181	224	81	104	103710	116431	1358	1523	329	408	108939	122561	92625	104399	
261	8.27579e+006	8.28947e+006	2261	2791	874	1097	92	117	370	455	183	223	83	106	104037	116820	1363	1529	316	395	109264	122948	92934	104762	
262	8.2754e+006	8.28914e+006	2254	2781	886	1113	86	110	369	455	180	222	82	106	104366	117208	1368	1534	321	399	109592	123340	93242	105139	
263	8.27499e+006	8.28881e+006	2268	2791	870	1101	88	113	374	462	182	225	84	108	104688	117593	1373	1540	329	409	109927	123742	93542	105496	
264	8.2746e+006	8.28848e+006	2267	2792	862	1098	93	119	375	468	183	226	82	107	105014	117972	1377	1544	320	400	110255	124134	93842	105857	
265	8.27421e+006	8.28815e+006	2277	2809	847	1073	93	121	381	474	181	224	81	105	105338	118366	1382	1550	324	403	110586	124530	94139	106208	
266	8.27381e+006	8.28782e+006	2273	2807	855	1082	93	122	387	482	178	222	82	105	105655	118746	1386	1554	320	406	110913	124928	94443	106577	
267	8.27341e+006	8.2875e+006	2264	2797	864	1093	92	121	383	478	179	224	81	104	105982	119135	1390	1560	321	400	111239	125322	94754	106946	
268	8.273e+006	8.28716e+006	2282	2822	866	1100	94	121	385	480	176	222	80	103	106296	119510	1395	1565	334	420	111580	125735	95052	107301	
269	8.2726e+006	8.28683e+006	2283	2827	860	1089	95	125	376	471	177	223	81	105	106630	119914	1400	1570	322	405	111908	126133	95351	107657	
270	8.27221e+006	8.2865e+006	2277	2823	861	1088	97	123	377	472	179	225	83	107	106963	120309	1402	1573	324	404	112238	126531	95658	108029	
271	8.2718e+006	8.28616e+006	2289	2836	865	1094	96	122	383	475	176	222	81	104	107280	120690	1406	1578	331	414	112576	126937	95961	108392	
272	8.27139e+006	8.28582e+006	2296	2850	866	1097	99	123	381	467	177	223	81	105	107606	121083	1411	1585	331	417	112913	127348	96261	108753	
273	8.27099e+006	8.2855e+006	2292	2847	854	1092	99	126	382	469	177	221	79	103	107935	121479	1416	1591	317	402	113236	127745	96561	109117	
274	8.27058e+006	8.28516e+006	2309	2870	854	1090	101	129	378	466	178	221	80	103	108260	121867	1422	1598	338	422	113580	128161	96860	109477	
275	8.27018e+006	8.28483e+006	2296	2856	870	1111	95	124	378	468	177	223	81	106	108587	122256	1425	1602	321	405	113908	128559	97175	109861	
276	8.26977e+006	8.28449e+006	2304	2864	873	1112	94	121	376	463	181	228	81	107	108910	122650	1428	1607	328	414	114244	128965	97478	110229	
277	8.26937e+006	8.28416e+006	2303	2872	878	1118	93	118	373	464	182	228	84	109	109233	123035	1434	1613	323	413	114574	129370	97782	110598	
278	8.26896e+006	8.28383e+006	2302	2871	870	1108	97	123	375	471	182	226	81	104	109570	123436	1437	1618	330	412	114910	129777	98091	110970	
279	8.26857e+006	8.2835e+006	2294	2855	877	1118	99	126	370	469	179	223	79	103	109899	123834	1443	1624	323	400	115239	130170	98397	111345	
280	8.26816e+006	8.28316e+006	2310	2868	869	1116	98	128	380	478	176	220	77	100	110216	124219	1449	1631	333	415	115579	130579	98694	111709	
281	8.26775e+006	8.28282e+006	2304	2860	878	1127	96	126	381	478	178	221	77	101	110547	124620	1453	1636	333	414	115917	130988	99010	112091	
282	8.26734e+006	8.28248e+006	2314	2873	873	1120	91	121	380	475	179	222	77	100	110882	125026	1457	1641	330	418	116254	131400	99312	112458	
283	8.26694e+006	8.28215e+006	2306	2863	887	1133	90	118	378	473	179	225	78	102	111199	125414	1464	1649	321	404	116583	131795	99623	112835	
284	8.26654e+006	8.28182e+006	2308	2859	872	1123	92	117	385	479	179	226	76	100	111532	125819	1469	1653	324	410	116915	132197	99926	113208	
285	8.26613e+006	8.28149e+006	2303	2858	879	1127	93	120	389	483	182	229	75	98	111849	126205	1471	1658	325	411	117246	132602	100235	113582	
286	8.26573e+006	8.28116e+006	2306	2867	871	1112	94	123	382	476	185	231	78	100	112185	126613	1475	1662	325	410	117578	133005	100537	113942	
287	8.26532e+006	8.28082e+006	2306	2865	881	1115	95	123	385	480	184	229	76	97	112508	127011	1480	1668	333	413	117918	133412	100849	114318	
288	8.26493e+006	8.28049e+006	2292	2853	883	1118	95	122	392	489	186	233	80	102	112830	127400	1484	1673	318	403	118243	133807	101163	114698	
289	8.26451e+006	8.28015e+006	2296	2859	889	1134	96	125	393	490	183	232	79	102	113157	127787	1489	1678	335	424	118584	134225	101471	115076	
290	8.26412e+006	8.27983e+006	2293	2853	875	1120	97	127	386	481	185	236	81	106	113498	128197	1492	1682	318	398	118908	134616	101770	115435	
291	8.26371e+006	8.27949e+006	2298	2857	870	1117	96	124	392	485	186	239	81	107	113824	128593	1497	1687	330	414	119242	135025	102077	115809	
292	8.2633e+006	8.27916e+006	2304	2866	861	1106	100	128	393	487	186	237	81	105	114156	128999	1502	1692	332	419	119580	135438	102378	116176	
293	8.26289e+006	8.27882e+006	2306	2870	866	1112	100	127	391	485	183	233	78	102	114485	129397	1506	1698	328	414	119914	135846	102682	116545	
294	8.26249e+006	8.27849e+006	2295	2863	867	1108	106	136	381	473	180	231	79	103	114825	129808	1510	1703	322	407	120243	136245	102989	116913	
295	8.26208e+006	8.27816e+006	2309	2880	862	1102	104	134	381	472	182	232	82	106	115151	130205	1515	1709	332	419	120580	136659	103286	117275	
296	8.26167e+006	8.27783e+006	2300	2866	868	1114	106	137	384	477	179	227	78	102	115478	130603	1520	1715	327	410	120911	137064	103597	117655	
297	8.26127e+006	8.27749e+006	2308	2873	857	1102	102	133	376	468	178	227	79	103	115822	131014	1525	1720	326	404	121242	137462	103893	118014	
298	8.26087e+006	8.27716e+006	2308	2871	874	1120	98	125	376	467	180	229	78	101	116141	131403	1528	1726	329	412	121578	137868	104203	118397	
299	8.26046e+006	8.27683e+006	2299	2864	878	1122	91	119	375	470	183	232	80	102	116475	131811	1533	1730	323	413	121906	138275	104518	118780	
300	8.26006e+006	8.2765e+006	2293	2854	891	1142	87	116	379	476	184	231	79	100	116789	132191	1537	1736	322	403	122233	138674	104830	119159	
301	8.25965e+006	8.27617e+006	2299	2867	882	1131	88	120	378	474	184	232	80	101	117120	132596	1542	1742	329	418	122569	139085	105132	119525	
302	8.25924e+006	8.27583e+006	2299	2866	875	1124	94	127	380	478	185	234	81	103	117450	132996	1547	1748	331	419	122907	139497	105439	119901	
303	8.25884e+006	8.27549e+006	2304	2865	871	1118	98	128	378	477	183	232	82	105	117781	133401	1553	1754	331	408	123244	139900	105742	120273	
304	8.25844e+006	8.27517e+006	2296	2861	871	1114	101	131	380	479	186	234	84	106	118101	133789	1558	1761	319	400	123568	140294	106045	120638	
305	8.25803e+006	8.27483e+006	2296	2867	876	1113	95	124	380	477	183	231	82	106	118439	134200	1562	1766	330	417	123903	140706	106357	121013	
306	8.25763e+006	8.2745e+006	2301	2863	872	1116	95	124	377	478	184	233	85	109	118768	134598	1566	1770	327	409	124238	141107	106657	121386	
307	8.25724e+006	8.27418e+006	2296	2856	871	1118	92	121	378	478	187	238	87	112	119091	134987	1571	1775	318	396	124561	141498	106960	121753	
308	8.25683e+006	8.27385e+006	2289	2851	871	1124	92	120	373	472	185	237	87	112	119428	135395	1575	1781	322	413	124890	141904	107272	122135	
309	8.25644e+006	8.27352e+006	2277	2834	881	1132	91	119	377	478	186	238	87	113	119747	135789	1580	1786	318	403	125215	142300	107583	122518	
310	8.25604e+006	8.27318e+006	2279	2833	887	1135	93	121	377	482	184	235	85	111	120072	136181	1585	1791	332	408	125554	142701	107892	122888	
311	8.25565e+006	8.27286e+006	2274	2823	872	1113	97	126	377	481	180	229	83	109	120407	136590	1590	1798	314	391	125872	143087	108189	123248	
312	8.25525e+006	8.27254e+006	2264	2814	867	1107	101	130	378	481	178	227	81	106	120740	136999	1596	1805	319	409	126199	143489	108495	123624	
313	8.25484e+006	8.2722e+006	2271	2815	866	1110	99	127	377	481	180	228	83	107	121072	137396	1600	1810	333	410	126536	143895	108803	123996	
314	8.25443e+006	8.27186e+006	2291	2837	866	1106	99	126	379	485	177	226	80	103	121392	137782	1605	1816	338	418	126880	144307	109099	124353	
315	8.25402e+006	8.27152e+006	2298	2840	860	1104	97	124	378	482	177	224	81	104	121724	138194	1609	1821	328	417	127215	144717	109402	124727	
316	8.25361e+006	8.27119e+006	2301	2847	843	1090	103	133	377	481	179	226	81	103	122052	138587	1615	1828	322	409	127542	145122	109694	125084	
317	8.25321e+006	8.27087e+006	2291	2845	863	1106	100	128	377	479	175	222	79	102	122374	138978	1619	1834	322	405	127869	145522	110009	125458	
318	8.25284e+006	8.27055e+006	2284	2840	856	1083	99	127	379	482	173	220	80	103	122699	139379	1623	1838	308	385	128182	145901	110301	125813	
319	8.25243e+006	8.27022e+006	2296	2836	868	1100	88	116	379	482	172	219	79	103	123021	139770	1629	1844	331	405	128518	146302	110609	126188	
320	8.25204e+006	8.26989e+006	2285	2823	862	1099	92	123	374	473	172	220	81	105	123360	140175	1632	1849	322	397	128845	146694	110916	126556	
321	8.25162e+006	8.26955e+006	2288	2830	886	1124	94	124	369	465	175	223	83	106	123677	140560	1636	1853	342	424	129191	147114	111230	126933	
322	8.25123e+006	8.26922e+006	2284	2813	892	1129	98	125	369	463	176	225	83	107	123999	140958	1640	1858	323	400	129519	147509	111540	127315	
323	8.25084e+006	8.2689e+006	2275	2796	884	1131	96	121	369	461	175	225	80	104	124333	141361	1645	1863	313	393	129837	147898	111841	127691	
324	8.25044e+006	8.26857e+006	2274	2791	870	1122	94	118	371	461	175	225	81	104	124672	141767	1648	1868	322	400	130164	148293	112143	128060	
325	8.25003e+006	8.26823e+006	2301	2821	849	1089	94	120	374	464	174	223	80	103	124999	142169	1654	1875	334	414	130503	148703	112429	128409	
326	8.24962e+006	8.2679e+006	2305	2833	858	1085	93	120	377	468	169	219	77	100	125322	142568	1658	1880	334	418	130841	149116	112739	128778	
327	8.24921e+006	8.26756e+006	2317	2849	862	1081	90	116	380	473	171	220	77	100	125642	142959	1662	1884	334	413	131180	149524	113042	129141	
328	8.24882e+006	8.26723e+006	2295	2826	894	1118	91	119	375	467	174	223	78	101	125953	143335	1666	1890	321	401	131506	149920	113361	129530	
329	8.24843e+006	8.2669e+006	2294	2821	889	1115	89	116	374	468	174	223	78	101	126284	143730	1671	1896	321	396	131833	150310	113666	129897	
330	8.24803e+006	8.26658e+006	2300	2827	879	1110	90	118	368	459	177	227	79	102	126608	144119	1677	1903	320	398	132157	150704	113958	130255	
331	8.24763e+006	8.26625e+006	2301	2828	862	1089	87	113	366	456	175	224	78	101	126953	144538	1682	1910	323	401	132484	151102	114260	130620	
332	8.24723e+006	8.26592e+006	2293	2819	871	1102	90	115	366	454	176	225	79	102	127277	144929	1686	1916	326	406	132815	151502	114570	130996	
333	8.24684e+006	8.2656e+006	2274	2797	887	1121	94	119	371	463	176	223	79	101	127585	145305	1691	1921	316	395	133136	151892	114883	131375	
334	8.24644e+006	8.26527e+006	2269	2796	898	1133	96	121	377	469	178	225	80	101	127898	145685	1696	1928	329	413	133471	152299	115194	131753	
335	8.24604e+006	8.26494e+006	2272	2793	882	1116	98	125	379	472	182	229	83	105	128227	146082	1701	1934	323	398	133799	152692	115490	132112	
336	8.24564e+006	8.2646e+006	2278	2811	868	1094	100	124	379	475	183	230	84	107	128562	146486	1704	1938	329	413	134133	153100	115788	132469	
337	8.24526e+006	8.26429e+006	2270	2797	852	1077	99	128	382	480	182	230	84	106	128895	146884	1708	1944	311	385	134449	153480	116086	132829	
338	8.24487e+006	8.26397e+006	2264	2793	857	1080	97	125	378	477	181	230	82	105	129221	147277	1712	1949	317	397	134771	153871	116384	133193	
339	8.24447e+006	8.26363e+006	2271	2793	867	1097	91	120	383	476	182	233	83	108	129536	147659	1719	1956	333	406	135110	154271	116694	133565	
340	8.24407e+006	8.26329e+006	2284	2803	867	1096	88	116	385	478	180	231	81	108	129854	148046	1724	1962	328	406	135446	154669	116991	133925	
341	8.24367e+006	8.26296e+006	2281	2788	870	1105	90	118	380	474	181	232	81	107	130181	148441	1729	1968	325	399	135776	155063	117296	134296	
342	8.24327e+006	8.26263e+006	2286	2794	865	1094	95	120	381	474	181	233	80	107	130505	148835	1734	1975	327	404	136108	155462	117596	134658	
343	8.24287e+006	8.2623e+006	2279	2786	874	1109	99	122	378	471	186	238	82	110	130820	149216	1738	1980	322	406	136435	155862	117903	135036	
344	8.24248e+006	8.26197e+006	2294	2804	857	1083	96	123	385	478	186	236	81	109	131143	149612	1742	1987	325	403	136765	156261	118191	135381	
345	8.24208e+006	8.26164e+006	2301	2804	854	1084	93	120	375	468	185	235	80	106	131478	150010	1747	1992	324	397	137096	156652	118490	135744	
346	8.24169e+006	8.26132e+006	2288	2793	858	1077	93	121	372	464	189	238	81	107	131808	150414	1750	1996	319	396	137420	157042	118803	136112	
347	8.24128e+006	8.26097e+006	2302	2804	880	1100	90	116	369	463	189	239	83	108	132121	150791	1755	2001	343	416	137769	157452	119115	136482	
348	8.24088e+006	8.26063e+006	2311	2812	887	1100	93	117	371	462	187	236	82	106	132439	151179	1760	2008	334	406	138108	157854	119419	136845	
349	8.2405e+006	8.26031e+006	2300	2802	881	1098	92	117	370	458	185	234	80	104	132773	151578	1767	2016	316	394	138430	158241	119725	137212	
350	8.2401e+006	8.25998e+006	2302	2800	875	1100	91	117	369	462	183	230	78	101	133105	151972	1772	2022	324	404	138760	158639	120028	137583	
351	8.23969e+006	8.25964e+006	2307	2808	873	1103	91	120	374	465	183	230	79	102	133428	152358	1775	2026	331	410	139097	159044	120333	137948	
352	8.2393e+006	8.25931e+006	2309	2810	869	1093	95	120	378	464	185	230	78	99	133750	152752	1779	2032	327	399	139428	159438	120634	138305	
353	8.23891e+006	8.25898e+006	2311	2808	859	1076	100	130	386	473	180	223	77	98	134070	153143	1785	2038	321	394	139756	159825	120929	138658	
354	8.23851e+006	8.25864e+006	2301	2797	873	1086	104	133	391	479	181	225	79	100	134389	153530	1788	2042	331	406	140092	160227	121247	139033	
355	8.23811e+006	8.25831e+006	2300	2794	884	1098	103	130	385	474	179	223	79	102	134724	153922	1793	2048	334	403	140431	160625	121558	139401	
356	8.23772e+006	8.25798e+006	2309	2800	887	1101	98	124	384	468	177	222	77	100	135049	154313	1797	2053	325	399	140761	161019	121856	139761	
357	8.23732e+006	8.25764e+006	2315	2795	875	1094	93	117	391	477	176	220	76	100	135387	154711	1800	2057	329	400	141095	161414	122162	140132	
358	8.23694e+006	8.25732e+006	2302	2776	871	1098	93	117	388	477	176	220	78	102	135724	155108	1806	2063	318	392	141417	161801	122471	140505	
359	8.23655e+006	8.25699e+006	2294	2766	881	1105	92	116	383	471	175	218	76	100	136048	155498	1810	2069	320	388	141742	162184	122778	140869	
360	8.23618e+006	8.25668e+006	2278	2749	876	1092	93	121	373	465	178	223	77	101	136381	155894	1813	2073	306	377	142053	162556	123078	141222	
361	8.23579e+006	8.25636e+006	2271	2743	879	1088	91	119	378	471	175	218	75	97	136712	156292	1817	2078	325	399	142381	162951	123388	141591	
362	8.2354e+006	8.25602e+006	2262	2732	882	1089	94	124	380	472	174	217	78	101	137036	156679	1824	2085	325	393	142712	163338	123699	141954	
363	8.235e+006	8.25569e+006	2262	2735	887	1096	93	122	374	464	179	222	82	105	137360	157065	1827	2090	326	401	143042	163734	124004	142317	
364	8.23462e+006	8.25537e+006	2252	2721	883	1088	95	124	375	464	177	221	80	102	137693	157462	1832	2095	320	385	143368	164114	124311	142680	
