Day	Susceptible	Exposed	Current Detected Mild Infections	Current Undetected Mild Infections	Current Hospitalizations	Current ICU patients	ventilators	Recovered	Deaths	new infections today	total number of infections 	Confirmed total number of infections 	
0	542363	1	0	0	0	0	0	0	0	0	1	0	
1	542360	4	0	0	0	0	0	0	0	3	4	0	
2	542357	7	0	0	0	0	0	0	0	3	7	0	
3	542353	11	0	0	0	0	0	0	0	4	11	0	
4	542348	15	1	0	0	0	0	0	0	5	16	1	
5	542342	18	3	1	0	0	0	0	0	6	22	3	
6	542334	23	5	2	0	0	0	0	0	8	30	5	
7	542324	29	9	3	0	0	0	0	0	10	40	9	
8	542312	36	12	4	0	0	0	0	0	12	52	12	
9	542297	45	17	5	0	0	0	0	0	16	67	17	
10	542277	57	22	7	0	0	0	1	0	20	87	23	
11	542253	71	27	9	1	0	0	3	0	24	111	30	
12	542223	90	33	11	1	0	0	6	0	31	142	39	
13	542185	112	42	14	2	0	0	9	0	38	179	51	
14	542141	136	54	17	3	0	0	13	0	44	223	67	
15	542085	168	67	22	4	0	0	18	0	56	279	85	
16	542018	205	85	27	5	0	0	25	0	67	346	108	
17	541936	249	106	34	7	1	1	33	0	82	428	137	
18	541834	306	130	42	8	1	1	42	0	101	530	170	
19	541709	376	160	52	10	1	1	56	0	125	655	213	
20	541559	459	195	64	13	1	1	72	0	150	805	264	
21	541373	563	239	78	17	2	1	92	0	186	991	327	
22	541145	689	292	97	21	2	1	118	0	227	1219	404	
23	540869	840	357	119	26	3	2	150	0	276	1495	501	
24	540530	1029	436	146	32	3	2	188	0	339	1834	615	
25	540116	1257	533	179	40	4	2	235	0	414	2248	756	
26	539612	1533	653	219	49	5	3	292	0	503	2752	930	
27	538997	1872	797	269	60	6	3	362	1	615	3367	1140	
28	538243	2287	974	330	74	7	3	448	1	754	4121	1397	
29	537327	2789	1190	403	90	9	4	555	1	917	5037	1712	
30	536206	3407	1456	491	110	11	5	683	1	1121	6158	2097	
31	534846	4151	1779	596	135	13	6	842	1	1360	7518	2568	
32	533181	5062	2174	729	166	17	8	1035	1	1665	9183	3143	
33	531161	6165	2656	887	203	21	10	1270	1	2019	11203	3845	
34	528700	7506	3243	1081	248	26	12	1559	2	2461	13664	4701	
35	525726	9120	3951	1319	303	32	15	1912	2	2974	16638	5738	
36	522120	11061	4825	1606	371	39	18	2340	2	3606	20244	7015	
37	518053	13108	5878	1958	452	48	22	2864	2	4067	24311	8559	
38	513522	15178	7158	2385	552	59	27	3508	3	4531	28842	10440	
39	508522	17204	8699	2902	674	71	33	4289	3	5000	33842	12712	
40	503124	18996	10565	3521	821	87	40	5246	4	5397	39240	15471	
41	497469	20584	12598	4195	1002	107	50	6405	4	5655	44895	18587	
42	491670	21852	14969	4690	1221	130	61	7827	5	5800	50694	22288	
43	485918	22604	17452	5188	1487	157	74	9553	6	5752	56446	26381	
44	480405	22719	19925	5651	1812	191	89	11654	8	5512	61959	30816	
45	475383	22086	22221	6036	2202	233	109	14195	9	5022	66981	35483	
46	471050	20620	24152	6298	2677	284	132	17273	11	4333	71314	40290	
47	467595	18323	25703	6432	3186	348	162	20763	13	3455	74769	45083	
48	465148	15258	26490	6627	3724	425	197	24677	16	2447	77216	49664	
49	463793	11590	26514	6625	4291	517	240	29015	20	1355	78571	53878	
50	460897	10153	25660	6415	4846	630	290	33740	24	2896	81467	57549	
51	458222	9373	23900	5975	5350	768	353	38748	29	2675	84142	60525	
52	455861	9287	21221	5301	5762	935	430	43962	35	2361	86503	62704	
53	453716	10077	17704	4421	6079	1120	514	49205	43	2145	88648	64004	
54	451790	9107	15610	3899	6266	1321	608	54320	52	1926	90574	66526	
55	450093	8129	13727	3435	6272	1543	709	59103	64	1697	92271	68853	
56	448593	7268	12155	3035	6075	1771	814	63392	77	1500	93771	70912	
57	447273	6443	11105	2774	5658	1996	918	67021	95	1320	95091	72758	
58	446074	5716	10685	2673	5025	2214	1018	69862	115	1199	96290	74390	
59	444944	5149	10961	2739	4194	2412	1109	71825	140	1130	97420	75802	
60	443812	4781	9847	2457	3705	2573	1185	75020	169	1132	98552	77117	
61	442804	4469	8766	2183	3263	2682	1236	77990	207	1008	99560	78277	
62	441902	4172	7831	1956	2885	2722	1253	80643	253	902	100462	79323	
63	441082	3862	7019	1753	2643	2688	1239	83014	303	820	101282	80309	
64	440342	3470	6386	1592	2541	2578	1187	85095	360	740	102022	81287	
65	439675	3129	5831	1458	2606	2381	1096	86861	423	667	102689	82156	
66	439066	2836	5350	1341	2342	2248	1034	88691	490	609	103298	82934	
67	438509	2573	5031	1160	2076	2093	963	90362	560	557	103855	83722	
68	437993	2349	4739	993	1855	1913	881	91890	632	516	104371	84433	
69	437521	2154	4438	831	1658	1723	793	93334	705	472	104843	85079	
70	437089	1977	4080	666	1506	1534	705	94740	772	432	105275	85669	
71	436695	1813	3779	517	1376	1354	622	95996	835	393	105669	86210	
72	436340	1652	3522	387	1259	1201	553	97113	888	355	106024	86708	
73	436018	1503	3207	354	1169	1087	499	98096	931	322	106346	87148	
74	435723	1366	2930	323	1083	1020	468	98959	961	295	106641	87550	
75	435454	1241	2682	297	995	1007	464	99709	978	269	106910	87917	
76	435206	1135	2453	273	899	912	421	100474	1014	248	107158	88247	
77	434983	1035	2239	251	814	821	380	101172	1048	222	107381	88547	
78	434780	943	2041	229	742	741	342	101810	1078	203	107584	88823	
79	434592	862	1860	207	676	670	309	102393	1104	188	107772	89075	
80	434423	783	1694	189	619	605	279	102923	1128	169	107941	89306	
81	434268	715	1541	171	567	551	254	103400	1150	155	108096	89515	
82	434128	652	1406	155	520	503	231	103833	1168	140	108236	89705	
83	433999	593	1286	140	474	465	214	104223	1184	129	108365	89881	
84	433882	541	1172	128	434	428	197	104581	1198	117	108482	90039	
85	433774	494	1069	117	393	393	181	104912	1213	108	108590	90183	
86	433629	499	971	106	356	356	164	105220	1226	145	108735	90314	
87	433496	503	887	98	324	324	148	105495	1238	133	108868	90434	
88	433374	509	809	89	296	296	136	105743	1249	123	108991	90543	
89	433259	516	736	82	270	269	124	105974	1259	115	109105	90644	
90	433147	482	714	80	245	247	113	106182	1268	112	109217	90778	
91	433041	455	694	77	224	226	103	106370	1276	106	109323	90901	
92	432940	433	679	76	204	206	94	106542	1284	101	109424	91013	
93	432842	417	666	74	186	188	86	106700	1291	98	109522	91120	
94	432744	403	662	73	169	172	78	106844	1297	98	109620	91222	
95	432649	393	660	73	155	156	70	106975	1303	95	109715	91319	
96	432552	388	620	68	150	142	65	107133	1309	96	109812	91413	
97	432464	377	589	65	147	129	58	107277	1314	88	109900	91504	
98	432379	366	567	63	144	118	53	107410	1319	86	109985	91594	
99	432268	380	549	61	141	107	48	107534	1323	110	110096	91682	
100	432161	392	535	59	139	96	44	107655	1327	108	110203	91771	
101	432058	406	519	58	139	88	40	107766	1330	102	110306	91852	
102	431956	423	505	56	130	83	38	107878	1333	103	110408	91931	
103	431850	418	516	58	124	78	36	107984	1336	106	110514	92032	
104	431745	415	525	59	120	74	34	108088	1338	105	110619	92131	
105	431640	418	531	60	116	70	32	108188	1340	105	110724	92225	
106	431533	423	536	61	115	67	30	108288	1342	107	110831	92319	
107	431424	426	553	61	111	64	29	108380	1344	109	110940	92416	
108	431313	432	570	63	108	62	28	108469	1346	111	111051	92512	
109	431198	442	567	62	110	61	27	108578	1347	115	111166	92610	
110	431085	448	566	61	112	60	27	108683	1349	113	111279	92709	
111	430969	455	573	61	113	60	27	108783	1350	116	111395	92809	
112	430852	461	580	63	113	57	26	108886	1352	117	111512	92910	
113	430737	461	588	64	116	55	25	108989	1353	115	111627	93016	
114	430618	467	596	65	120	53	24	109091	1355	119	111746	93119	
115	430498	471	604	67	119	52	23	109196	1357	120	111866	93226	
116	430376	476	613	68	118	53	24	109302	1358	122	111988	93333	
117	430253	483	618	69	120	52	24	109408	1359	123	112111	93439	
118	430161	457	626	70	122	52	23	109516	1361	93	112203	93548	
119	430067	431	630	70	124	52	24	109628	1362	94	112297	93658	
120	429973	403	639	70	125	53	24	109738	1363	93	112391	93770	
121	429880	373	645	71	129	53	24	109849	1364	94	112484	93883	
122	429791	370	624	68	131	54	25	109962	1365	89	112573	93969	
123	429701	365	605	65	132	55	25	110074	1366	90	112663	94057	
124	429615	359	581	63	133	56	26	110189	1367	86	112749	94142	
125	429532	348	558	60	134	57	26	110307	1369	83	112832	94230	
126	429450	341	528	57	135	57	27	110425	1370	82	112914	94312	
127	429374	327	498	54	135	59	27	110546	1371	75	112990	94395	
128	429301	313	492	54	130	60	28	110641	1373	73	113063	94475	
129	429230	301	482	53	126	60	28	110738	1374	71	113134	94551	
130	429160	289	472	52	121	61	28	110833	1375	70	113204	94626	
131	429093	281	455	51	116	62	28	110930	1377	67	113271	94696	
132	429028	274	440	50	110	62	28	111022	1378	65	113336	94763	
133	428963	267	423	48	105	62	28	111116	1380	64	113401	94829	
134	428902	259	409	46	104	61	27	111202	1381	62	113462	94893	
135	428842	251	394	44	103	60	27	111286	1383	59	113522	94956	
136	428783	244	380	42	101	59	27	111370	1384	59	113581	95016	
137	428727	236	370	41	97	57	26	111450	1386	56	113637	95076	
138	428674	227	360	40	94	56	26	111525	1387	53	113690	95132	
139	428623	219	349	39	91	55	25	111600	1388	52	113741	95187	
140	428572	212	339	38	88	53	24	111673	1390	51	113792	95241	
141	428522	206	329	36	84	52	24	111744	1391	50	113842	95293	
142	428474	200	318	36	81	49	23	111813	1393	48	113890	95342	
143	428428	195	307	34	79	48	22	111880	1394	46	113936	95390	
144	428384	187	298	32	78	47	22	111942	1396	44	113980	95438	
145	428340	182	289	31	76	45	21	112004	1397	44	114024	95484	
146	428298	176	279	30	73	45	20	112065	1398	42	114066	95528	
147	428257	171	270	29	71	43	20	112124	1399	41	114107	95570	
148	428217	167	262	28	68	42	19	112180	1400	40	114147	95611	
149	428179	161	255	28	65	41	19	112234	1401	38	114185	95651	
150	428141	157	246	27	62	40	18	112288	1402	37	114223	95690	
151	428105	152	239	26	60	38	17	112341	1403	36	114259	95728	
152	428071	146	231	26	58	37	17	112391	1404	34	114293	95765	
153	428037	142	225	25	56	35	16	112439	1405	34	114327	95800	
154	428004	138	219	24	55	35	16	112484	1406	33	114360	95835	
155	427972	134	212	23	53	33	15	112530	1407	32	114392	95868	
156	427940	131	205	23	52	32	15	112573	1408	32	114424	95900	
157	427910	127	198	22	51	31	14	112615	1409	30	114454	95932	
158	427881	123	192	22	49	30	14	112658	1410	29	114483	95962	
159	427853	119	186	21	48	28	13	112699	1411	28	114511	95991	
160	427826	114	181	21	46	27	13	112738	1412	27	114538	96020	
161	427798	112	175	20	45	26	12	112776	1412	27	114566	96048	
162	427773	108	171	19	43	26	12	112812	1413	26	114591	96075	
163	427748	105	165	19	41	25	12	112847	1414	24	114616	96101	
164	427724	102	160	18	41	24	11	112881	1414	24	114640	96126	
165	427699	99	156	17	39	23	11	112915	1415	25	114665	96151	
166	427675	98	151	16	38	22	10	112948	1416	24	114689	96175	
167	427653	95	146	16	37	22	10	112979	1416	22	114711	96198	
168	427630	94	142	15	36	21	9	113010	1417	22	114734	96220	
169	427609	90	139	15	35	21	9	113039	1417	21	114755	96243	
170	427588	87	136	15	33	20	9	113067	1418	22	114776	96265	
171	427568	85	131	14	33	20	9	113095	1418	20	114796	96286	
172	427548	82	128	14	32	19	9	113122	1419	20	114816	96307	
173	427528	81	125	14	30	19	8	113147	1420	19	114836	96326	
174	427510	78	122	14	29	18	8	113173	1420	18	114854	96345	
175	427491	76	118	14	28	18	8	113199	1421	19	114873	96364	
176	427474	74	114	13	28	17	8	113223	1421	18	114890	96382	
177	427456	72	111	13	27	17	8	113246	1421	17	114908	96400	
178	427439	72	107	13	26	17	8	113269	1422	18	114925	96416	
179	427423	69	106	13	26	16	7	113291	1422	16	114941	96434	
180	427407	67	102	12	26	15	7	113313	1423	16	114957	96450	
181	427391	65	99	12	25	15	7	113334	1423	15	114973	96466	
182	427376	63	98	11	24	14	6	113355	1423	15	114988	96482	
183	427361	62	95	11	24	13	6	113374	1424	15	115003	96497	
184	427346	60	93	11	23	13	6	113393	1424	15	115018	96512	
185	427332	59	90	10	23	13	6	113413	1425	14	115032	96526	
186	427318	57	88	10	22	12	6	113431	1425	14	115046	96540	
187	427305	56	85	10	21	12	5	113449	1425	13	115059	96554	
188	427293	54	82	10	21	11	5	113468	1426	13	115071	96567	
189	427280	52	81	9	20	11	5	113485	1426	13	115084	96580	
190	427267	51	79	9	19	11	5	113502	1426	13	115097	96593	
191	427255	50	77	9	18	10	5	113518	1427	12	115109	96605	
192	427244	49	75	8	18	10	5	113534	1427	11	115120	96617	
193	427232	48	73	8	17	10	5	113549	1427	11	115132	96629	
194	427221	47	72	8	17	10	5	113564	1427	12	115143	96641	
195	427210	45	70	7	16	9	4	113578	1428	11	115154	96652	
196	427199	44	68	7	16	9	4	113592	1428	10	115165	96662	
197	427188	44	66	7	16	9	4	113606	1428	11	115176	96673	
198	427178	42	65	7	16	9	4	113619	1428	10	115186	96683	
199	427168	41	63	7	15	9	4	113632	1428	10	115196	96693	
200	427158	41	61	7	15	8	4	113645	1429	10	115206	96703	
201	427149	40	60	7	14	8	4	113658	1429	10	115215	96713	
202	427139	39	59	7	14	8	4	113670	1429	9	115225	96722	
203	427130	39	57	6	14	8	4	113681	1429	9	115234	96732	
204	427120	38	56	6	13	7	3	113693	1429	9	115244	96741	
205	427111	37	55	6	13	7	3	113704	1430	9	115253	96750	
206	427102	37	55	6	12	7	3	113715	1430	9	115262	96759	
207	427094	36	53	6	12	7	3	113726	1430	9	115270	96767	
208	427086	35	52	5	12	7	3	113736	1430	8	115278	96776	
209	427077	34	52	5	12	7	3	113747	1430	9	115287	96784	
210	427068	34	50	6	12	7	3	113757	1430	9	115296	96793	
211	427060	34	50	5	11	7	3	113767	1431	8	115304	96801	
212	427053	32	48	5	12	6	3	113776	1431	7	115311	96808	
213	427045	32	48	5	11	6	3	113786	1431	8	115319	96816	
214	427038	31	47	5	11	6	3	113795	1431	8	115326	96824	
215	427030	30	46	5	11	6	3	113804	1431	7	115334	96832	
216	427023	30	45	5	11	6	3	113814	1431	7	115341	96838	
217	427017	29	44	5	11	6	3	113823	1431	7	115347	96845	
218	427010	28	43	5	11	5	2	113831	1432	7	115354	96852	
219	427003	27	42	5	10	5	2	113840	1432	7	115361	96859	
220	426996	27	40	5	10	5	2	113848	1432	7	115368	96865	
221	426989	27	39	5	10	5	2	113856	1432	7	115375	96872	
222	426982	27	39	5	10	5	2	113864	1432	7	115382	96878	
223	426976	27	38	4	10	5	2	113872	1432	6	115388	96884	
224	426970	26	37	4	10	5	2	113879	1432	6	115394	96890	
225	426963	26	37	4	9	5	2	113887	1432	7	115401	96897	
226	426957	25	37	4	9	5	2	113894	1433	6	115407	96903	
227	426951	25	37	4	8	5	2	113901	1433	6	115413	96909	
228	426945	25	36	4	9	5	2	113908	1433	6	115419	96914	
229	426940	24	36	4	8	5	2	113915	1433	6	115424	96921	
230	426934	23	35	4	8	5	2	113922	1433	6	115430	96926	
231	426928	23	34	4	8	4	2	113929	1433	6	115436	96932	
232	426922	23	33	4	8	4	2	113936	1433	6	115442	96937	
233	426917	23	33	4	8	4	2	113943	1433	6	115447	96942	
234	426911	23	32	4	8	4	2	113949	1433	5	115453	96948	
235	426906	22	32	4	7	4	2	113956	1434	6	115458	96953	
236	426900	22	31	4	7	4	2	113962	1434	6	115464	96958	
237	426895	22	31	4	7	4	2	113968	1434	6	115469	96964	
238	426889	22	31	3	7	4	2	113974	1434	5	115475	96968	
239	426884	22	30	4	7	4	2	113980	1434	5	115480	96973	
240	426879	21	30	3	7	4	2	113986	1434	5	115485	96979	
241	426874	21	30	3	7	4	2	113992	1434	5	115490	96984	
242	426869	21	30	3	7	4	2	113997	1434	5	115495	96989	
243	426864	20	29	3	7	4	2	114003	1434	5	115500	96994	
244	426859	20	30	3	7	3	1	114008	1434	5	115505	96999	
245	426854	20	29	3	7	3	1	114014	1434	5	115510	97003	
246	426849	20	28	3	6	3	1	114019	1435	5	115515	97008	
247	426844	20	28	3	6	3	1	114025	1435	5	115520	97012	
248	426839	20	28	3	6	3	1	114030	1435	5	115525	97017	
249	426834	19	27	3	6	4	1	114035	1435	5	115530	97021	
250	426829	19	27	3	6	3	1	114041	1435	5	115535	97026	
251	426825	19	27	3	6	3	1	114046	1435	4	115539	97031	
252	426821	19	27	3	6	3	1	114051	1435	5	115543	97035	
253	426816	18	27	3	6	3	1	114056	1435	4	115548	97039	
254	426811	18	27	3	6	3	1	114061	1435	5	115553	97044	
255	426807	19	26	3	6	3	2	114066	1435	5	115557	97048	
256	426802	19	26	3	6	3	1	114071	1435	5	115562	97052	
257	426798	19	25	3	6	3	1	114076	1435	4	115566	97056	
258	426793	18	25	3	6	3	1	114081	1436	4	115571	97061	
259	426788	18	25	3	6	3	1	114085	1436	5	115576	97065	
260	426784	18	25	3	6	3	1	114090	1436	5	115580	97069	
261	426780	18	25	3	5	3	1	114095	1436	4	115584	97073	
262	426775	18	25	3	5	3	1	114100	1436	4	115589	97077	
263	426771	17	25	3	5	3	1	114104	1436	4	115593	97082	
264	426767	17	25	3	5	3	1	114109	1436	4	115597	97086	
265	426763	17	24	3	5	3	1	114114	1436	4	115601	97090	
266	426758	17	24	3	5	3	1	114118	1436	4	115606	97094	
267	426754	17	24	3	5	3	1	114123	1436	5	115610	97098	
268	426750	17	24	3	5	2	1	114127	1436	4	115614	97101	
269	426745	18	23	3	5	2	1	114132	1436	5	115619	97105	
270	426741	18	23	3	5	2	1	114136	1436	4	115623	97110	
271	426737	17	23	3	5	2	1	114140	1436	4	115627	97114	
272	426732	17	23	3	5	2	1	114145	1437	4	115632	97117	
273	426728	17	23	3	5	2	1	114149	1437	4	115636	97121	
274	426724	17	24	3	5	2	1	114153	1437	4	115640	97126	
275	426720	17	23	3	5	2	1	114158	1437	4	115644	97129	
276	426716	17	23	3	5	2	1	114162	1437	4	115648	97133	
277	426712	16	23	3	5	2	1	114166	1437	4	115652	97137	
278	426708	16	23	3	5	2	1	114171	1437	4	115656	97141	
279	426703	17	22	3	4	2	1	114175	1437	4	115661	97144	
280	426700	16	22	3	5	2	1	114180	1437	4	115664	97148	
281	426695	16	22	3	4	2	1	114184	1437	4	115669	97152	
282	426691	16	22	3	4	2	1	114188	1437	4	115673	97156	
283	426687	16	22	2	4	2	1	114192	1437	4	115677	97160	
284	426683	16	22	2	5	2	1	114196	1437	4	115681	97163	
285	426679	16	22	2	5	2	1	114200	1437	4	115685	97167	
286	426675	17	22	2	4	2	1	114204	1437	4	115689	97171	
287	426671	17	22	2	5	2	1	114208	1437	4	115693	97174	
288	426667	16	22	2	5	2	1	114212	1437	4	115697	97178	
289	426663	16	22	3	5	2	1	114216	1438	4	115701	97182	
290	426659	16	22	3	5	2	1	114220	1438	4	115705	97186	
291	426655	16	22	3	5	2	1	114224	1438	4	115709	97189	
292	426651	16	22	3	5	2	1	114228	1438	4	115713	97193	
293	426647	16	22	3	5	2	1	114232	1438	4	115717	97197	
294	426643	16	22	3	5	2	1	114236	1438	4	115721	97200	
295	426639	16	22	3	5	2	1	114240	1438	4	115725	97204	
296	426635	16	22	2	5	2	1	114244	1438	4	115729	97208	
297	426631	16	22	2	5	2	1	114248	1438	4	115733	97211	
298	426627	15	22	2	5	2	1	114252	1438	4	115737	97215	
299	426623	15	21	2	5	2	1	114256	1438	4	115741	97219	
300	426619	16	21	2	5	2	1	114260	1438	4	115745	97222	
301	426616	16	21	2	5	2	1	114264	1438	4	115748	97226	
302	426612	15	21	3	5	2	1	114268	1438	4	115752	97229	
303	426608	15	21	2	5	2	1	114272	1438	4	115756	97233	
304	426605	15	21	2	5	2	1	114276	1438	4	115759	97237	
305	426601	15	21	2	4	2	1	114280	1438	4	115763	97240	
306	426597	15	21	2	4	2	1	114284	1439	4	115767	97244	
307	426593	15	21	2	4	2	1	114288	1439	4	115771	97247	
308	426590	15	21	2	4	2	1	114291	1439	3	115774	97250	
309	426586	15	21	2	4	2	1	114295	1439	4	115778	97254	
310	426582	15	20	2	4	2	1	114299	1439	4	115782	97257	
311	426578	15	20	2	4	2	1	114303	1439	4	115786	97261	
312	426574	15	20	2	4	2	1	114306	1439	4	115790	97264	
313	426571	15	20	2	5	2	1	114310	1439	4	115793	97267	
314	426567	15	20	2	5	2	1	114314	1439	3	115797	97271	
315	426563	15	20	2	5	2	1	114318	1439	4	115801	97275	
316	426559	15	20	2	4	2	1	114322	1439	4	115805	97278	
317	426555	15	20	2	4	2	1	114325	1439	4	115809	97281	
318	426552	16	20	2	4	2	1	114329	1439	4	115812	97285	
319	426548	15	20	2	4	2	1	114332	1439	4	115816	97288	
320	426544	15	20	2	4	2	1	114336	1439	4	115820	97292	
321	426540	15	21	2	4	2	1	114340	1439	4	115824	97296	
322	426536	15	21	2	4	2	1	114344	1439	4	115828	97299	
323	426533	15	21	2	4	2	1	114348	1440	4	115831	97302	
324	426529	15	21	2	4	2	1	114351	1440	4	115835	97306	
325	426525	15	21	2	4	2	1	114355	1440	4	115839	97310	
326	426521	15	21	2	4	2	1	114359	1440	4	115843	97313	
327	426517	15	20	2	4	2	1	114363	1440	4	115847	97316	
328	426513	15	20	2	4	2	1	114367	1440	4	115851	97320	
329	426510	15	20	2	4	2	1	114370	1440	4	115854	97323	
330	426506	16	20	3	5	2	1	114374	1440	4	115858	97327	
331	426502	15	20	3	5	2	1	114378	1440	4	115862	97330	
332	426498	15	20	3	4	2	1	114382	1440	4	115866	97334	
333	426494	15	20	3	4	2	1	114385	1440	4	115870	97337	
334	426490	15	21	3	4	2	1	114389	1440	4	115874	97341	
335	426486	16	21	3	4	2	1	114393	1440	4	115878	97344	
336	426483	15	21	3	4	2	1	114396	1440	4	115881	97348	
337	426479	16	21	2	4	2	1	114400	1440	4	115885	97351	
338	426475	16	21	2	4	2	1	114404	1440	4	115889	97355	
339	426470	16	21	2	4	2	1	114408	1440	4	115894	97359	
340	426466	16	21	2	4	2	1	114412	1440	4	115898	97362	
341	426462	16	21	2	4	2	1	114415	1440	4	115902	97366	
342	426459	16	21	2	4	2	1	114419	1440	4	115905	97369	
343	426455	16	22	2	4	2	1	114423	1440	4	115909	97373	
344	426450	16	22	2	4	2	1	114427	1441	4	115914	97377	
345	426446	16	22	2	4	2	1	114431	1441	4	115918	97381	
346	426443	16	22	3	4	2	1	114435	1441	4	115921	97384	
347	426439	16	21	3	4	2	1	114438	1441	4	115925	97387	
348	426435	16	22	2	4	2	1	114442	1441	4	115929	97391	
349	426431	16	22	2	4	2	1	114446	1441	4	115933	97395	
350	426426	16	21	2	4	2	1	114450	1441	4	115938	97399	
351	426423	16	21	2	4	2	1	114454	1441	4	115941	97402	
352	426419	16	22	2	5	2	1	114458	1441	4	115945	97406	
353	426415	16	22	2	5	2	1	114462	1441	4	115949	97410	
354	426411	15	22	2	5	2	1	114466	1441	4	115953	97414	
355	426407	15	22	2	5	2	1	114470	1441	4	115957	97417	
356	426403	15	22	2	5	2	1	114473	1441	4	115961	97421	
357	426399	16	22	2	5	2	1	114477	1441	4	115965	97424	
358	426396	16	21	2	4	2	1	114481	1441	4	115969	97428	
359	426392	15	21	2	4	2	1	114486	1441	4	115972	97431	
360	426388	15	21	2	4	2	1	114490	1441	4	115976	97435	
361	426384	15	21	3	4	2	1	114493	1441	4	115980	97438	
362	426380	15	21	2	5	2	1	114497	1441	4	115984	97442	
363	426376	16	21	3	5	2	1	114500	1442	4	115988	97445	
364	426372	16	21	2	5	2	1	114504	1442	4	115992	97449	
External infections start at day 1 and end at:	15	Number of imported cases each day	3	
Number of contacts per day:	2	
Number of contacts per day:	2	
Number of days asymptomatic patients are infectious before symptomatic	2	
Probability of transmission from exposed patients:	0.0418	
Probability of transmission from mild symptomatic patients:	0.0418	
Probability of transmission from hospitalized patients:	0	
Probability of transmission from ICU patients:	0	
Probability of testing for mild symptomatic patients:	0.75	

Adherence to Social Distancing parameters:
Day 0:	0	
Day 10:	0	
Day 20:	0	
Day 30:	0	
Day 40:	0.28	
Day 50:	0.8	
Day 60:	0.8	
